0 FILE 10269 - main.ldr
0 main
0 Name: 10269 - main.ldr
0 Author: Orion Pobursky [OrionP]
0 !LDRAW_ORG Model
0 !LICENSE Redistributable under CCAL version 2.0 : see CAreadme.txt

1 0 0 -48 100 0 0 -1 0 1 0 1 0 0 3032.dat
1 0 -30 -56 150 0 0 -1 0 1 0 1 0 0 3623.dat
1 0 30 -56 150 0 0 -1 0 1 0 1 0 0 3623.dat
0 STEP
1 0 30 -56 40 0 0 -1 0 1 0 1 0 0 88072.dat
1 0 -30 -56 40 0 0 1 0 1 0 -1 0 0 88072.dat
1 71 -30 -56 100 0 0 1 0 1 0 -1 0 0 99780.dat
1 71 30 -56 100 0 0 -1 0 1 0 1 0 0 99780.dat
1 0 0 -56 70 1 0 0 0 1 0 0 0 1 3710.dat
0 STEP
1 0 30 -48 -20 0 0 -1 0 1 0 1 0 0 3666.dat
1 0 -30 -48 -20 0 0 -1 0 1 0 1 0 0 3666.dat
0 STEP
1 0 -30 -56 -70 0 0 -1 0 1 0 1 0 0 3623.dat
1 0 30 -56 -70 0 0 -1 0 1 0 1 0 0 3623.dat
1 0 -40 -56 -20 0 0 -1 0 1 0 1 0 0 3022.dat
1 0 40 -56 -20 0 0 -1 0 1 0 1 0 0 3022.dat
1 0 -30 -56 10 0 0 -1 0 1 0 1 0 0 6141.dat
1 0 30 -56 10 0 0 -1 0 1 0 1 0 0 6141.dat
0 STEP
1 0 -20 -56 -110 1 0 0 0 1 0 0 0 1 32803.dat
1 0 20 -56 -110 1 0 0 0 1 0 0 0 1 32803.dat
1 0 20 -56 190 -1 0 0 0 1 0 0 0 -1 32803.dat
1 0 -20 -56 190 -1 0 0 0 1 0 0 0 -1 32803.dat
0 STEP
1 0 30 -80 40 0 0 -1 0 1 0 1 0 0 3703.dat
1 0 -30 -80 40 0 0 -1 0 1 0 1 0 0 3703.dat
1 0 0 -80 -110 1 0 0 0 1 0 0 0 1 3004.dat
0 STEP
1 71 0 -64 190 1 0 0 0 1 0 0 0 1 3023.dat
1 71 0 -72 190 1 0 0 0 1 0 0 0 1 3023.dat
1 4 0 -80 190 1 0 0 0 1 0 0 0 1 88072.dat
1 71 52 -58 100 0 -1 0 0 0 1 -1 0 0 3023.dat
1 0 52 -58 100 0 -1 0 1 0 0 0 0 1 61409.dat
1 71 -52 -58 100 0 1 0 0 0 1 1 0 0 3023.dat
1 0 -52 -58 100 0 1 0 -1 0 0 0 0 1 61409.dat
0 STEP
1 71 50 -80 -10 0 0 -1 0 1 0 1 0 0 3062b.dat
1 71 -50 -80 -10 0 0 -1 0 1 0 1 0 0 3062b.dat
1 71 50 -80 -30 0 0 -1 0 1 0 1 0 0 6541.dat
1 71 -50 -80 -30 0 0 -1 0 1 0 1 0 0 6541.dat
0 STEP
1 71 -40 -88 -20 0 0 -1 0 1 0 1 0 0 3068b.dat
1 71 40 -88 -20 0 0 -1 0 1 0 1 0 0 3068b.dat
0 STEP
1 0 60 -70 -30 1 0 0 0 0.794 0.607 0 -0.607 0.794 2780.dat
1 0 70 -62.057 -36.07 0 -1 0 0.607 0 -0.794 0.794 0 0.607 43857.dat
1 71 90 -54.113 -42.139 1 0 0 0 0.607 -0.794 0 0.794 0.607 87082.dat
1 0 -60 -70 -30 1 0 0 0 0.794 0.607 0 -0.607 0.794 2780.dat
1 0 -70 -62.057 -36.07 0 1 0 -0.607 0 -0.794 -0.794 0 0.607 43857.dat
1 71 -90 -54.113 -42.139 1 0 0 0 0.607 -0.794 0 0.794 0.607 87082.dat
0 STEP
1 0 0 -88 -110 1 0 0 0 1 0 0 0 1 10269 - step11.ldr
0 STEP
1 4 50 -70 -100 1 0 0 0 1 0 0 0 1 11214.dat
1 4 -50 -70 -100 -1 0 0 0 -1 0 0 0 1 11214.dat
1 0 -90 -70 -100 -1 0 0 0 -1 0 0 0 1 32054.dat
1 0 90 -70 -100 1 0 0 0 1 0 0 0 1 32054.dat
0 STEP
1 71 50 -66 40 0.998 0 0.07 0 1 0 -0.07 0 0.998 10269 - step13.ldr
0 STEP
1 0 30 -88 40 0 0 -1 0 1 0 1 0 0 3710.dat
1 71 30 -96 40 0 0 -1 0 1 0 1 0 0 30043.dat
1 4 50 -84 40 0 0 -1 0 1 0 1 0 0 85861.dat
0 STEP
1 0 0 -152 190 -1 0 0 0 1 0 0 0 -1 60594.dat
1 0 -20 -160 190 -1 0 0 0 1 0 0 0 -1 15573.dat
1 0 20 -160 190 -1 0 0 0 1 0 0 0 -1 15573.dat
0 STEP
1 0 0 -88 170 1 0 0 0 1 0 0 0 1 10269 - step16.ldr
0 STEP
1 71 30 -88 130 0 0 -1 0 1 0 1 0 0 10269 - step17-57.ldr
1 0 40 -90 -60 -1 0 0 0 1 0 0 0 -1 15461.dat
0 STEP
1 0 20 -160 140 0 0 1 0 1 0 -1 0 0 10269 - step58-65.ldr
1 72 0 -70 140 -1 0 0 0 1 0 0 0 -1 87083.dat
0 STEP
1 0 -40 -90 -60 1 0 0 0 1 0 0 0 1 15461.dat
1 71 -70 -90 -60 1 0 0 0 0 1 0 -1 0 87082.dat
0 STEP
1 0 90 -110 260 1 0 0 0 1 0 0 0 1 32062.dat
1 0 90 -110 280 1 0 0 0 1 0 0 0 1 2780.dat
1 0 100 -110 260 0 1 0 -1 0 0 0 0 1 32140.dat
1 0 -50 -110 280 1 0 0 0 1 0 0 0 1 2780.dat
1 0 -50 -110 260 1 0 0 0 1 0 0 0 1 32062.dat
1 0 -40 -110 260 0 1 0 -1 0 0 0 0 1 32140.dat
0 STEP
1 0 90 -130 320 0 0 -1 0.511 0.86 0 0.86 -0.511 0 10269 - step68-74.ldr
0 STEP
1 0 20 -276.493 -102.473 0 0 -1 -0.86 0.511 0 0.511 0.86 0 10269 - step75-80.ldr
0 STEP
1 256 -30 -110 320 1 0 0 0 1 0 0 0 1 10269 - step81.ldr
1 71 115 -110 320 0 0 1 0 1 0 -1 0 0 32123b.dat
0 STEP
1 71 -55 -110 320 0 0 1 0 1 0 -1 0 0 32123b.dat
0 STEP
1 1 0 -306.553 -133.463 0 -1 0 -0.86 0 -0.511 0.511 0 -0.86 10269 - step83-91.ldr
0 STEP
1 0 -20 -276.493 -102.473 0 0 -1 -0.86 0.511 0 0.511 0.86 0 10269 - step92-97.ldr
0 STEP
1 0 60 -110 320 0 0 -1 0 -1 0 -1 0 0 10269 - step98.ldr
0 STEP
1 0 0 -219.392 -143.406 1 0 0 0 -0.255 -0.967 0 0.967 -0.255 10269 - step99.ldr
0 STEP
1 0 70 -92 -110 0 -0.982 -0.188 -0.235 0.182 -0.955 0.972 0.044 -0.231 32293.dat
1 0 -70 -92 -110 0 0.982 0.188 0.235 0.182 -0.955 -0.972 0.044 -0.231 32293.dat
0 STEP
1 0 50 -197.23 148.232 0 0 1 0.86 0.511 0 -0.511 0.86 0 10269 - step101-107.ldr
0 STEP
1 0 0 -232.215 148.093 0 0 1 0.369 0.93 0 -0.93 0.369 0 10269 - step108-115.ldr
1 0 0 -191.329 216.856 0 0 1 0 1 0 -1 0 0 10269 - step116-127.ldr
0 STEP
1 0 -20 -240.81 153.204 0 0 1 -0.511 0.86 0 -0.86 -0.511 0 3702.dat
1 0 -40 -206.661 191.07 -1 0 0 0 0.511 0.86 0 0.86 -0.511 32138.dat
1 0 -60 -170.886 251.237 0 1 0 0.86 0 -0.511 -0.511 0 -0.86 40490.dat
1 0 -70 -191.329 216.856 -1 0 0 0 0.86 -0.511 0 -0.511 -0.86 2780.dat
1 0 -50 -130 320 1 0 0 0 1 0 0 0 1 2780.dat
0 STEP
1 71 -80 -239.329 352.856 0 1 0 1 0 0 0 0 -1 64451.dat
1 71 80 -239.329 352.856 0 1 0 1 0 0 0 0 -1 64451.dat
0 STEP
1 71 80 -239.329 352.856 1 0 0 0 -1 0 0 0 -1 10269 - step130.ldr
1 71 -80 -239.329 352.856 -1 0 0 0 -1 0 0 0 1 10269 - step130.ldr
0 STEP
1 71 0 -227.329 426.856 -1 0 0 0 0 -1 0 -1 0 10269 - step131.ldr
0 STEP
1 0 -50 -197.23 148.232 0 0 1 0.86 0.511 0 -0.511 0.86 0 10269 - step132-138.ldr
0 STEP
1 71 -40 -110 120 0 -1 0 -1 0 0 0 0 -1 10269 - step139.ldr
0 STEP
1 0 0 -391.903 -61.773 0 0 -1 -0.86 0.511 0 0.511 0.86 0 10269 - step140.ldr
1 71 0 -384.144 -29.157 1 0 0 0 0.511 -0.86 0 0.86 0.511 3623.dat
0 STEP
1 0 0 -264.785 144.19 -1 0 0 0 0.86 -0.511 0 -0.511 -0.86 10269 - step141-156.ldr
0 STEP
1 71 0 -343.211 27.944 0 0 1 -0.511 0.86 0 -0.86 -0.511 0 10269 - step157.ldr
0 STEP
1 71 0 -336.521 70.502 -1 0 0 0 0.86 -0.511 0 -0.511 -0.86 61678.dat
1 71 0 -372.296 10.335 0 0 1 -0.511 0.86 0 -0.86 -0.511 0 63864.dat
0 STEP
1 71 -20 -336.521 70.502 -1 0 0 0 0.86 -0.511 0 -0.511 -0.86 61678.dat
1 71 -20 -372.296 10.335 0 0 1 -0.511 0.86 0 -0.86 -0.511 0 63864.dat
1 71 20 -336.521 70.502 -1 0 0 0 0.86 -0.511 0 -0.511 -0.86 61678.dat
1 71 20 -372.296 10.335 0 0 1 -0.511 0.86 0 -0.86 -0.511 0 63864.dat
0 STEP
1 0 30 -297.329 282.856 0 0 -1 0 1 0 1 0 0 10269 - step160.ldr
0 STEP
1 15 -38 -327.461 -51.227 0 1 0 -0.284 0 -0.959 -0.959 0 0.284 10269 - step161-172.ldr
0 STEP
1 71 -90 -90 120 -1 0 0 0 1 0 0 0 -1 10269 - step173-185.ldr
0 STEP
1 71 -90 -70 -100 -1 0 0 0 -0.966 -0.259 0 -0.259 0.966 10269 - step186.ldr
1 71 90 -70 -100 0 1 0 -1 0 0 0 0 1 18654.dat
0 STEP
1 15 38 -327.461 -51.227 0 -1 0 -0.284 0 0.959 -0.959 0 -0.284 10269 - step187-198.ldr
0 STEP
1 71 70 -120 0 0 0 -1 0 1 0 1 0 0 10269 - step199-212.ldr
0 STEP
1 1 100 -70 -100 0 0 -1 0.265 0.964 0 0.964 -0.265 0 10269 - step213.ldr
1 1 -100 -54.113 -42.139 0 0 1 -0.265 0.964 0 -0.964 -0.265 0 10269 - step213.ldr
0 STEP
1 71 90 -150.44 285.6 1 0 0 0 1 0 0 0 1 4274.dat
1 71 90 -160.66 268.4 1 0 0 0 1 0 0 0 1 4274.dat
1 0 98 -160.66 268.4 0 -1 0 0.511 0 -0.86 0.86 0 0.511 63864.dat
0 STEP
1 71 -70 -170.886 251.237 -1 0 0 0 1 0 0 0 -1 4274.dat
1 71 -70 -160.666 268.437 -1 0 0 0 1 0 0 0 -1 4274.dat
1 0 -78 -170.886 251.237 0 1 0 0.511 0 0.86 0.86 0 -0.511 63864.dat
1 70 0 -328.713 -166.841 0 -1 0 -0.86 0 -0.511 0.511 0 -0.86 15462.dat
0 STEP
1 71 -90 -130 160 -1 0 0 0 1 0 0 0 -1 10269 - step216.ldr
0 STEP
1 71 0 -352.797 -152.531 0 0 1 -0.86 -0.511 0 0.511 -0.86 0 10269 - step217-249.ldr
0 STEP
1 71 0 -319.309 -206.155 0 0 1 0.035 0.999 0 -0.999 0.035 0 10269 - step250-259.ldr
0 STEP
1 71 0 -396.803 -128.709 1 0 0 0 0.86 0.511 0 -0.511 0.86 10269 - step260-270.ldr
0 STEP
1 72 0 0 0 0 0 -1 0 1 0 1 0 0 10269 - step271.ldr


0 FILE 10269 - step11.ldr
0 step11
0 Name: 10269 - step11.ldr
0 Author: Orion Pobursky [OrionP]
0 !LDRAW_ORG Model
0 !LICENSE Redistributable under CCAL version 2.0 : see CAreadme.txt

1 0 0 0 0 1 0 0 0 1 0 0 0 1 3666.dat
1 0 0 0 0 -1 0 0 0 1 0 0 0 -1 85984.dat
0 STEP
1 72 -40 -8 0 -1 0 0 0 1 0 0 0 -1 22890.dat
1 72 40 -8 0 1 0 0 0 1 0 0 0 1 22890.dat
0 STEP
1 0 40 -16 0 1 0 0 0 1 0 0 0 1 11458.dat
1 0 -40 -16 0 -1 0 0 0 1 0 0 0 -1 11458.dat
0 STEP
1 0 50 -22 10 0 0 -1 0 1 0 1 0 0 2780.dat
1 0 -50 -22 10 0 0 -1 0 1 0 1 0 0 2780.dat
0 STEP
1 0 50 -2 20 0 0 -1 0 1 0 1 0 0 32557.dat
1 0 -50 -2 20 0 0 -1 0 1 0 1 0 0 32557.dat


0 FILE 10269 - step13.ldr
0 step13
0 Name: 10269 - step13.ldr
0 Author: Orion Pobursky [OrionP]
0 !LDRAW_ORG Model
0 !LICENSE Redistributable under CCAL version 2.0 : see CAreadme.txt

1 0 20 0 140 1 0 0 0 1 0 0 0 1 10197.dat
1 0 20 0 110 1 0 0 0 1 0 0 0 1 59443.dat
0 STEP
1 4 20 0 90 0 0 1 0 1 0 -1 0 0 32062.dat
1 0 0 0 0 0 1 0 1 0 0 0 0 -1 53586.dat
0 STEP
1 71 20 -20 140 0 1 0 0 0 1 1 0 0 3713.dat


0 FILE 10269 - step16.ldr
0 step16
0 Name: 10269 - step16.ldr
0 Author: Orion Pobursky [OrionP]
0 !LDRAW_ORG Model
0 !LICENSE Redistributable under CCAL version 2.0 : see CAreadme.txt

1 0 0 0 0 1 0 0 0 1 0 0 0 1 32124.dat
1 0 30 -8 0 1 0 0 0 1 0 0 0 1 3023.dat
1 0 -50 -8 10 -1 0 0 0 1 0 0 0 -1 2429.dat
1 71 -40 -32 0 1 0 0 0 1 0 0 0 1 6541.dat
1 0 20 -32 40 -1 0 0 0 1 0 0 0 -1 32555.dat
1 0 70 -22 30 -1 0 0 0 1 0 0 0 -1 2780.dat
1 0 70 -22 70 -1 0 0 0 1 0 0 0 -1 2780.dat
1 0 80 -32 70 0 0 -1 0 1 0 1 0 0 3894.dat
1 0 30 -40 0 1 0 0 0 1 0 0 0 1 3023.dat
1 0 -50 -40 10 -1 0 0 0 1 0 0 0 -1 2429.dat
1 16 -50 -40 10 0 0 1 0 1 0 -1 0 0 10269 - step16-1.ldr
1 0 30 -48 0 0 0 -1 0 1 0 1 0 0 92946.dat
1 0 -30 -48 0 0 0 1 0 1 0 -1 0 0 92946.dat


0 FILE 10269 - step16-1.ldr
0 step16-1
0 Name: 10269 - step16-1.ldr
0 Author: Orion Pobursky [OrionP]
0 !LDRAW_ORG Model
0 !LICENSE Redistributable under CCAL version 2.0 : see CAreadme.txt

1 0 0 0 0 -1 0 0 0 1 0 0 0 -1 2430.dat
1 0 0 32 0 -1 0 0 0 1 0 0 0 -1 2430.dat
1 0 -40 40 -10 -1 0 0 0 1 0 0 0 -1 3710.dat
1 0 -60 32 -10 1 0 0 0 1 0 0 0 1 3023.dat
1 0 -60 8 -10 1 0 0 0 1 0 0 0 1 3894.dat
1 0 -40 -16 -10 0 0 1 0 1 0 -1 0 0 61678.dat
1 0 -10 -8 -10 0 0 1 0 1 0 -1 0 0 6141.dat


0 FILE 10269 - step17-57.ldr
0 step17-57
0 Name: 10269 - step17-57.ldr
0 Author: Orion Pobursky [OrionP]
0 !LDRAW_ORG Model
0 !LICENSE Redistributable under CCAL version 2.0 : see CAreadme.txt

1 71 0 0 0 1 0 0 0 1 0 0 0 1 3623.dat
1 71 0 -8 0 1 0 0 0 1 0 0 0 1 3623.dat
0 STEP
1 71 20 -32 0 1 0 0 0 1 0 0 0 1 3062b.dat
0 STEP
1 0 -110 -32 0 1 0 0 0 1 0 0 0 1 3895.dat
1 1 -10 -22 10 0 0 -1 0 1 0 1 0 0 4274.dat
0 STEP
1 71 -200 -8 0 1 0 0 0 1 0 0 0 1 3623.dat
1 71 -200 0 0 1 0 0 0 1 0 0 0 1 3623.dat
0 STEP
1 71 -10 -40 0 1 0 0 0 1 0 0 0 1 3710.dat
1 71 0 -48 0 1 0 0 0 1 0 0 0 1 63864.dat
0 STEP
1 4 -60 -40 0 1 0 0 0 1 0 0 0 1 85861.dat
1 0 -60 -48 0 1 0 0 0 1 0 0 0 1 6141.dat
1 14 -80 -40 0 1 0 0 0 1 0 0 0 1 6019.dat
1 71 -200 -40 0 1 0 0 0 1 0 0 0 1 3623.dat
1 71 -110 -40 0 1 0 0 0 1 0 0 0 1 3023.dat
0 STEP
1 0 -210 -48 0 1 0 0 0 1 0 0 0 1 92280.dat
1 0 -90 -48 0 -1 0 0 0 1 0 0 0 -1 92280.dat
1 0 -70 -56 0 1 0 0 0 1 0 0 0 1 11458.dat
0 STEP
1 0 -150 -56 0 1 0 0 0 1 0 0 0 1 3004.dat
1 71 -140 -56 0 0 0 -1 0 1 0 1 0 0 54200.dat
1 71 -160 -56 0 0 0 1 0 1 0 -1 0 0 54200.dat
0 STEP
1 70 -30 -22 -18 0 0 -1 0 1 0 1 0 0 15462.dat
1 72 -30 -22 20 1 0 0 0 1 0 0 0 1 10928.dat
1 14 -30 -22 -15 1 0 0 0 1 0 0 0 1 32123b.dat
0 STEP
1 72 -30 -22 -30 1 0 0 0 1 0 0 0 1 3648b.dat
1 14 -30 -22 -45 1 0 0 0 1 0 0 0 1 32123b.dat
0 STEP
1 0 -210 -22 30 0 0.317 -0.948 0 -0.948 -0.317 -1 0 0 10269 - step27.ldr
0 STEP
1 0 -70 -22 40 0 0 -1 0 1 0 1 0 0 10269 - step28.ldr
1 71 -110 -22 -20 1 0 0 0 1 0 0 0 1 94925.dat
0 STEP
1 71 -150 -12 30 0 0 -1 0 1 0 1 0 0 10269 - step29-34.ldr
1 71 -150 -22 -20 1 0 0 0 1 0 0 0 1 94925.dat
0 STEP
1 71 0 0 60 1 0 0 0 1 0 0 0 1 10269 - step35-42.ldr
0 STEP
1 0 -40 -64 30 0 0 1 0 1 0 -1 0 0 3659.dat
1 0 -40 -72 10 0 0 1 0 1 0 -1 0 0 15573.dat
1 0 -40 -72 50 0 0 1 0 1 0 -1 0 0 15573.dat
0 STEP
1 0 -60 -32 80 1 0 0 0 1 0 0 0 1 10269 - step44.ldr
0 STEP
1 71 -150 -8 80 -1 0 0 0 1 0 0 0 -1 10269 - step45.ldr
0 STEP
1 0 -100 -54 30 0.894 -0.448 0 0.448 0.894 0 0 0 1 10269 - step46-48-1.ldr
1 0 -200 -54 30 -0.894 0.448 0 0.448 0.894 0 0 0 -1 10269 - step46-48-2.ldr
1 0 -150 -132.765 40 0 0 1 0 1 0 -1 0 0 32054.dat
0 STEP
1 71 -93.65 -133.597 60 0.894 -0.448 0 0.448 0.894 0 0 0 1 3710.dat
1 71 -93.65 -133.597 0 0.894 -0.448 0 0.448 0.894 0 0 0 1 3710.dat
1 71 -66.832 -120.151 30 0 -0.448 -0.894 0 0.894 -0.448 1 0 0 14704.dat
0 STEP
1 71 -90.064 -140.748 30 0 -0.448 -0.894 0 0.894 -0.448 1 0 0 10269 - step51.ldr
0 STEP
1 71 -206.35 -133.597 60 -0.894 0.448 0 0.448 0.894 0 0 0 -1 3710.dat
1 71 -206.35 -133.597 0 -0.894 0.448 0 0.448 0.894 0 0 0 -1 3710.dat
1 71 -233.168 -120.151 30 0 0.448 -0.894 0 0.894 0.448 1 0 0 3023.dat
0 STEP
1 71 -209.936 -140.748 30 0 0.448 -0.894 0 0.894 0.448 1 0 0 10269 - step53.ldr
0 STEP
1 71 -91.857 -137.173 80 0 -0.448 -0.894 0 0.894 -0.448 1 0 0 10269 - step54.ldr
1 71 -208.143 -137.173 80 0 0.448 -0.894 0 0.894 0.448 1 0 0 10269 - step54.ldr
0 STEP
1 71 -150 -132.765 82 0 0 -1 0 1 0 1 0 0 10269 - step55.ldr
0 STEP
1 71 -150 -22 90 0 0 -1 0 1 0 1 0 0 10269 - step56.ldr
0 STEP


0 FILE 10269 - step27.ldr
0 step27
0 Name: 10269 - step27.ldr
0 Author: Orion Pobursky [OrionP]
0 !LDRAW_ORG Model
0 !LICENSE Redistributable under CCAL version 2.0 : see CAreadme.txt

1 0 -10 0 20 0 -1 0 1 0 0 0 0 1 32523.dat
1 0 0 0 20 -1 0 0 0 -1 0 0 0 1 2780.dat
1 0 0 0 40 -1 0 0 0 -1 0 0 0 1 2780.dat
1 0 10 0 20 0 -1 0 1 0 0 0 0 1 32523.dat
1 0 20 0 0 -1 0 0 0 -1 0 0 0 1 2780.dat
1 0 -20 0 0 -1 0 0 0 -1 0 0 0 1 2780.dat
1 0 -40 0 40 0 1 0 -1 0 0 0 0 1 30374.dat


0 FILE 10269 - step28.ldr
0 step28
0 Name: 10269 - step28.ldr
0 Author: Orion Pobursky [OrionP]
0 !LDRAW_ORG Model
0 !LICENSE Redistributable under CCAL version 2.0 : see CAreadme.txt

1 4 0 0 0 0 -1 0 1 0 0 0 0 1 32316.dat
1 70 -40 0 40 1 0 0 0 1 0 0 0 1 15462.dat
1 70 -20 0 0 1 0 0 0 1 0 0 0 1 24316.dat
1 72 -20 0 40 0 0 -1 0 1 0 1 0 0 10928.dat
1 72 -20 0 0 0 0 -1 0 1 0 1 0 0 3648b.dat
1 0 10 0 20 1 0 0 0 1 0 0 0 1 2780.dat
0 STEP


0 FILE 10269 - step29-34.ldr
0 step29-34
0 Name: 10269 - step29-34.ldr
0 Author: Orion Pobursky [OrionP]
0 !LDRAW_ORG Model
0 !LICENSE Redistributable under CCAL version 2.0 : see CAreadme.txt

1 4 -50 -10 0 1 0 0 0 1 0 0 0 1 3705.dat
1 71 0 -10 0 0 0 1 -1 0 0 0 -1 0 2853.dat
0 STEP
1 14 -5 -18.453 -7.713 0 1 0 -0.386 0 0.923 0.923 0 0.386 32017.dat
0 STEP
1 14 5 -18.453 7.713 0 1 0 -0.386 0 -0.923 -0.923 0 0.386 32017.dat
0 STEP
1 71 30 0 0 0 0 1 1 0 0 0 1 0 2853.dat
0 STEP
1 71 -10 -55.359 23.138 1 0 0 0 -0.448 0.894 0 -0.894 -0.448 10269 - step33.ldr
1 71 10 -55.359 -23.138 -1 0 0 0 -0.448 0.894 0 0.894 0.448 10269 - step33.ldr
0 STEP


0 FILE 10269 - step33.ldr
0 step33
0 Name: 10269 - step33.ldr
0 Author: Orion Pobursky [OrionP]
0 !LDRAW_ORG Model
0 !LICENSE Redistributable under CCAL version 2.0 : see CAreadme.txt

1 1 0 0 0 -1 0 0 0 1 0 0 0 -1 4274.dat
1 0 10 0 -20 1 0 0 0 -1 0 0 0 -1 32126.dat
1 71 10 0 -40 0 0 -1 0 -1 0 -1 0 0 4519.dat
1 71 10 0 -40 0 0 -1 0 -1 0 -1 0 0 61510.dat
1 71 10 0 -60 0 0 -1 0 -1 0 -1 0 0 61510.dat


0 FILE 10269 - step35-42.ldr
0 step35-42
0 Name: 10269 - step35-42.ldr
0 Author: Orion Pobursky [OrionP]
0 !LDRAW_ORG Model
0 !LICENSE Redistributable under CCAL version 2.0 : see CAreadme.txt

1 71 0 0 0 1 0 0 0 1 0 0 0 1 3623.dat
1 71 0 -8 0 1 0 0 0 1 0 0 0 1 3623.dat
0 STEP
1 71 20 -32 0 1 0 0 0 1 0 0 0 1 3062b.dat
0 STEP
1 0 -110 -32 0 1 0 0 0 1 0 0 0 1 3895.dat
0 STEP
1 71 -200 -8 0 1 0 0 0 1 0 0 0 1 3623.dat
1 71 -200 0 0 1 0 0 0 1 0 0 0 1 3623.dat
0 STEP
1 71 -10 -40 0 1 0 0 0 1 0 0 0 1 3710.dat
1 71 -90 -40 0 1 0 0 0 1 0 0 0 1 3710.dat
1 71 -200 -40 0 1 0 0 0 1 0 0 0 1 3623.dat
0 STEP
1 71 0 -48 0 1 0 0 0 1 0 0 0 1 63864.dat
1 0 -60 -48 0 1 0 0 0 1 0 0 0 1 6141.dat
1 0 -210 -48 0 1 0 0 0 1 0 0 0 1 92280.dat
1 0 -90 -48 0 -1 0 0 0 1 0 0 0 -1 92280.dat
0 STEP
1 0 -70 -56 0 1 0 0 0 1 0 0 0 1 11458.dat
1 0 -150 -56 0 1 0 0 0 1 0 0 0 1 3004.dat
1 71 -140 -56 0 0 0 -1 0 1 0 1 0 0 54200.dat
1 71 -160 -56 0 0 0 1 0 1 0 -1 0 0 54200.dat


0 FILE 10269 - step44.ldr
0 step44
0 Name: 10269 - step44.ldr
0 Author: Orion Pobursky [OrionP]
0 !LDRAW_ORG Model
0 !LICENSE Redistributable under CCAL version 2.0 : see CAreadme.txt

1 72 0 0 0 1 0 0 0 1 0 0 0 1 30526.dat
1 72 0 -8 0 1 0 0 0 1 0 0 0 1 32530.dat
1 71 0 -10 20 0 -1 0 0 0 1 -1 0 0 87082.dat
1 0 0 -30 -20 0 -1 0 0 0 1 -1 0 0 18651.dat


0 FILE 10269 - step45.ldr
0 step45
0 Name: 10269 - step45.ldr
0 Author: Orion Pobursky [OrionP]
0 !LDRAW_ORG Model
0 !LICENSE Redistributable under CCAL version 2.0 : see CAreadme.txt

1 71 0 0 0 1 0 0 0 1 0 0 0 1 3623.dat
1 71 -20 -24 0 1 0 0 0 1 0 0 0 1 6541.dat
1 71 10 -24 0 1 0 0 0 1 0 0 0 1 32000.dat
1 71 -20 -14 10 0 0 1 0 1 0 -1 0 0 3673.dat
1 71 20 -14 10 0 0 1 0 1 0 -1 0 0 3673.dat
1 0 -10 -32 0 1 0 0 0 1 0 0 0 1 11458.dat
1 0 20 -32 0 1 0 0 0 1 0 0 0 1 3024.dat
1 71 -20 -32 0 0 0 1 0 1 0 -1 0 0 54200.dat
1 71 20 -32 0 0 0 -1 0 1 0 1 0 0 54200.dat


0 FILE 10269 - step46-48-1.ldr
0 step46-48-1
0 Name: 10269 - step46-48-1.ldr
0 Author: Orion Pobursky [OrionP]
0 !LDRAW_ORG Model
0 !LICENSE Redistributable under CCAL version 2.0 : see CAreadme.txt

1 0 -30 -2 30 1 0 0 0 1 0 0 0 1 60478.dat
1 71 -30 -10 30 1 0 0 0 1 0 0 0 1 3023.dat
1 0 -30 -34 30 0 0 1 0 1 0 -1 0 0 32802.dat
1 71 -20 -26 30 -1 0 0 0 1 0 0 0 -1 60897.dat
1 71 -40 -26 30 -1 0 0 0 1 0 0 0 -1 60897.dat
1 0 -30 -34 30 -1 0 0 0 1 0 0 0 -1 3023.dat
0 STEP
1 0 -30 -2 -30 1 0 0 0 1 0 0 0 1 60478.dat
1 71 -30 -10 -30 1 0 0 0 1 0 0 0 1 3023.dat
1 0 -30 -34 -30 0 0 1 0 1 0 -1 0 0 32802.dat
1 0 -30 -34 -30 -1 0 0 0 1 0 0 0 -1 3023.dat
1 71 -30 -26 -30 1 0 0 0 1 0 0 0 1 3023.dat
0 STEP
1 71 0 -42 30 -1 0 0 0 1 0 0 0 -1 2420.dat
1 71 -60 -42 30 0 0 1 0 1 0 -1 0 0 2420.dat
1 71 0 -42 -30 0 0 -1 0 1 0 1 0 0 2420.dat
1 71 -60 -42 -30 1 0 0 0 1 0 0 0 1 2420.dat
1 0 -30 -50 0 1 0 0 0 1 0 0 0 1 11833.dat
1 71 0 -58 30 -1 0 0 0 1 0 0 0 -1 2420.dat
1 71 -60 -58 30 0 0 1 0 1 0 -1 0 0 2420.dat
1 71 0 -58 -30 0 0 -1 0 1 0 1 0 0 2420.dat
1 71 -50 -58 -30 1 0 0 0 1 0 0 0 1 3023.dat
1 71 -70 -58 -10 -1 0 0 0 1 0 0 0 -1 18677.dat
1 0 -80 -66 -10 -1 0 0 0 1 0 0 0 -1 6141.dat
1 0 -30 -66 0 1 0 0 0 1 0 0 0 1 11833.dat
1 71 -60 -74 -10 0 0 -1 0 1 0 1 0 0 2420.dat


0 FILE 10269 - step46-48-2.ldr
0 step46-48-2
0 Name: 10269 - step46-48-2.ldr
0 Author: Orion Pobursky [OrionP]
0 !LDRAW_ORG Model
0 !LICENSE Redistributable under CCAL version 2.0 : see CAreadme.txt

1 0 -30 -2 -30 1 0 0 0 1 0 0 0 1 60478.dat
1 71 -30 -10 -30 -1 0 0 0 1 0 0 0 -1 3023.dat
1 0 -30 -34 -30 0 0 1 0 1 0 -1 0 0 32802.dat
1 71 -20 -26 -30 1 0 0 0 1 0 0 0 1 60897.dat
1 71 -40 -26 -30 1 0 0 0 1 0 0 0 1 60897.dat
1 0 -30 -34 -30 1 0 0 0 1 0 0 0 1 3023.dat
0 STEP
1 0 -30 -2 30 1 0 0 0 1 0 0 0 1 60478.dat
1 71 -30 -10 30 -1 0 0 0 1 0 0 0 -1 3023.dat
1 0 -30 -34 30 0 0 1 0 1 0 -1 0 0 32802.dat
1 0 -30 -34 30 1 0 0 0 1 0 0 0 1 3023.dat
1 71 -30 -26 30 -1 0 0 0 1 0 0 0 -1 3023.dat
0 STEP
1 71 0 -42 -30 0 0 -1 0 1 0 1 0 0 2420.dat
1 71 -60 -42 -30 1 0 0 0 1 0 0 0 1 2420.dat
1 71 0 -42 30 -1 0 0 0 1 0 0 0 -1 2420.dat
1 71 -60 -42 30 0 0 1 0 1 0 -1 0 0 2420.dat
1 0 -30 -50 0 -1 0 0 0 1 0 0 0 -1 11833.dat
1 71 0 -58 -30 0 0 -1 0 1 0 1 0 0 2420.dat
1 71 -60 -58 30 0 0 1 0 1 0 -1 0 0 2420.dat
1 71 0 -58 30 -1 0 0 0 1 0 0 0 -1 2420.dat
1 71 -50 -58 -30 1 0 0 0 1 0 0 0 1 3023.dat
1 71 -70 -58 -10 -1 0 0 0 1 0 0 0 -1 18677.dat
1 0 -80 -66 -10 -1 0 0 0 1 0 0 0 -1 6141.dat
1 0 -30 -66 0 -1 0 0 0 1 0 0 0 -1 11833.dat
1 71 -60 -74 -10 0 0 -1 0 1 0 1 0 0 2420.dat


0 FILE 10269 - step51.ldr
0 step51
0 Name: 10269 - step51.ldr
0 Author: Orion Pobursky [OrionP]
0 !LDRAW_ORG Model
0 !LICENSE Redistributable under CCAL version 2.0 : see CAreadme.txt

1 0 0 0 0 1 0 0 0 1 0 0 0 1 11833.dat
0 STEP
1 71 30 -8 -10 0 0 1 0 1 0 -1 0 0 2420.dat
1 71 0 -8 -30 1 0 0 0 1 0 0 0 1 3023.dat
1 71 0 -8 30 1 0 0 0 1 0 0 0 1 3023.dat
1 71 -30 -8 0 0 0 1 0 1 0 -1 0 0 3710.dat
1 71 40 -8 20 0 0 -1 0 1 0 1 0 0 26601.dat
0 STEP
1 14 30 -16 0 0 0 1 0 1 0 -1 0 0 3023.dat
0 STEP
1 71 50 -8 0 0 0 -1 0 1 0 1 0 0 85984.dat
1 71 30 -24 0 0 0 1 0 1 0 -1 0 0 45677.dat


0 FILE 10269 - step53.ldr
0 step53
0 Name: 10269 - step53.ldr
0 Author: Orion Pobursky [OrionP]
0 !LDRAW_ORG Model
0 !LICENSE Redistributable under CCAL version 2.0 : see CAreadme.txt

1 0 0 0 0 -1 0 0 0 1 0 0 0 -1 11833.dat
0 STEP
1 71 30 -8 10 1 0 0 0 1 0 0 0 1 2420.dat
1 71 0 -8 30 -1 0 0 0 1 0 0 0 -1 3023.dat
1 71 0 -8 -30 -1 0 0 0 1 0 0 0 -1 3023.dat
1 71 -30 -8 0 0 0 1 0 1 0 -1 0 0 3710.dat
1 71 40 -8 -20 1 0 0 0 1 0 0 0 1 26601.dat
0 STEP
1 14 30 -16 0 0 0 1 0 1 0 -1 0 0 3023.dat
0 STEP
1 71 50 -8 0 0 0 -1 0 1 0 1 0 0 85984.dat
1 71 30 -24 0 0 0 1 0 1 0 -1 0 0 45677.dat


0 FILE 10269 - step54.ldr
0 step54
0 Name: 10269 - step54.ldr
0 Author: Orion Pobursky [OrionP]
0 !LDRAW_ORG Model
0 !LICENSE Redistributable under CCAL version 2.0 : see CAreadme.txt

1 71 0 84 10 1 0 0 0 1 0 0 0 1 3957b.dat
1 71 0 4 0 0 0 -1 0 -1 0 -1 0 0 35480.dat
1 71 0 84 -10 1 0 0 0 1 0 0 0 1 3957b.dat


0 FILE 10269 - step55.ldr
0 step55
0 Name: 10269 - step55.ldr
0 Author: Orion Pobursky [OrionP]
0 !LDRAW_ORG Model
0 !LICENSE Redistributable under CCAL version 2.0 : see CAreadme.txt

1 28 0 0 0 1 0 0 0 1 0 0 0 1 6587.dat
1 71 28 0 0 0 -1 0 1 0 0 0 0 1 2723.dat
1 71 8 0 0 0 0 1 1 0 0 0 1 0 10269 - 46372.dat
1 71 -2 0 0 0 -1 0 1 0 0 0 0 1 2723.dat
1 71 38 0 0 0 -1 0 1 0 0 0 0 1 14769.dat


0 FILE 10269 - step56.ldr
0 step56
0 Name: 10269 - step56.ldr
0 Author: Orion Pobursky [OrionP]
0 !LDRAW_ORG Model
0 !LICENSE Redistributable under CCAL version 2.0 : see CAreadme.txt

1 1 0 0 0 1 0 0 0 1 0 0 0 1 43093.dat
1 71 8 0 0 0 -1 0 1 0 0 0 0 1 4032a.dat
1 71 16 0 0 0 -1 0 1 0 0 0 0 1 4032a.dat
1 71 24 0 0 0 -1 0 1 0 0 0 0 1 14769.dat


0 FILE 10269 - step58-65.ldr
0 step58-65
0 Name: 10269 - step58-65.ldr
0 Author: Orion Pobursky [OrionP]
0 !LDRAW_ORG Model
0 !LICENSE Redistributable under CCAL version 2.0 : see CAreadme.txt

1 0 0 0 0 1 0 0 0 1 0 0 0 1 3701.dat
1 0 0 -8 0 1 0 0 0 1 0 0 0 1 3666.dat
0 STEP
1 0 20 -16 0 1 0 0 0 1 0 0 0 1 3710.dat
0 STEP
1 0 20 -40 0 1 0 0 0 1 0 0 0 1 3701.dat
0 STEP
1 1 20 -30 -20 0 0 -1 0 1 0 1 0 0 6558.dat
1 72 20 10 -20 0 0 1 0 1 0 -1 0 0 11214.dat
1 4 20 -10 -20 -1 0 0 0 0 1 0 1 0 32523.dat
0 STEP
1 1 0 -30 -20 0 0 -1 0 1 0 1 0 0 6558.dat
1 72 0 10 -20 0 0 1 0 1 0 -1 0 0 11214.dat
1 14 0 30 -20 -1 0 0 0 0 1 0 1 0 32524.dat
1 19 0 70 -10 0 1 0 0 0 1 1 0 0 32002.dat
1 4 0 50 -20 0 1 0 0 0 1 1 0 0 32062.dat
1 71 0 50 -5 -1 0 0 0 0 1 0 1 0 6632.dat
1 71 0 50 -35 -1 0 0 0 0 1 0 1 0 6632.dat
0 STEP
1 0 20 -40 -40 1 0 0 0 1 0 0 0 1 3701.dat
1 0 20 -16 -40 1 0 0 0 1 0 0 0 1 3710.dat
1 0 0 -8 -40 1 0 0 0 1 0 0 0 1 3666.dat
1 0 0 0 -40 1 0 0 0 1 0 0 0 1 3701.dat
1 0 -30 -32 -20 0 0 1 0 1 0 -1 0 0 3038.dat
1 14 -30 -32 0 0 0 1 0 1 0 -1 0 0 54200.dat
1 14 -30 -32 -40 0 0 1 0 1 0 -1 0 0 54200.dat


0 FILE 10269 - step68-74.ldr
0 step68-74
0 Name: 10269 - step68-74.ldr
0 Author: Orion Pobursky [OrionP]
0 !LDRAW_ORG Model
0 !LICENSE Redistributable under CCAL version 2.0 : see CAreadme.txt

1 72 -360 -10 90 1 0 0 0 1 0 0 0 1 32018.dat
0 STEP
1 0 -230 14 90 0 0 -1 0 1 0 1 0 0 15573.dat
1 0 -490 14 90 0 0 -1 0 1 0 1 0 0 15573.dat
1 0 -270 14 90 -1 0 0 0 1 0 0 0 -1 3623.dat
1 0 -450 14 90 -1 0 0 0 1 0 0 0 -1 3623.dat
1 0 -260 22 90 -1 0 0 0 1 0 0 0 -1 3710.dat
1 0 -460 22 90 -1 0 0 0 1 0 0 0 -1 3710.dat
0 STEP
1 0 -490 -10 90 0 0 1 0 1 0 -1 0 0 54200.dat
0 STEP
1 1 -460 0 90 0 0 -1 0 1 0 1 0 0 6558.dat
1 1 -380 0 90 0 0 -1 0 1 0 1 0 0 6558.dat
1 1 -260 0 90 0 0 -1 0 1 0 1 0 0 6558.dat
1 1 -240 0 90 0 0 -1 0 1 0 1 0 0 6558.dat
1 72 -420 0 90 0 0 -1 0 1 0 1 0 0 11214.dat
0 STEP
1 0 -200 -10 70 1 0 0 0 1 0 0 0 1 3702.dat
1 0 -150 0 50 0 1 0 0 0 1 1 0 0 32138.dat
0 STEP
1 0 -120 0 30 0 0 -1 -1 0 0 0 1 0 32316.dat
1 0 -100 0 20 0 0 -1 0 1 0 1 0 0 2780.dat
1 0 -80 0 20 0 0 -1 0 1 0 1 0 0 2780.dat
1 0 -50 0 15 0 0 -1 -1 0 0 0 1 0 32063.dat
1 0 -50 0 5 0 0 -1 -1 0 0 0 1 0 32063.dat
1 0 0 0 0 0 0 -1 0 1 0 1 0 0 2780.dat
1 0 -120 0 20 0 0 -1 0 1 0 1 0 0 2780.dat


0 FILE 10269 - step75-80.ldr
0 step75-80
0 Name: 10269 - step75-80.ldr
0 Author: Orion Pobursky [OrionP]
0 !LDRAW_ORG Model
0 !LICENSE Redistributable under CCAL version 2.0 : see CAreadme.txt

1 0 0 0 0 1 0 0 0 1 0 0 0 1 3666.dat
1 0 -40 -8 0 -1 0 0 0 1 0 0 0 -1 63868.dat
0 STEP
1 0 40 -8 0 1 0 0 0 1 0 0 0 1 3666.dat
1 71 100 0 0 1 0 0 0 1 0 0 0 1 3710.dat
0 STEP
1 0 50 -32 0 1 0 0 0 1 0 0 0 1 3622.dat
1 71 90 -32 0 1 0 0 0 1 0 0 0 1 6541.dat
1 0 0 -32 0 1 0 0 0 1 0 0 0 1 32000.dat
1 0 -40 -32 0 1 0 0 0 1 0 0 0 1 32000.dat
0 STEP
1 0 20 -40 0 1 0 0 0 1 0 0 0 1 4162.dat
1 0 -50 -22 -10 0 0 -1 0 1 0 1 0 0 6628.dat
0 STEP
1 1 60 32 0 1 0 0 0 1 0 0 0 1 3710.dat
1 1 60 40 0 1 0 0 0 1 0 0 0 1 3710.dat
1 4 40 8 0 1 0 0 0 1 0 0 0 1 3700.dat
1 0 80 8 0 1 0 0 0 1 0 0 0 1 32000.dat
1 19 70 48 0 0 0 1 0 1 0 -1 0 0 4287a.dat
1 71 90 48 0 1 0 0 0 1 0 0 0 1 6541.dat
1 0 80 72 0 1 0 0 0 1 0 0 0 1 32529.dat


0 FILE 10269 - step81.ldr
0 step81
0 Name: 10269 - step81.ldr
0 Author: Orion Pobursky [OrionP]
0 !LDRAW_ORG Model
0 !LICENSE Redistributable under CCAL version 2.0 : see CAreadme.txt

1 72 0 0 0 1 0 0 0 1 0 0 0 1 87083.dat
1 0 30 0 0 0 1 0 -1 0 0 0 0 1 18654.dat
0 STEP
1 71 10 0 0 0 0 1 -1 0 0 0 -1 0 10269 - 46334.dat
0 STEP
1 1 20 0 20 1 0 0 0 -1 0 0 0 -1 43093.dat
1 1 20 0 -20 1 0 0 0 -1 0 0 0 -1 43093.dat
0 STEP
1 71 50 0 -20 1 0 0 0 -1 0 0 0 -1 32054.dat
1 71 50 0 20 1 0 0 0 -1 0 0 0 -1 32054.dat
0 STEP
1 71 50 0 0 0 0 1 -1 0 0 0 -1 0 10269 - 46334.dat
0 STEP
1 0 70 0 0 0 1 0 -1 0 0 0 0 1 32523.dat
1 72 97 0 0 1 0 0 0 0 1 0 -1 0 59426.dat
0 STEP
1 71 90 0 0 0 0 -1 1 0 0 0 -1 0 3649.dat
1 71 110 0 0 0 0 1 1 0 0 0 1 0 3713.dat
0 STEP
1 256 30 0 0 0 0 -1 1 0 0 0 -1 0 10269 - 46335.dat


0 FILE 10269 - step83-91.ldr
0 step83-91
0 Name: 10269 - step83-91.ldr
0 Author: Orion Pobursky [OrionP]
0 !LDRAW_ORG Model
0 !LICENSE Redistributable under CCAL version 2.0 : see CAreadme.txt

1 14 0 0 0 1 0 0 0 1 0 0 0 1 32073.dat
1 0 -40 0 0 1 0 0 0 0 1 0 -1 0 6536.dat
0 STEP
1 71 -25 0 0 0 1 0 -1 0 0 0 0 1 6632.dat
0 STEP
1 0 -10 0 0 1 0 0 0 0 1 0 -1 0 32557.dat
1 19 0 0 20 1 0 0 0 0 1 0 -1 0 32002.dat
0 STEP
1 71 5 0 0 0 1 0 -1 0 0 0 0 1 6632.dat
0 STEP
1 71 20 0 -40 1 0 0 0 0 1 0 -1 0 98989.dat
1 0 30 0 -20 1 0 0 0 0 1 0 -1 0 2780.dat
0 STEP
1 71 35 0 0 0 1 0 -1 0 0 0 0 1 11478.dat
1 71 45 0 0 0 1 0 -1 0 0 0 0 1 11478.dat
0 STEP
1 72 -20 0 -20 0 1 0 -1 0 0 0 0 1 11214.dat
1 72 -40 0 -20 0 -1 0 1 0 0 0 0 1 11214.dat
1 72 0 0 -20 0 -1 0 1 0 0 0 0 1 11214.dat
0 STEP
1 1 30 0 -60 0 -1 0 1 0 0 0 0 1 6558.dat


0 FILE 10269 - step92-97.ldr
0 step92-97
0 Name: 10269 - step92-97.ldr
0 Author: Orion Pobursky [OrionP]
0 !LDRAW_ORG Model
0 !LICENSE Redistributable under CCAL version 2.0 : see CAreadme.txt

1 0 0 0 0 1 0 0 0 1 0 0 0 1 3666.dat
1 0 -40 -8 0 -1 0 0 0 1 0 0 0 -1 63868.dat
0 STEP
1 0 40 -8 0 1 0 0 0 1 0 0 0 1 3666.dat
1 71 100 0 0 1 0 0 0 1 0 0 0 1 3710.dat
0 STEP
1 0 50 -32 0 1 0 0 0 1 0 0 0 1 3622.dat
1 71 90 -32 0 1 0 0 0 1 0 0 0 1 6541.dat
1 0 0 -32 0 1 0 0 0 1 0 0 0 1 32000.dat
1 0 -40 -32 0 1 0 0 0 1 0 0 0 1 32000.dat
0 STEP
1 0 20 -40 0 1 0 0 0 1 0 0 0 1 4162.dat
1 0 -50 -22 10 0 0 -1 0 -1 0 -1 0 0 6628.dat
0 STEP
1 1 60 32 0 1 0 0 0 1 0 0 0 1 3710.dat
1 1 60 40 0 1 0 0 0 1 0 0 0 1 3710.dat
1 4 40 8 0 1 0 0 0 1 0 0 0 1 3700.dat
1 0 80 8 0 1 0 0 0 1 0 0 0 1 32000.dat
1 19 70 48 0 0 0 1 0 1 0 -1 0 0 4287a.dat
1 71 90 48 0 1 0 0 0 1 0 0 0 1 6541.dat
1 0 80 72 0 1 0 0 0 1 0 0 0 1 32529.dat


0 FILE 10269 - step98.ldr
0 step98
0 Name: 10269 - step98.ldr
0 Author: Orion Pobursky [OrionP]
0 !LDRAW_ORG Model
0 !LICENSE Redistributable under CCAL version 2.0 : see CAreadme.txt

0 !CATEGORY technic
0 !KEYWORDS flexible, chain

0 !LDCAD CONTENT [type=path] [addFallBack=default] [looped=true] [displayKind=links] [curveStep=16] [displayLenCor=0]
0 !LDCAD PATH_POINT [type=circle] [posOri=0 0 0 1 0 0 0 1 0 0 0 1] [prevCPDist=25] [nextCPDist=25] [cirR=50] [cirDir=xyCW] [prevYRoll=0] [nextYRoll=0]
0 !LDCAD PATH_POINT [type=circle] [posOri=220 0 0 1 0 0 0 1 0 0 0 1] [prevCPDist=25] [nextCPDist=25] [cirR=30] [cirDir=xyCW] [prevYRoll=0] [nextYRoll=0]

0 !LDCAD PATH_SKIN [donCol=16] [donOri=0 1 0 0 0 1 1 0 0] [donPart=3711.dat] [donYSize=100%] [donCen=partCen] [donCenYOfs=0] [donFinScale=none] [donPlace=refsStat] [donYAlign=1] [donInline=false] [segSize=16] [segSizeTol=0] [segsCnt=0] [segsGrp=0] [segsMaxMerge=1] [segsMrgAng=0] [segsMrgRollAng=0] [segsEdgeDelKind=keepFirstLeft]

0 !LDCAD GENERATED [generator=LDCad 1.6d]
0 //This is the fallback LDraw content for above PATH configuration.
0 // Do not edit, any changes will be lost upon regeneration.
0 // The path is approx 276.48 mm (691.20) and exists out of 43 segments.
0 // warning: the path could not be filled out completely resulting in 1.28 mm (3.20) dead space due to configuration induced constrains.

0 //Some general hints about the document.
0 UNOFFICIAL PART
0 BFC CERTIFY CCW

0 //Segments
1 16 -47.422325 -15.790997 0 0 0.986937 -0.161105 0 0.161105 0.986937 1 0 0 3711.dat
1 16 -39.987587 -29.958731 0 0 0.885483 -0.464671 0 0.464671 0.885483 1 0 0 3711.dat
1 16 -28.456218 -41.050508 0 0 0.693236 -0.720711 0 0.720711 0.693236 1 0 0 3711.dat
1 16 -14.009628 -47.927719 0 0 0.429826 -0.902912 0 0.902912 0.429826 1 0 0 3711.dat
1 16 1.861491 -49.954435 0 0 0.12667 -0.991945 0 0.991945 0.12667 1 0 0 3711.dat
1 16 17.802005 -48.576023 0 0 -0.086151 -0.996282 0 0.996282 -0.086151 1 0 0 3711.dat
1 16 33.73634 -47.127935 0 0 -0.090506 -0.995896 0 0.995896 -0.090506 1 0 0 3711.dat
1 16 49.670111 -45.673648 0 0 -0.090893 -0.995861 0 0.995861 -0.090893 1 0 0 3711.dat
1 16 65.60386 -44.219115 0 0 -0.090908 -0.995859 0 0.995859 -0.090908 1 0 0 3711.dat
1 16 81.537607 -42.76457 0 0 -0.090909 -0.995859 0 0.995859 -0.090909 1 0 0 3711.dat
1 16 97.471354 -41.310025 0 0 -0.090909 -0.995859 0 0.995859 -0.090909 1 0 0 3711.dat
1 16 113.405101 -39.855479 0 0 -0.090909 -0.995859 0 0.995859 -0.090909 1 0 0 3711.dat
1 16 129.338848 -38.400934 0 0 -0.090909 -0.995859 0 0.995859 -0.090909 1 0 0 3711.dat
1 16 145.272595 -36.946388 0 0 -0.090909 -0.995859 0 0.995859 -0.090909 1 0 0 3711.dat
1 16 161.206342 -35.491843 0 0 -0.090909 -0.995859 0 0.995859 -0.090909 1 0 0 3711.dat
1 16 177.140089 -34.037297 0 0 -0.090909 -0.995859 0 0.995859 -0.090909 1 0 0 3711.dat
1 16 193.073837 -32.582752 0 0 -0.090909 -0.995859 0 0.995859 -0.090909 1 0 0 3711.dat
1 16 209.007584 -31.128206 0 0 -0.090909 -0.995859 0 0.995859 -0.090909 1 0 0 3711.dat
1 16 224.932723 -29.582266 0 0 -0.096621 -0.995321 0 0.995321 -0.096621 1 0 0 3711.dat
1 16 239.425763 -22.80349 0 0 -0.423674 -0.905815 0 0.905815 -0.423674 1 0 0 3711.dat
1 16 248.387978 -9.549106 0 0 -0.828399 -0.560138 0 0.560138 -0.828399 1 0 0 3711.dat
1 16 249.249121 6.427703 0 0 -0.998551 -0.053821 0 0.053821 -0.998551 1 0 0 3711.dat
1 16 241.76207 20.567861 0 0 -0.88376 0.467941 0 -0.467941 -0.88376 1 0 0 3711.dat
1 16 228.063162 28.834658 0 0 -0.516675 0.856182 0 -0.856182 -0.516675 1 0 0 3711.dat
1 16 212.185197 30.807021 0 0 -0.123273 0.992373 0 -0.992373 -0.123273 1 0 0 3711.dat
1 16 196.254081 32.290107 0 0 -0.092693 0.995695 0 -0.995695 -0.092693 1 0 0 3711.dat
1 16 180.320532 33.746818 0 0 -0.091044 0.995847 0 -0.995847 -0.091044 1 0 0 3711.dat
1 16 164.386798 35.201506 0 0 -0.090918 0.995858 0 -0.995858 -0.090918 1 0 0 3711.dat
1 16 148.453051 36.656054 0 0 -0.090909 0.995859 0 -0.995859 -0.090909 1 0 0 3711.dat
1 16 132.519304 38.110599 0 0 -0.090909 0.995859 0 -0.995859 -0.090909 1 0 0 3711.dat
1 16 116.585557 39.565145 0 0 -0.090909 0.995859 0 -0.995859 -0.090909 1 0 0 3711.dat
1 16 100.651809 41.01969 0 0 -0.090909 0.995859 0 -0.995859 -0.090909 1 0 0 3711.dat
1 16 84.718062 42.474235 0 0 -0.090909 0.995859 0 -0.995859 -0.090909 1 0 0 3711.dat
1 16 68.784315 43.928781 0 0 -0.090909 0.995859 0 -0.995859 -0.090909 1 0 0 3711.dat
1 16 52.850568 45.383326 0 0 -0.090909 0.995859 0 -0.995859 -0.090909 1 0 0 3711.dat
1 16 36.916821 46.837872 0 0 -0.090909 0.995859 0 -0.995859 -0.090909 1 0 0 3711.dat
1 16 20.983074 48.292417 0 0 -0.090909 0.995859 0 -0.995859 -0.090909 1 0 0 3711.dat
1 16 5.049327 49.746963 0 0 -0.090909 0.995859 0 -0.995859 -0.090909 1 0 0 3711.dat
1 16 -10.920426 48.763607 0 0 0.06146 0.99811 0 -0.99811 0.06146 1 0 0 3711.dat
1 16 -25.766243 42.796888 0 0 0.37292 0.927864 0 -0.927864 0.37292 1 0 0 3711.dat
1 16 -37.964704 32.443263 0 0 0.647102 0.762404 0 -0.762404 0.647102 1 0 0 3711.dat
1 16 -46.324403 18.80085 0 0 0.852651 0.522481 0 -0.522481 0.852651 1 0 0 3711.dat
1 16 -49.874393 3.199646 0 0 0.975075 0.221874 0 -0.221874 0.975075 1 0 0 3711.dat


0 FILE 10269 - step99.ldr
0 step99
0 Name: 10269 - step99.ldr
0 Author: Orion Pobursky [OrionP]
0 !LDRAW_ORG Model
0 !LICENSE Redistributable under CCAL version 2.0 : see CAreadme.txt

1 0 0 6 -50 1 0 0 0 1 0 0 0 1 3031.dat
0 STEP
1 0 -30 -2 -30 0 0 -1 0 1 0 1 0 0 63868.dat
1 0 30 -2 -30 0 0 -1 0 1 0 1 0 0 63868.dat
1 0 -30 -2 -70 0 0 1 0 1 0 -1 0 0 63868.dat
1 0 30 -2 -70 0 0 1 0 1 0 -1 0 0 63868.dat
0 STEP
1 0 -10 -2 -50 0 0 1 0 1 0 -1 0 0 3743.dat
1 0 10 -2 -50 0 0 1 0 1 0 -1 0 0 3743.dat
0 STEP
1 0 -30 -10 -50 0 0 1 0 1 0 -1 0 0 2431.dat
1 0 30 -10 -50 0 0 1 0 1 0 -1 0 0 2431.dat
1 0 -40 0 0 0 1 0 0 0 -1 -1 0 0 30374.dat


0 FILE 10269 - step101-107.ldr
0 step101-107
0 Name: 10269 - step101-107.ldr
0 Author: Orion Pobursky [OrionP]
0 !LDRAW_ORG Model
0 !LICENSE Redistributable under CCAL version 2.0 : see CAreadme.txt

1 0 0 0 0 1 0 0 0 1 0 0 0 1 3003.dat
1 0 0 -8 0 1 0 0 0 1 0 0 0 1 3022.dat
0 STEP
1 0 10 -16 0 0 0 -1 0 1 0 1 0 0 44728.dat
1 0 -10 -16 0 0 0 -1 0 1 0 1 0 0 3023.dat
0 STEP
1 0 10 -24 0 1 0 0 0 1 0 0 0 1 3021.dat
1 0 24 4 -10 0 -1 0 0 0 -1 1 0 0 61409.dat
1 0 24 4 10 0 -1 0 0 0 -1 1 0 0 61409.dat
0 STEP
1 0 0 -48 10 1 0 0 0 1 0 0 0 1 30526.dat
1 0 30 -48 10 0 0 1 0 1 0 -1 0 0 6231.dat
0 STEP
1 0 50 -38 -10 0 0 -1 1 0 0 0 -1 0 32526.dat
1 0 30 -38 -20 0 0 1 0 1 0 -1 0 0 2780.dat
1 0 -30 -38 -20 0 0 1 0 1 0 -1 0 0 2780.dat
1 0 -30 2 -20 0 0 1 0 1 0 -1 0 0 2780.dat
1 1 50 -38 0 0 0 -1 0 1 0 1 0 0 4274.dat
1 0 50 -38 8 0 0 -1 1 0 0 0 -1 0 98138.dat
0 STEP
1 0 -10 -48 0 -1 0 0 0 1 0 0 0 -1 11477.dat
1 0 20 -48 0 -1 0 0 0 1 0 0 0 -1 15068.dat
1 19 10 -56 -10 -1 0 0 0 1 0 0 0 -1 3623.dat


0 FILE 10269 - step108-115.ldr
0 step108-115
0 Name: 10269 - step108-115.ldr
0 Author: Orion Pobursky [OrionP]
0 !LDRAW_ORG Model
0 !LICENSE Redistributable under CCAL version 2.0 : see CAreadme.txt

1 71 -40 14 0 1 0 0 0 1 0 0 0 1 3666.dat
0 STEP
1 0 -10 6 0 1 0 0 0 1 0 0 0 1 11458.dat
1 14 -70 -10 0 1 0 0 0 1 0 0 0 1 3010.dat
0 STEP
1 0 -40 -18 0 0 0 -1 0 1 0 1 0 0 10269 - 28192.dat
1 0 -80 -18 0 1 0 0 0 1 0 0 0 1 63864.dat
0 STEP
1 71 -90 22 0 -1 0 0 0 1 0 0 0 -1 18677.dat
1 1 -30 22 0 -1 0 0 0 1 0 0 0 -1 3710.dat
0 STEP
1 1 -50 30 0 -1 0 0 0 1 0 0 0 -1 3710.dat
0 STEP
1 1 0 0 0 0 0 -1 0 1 0 1 0 0 6558.dat
0 STEP
1 71 -100 32 0 0 0 -1 0 1 0 1 0 0 4519.dat
1 15 -100 32 -30 1 0 0 0 1 0 0 0 1 59443.dat
1 15 -100 32 30 1 0 0 0 1 0 0 0 1 59443.dat
1 72 -100 32 60 0 0 1 0 1 0 -1 0 0 11214.dat
0 STEP
1 72 -100 32 -60 0 0 -1 0 1 0 1 0 0 11214.dat


0 FILE 10269 - step116-127.ldr
0 step116-127
0 Name: 10269 - step116-127.ldr
0 Author: Orion Pobursky [OrionP]
0 !LDRAW_ORG Model
0 !LICENSE Redistributable under CCAL version 2.0 : see CAreadme.txt

1 320 -106 -34 -60 1 0 0 0 1 0 0 0 1 3460.dat
1 320 -106 -34 60 1 0 0 0 1 0 0 0 1 3460.dat
1 320 -36 -58 60 1 0 0 0 1 0 0 0 1 6541.dat
1 320 -36 -58 -60 1 0 0 0 1 0 0 0 1 6541.dat
1 320 -136 -58 -60 1 0 0 0 1 0 0 0 1 6541.dat
1 320 -136 -58 60 1 0 0 0 1 0 0 0 1 6541.dat
1 320 -156 -58 60 1 0 0 0 1 0 0 0 1 3005.dat
1 320 -156 -58 -60 1 0 0 0 1 0 0 0 1 3005.dat
1 320 -86 -58 60 1 0 0 0 1 0 0 0 1 3010.dat
1 320 -86 -58 -60 1 0 0 0 1 0 0 0 1 3010.dat
0 STEP
1 320 -176 -42 40 0 0 1 0 1 0 -1 0 0 3623.dat
1 320 -176 -42 -40 0 0 1 0 1 0 -1 0 0 3623.dat
1 0 -176 -66 40 0 0 1 0 1 0 -1 0 0 87087.dat
1 320 -176 -66 60 0 0 1 0 1 0 -1 0 0 87087.dat
1 320 -176 -66 -60 0 0 1 0 1 0 -1 0 0 87087.dat
1 71 -176 -66 -10 0 0 1 0 1 0 -1 0 0 30414.dat
0 STEP
1 320 -106 -66 -50 -1 0 0 0 1 0 0 0 -1 3795.dat
1 320 -106 -66 50 -1 0 0 0 1 0 0 0 -1 3795.dat
1 320 -106 -74 60 -1 0 0 0 1 0 0 0 -1 3710.dat
1 1 -86 -74 40 -1 0 0 0 1 0 0 0 -1 3710.dat
1 0 -76 -82 40 -1 0 0 0 1 0 0 0 -1 6141.dat
1 320 -106 -82 10 0 0 -1 0 1 0 1 0 0 3795.dat
1 320 -106 -74 -60 -1 0 0 0 1 0 0 0 -1 3710.dat
1 1 -86 -74 -40 -1 0 0 0 1 0 0 0 -1 3710.dat
1 0 -76 -82 -40 -1 0 0 0 1 0 0 0 -1 6141.dat
1 320 -106 -82 -60 -1 0 0 0 1 0 0 0 -1 3023.dat
0 STEP
1 320 -36 -66 50 0 0 -1 0 1 0 1 0 0 44728.dat
1 320 -36 -66 -50 0 0 -1 0 1 0 1 0 0 44728.dat
0 STEP
1 320 -146 -90 -30 0 0 1 0 1 0 -1 0 0 93606.dat
1 320 -146 -90 30 0 0 1 0 1 0 -1 0 0 93606.dat
1 320 -146 -90 0 0 0 1 0 1 0 -1 0 0 61678.dat
0 STEP
1 320 -146 -90 -60 0 0 1 0 1 0 -1 0 0 61678.dat
1 320 -146 -90 60 0 0 1 0 1 0 -1 0 0 61678.dat
1 320 -66 -90 -60 0 0 -1 0 1 0 1 0 0 61678.dat
1 320 -66 -90 60 0 0 -1 0 1 0 1 0 0 61678.dat
0 STEP
1 0 -86 -90 40 1 0 0 0 1 0 0 0 1 3023.dat
1 0 -86 -90 -40 1 0 0 0 1 0 0 0 1 3023.dat
1 0 -76 -98 40 1 0 0 0 1 0 0 0 1 3070b.dat
1 0 -76 -98 -40 1 0 0 0 1 0 0 0 1 3070b.dat
0 STEP
1 320 -194 -46 40 0 1 0 0 0 1 1 0 0 15672.dat
1 320 -194 -46 0 0 1 0 0 0 1 1 0 0 15672.dat
1 320 -194 -46 20 0 1 0 0 0 1 1 0 0 15672.dat
1 320 -194 -46 -40 0 1 0 0 0 1 1 0 0 15672.dat
1 320 -194 -46 -20 0 1 0 0 0 1 1 0 0 15672.dat
0 STEP
1 320 -36 -26 -60 0 0 1 0 1 0 -1 0 0 4287a.dat
1 320 -36 -26 60 0 0 1 0 1 0 -1 0 0 4287a.dat
0 STEP
1 320 -194 -46 60 0 1 0 0 0 1 1 0 0 15672.dat
1 320 -194 -46 -60 0 1 0 0 0 1 1 0 0 15672.dat
1 320 -194 -36 -60 0 1 0 0 0 -1 -1 0 0 54200.dat
1 320 -194 -36 60 0 1 0 0 0 -1 -1 0 0 54200.dat
1 320 -14 -26 60 0 -1 0 0 0 -1 1 0 0 15672.dat
1 320 -6 -36 60 0 -1 0 0 0 -1 1 0 0 3024.dat
1 320 2 -36 60 0 -1 0 0 0 1 -1 0 0 10269 - 28192.dat
1 320 -14 -26 -60 0 -1 0 0 0 -1 1 0 0 15672.dat
1 320 -6 -36 -60 0 -1 0 0 0 -1 1 0 0 3024.dat
1 320 2 -36 -60 0 -1 0 0 0 1 -1 0 0 10269 - 28192.dat
0 STEP
1 0 -56 -98 40 0 0 -1 0 1 0 1 0 0 87087.dat
1 0 -38 -88 40 0 -1 0 0 0 -1 1 0 0 3024.dat
1 0 -38 -88 40 0 -1 0 0 0 1 -1 0 0 54200.dat
1 0 -56 -98 -40 0 0 -1 0 1 0 1 0 0 87087.dat
1 0 -38 -88 -40 0 -1 0 0 0 -1 1 0 0 3024.dat
1 0 -38 -88 -40 0 -1 0 0 0 1 -1 0 0 54200.dat
0 STEP


0 FILE 10269 - step130.ldr
0 step130
0 Name: 10269 - step130.ldr
0 Author: Orion Pobursky [OrionP]
0 !LDRAW_ORG Model
0 !LICENSE Redistributable under CCAL version 2.0 : see CAreadme.txt

1 71 0 0 0 -1 0 0 0 1 0 0 0 -1 32054.dat
1 71 46 0 2 -1 0 0 0 0 -1 0 -1 0 32828.dat
1 57 46 0 -6 -1 0 0 0 0 -1 0 -1 0 6141.dat
1 71 46 0 26 -1 0 0 0 0 -1 0 -1 0 59900.dat


0 FILE 10269 - step131.ldr
0 step131
0 Name: 10269 - step131.ldr
0 Author: Orion Pobursky [OrionP]
0 !LDRAW_ORG Model
0 !LICENSE Redistributable under CCAL version 2.0 : see CAreadme.txt

1 0 -20 0 0 1 0 0 0 1 0 0 0 1 44567.dat
1 0 20 0 0 1 0 0 0 1 0 0 0 1 44567.dat
0 STEP
1 36 0 -8 0 1 0 0 0 1 0 0 0 1 3069b.dat
1 36 -30 -8 0 0 0 1 0 1 0 -1 0 0 24246.dat
1 36 30 -8 0 0 0 -1 0 1 0 1 0 0 24246.dat
0 STEP
1 0 -30 8 0 1 0 0 0 1 0 0 0 1 15573.dat
1 0 20 8 0 1 0 0 0 1 0 0 0 1 34103.dat
0 STEP
