0 FILE 10280 - main.ldr
0 main
0 Name: 10280 - main.ldr
0 Author: Orion Pobursky [OrionP]
0 !LDRAW_ORG Model
0 !LICENSE Redistributable under CCAL version 2.0 : see CAreadme.txt

1 0 0 0 0 1 0 0 0 1 0 0 0 1 10280 - aster.ldr
1 0 120 0 0 0 0 1 0 1 0 -1 0 0 10280 - california-poppy.ldr
1 0 -200 0 0 0 0 -1 0 1 0 1 0 0 10280 - leaf.ldr
1 0 90 0 100 1 0 0 0 1 0 0 0 1 10280 - leaf.ldr
1 0 -110 0 110 0.707 0 -0.707 0 1 0 0.707 0 0.707 10280 - leaf.ldr
1 0 90 0 50 1 0 0 0 1 0 0 0 1 10280 - lavender.ldr
1 0 90 0 -50 0 0 1 0 1 0 -1 0 0 10280 - snapdragon1.ldr
1 0 -90 0 -120 0 0 1 0 1 0 -1 0 0 10280 - snapdragon2.ldr
1 0 -100 0 -30 1 0 0 0 1 0 0 0 1 10280 - greenery.ldr
1 0 200 0 140 1 0 0 0 1 0 0 0 1 10280 - greenery.ldr
1 0 -30 0 -190 1 0 0 0 1 0 0 0 1 10280 - rose-1.ldr
1 0 -170 0 -130 0 0 1 0 1 0 -1 0 0 10280 - rose-1.ldr
1 0 290 0 -90 -0.707 0 -0.707 0 1 0 0.707 0 -0.707 10280 - rose-2.ldr
1 0 220 0 -200 1 0 0 0 1 0 0 0 1 10280 - daisy.ldr
1 0 -200 0 -260 1 0 0 0 1 0 0 0 1 10280 - daisy.ldr


0 FILE 10280 - daisy.ldr
0 daisy
0 Name: 10280 - daisy.ldr
0 Author: Orion Pobursky [OrionP]
0 !LDRAW_ORG Model
0 !LICENSE Redistributable under CCAL version 2.0 : see CAreadme.txt

1 0 0 -650 0 0 1 0 -1 0 0 0 0 1 32054.dat
1 0 0 -650 0 1 0 0 0 1 0 0 0 1 90202.dat
0 STEP
1 0 -20 -650 0 0.966 0.259 0 -0.259 0.966 0 0 0 1 23443.dat
1 0 20 -650 0 0.966 -0.259 0 0.259 0.966 0 0 0 1 23443.dat
1 0 0 -650 20 0 0 -1 0.259 0.966 0 0.966 -0.259 0 23443.dat
1 0 0 -650 -20 0 0 -1 -0.707 0.707 0 0.707 0.707 0 23443.dat
0 STEP
1 70 0 -669.319 25.176 0 0 -1 0.259 0.966 0 0.966 -0.259 0 33183.dat
1 0 -35.529 -707.956 0 0.966 0.259 0 -0.259 0.966 0 0 0 1 10280 - daisy-flower.ldr
1 0 0 -692.426 -62.426 0.999 0 -0.035 -0.025 0.707 -0.707 0.025 0.707 0.707 10280 - daisy-flower.ldr
1 0 35.529 -707.956 0 0.966 -0.259 0 0.259 0.966 0 0 0 1 10280 - daisy-flower.ldr
0 STEP
1 378 0 -320 0 0 1 0 -1 0 0 0 0 1 50450.dat


0 FILE 10280 - daisy-flower.ldr
0 daisy-flower
0 Name: 10280 - daisy-flower.ldr
0 Author: Orion Pobursky [OrionP]
0 !LDRAW_ORG Model
0 !LICENSE Redistributable under CCAL version 2.0 : see CAreadme.txt

1 19 0 0 0 1 0 0 0 1 0 0 0 1 2566.dat
0 STEP
1 15 17.071 -8 -17.071 0.707 0 0.707 0 1 0 -0.707 0 0.707 35480.dat
1 15 17.071 -8 17.071 0.707 0 -0.707 0 1 0 0.707 0 0.707 35480.dat
1 15 -17.071 -8 17.071 0.707 0 0.707 0 1 0 -0.707 0 0.707 35480.dat
1 15 -17.071 -8 -17.071 0.707 0 -0.707 0 1 0 0.707 0 0.707 35480.dat
0 STEP
1 15 19.848 -16 -8.264 0.985 0 -0.174 0 1 0 0.174 0 0.985 35480.dat
1 15 8.264 -16 19.848 -0.174 0 -0.985 0 1 0 0.985 0 -0.174 35480.dat
1 15 -19.848 -16 8.264 0.985 0 -0.174 0 1 0 0.174 0 0.985 35480.dat
1 15 -8.264 -16 -19.848 -0.174 0 -0.985 0 1 0 0.985 0 -0.174 35480.dat
0 STEP
1 14 0 -24 0 1 0 0 0 1 0 0 0 1 14769.dat


0 FILE 10280 - rose-flower.ldr
0 rose-flower
0 Name: 10280 - rose-flower.ldr
0 Author: Orion Pobursky [OrionP]
0 !LDRAW_ORG Model
0 !LICENSE Redistributable under CCAL version 2.0 : see CAreadme.txt

1 288 0 0 0 1 0 0 0 1 0 0 0 1 10280 - 67811.dat
1 2 0 -8 0 1 0 0 0 1 0 0 0 1 4032a.dat
0 STEP
1 288 0 -24 0 1 0 0 0 1 0 0 0 1 10280 - 67811.dat
0 STEP
1 2 0 -48 0 1 0 0 0 1 0 0 0 1 3941.dat
0 STEP
1 16 -10 -56 0 0 0 1 0 1 0 -1 0 0 10280 - rose-flower-step4.ldr
1 16 10 -56 0 0 0 -1 0 1 0 1 0 0 10280 - rose-flower-step4.ldr
0 STEP
1 16 0 -64 10 -1 0 0 0 1 0 0 0 -1 10280 - rose-flower-step4.ldr
1 16 0 -64 -10 1 0 0 0 1 0 0 0 1 10280 - rose-flower-step4.ldr
0 STEP
1 19 0 -72 0 -1 0 0 0 1 0 0 0 -1 87580.dat
0 STEP
1 15 0 -100 0 -0.707 0 0.707 0 1 0 -0.707 0 -0.707 10280 - rose-flower-step7.ldr
0 STEP
1 70 28.284 -30 -28.284 -0.707 -0.707 0 0 0 1 -0.707 0.707 0 10280 - rose-flower-step8.ldr
1 70 -28.284 -30 28.284 0.707 0.707 0 0 0 1 0.707 -0.707 0 10280 - rose-flower-step8.ldr
1 70 28.284 -30 28.284 0.707 -0.707 0 0 0 1 -0.707 -0.707 0 10280 - rose-flower-step8.ldr
1 70 -28.284 -30 -28.284 -0.707 0.707 0 0 0 1 0.707 0.707 0 10280 - rose-flower-step8.ldr
0 STEP
1 70 40 -6 0 0 -0.5 -0.866 0 -0.866 0.5 -1 0 0 10280 - rose-flower-step9.ldr
1 70 -40 -6 0 0 0.5 0.866 0 -0.866 0.5 1 0 0 10280 - rose-flower-step9.ldr
1 70 0 -6 40 1 0 0 0 -0.866 0.5 0 -0.5 -0.866 10280 - rose-flower-step9.ldr
1 70 0 -6 -40 -1 0 0 0 -0.866 0.5 0 0.5 0.866 10280 - rose-flower-step9.ldr
0 STEP
1 70 0 -48 0 1 0 0 0 1 0 0 0 1 30374.dat


0 FILE 10280 - rose-flower-step4.ldr
0 rose-flower-step4
0 Name: 10280 - rose-flower-step4.ldr
0 Author: Orion Pobursky [OrionP]
0 !LDRAW_ORG Model
0 !LICENSE Redistributable under CCAL version 2.0 : see CAreadme.txt

1 19 0 0 0 1 0 0 0 1 0 0 0 1 99207.dat
1 19 0 -22 -30 -1 0 0 0 0 1 0 1 0 47458.dat


0 FILE 10280 - rose-flower-step7.ldr
0 rose-flower-step7
0 Name: 10280 - rose-flower-step7.ldr
0 Author: Orion Pobursky [OrionP]
0 !LDRAW_ORG Model
0 !LICENSE Redistributable under CCAL version 2.0 : see CAreadme.txt

1 15 0 0 0 1 0 0 0 1 0 0 0 1 4733.dat
1 15 0 10 18 1 0 0 0 0 1 0 -1 0 49668.dat
1 15 0 10 -18 -1 0 0 0 0 1 0 1 0 49668.dat
1 15 -18 10 0 0 1 0 0 0 1 1 0 0 49668.dat
1 15 18 10 0 0 -1 0 0 0 1 -1 0 0 49668.dat


0 FILE 10280 - rose-flower-step8.ldr
0 rose-flower-step8
0 Name: 10280 - rose-flower-step8.ldr
0 Author: Orion Pobursky [OrionP]
0 !LDRAW_ORG Model
0 !LICENSE Redistributable under CCAL version 2.0 : see CAreadme.txt

1 78 0 -10 -20 1 0 0 0 1 0 0 0 1 93604.dat
1 78 0 -18 -20 1 0 0 0 1 0 0 0 1 3069b.dat
1 78 0 -2 -20 -1 0 0 0 1 0 0 0 -1 11476.dat


0 FILE 10280 - rose-flower-step9.ldr
0 rose-flower-step9
0 Name: 10280 - rose-flower-step9.ldr
0 Author: Orion Pobursky [OrionP]
0 !LDRAW_ORG Model
0 !LICENSE Redistributable under CCAL version 2.0 : see CAreadme.txt

1 78 0 -2 -20 -1 0 0 0 1 0 0 0 -1 11476.dat
1 78 0 6 -20 1 0 0 0 1 0 0 0 1 98835.dat


0 FILE 10280 - rose-stem-1.ldr
0 rose-stem-1
0 Name: 10280 - rose-stem-1.ldr
0 Author: Orion Pobursky [OrionP]
0 !LDRAW_ORG Model
0 !LICENSE Redistributable under CCAL version 2.0 : see CAreadme.txt

1 288 0 0 0 1 0 0 0 0 -1 0 1 0 26287.dat
1 71 0 -40 0 0 -1 0 1 0 0 0 0 1 4519.dat
0 STEP
1 0 0 -40 0 1 0 0 0 1 0 0 0 1 90202.dat
0 STEP
1 288 0 -80 0 1 0 0 0 0 -1 0 1 0 32016.dat
1 4 0 -107.716 -11.481 0 0 -1 -0.924 -0.383 0 -0.383 0.924 0 32062.dat
0 STEP
1 288 0 -135.433 -22.961 1 0 0 0 -0.383 -0.924 0 0.924 -0.383 32016.dat
0 STEP
1 288 -10 -135.433 -22.961 0 -1 0 0 0 1 -1 0 0 85861.dat
1 288 10 -80 0 0 1 0 0 0 -1 -1 0 0 85861.dat
0 STEP
1 70 -7 -135.433 -22.961 -1 0 0 0 0 1 0 1 0 13564.dat
1 70 6 -80 0 1 0 0 0 0 1 0 -1 0 13564.dat
0 STEP
1 16 0 30 0 1 0 0 0 1 0 0 0 1 10280 - rose-stem-1-step7.ldr
1 16 0 90 0 1 0 0 0 1 0 0 0 1 10280 - rose-stem-1-step7.ldr
1 16 0 150 0 1 0 0 0 1 0 0 0 1 10280 - rose-stem-1-step7.ldr
1 16 0 210 0 1 0 0 0 1 0 0 0 1 10280 - rose-stem-1-step7.ldr
1 16 0 270 0 1 0 0 0 1 0 0 0 1 10280 - rose-stem-1-step7.ldr
1 16 0 330 0 1 0 0 0 1 0 0 0 1 10280 - rose-stem-1-step7.ldr
1 16 0 390 0 1 0 0 0 1 0 0 0 1 10280 - rose-stem-1-step7.ldr
1 16 0 450 0 1 0 0 0 1 0 0 0 1 10280 - rose-stem-1-step7.ldr
0 STEP
1 288 -10 -40 -20 0 0 1 0 1 0 -1 0 0 10280 - 98088p04.dat


0 FILE 10280 - rose-stem-1-step7.ldr
0 rose-stem-1-step7
0 Name: 10280 - rose-stem-1-step7.ldr
0 Author: Orion Pobursky [OrionP]
0 !LDRAW_ORG Model
0 !LICENSE Redistributable under CCAL version 2.0 : see CAreadme.txt

1 4 0 0 0 0 -1 0 1 0 0 0 0 1 32062.dat
1 288 0 30 0 1 0 0 0 0 -1 0 1 0 26287.dat


0 FILE 10280 - rose-stem-2.ldr
0 rose-stem-2
0 Name: 10280 - rose-stem-2.ldr
0 Author: Orion Pobursky [OrionP]
0 !LDRAW_ORG Model
0 !LICENSE Redistributable under CCAL version 2.0 : see CAreadme.txt

1 288 0 0 0 1 0 0 0 0 -1 0 1 0 26287.dat
1 71 0 -40 0 0 -1 0 1 0 0 0 0 1 4519.dat
0 STEP
1 0 0 -40 0 1 0 0 0 1 0 0 0 1 90202.dat
0 STEP
1 288 0 -80 0 1 0 0 0 0 -1 0 1 0 26287.dat
1 4 0 -110 0 0 -1 0 1 0 0 0 0 1 32062.dat
0 STEP
1 288 0 -140 0 1 0 0 0 0 -1 0 1 0 26287.dat
0 STEP
1 288 0 30 0 1 0 0 0 1 0 0 0 1 10280 - rose-stem-1-step7.ldr
1 288 0 90 0 1 0 0 0 1 0 0 0 1 10280 - rose-stem-1-step7.ldr
1 288 0 210 0 1 0 0 0 1 0 0 0 1 10280 - rose-stem-1-step7.ldr
1 288 0 150 0 1 0 0 0 1 0 0 0 1 10280 - rose-stem-1-step7.ldr
1 288 0 450 0 1 0 0 0 1 0 0 0 1 10280 - rose-stem-1-step7.ldr
1 288 0 390 0 1 0 0 0 1 0 0 0 1 10280 - rose-stem-1-step7.ldr
1 288 0 330 0 1 0 0 0 1 0 0 0 1 10280 - rose-stem-1-step7.ldr
1 288 0 270 0 1 0 0 0 1 0 0 0 1 10280 - rose-stem-1-step7.ldr
0 STEP
1 288 -10 -40 -20 0 0 1 0 1 0 -1 0 0 10280 - 98088p04.dat


0 FILE 10280 - rose-1.ldr
0 rose-1
0 Name: 10280 - rose-1.ldr
0 Author: Orion Pobursky [OrionP]
0 !LDRAW_ORG Model
0 !LICENSE Redistributable under CCAL version 2.0 : see CAreadme.txt

1 288 0 -510 0 1 0 0 0 1 0 0 0 1 10280 - rose-stem-1.ldr
1 288 0 -677.96 -55.488 1 0 0 0 0.707 -0.707 0 0.707 0.707 10280 - rose-flower.ldr


0 FILE 10280 - rose-2.ldr
0 rose-2
0 Name: 10280 - rose-2.ldr
0 Author: Orion Pobursky [OrionP]
0 !LDRAW_ORG Model
0 !LICENSE Redistributable under CCAL version 2.0 : see CAreadme.txt

1 288 0 -510 0 1 0 0 0 1 0 0 0 1 10280 - rose-stem-2.ldr
1 288 0 -696 0 1 0 0 0 1 0 0 0 1 10280 - rose-flower.ldr


0 FILE 10280 - california-poppy.ldr
0 california-poppy
0 Name: 10280 - california-poppy.ldr
0 Author: Orion Pobursky [OrionP]
0 !LDRAW_ORG Model
0 !LICENSE Redistributable under CCAL version 2.0 : see CAreadme.txt

1 2 0 -739.889 20.665 1 0 0 0 0.924 0.383 0 -0.383 0.924 3941.dat
0 STEP
1 14 0 -780.672 26.733 1 0 0 0 0.924 0.383 0 -0.383 0.924 67329.dat
1 14 0 -773.018 45.211 -1 0 0 0 0.924 -0.383 0 -0.383 -0.924 67329.dat
1 14 0 -784.236 39.034 -1 0 0 0 0.924 -0.383 0 -0.383 -0.924 3022.dat
0 STEP
1 297 10 -795.454 32.856 -1 0 0 0 0.924 -0.383 0 -0.383 -0.924 20482.dat
1 297 -10 -795.454 32.856 -1 0 0 0 0.924 -0.383 0 -0.383 -0.924 20482.dat
1 297 -10 -787.8 51.334 -1 0 0 0 0.924 -0.383 0 -0.383 -0.924 20482.dat
1 297 10 -787.8 51.334 -1 0 0 0 0.924 -0.383 0 -0.383 -0.924 20482.dat
0 STEP
1 16 0 -775.368 65.668 1 0 0 0 0.924 0.383 0 -0.383 0.924 10280 - california-poppy-step4.ldr
1 16 0 -796.799 13.93 -1 0 0 0 0.924 -0.383 0 -0.383 -0.924 10280 - california-poppy-step4.ldr
0 STEP
1 25 28 -786.083 39.799 0 0 1 -0.383 0.924 0 -0.924 -0.383 0 10280 - california-poppy-step5.ldr
1 25 -28 -786.083 39.799 0 0 -1 0.383 0.924 0 0.924 -0.383 0 10280 - california-poppy-step5.ldr
0 STEP
1 14 10 -823.17 44.337 -0.707 0 -0.707 0.271 0.924 -0.271 0.653 -0.383 -0.653 11090.dat
1 14 -10 -815.516 62.814 -0.707 0 -0.707 0.271 0.924 -0.271 0.653 -0.383 -0.653 11090.dat
1 14 10 -815.516 62.814 0.707 0 -0.707 0.271 0.924 0.271 0.653 -0.383 0.653 11090.dat
1 14 -10 -823.17 44.337 0.707 0 -0.707 0.271 0.924 0.271 0.653 -0.383 0.653 11090.dat
0 STEP
1 25 26 -804.561 47.453 0 0.707 0.707 -0.383 0.653 -0.653 -0.924 -0.271 0.271 10280 - california-poppy-step7.ldr
1 25 -26 -804.561 47.453 0 -0.707 -0.707 0.383 0.653 -0.653 0.924 -0.271 0.271 10280 - california-poppy-step7.ldr
1 25 0 -814.511 23.432 -1 0 0 0 0.383 -0.924 0 -0.924 -0.383 10280 - california-poppy-step7.ldr
1 25 0 -794.611 71.474 1 0 0 0 0.924 -0.383 0 0.383 0.924 10280 - california-poppy-step7.ldr
0 STEP
1 288 0 -690 0 -1 0 0 0 0 -1 0 -1 0 32016.dat
1 4 0 -717.716 11.481 0 0 1 -0.924 -0.383 0 0.383 -0.924 0 32062.dat
0 STEP
1 378 0 -360 0 0 0 1 -1 0 0 0 -1 0 50450.dat
1 288 0 -30 0 1 0 0 0 0 1 0 -1 0 26287.dat


0 FILE 10280 - california-poppy-step4.ldr
0 california-poppy-step4
0 Name: 10280 - california-poppy-step4.ldr
0 Author: Orion Pobursky [OrionP]
0 !LDRAW_ORG Model
0 !LICENSE Redistributable under CCAL version 2.0 : see CAreadme.txt

1 14 0 0 0 1 0 0 0 0 1 0 -1 0 11476.dat
1 25 10 20 16 -1 0 0 0 0 -1 0 -1 0 50950.dat
1 25 -10 20 16 -1 0 0 0 0 -1 0 -1 0 50950.dat


0 FILE 10280 - california-poppy-step5.ldr
0 california-poppy-step5
0 Name: 10280 - california-poppy-step5.ldr
0 Author: Orion Pobursky [OrionP]
0 !LDRAW_ORG Model
0 !LICENSE Redistributable under CCAL version 2.0 : see CAreadme.txt

1 14 0 0 0 1 0 0 0 0 1 0 -1 0 11476.dat
1 25 0 20 16 -1 0 0 0 0 -1 0 -1 0 64225.dat


0 FILE 10280 - california-poppy-step7.ldr
0 california-poppy-step7
0 Name: 10280 - california-poppy-step7.ldr
0 Author: Orion Pobursky [OrionP]
0 !LDRAW_ORG Model
0 !LICENSE Redistributable under CCAL version 2.0 : see CAreadme.txt

1 25 0 -2 20 1 0 0 0 1 0 0 0 1 2540.dat
1 25 0 6 20 -1 0 0 0 1 0 0 0 -1 93604.dat


0 FILE 10280 - greenery.ldr
0 greenery
0 Name: 10280 - greenery.ldr
0 Author: Orion Pobursky [OrionP]
0 !LDRAW_ORG Model
0 !LICENSE Redistributable under CCAL version 2.0 : see CAreadme.txt

1 288 0 -828 0 1 0 0 0 1 0 0 0 1 4032a.dat
1 288 0 -828 0 1 0 0 0 1 0 0 0 1 6064.dat
0 STEP
1 70 0 -876 0 1 0 0 0 1 0 0 0 1 63965a.dat
0 STEP
1 0 0 -908 0 1 0 0 0 1 0 0 0 1 3062b.dat
1 0 0 -932 0 1 0 0 0 1 0 0 0 1 3062b.dat
0 STEP
1 288 0 -932 0 1 0 0 0 1 0 0 0 1 6064.dat
0 STEP
1 288 0 -210 0 1 0 0 0 1 0 0 0 1 10280 - greenery-stem.ldr


0 FILE 10280 - greenery-stem.ldr
0 greenery-stem
0 Name: 10280 - greenery-stem.ldr
0 Author: Orion Pobursky [OrionP]
0 !LDRAW_ORG Model
0 !LICENSE Redistributable under CCAL version 2.0 : see CAreadme.txt

1 288 0 0 0 1 0 0 0 0 -1 0 1 0 26287.dat
0 STEP
1 288 0 30 0 1 0 0 0 1 0 0 0 1 10280 - rose-stem-1-step7.ldr
1 288 0 90 0 1 0 0 0 1 0 0 0 1 10280 - rose-stem-1-step7.ldr
1 288 0 150 0 1 0 0 0 1 0 0 0 1 10280 - rose-stem-1-step7.ldr
1 378 0 -330 0 0 -1 0 1 0 0 0 0 1 50450.dat


0 FILE 10280 - snapdragon-flower.ldr
0 snapdragon-flower
0 Name: 10280 - snapdragon-flower.ldr
0 Author: Orion Pobursky [OrionP]
0 !LDRAW_ORG Model
0 !LICENSE Redistributable under CCAL version 2.0 : see CAreadme.txt

1 288 0 0 0 1 0 0 0 1 0 0 0 1 85861.dat
1 378 0 -8 0 1 0 0 0 1 0 0 0 1 75937.dat
1 27 0 -32 0 1 0 0 0 1 0 0 0 1 3062b.dat
0 STEP
1 70 0 11 0 1 0 0 0 1 0 0 0 1 63965a.dat
0 STEP
1 378 0 -40 0 1 0 0 0 1 0 0 0 1 75937.dat
0 STEP
1 27 0 -64 0 1 0 0 0 1 0 0 0 1 3062b.dat
0 STEP
1 378 0 -72 0 1 0 0 0 1 0 0 0 1 75937.dat
0 STEP
1 27 0 -92 0 1 0 0 0 0 1 0 -1 0 59443.dat
1 70 0 -112 0 1 0 0 0 1 0 0 0 1 63965a.dat
0 STEP
1 29 0 -124 0 1 0 0 0 1 0 0 0 1 10280 - snapdragon-flower-step7.ldr
0 STEP
1 29 0 -156 0 0.707 0 -0.707 0 1 0 0.707 0 0.707 10280 - snapdragon-flower-step7.ldr
0 STEP
1 326 0 -204 0 1 0 0 0 1 0 0 0 1 10280 - snapdragon-flower-step9.ldr
0 STEP
1 70 21.25 -70 -21.25 -0.612 0.354 0.707 -0.5 -0.866 0 0.612 -0.354 0.707 10280 - snapdragon-flower-step10.ldr
1 70 -21.25 -70 21.25 -0.612 -0.354 0.707 0.5 -0.866 0 0.612 0.354 0.707 10280 - snapdragon-flower-step10.ldr
1 70 21.25 -70 21.25 0.612 0.354 0.707 0.5 -0.866 0 0.612 0.354 -0.707 10280 - snapdragon-flower-step10.ldr
1 70 -21.25 -70 -21.25 0.612 -0.354 0.707 -0.5 -0.866 0 0.612 -0.354 -0.707 10280 - snapdragon-flower-step10.ldr
0 STEP
1 70 30 -38 0 -0.866 0.5 0 -0.5 -0.866 0 0 0 1 10280 - snapdragon-flower-step10.ldr
1 70 -30 -38 0 -0.866 -0.5 0 0.5 -0.866 0 0 0 1 10280 - snapdragon-flower-step10.ldr
1 70 0 -38 -30 0 0 -1 0.5 -0.866 0 -0.866 -0.5 0 10280 - snapdragon-flower-step10.ldr
1 70 0 -38 30 0 0 -1 -0.5 -0.866 0 -0.866 0.5 0 10280 - snapdragon-flower-step10.ldr
0 STEP
1 70 21.25 -6 -21.25 -0.586 0.534 0.61 -0.681 -0.732 -0.015 0.438 -0.424 0.793 10280 - snapdragon-flower-step12.ldr
1 70 -21.25 -6 21.25 -0.438 -0.424 0.793 0.681 -0.732 -0.015 0.586 0.534 0.61 10280 - snapdragon-flower-step12.ldr
1 70 21.25 -6 21.25 0.5 0.5 0.707 0.707 -0.707 0 0.5 0.5 -0.707 10280 - snapdragon-flower-step12.ldr
1 70 -21.25 -6 -21.25 0.5 -0.5 0.707 -0.707 -0.707 0 0.5 -0.5 -0.707 10280 - snapdragon-flower-step12.ldr
0 STEP
1 70 30 -6 0 0.5 0.866 0 -0.866 0.5 0 0 0 1 10280 - snapdragon-flower-step12.ldr
1 70 -30 -6 0 0.5 -0.866 0 0.866 0.5 0 0 0 1 10280 - snapdragon-flower-step12.ldr
1 70 0 -6 -30 0 0 -1 0.866 0.5 0 0.5 -0.866 0 10280 - snapdragon-flower-step12.ldr
1 70 0 -6 30 0 0 -1 -0.866 0.5 0 0.5 0.866 0 10280 - snapdragon-flower-step12.ldr


0 FILE 10280 - snapdragon-flower-step7.ldr
0 snapdragon-flower-step7
0 Name: 10280 - snapdragon-flower-step7.ldr
0 Author: Orion Pobursky [OrionP]
0 !LDRAW_ORG Model
0 !LICENSE Redistributable under CCAL version 2.0 : see CAreadme.txt

1 378 0 0 0 1 0 0 0 1 0 0 0 1 98284.dat
1 27 0 -24 0 1 0 0 0 1 0 0 0 1 3062b.dat
0 STEP
1 29 0 -6 -30 1 0 0 0 -1 0 0 0 -1 59900.dat
1 29 0 -4 30 1 0 0 0 -1 0 0 0 -1 59900.dat
1 29 30 -4 0 1 0 0 0 -1 0 0 0 -1 59900.dat
1 29 -30 -4 0 1 0 0 0 -1 0 0 0 -1 59900.dat


0 FILE 10280 - snapdragon-flower-step9.ldr
0 snapdragon-flower-step9
0 Name: 10280 - snapdragon-flower-step9.ldr
0 Author: Orion Pobursky [OrionP]
0 !LDRAW_ORG Model
0 !LICENSE Redistributable under CCAL version 2.0 : see CAreadme.txt

1 27 0 0 0 1 0 0 0 1 0 0 0 1 4733.dat
1 378 0 -24 0 1 0 0 0 1 0 0 0 1 59900.dat
0 STEP
1 326 0 10 18 1 0 0 0 0 1 0 -1 0 49668.dat
1 326 18 10 0 0 -1 0 0 0 1 -1 0 0 49668.dat
1 326 -18 10 0 0 1 0 0 0 1 1 0 0 49668.dat
1 326 0 10 -18 -1 0 0 0 0 1 0 1 0 49668.dat


0 FILE 10280 - snapdragon-flower-step10.ldr
0 snapdragon-flower-step10
0 Name: 10280 - snapdragon-flower-step10.ldr
0 Author: Orion Pobursky [OrionP]
0 !LDRAW_ORG Model
0 !LICENSE Redistributable under CCAL version 2.0 : see CAreadme.txt

1 378 0 6 0 1 0 0 0 1 0 0 0 1 15712.dat
1 5 0 14 0 1 0 0 0 1 0 0 0 1 98100.dat


0 FILE 10280 - snapdragon-flower-step12.ldr
0 snapdragon-flower-step12
0 Name: 10280 - snapdragon-flower-step12.ldr
0 Author: Orion Pobursky [OrionP]
0 !LDRAW_ORG Model
0 !LICENSE Redistributable under CCAL version 2.0 : see CAreadme.txt

1 26 0 14 0 1 0 0 0 1 0 0 0 1 30367c.dat
1 26 0 38 0 1 0 0 0 1 0 0 0 1 15469.dat
0 STEP
1 378 0 6 0 1 0 0 0 1 0 0 0 1 15712.dat


0 FILE 10280 - snapdragon-stem1.ldr
0 snapdragon-stem1
0 Name: 10280 - snapdragon-stem1.ldr
0 Author: Orion Pobursky [OrionP]
0 !LDRAW_ORG Model
0 !LICENSE Redistributable under CCAL version 2.0 : see CAreadme.txt

1 288 0 0 0 1 0 0 0 0 -1 0 1 0 26287.dat
1 71 0 -40 0 0 0 1 1 0 0 0 1 0 4519.dat
0 STEP
1 0 0 -40 0 0 -1 0 1 0 0 0 0 1 10197.dat
0 STEP
1 288 0 -80 0 0 -1 0 0 0 -1 1 0 0 32016.dat
1 4 11.481 -107.716 0 0.383 -0.924 0 -0.924 -0.383 0 0 0 -1 32062.dat
0 STEP
1 378 0 -40 -40 1 0 0 0 1 0 0 0 1 10280 - snapdragon-stem1-step4.ldr
1 378 40 -40 0 0 0 -1 0 1 0 1 0 0 10280 - snapdragon-stem1-step4.ldr
0 STEP
1 288 22.961 -135.433 0 0 -0.924 0.383 0 -0.383 -0.924 1 0 0 32016.dat
0 STEP
1 2 0 -80 -10 0 0 -1 1 0 0 0 -1 0 24866.dat
1 2 22.961 -135.433 10 0 0 1 1 0 0 0 1 0 24866.dat
0 STEP
1 2 0 30 0 0 0 1 0 1 0 -1 0 0 10280 - rose-stem-1-step7.ldr
1 2 0 90 0 0 0 1 0 1 0 -1 0 0 10280 - rose-stem-1-step7.ldr
1 2 0 150 0 0 0 1 0 1 0 -1 0 0 10280 - rose-stem-1-step7.ldr
1 2 0 210 0 0 0 1 0 1 0 -1 0 0 10280 - rose-stem-1-step7.ldr
1 2 0 450 0 0 0 1 0 1 0 -1 0 0 10280 - rose-stem-1-step7.ldr
1 2 0 390 0 0 0 1 0 1 0 -1 0 0 10280 - rose-stem-1-step7.ldr
1 2 0 330 0 0 0 1 0 1 0 -1 0 0 10280 - rose-stem-1-step7.ldr
1 2 0 270 0 0 0 1 0 1 0 -1 0 0 10280 - rose-stem-1-step7.ldr


0 FILE 10280 - snapdragon-stem1-step4.ldr
0 snapdragon-stem1-step4
0 Name: 10280 - snapdragon-stem1-step4.ldr
0 Author: Orion Pobursky [OrionP]
0 !LDRAW_ORG Model
0 !LICENSE Redistributable under CCAL version 2.0 : see CAreadme.txt

1 72 0 0 20 0 1 0 -1 0 0 0 0 1 32039.dat
1 378 0 10 0 1 0 0 0 1 0 0 0 1 10280 - 15362.dat


0 FILE 10280 - snapdragon-stem2.ldr
0 snapdragon-stem2
0 Name: 10280 - snapdragon-stem2.ldr
0 Author: Orion Pobursky [OrionP]
0 !LDRAW_ORG Model
0 !LICENSE Redistributable under CCAL version 2.0 : see CAreadme.txt

1 288 0 0 0 1 0 0 0 0 -1 0 1 0 26287.dat
1 71 0 -40 0 0 0 1 1 0 0 0 1 0 4519.dat
0 STEP
1 0 0 -40 0 0 -1 0 1 0 0 0 0 1 10197.dat
0 STEP
1 288 0 -80 0 0 -1 0 0 0 -1 1 0 0 26287.dat
1 4 0 -110 0 0 -1 0 -1 0 0 0 0 -1 32062.dat
0 STEP
1 288 0 -140 0 0 -1 0 0 0 -1 1 0 0 26287.dat
0 STEP
1 378 0 -40 -40 1 0 0 0 1 0 0 0 1 10280 - snapdragon-stem1-step4.ldr
1 378 40 -40 0 0 0 -1 0 1 0 1 0 0 10280 - snapdragon-stem1-step4.ldr
0 STEP
1 2 0 30 0 0 0 1 0 1 0 -1 0 0 10280 - rose-stem-1-step7.ldr
1 2 0 90 0 0 0 1 0 1 0 -1 0 0 10280 - rose-stem-1-step7.ldr
1 2 0 150 0 0 0 1 0 1 0 -1 0 0 10280 - rose-stem-1-step7.ldr
1 2 0 210 0 0 0 1 0 1 0 -1 0 0 10280 - rose-stem-1-step7.ldr
1 2 0 450 0 0 0 1 0 1 0 -1 0 0 10280 - rose-stem-1-step7.ldr
1 2 0 390 0 0 0 1 0 1 0 -1 0 0 10280 - rose-stem-1-step7.ldr
1 2 0 330 0 0 0 1 0 1 0 -1 0 0 10280 - rose-stem-1-step7.ldr
1 2 0 270 0 0 0 1 0 1 0 -1 0 0 10280 - rose-stem-1-step7.ldr


0 FILE 10280 - snapdragon1.ldr
0 snapdragon1
0 Name: 10280 - snapdragon1.ldr
0 Author: Orion Pobursky [OrionP]
0 !LDRAW_ORG Model
0 !LICENSE Redistributable under CCAL version 2.0 : see CAreadme.txt

1 2 0 -510 0 1 0 0 0 1 0 0 0 1 10280 - snapdragon-stem1.ldr
1 2 51.952 -674.424 0 0.707 -0.707 0 0.707 0.707 0 0 0 1 10280 - snapdragon-flower.ldr


0 FILE 10280 - snapdragon2.ldr
0 snapdragon2
0 Name: 10280 - snapdragon2.ldr
0 Author: Orion Pobursky [OrionP]
0 !LDRAW_ORG Model
0 !LICENSE Redistributable under CCAL version 2.0 : see CAreadme.txt

1 2 0 -510 0 1 0 0 0 1 0 0 0 1 10280 - snapdragon-stem2.ldr
1 2 0 -691 0 1 0 0 0 1 0 0 0 1 10280 - snapdragon-flower.ldr


0 FILE 10280 - lavender.ldr
0 lavender
0 Name: 10280 - lavender.ldr
0 Author: Orion Pobursky [OrionP]
0 !LDRAW_ORG Model
0 !LICENSE Redistributable under CCAL version 2.0 : see CAreadme.txt

1 0 0 -870 0 0 1 0 -1 0 0 0 0 1 32054.dat
1 0 0 -870 0 1 0 0 0 1 0 0 0 1 90202.dat
0 STEP
1 70 -20 -870 0 -0.078 0.997 0 -0.997 -0.078 0 0 0 1 10280 - lavender-step2.ldr
1 70 20 -870 0 0.078 -0.997 0 -0.997 -0.078 0 0 0 -1 10280 - lavender-step2.ldr
1 70 0 -870 20 0 0 1 -0.997 -0.078 0 0.078 -0.997 0 10280 - lavender-step2.ldr
1 70 0 -870 -20 0 0 -1 -0.997 -0.078 0 -0.078 0.997 0 10280 - lavender-step2.ldr
0 STEP
1 70 37.991 -894.665 0 -0.705 -0.078 -0.705 -0.055 0.997 -0.055 0.707 0 -0.707 10280 - lavender-step3.ldr
1 70 0 -894.665 -37.991 -0.705 0 -0.709 -0.056 0.997 0.055 0.707 0.078 -0.703 10280 - lavender-step3.ldr
1 70 -37.991 -894.665 0 -0.701 0.078 -0.709 0.055 0.997 0.056 0.711 0 -0.703 10280 - lavender-step3.ldr
1 70 0 -894.665 37.991 -0.701 0 -0.714 0.056 0.997 -0.055 0.711 -0.078 -0.698 10280 - lavender-step3.ldr
1 70 0 -998.344 46.15 -0.701 0 -0.714 0.056 0.997 -0.055 0.711 -0.078 -0.698 10280 - lavender-step3.ldr
1 70 46.15 -998.344 0 -0.705 -0.078 -0.705 -0.055 0.997 -0.055 0.707 0 -0.707 10280 - lavender-step3.ldr
1 70 54.31 -1102.023 0 -0.705 -0.078 -0.705 -0.055 0.997 -0.055 0.707 0 -0.707 10280 - lavender-step3.ldr
1 70 -46.15 -998.344 0 -0.701 0.078 -0.709 0.055 0.997 0.056 0.711 0 -0.703 10280 - lavender-step3.ldr
1 70 -54.31 -1102.023 0 -0.701 0.078 -0.709 0.055 0.997 0.056 0.711 0 -0.703 10280 - lavender-step3.ldr
0 STEP
1 70 0 -210 0 1 0 0 0 1 0 0 0 1 10280 - lavender-step4.ldr


0 FILE 10280 - lavender-step2.ldr
0 lavender-step2
0 Name: 10280 - lavender-step2.ldr
0 Author: Orion Pobursky [OrionP]
0 !LDRAW_ORG Model
0 !LICENSE Redistributable under CCAL version 2.0 : see CAreadme.txt

1 0 -30 -2 0 1 0 0 0 1 0 0 0 1 60478.dat
1 70 -20 -10 0 0 0 1 0 1 0 -1 0 0 15712.dat


0 FILE 10280 - lavender-step3.ldr
0 lavender-step3
0 Name: 10280 - lavender-step3.ldr
0 Author: Orion Pobursky [OrionP]
0 !LDRAW_ORG Model
0 !LICENSE Redistributable under CCAL version 2.0 : see CAreadme.txt

1 297 0 0 0 1 0 0 0 1 0 0 0 1 32607.dat
1 297 0 -8 0 0.707 0 -0.707 0 1 0 0.707 0 0.707 10280 - 39262.dat
0 STEP
1 70 0 -24 0 -0.707 0 -0.707 0 1 0 0.707 0 -0.707 24855.dat
1 70 0 -36 0 0.174 0 -0.985 0 1 0 0.985 0 0.174 24855.dat
0 STEP
1 31 14.655 -56.07 17.466 0.073 -0.369 -0.927 0.497 0.819 -0.287 0.865 -0.439 0.243 24866.dat
1 31 8.779 -60.165 -24.12 0.395 -0.196 -0.898 -0.437 0.819 -0.371 0.808 0.539 0.238 24866.dat
1 31 -13.486 -38.745 -13.486 0.242 0.406 -0.881 -0.524 0.819 0.233 0.816 0.406 0.411 24866.dat
1 31 24.793 -48.165 -6.643 0.199 -0.554 -0.808 -0.043 0.819 -0.572 0.979 0.148 0.139 24866.dat
1 31 -5.901 -44.07 22.023 0.051 0.148 -0.988 0.553 0.819 0.152 0.832 -0.554 -0.04 24866.dat
1 31 -18.782 -50.745 3.312 0.026 0.565 -0.825 0.103 0.819 0.564 0.994 -0.1 -0.037 24866.dat
0 STEP
1 70 0 -4 0 1 0 0 0 1 0 0 0 1 30374.dat


0 FILE 10280 - lavender-step4.ldr
0 lavender-step4
0 Name: 10280 - lavender-step4.ldr
0 Author: Orion Pobursky [OrionP]
0 !LDRAW_ORG Model
0 !LICENSE Redistributable under CCAL version 2.0 : see CAreadme.txt

1 288 0 0 0 1 0 0 0 0 -1 0 1 0 26287.dat
0 STEP
1 288 0 30 0 1 0 0 0 1 0 0 0 1 10280 - rose-stem-1-step7.ldr
1 288 0 90 0 1 0 0 0 1 0 0 0 1 10280 - rose-stem-1-step7.ldr
1 288 0 150 0 1 0 0 0 1 0 0 0 1 10280 - rose-stem-1-step7.ldr
0 STEP
1 378 0 -330 0 0 -1 0 1 0 0 0 0 1 50450.dat


0 FILE 10280 - leaf.ldr
0 leaf
0 Name: 10280 - leaf.ldr
0 Author: Orion Pobursky [OrionP]
0 !LDRAW_ORG Model
0 !LICENSE Redistributable under CCAL version 2.0 : see CAreadme.txt

0 !LDCAD GROUP_DEF [topLevel=true] [LID=0] [GID=4bXfUJuzGTe] [name=Group 1] [center=0 2 -20]
0 !LDCAD GROUP_NXT [ids=0] [nrs=2]
1 288 0 -725.641 2.268 -1 0 0 0 0.5 0.866 0 0.866 -0.5 32803.dat
0 !LDCAD GROUP_NXT [ids=0] [nrs=-1]
1 2 0 -708.321 -7.732 1 0 0 0 0.5 -0.866 0 0.866 0.5 60470b.dat
0 STEP
0 !LDCAD GROUP_NXT [ids=0] [nrs=3]
1 288 0 -729.641 -4.66 0 0 1 0.866 0.5 0 -0.5 0.866 0 3021.dat
0 STEP
0 !LDCAD GROUP_NXT [ids=0] [nrs=4]
1 16 0 -794.263 23.412 1 0 0 0 0.5 -0.866 0 0.866 0.5 10280 - leaf-step3.ldr
0 STEP
0 !LDCAD GROUP_NXT [ids=0] [nrs=5]
1 378 0 -724.321 -35.445 1 0 0 0 0.5 -0.866 0 0.866 0.5 64225.dat
0 STEP
0 !LDCAD GROUP_NXT [ids=0] [nrs=6]
1 378 0 -784.942 -0.445 -1 0 0 0 0.5 0.866 0 0.866 -0.5 45301.dat
0 STEP
0 !LDCAD GROUP_NXT [ids=0] [nrs=7]
1 288 0 -880.865 73.412 0 0 1 0.866 0.5 0 -0.5 0.866 0 15573.dat
0 !LDCAD GROUP_NXT [ids=0] [nrs=8]
1 288 0 -915.506 93.412 0 0 1 0.866 0.5 0 -0.5 0.866 0 15573.dat
0 !LDCAD GROUP_NXT [ids=0] [nrs=9]
1 378 0 -989.449 145.34 -1 0 0 0 0.5 0.866 0 0.866 -0.5 90397.dat
0 STEP
1 378 0 -650 0 1 0 0 0 0 -1 0 1 0 10280 - leaf-step7.ldr
0 STEP
1 378 0 -320 0 0 0 1 1 0 0 0 1 0 50450.dat


0 FILE 10280 - leaf-step3.ldr
0 leaf-step3
0 Name: 10280 - leaf-step3.ldr
0 Author: Orion Pobursky [OrionP]
0 !LDRAW_ORG Model
0 !LICENSE Redistributable under CCAL version 2.0 : see CAreadme.txt

1 288 0 0 0 0 0 1 0 1 0 -1 0 0 3034.dat
1 27 0 -8 -40 0 0 1 0 1 0 -1 0 0 3022.dat
1 27 0 -8 40 0 0 1 0 1 0 -1 0 0 3022.dat


0 FILE 10280 - leaf-step7.ldr
0 leaf-step7
0 Name: 10280 - leaf-step7.ldr
0 Author: Orion Pobursky [OrionP]
0 !LDRAW_ORG Model
0 !LICENSE Redistributable under CCAL version 2.0 : see CAreadme.txt

1 0 0 0 0 0 0 -1 0 1 0 1 0 0 32054.dat
1 0 0 -10 10 0 0 -1 0 1 0 1 0 0 2817.dat
0 STEP
1 2 0 -18 20 -1 0 0 0 1 0 0 0 -1 48336.dat
0 STEP
1 378 0 -10 10 1 0 0 0 1 0 0 0 1 15068.dat


0 FILE 10280 - aster.ldr
0 aster
0 Name: 10280 - aster.ldr
0 Author: Orion Pobursky [OrionP]
0 !LDRAW_ORG Model
0 !LICENSE Redistributable under CCAL version 2.0 : see CAreadme.txt

1 288 0 -766 0 1 0 0 0 1 0 0 0 1 10280 - 67811.dat
0 STEP
1 0 0 -790 0 0 0 -1 0 1 0 1 0 0 68013.dat
1 0 0 -790 0 0 0 1 0 1 0 -1 0 0 68013.dat
0 STEP
1 378 0 -798 0 0 0 1 0 1 0 -1 0 0 75937.dat
1 85 0 -806 0 0 0 1 0 1 0 -1 0 0 18674.dat
0 STEP
1 27 0 -834 0 0 0 1 0 1 0 -1 0 0 4733.dat
1 31 0 -842 0 0 0 1 0 1 0 -1 0 0 24866.dat
0 STEP
1 30 0 -824 18 0 0 1 -1 0 0 0 -1 0 32607.dat
1 30 -18 -824 0 0 1 0 -1 0 0 0 0 1 32607.dat
1 30 0 -824 -18 0 0 -1 -1 0 0 0 1 0 32607.dat
1 30 18 -824 0 0 -1 0 -1 0 0 0 0 -1 32607.dat
0 STEP
1 70 0 -796 30 0 0 1 -0.906 -0.423 0 0.423 -0.906 0 10280 - aster-step6.ldr
1 70 0 -796 -30 0 0 -1 -0.906 -0.423 0 -0.423 0.906 0 10280 - aster-step6.ldr
1 70 -30 -796 0 -0.423 0.906 0 -0.906 -0.423 0 0 0 1 10280 - aster-step6.ldr
1 70 30 -796 0 0.423 -0.906 0 -0.906 -0.423 0 0 0 -1 10280 - aster-step6.ldr
0 STEP
1 70 -21.25 -796 21.25 -0.299 0.641 0.707 -0.906 -0.423 0 0.299 -0.641 0.707 10280 - aster-step7.ldr
1 70 21.25 -796 -21.25 0.299 -0.641 -0.707 -0.906 -0.423 0 -0.299 0.641 -0.707 10280 - aster-step7.ldr
1 70 -20.543 -796 -21.957 -0.299 0.641 -0.707 -0.906 -0.423 0 -0.299 0.641 0.707 10280 - aster-step7.ldr
1 70 21.25 -796 21.25 0.299 -0.641 0.707 -0.906 -0.423 0 0.299 -0.641 -0.707 10280 - aster-step7.ldr
0 STEP
1 70 0 -772 40 0 0 1 -0.799 -0.602 0 0.602 -0.799 0 10280 - aster-step6.ldr
1 70 0 -772 -40 0 0 -1 -0.799 -0.602 0 -0.602 0.799 0 10280 - aster-step6.ldr
1 70 -40 -772 0 -0.602 0.799 0 -0.799 -0.602 0 0 0 1 10280 - aster-step6.ldr
1 70 40 -772 0 0.602 -0.799 0 -0.799 -0.602 0 0 0 -1 10280 - aster-step6.ldr
0 STEP
1 70 22.95 -772 32.772 0.346 -0.457 0.819 -0.799 -0.602 0 0.493 -0.654 -0.573 10280 - aster-step7.ldr
1 70 -22.91 -772 -32.715 -0.343 0.459 -0.819 -0.8 -0.604 0.001 -0.492 0.654 0.573 10280 - aster-step7.ldr
1 70 -32.741 -772 22.936 -0.491 0.656 0.573 -0.8 -0.604 -0.001 0.345 -0.457 0.819 10280 - aster-step7.ldr
1 70 32.781 -772 -22.879 0.495 -0.653 -0.573 -0.801 -0.603 0.001 -0.344 0.458 -0.819 10280 - aster-step7.ldr
1 70 36.229 -772 16.908 0.641 -0.64 0.422 -0.709 -0.708 -0.001 0.299 -0.299 -0.906 10280 - aster-step7.ldr
1 70 -36.235 -772 -16.923 -0.64 0.641 -0.422 -0.708 -0.709 0.001 -0.3 0.299 0.906 10280 - aster-step7.ldr
1 70 -16.884 -772 36.229 -0.298 0.299 0.906 -0.708 -0.708 -0.001 0.64 -0.641 0.423 10280 - aster-step7.ldr
1 70 16.877 -772 -36.244 0.299 -0.298 -0.906 -0.709 -0.708 0.001 -0.641 0.64 -0.423 10280 - aster-step7.ldr
0 STEP
1 0 0 -150 0 0 0 1 0 1 0 -1 0 0 10280 - aster-step10.ldr


0 FILE 10280 - aster-step6.ldr
0 aster-step6
0 Name: 10280 - aster-step6.ldr
0 Author: Orion Pobursky [OrionP]
0 !LDRAW_ORG Model
0 !LICENSE Redistributable under CCAL version 2.0 : see CAreadme.txt

1 30 20 6 0 0.707 0 -0.707 0 1 0 0.707 0 0.707 32607.dat
1 85 20 -2 0 0 0 1 0 1 0 -1 0 0 61252.dat
1 30 20 -10 0 0.707 0 -0.707 0 1 0 0.707 0 0.707 32607.dat


0 FILE 10280 - aster-step7.ldr
0 aster-step7
0 Name: 10280 - aster-step7.ldr
0 Author: Orion Pobursky [OrionP]
0 !LDRAW_ORG Model
0 !LICENSE Redistributable under CCAL version 2.0 : see CAreadme.txt

1 30 20 -10 0 0.707 0 -0.707 0 1 0 0.707 0 0.707 32607.dat
1 85 20 -2 0 0 0 1 0 1 0 -1 0 0 61252.dat


0 FILE 10280 - subModel-1.ldr
0 subModel-1
0 Name: 10280 - subModel-1.ldr
0 Author: Orion Pobursky [OrionP]
0 !LDRAW_ORG Model
0 !LICENSE Redistributable under CCAL version 2.0 : see CAreadme.txt



0 FILE 10280 - aster-step10.ldr
0 aster-step10
0 Name: 10280 - aster-step10.ldr
0 Author: Orion Pobursky [OrionP]
0 !LDRAW_ORG Model
0 !LICENSE Redistributable under CCAL version 2.0 : see CAreadme.txt

1 288 0 0 0 1 0 0 0 0 -1 0 1 0 26287.dat
0 STEP
1 288 0 30 0 1 0 0 0 1 0 0 0 1 10280 - rose-stem-1-step7.ldr
1 288 0 90 0 1 0 0 0 1 0 0 0 1 10280 - rose-stem-1-step7.ldr
0 STEP
1 378 0 -330 0 0 -1 0 1 0 0 0 0 1 50450.dat


0 FILE 10280 - 67811.dat
0 67811
0 Name: 10280 - 67811.dat
0 Author: Gerald Lasser [GeraldLasser]
0 !LDRAW_ORG Unofficial_Part
0 !LICENSE Redistributable under CCAL version 2.0 : see CAreadme.txt

0 BFC CERTIFY CCW

0 !KEYWORDS Set 10274, ECTO-1, Ghostbusters

1 16 0 10 0 1 0 0 0 -1.5 0 0 0 1 stud4a.dat
1 16 0 10 0 1 0 0 0 1 0 0 0 1 axl3hol3.dat
1 16 0 10 0 1 0 0 0 1 0 0 0 1 axl3hol9.dat
1 16 0 10 0 1 0 0 0 -1 0 0 0 1 axl3ho10.dat
1 16 0 0 0 1 0 0 0 10 0 0 0 1 axl3hol8.dat
1 16 0 0 0 1 0 0 0 1 0 0 0 1 axl3hol2.dat
1 16 0 0 0 1 0 0 0 1 0 0 0 1 axl3hol9.dat
1 16 0 0 0 1 0 0 0 1 0 0 0 1 axl3ho10.dat

1 16 0 0 0 20 0 0 0 12 0 0 0 20 4-4cyli.dat
1 16 -10 0 -10 1 0 0 0 1 0 0 0 1 studa.dat
1 16 10 0 -10 1 0 0 0 1 0 0 0 1 studa.dat
1 16 -10 0 10 1 0 0 0 1 0 0 0 1 studa.dat
1 16 10 0 10 1 0 0 0 1 0 0 0 1 studa.dat

1 16 0 0 0 1 0 0 0 1 0 0 0 1 s\10280 - 67811s01.dat
1 16 0 0 0 -1 0 0 0 1 0 0 0 1 s\10280 - 67811s01.dat
1 16 0 0 0 1 0 0 0 1 0 0 0 -1 s\10280 - 67811s01.dat
1 16 0 0 0 -1 0 0 0 1 0 0 0 -1 s\10280 - 67811s01.dat

0 BFC INVERTNEXT
1 16 0 4 0 16 0 0 0 8 0 0 0 16 4-4cyli.dat
1 16 0 4 0 16 0 0 0 8 0 0 0 16 4-4edge.dat
1 16 0 4 0 8 0 0 0 6 0 0 0 8 4-4cyli.dat
1 16 0 16 0 1.53073 0 -3.69552 0 -1 0 3.69552 0 1.53073 1-8ring4.dat
1 16 0 16 0 3.69552 0 1.53073 0 -1 0 -1.53073 0 3.69552 1-8ring4.dat
1 16 0 16 0 -1.53073 0 3.69552 0 -1 0 -3.69552 0 -1.53073 1-8ring4.dat
1 16 0 16 0 -3.69552 0 -1.53073 0 -1 0 1.53073 0 -3.69552 1-8ring4.dat

0 FILE 10280 - 98088p04.dat
0 98088p04
0 Name: 10280 - 98088p04.dat
0 Author: Philippe Hurbain [Philo]
0 !LDRAW_ORG Unofficial_Part
0 !LICENSE Redistributable under CCAL version 2.0 : see CAreadme.txt

0 BFC CERTIFY CCW

0 !KEYWORDS Dinosaur

0 !HISTORY 2013-08-14 {LEGO Digital Designer} Original part shape
0 !HISTORY 2021-01-07 [Philo] File preparation for LDraw Parts Tracker

0 !TEXMAP START PLANAR -7 0 61 225 0 61 -7 0 -60 98088p04.png
0 !: 1 16 0 0 0 0.98902 0.14781 0 -0.14781 0.98902 0 0 0 1 s\10280 - 98088s01.dat
0 !: 1 16 0 0 0 0.98902 0.14781 0 -0.14781 0.98902 0 0 0 1 s\10280 - 98088s02.dat
0 !TEXMAP FALLBACK
1 16 0 0 0 0.98902 0.14781 0 -0.14781 0.98902 0 0 0 1 s\10280 - 98088s01.dat
1 378 0 0 0 0.98902 0.14781 0 -0.14781 0.98902 0 0 0 1 s\10280 - 98088s02.dat
0 !TEXMAP END

0 FILE 10280 - 15362.dat
0 15362
0 Name: 10280 - 15362.dat
0 Author: Max Martin Richter [MMR1988]
0 !LDRAW_ORG Unofficial_Part
0 !LICENSE Redistributable under CCAL version 2.0 : see CAreadme.txt

0 BFC CERTIFY CCW

0 !CATEGORY Bar
0 !KEYWORDS Blade

0 !HISTORY 2014-05-16 {LEGO Digital Designer} Original part shape
0 !HISTORY 2020-11-15 [MMR1988] File preparation for LDraw Parts Tracker

1 16 0 0 0 1 0 0 0 1 0 0 0 1 s\10280 - 15362s01.dat
1 16 0 0 0 -1 0 0 0 1 0 0 0 1 s\10280 - 15362s01.dat

3 16 0 3.962 -109.125 -3.138 4.871 -109.125 3.138 4.871 -109.125
4 16 -3.138 4.871 -109.125 -3.514 9 -109.125 3.514 9 -109.125 3.138 4.871 -109.125
3 16 -9.125 -20 15.488 9.125 -20 15.488 0 -22.705 15.488
4 16 9.059 -20 19.25 9.125 -20 15.488 -9.125 -20 15.488 -9.059 -20 19.25
3 16 0 -29.257 19.25 9.059 -20 19.25 -9.059 -20 19.25
0 BFC INVERTNEXT
1 16 0 -26.75 0 0 0 -2.9 0 4.5 0 2.9 0 0 4-4con0.dat
0 BFC INVERTNEXT
1 16 0 -27.615 0 0 0 -2.9 0 0.865 0 2.9 0 0 4-4cyli.dat
1 16 0 -26.75 0 0 0 -2.9 0 1 0 2.9 0 0 4-4edge.dat
0 BFC INVERTNEXT
1 16 0 -26.9 10.95 0 0 -5.25 0 -1.3 0 5.25 0 0 4-4cylc3.dat
1 16 0 -26.9 10.95 0 0 -5.25 0 1 0 5.25 0 0 4-4edge.dat
1 16 0 -22 0 0 0 -1 0 22 0 1 0 0 axle.dat
1 16 0 -8.5 -33.6 0 0 -3.15 0 -12 0 3.15 0 0 4-4cyli.dat
1 16 0 -8.5 -33.6 0 0 -3.15 0 1 0 3.15 0 0 4-4edge.dat
1 16 0 -8.5 -33.6 0 0 -3.15 0 -1 0 3.15 0 0 4-4disc.dat
4 16 -1.556 9 -101.625 1.556 9 -101.625 3.514 9 -109.125 -3.514 9 -109.125
3 16 -1.556 9 -101.625 0 4.312 -101.625 1.556 9 -101.625

2 24 -1.556 9 -101.625 1.556 9 -101.625
2 24 3.514 9 -109.125 -3.514 9 -109.125
2 24 0 -26.535 -18.459 0 -28.1 -2.9
2 24 0 -23.587 -10.781 0 -22.971001 -15.864
2 24 0 -19.865 -33.627998 0 -10.502 -67.033997
2 24 0 -10.502 -67.033997 0 -2.789 -86.887001
2 24 0 -2.789 -86.887001 0 4.312 -101.625
2 24 0 -22.971001 -15.864 0 -19.865 -33.627998
2 24 0 3.962 -109.125 0 -7.302 -86.290001
2 24 0 -15.085 -66.185997 0 -18.9 -54.050999
2 24 0 -18.9 -54.050999 0 -23.76 -34.389999
2 24 0 -23.76 -34.389999 0 -26.535 -18.459
2 24 0 -7.302 -86.290001 0 -15.085 -66.185997
2 24 0 -28.360001 2.9 0 -28.423 5.164
2 24 0 -28.926001 5.667 0 -28.924999 5.7
2 24 0 -28.423 5.164 0 -28.926001 5.667
2 24 0 -29.2325 16.200001 0 -29.257 19.25
2 24 9.059 -20 19.25 -9.059 -20 19.25
2 24 9.125 -20 15.488 -9.125 -20 15.488

5 24 0 -22 -10.781 0 -23.587 -10.781 -1.532 -22 -10.658 1.532 -22 -10.658
5 24 0 -22.705 15.488 0 -22.292 10.8 -3.406 -22.916 15.488 3.406 -22.916 15.488

0 FILE 10280 - 39262.dat
0 39262
0 Name: 10280 - 39262.dat
0 Author: Philippe Hurbain [Philo]
0 !LDRAW_ORG Unofficial_Part
0 !LICENSE Redistributable under CCAL version 2.0 : see CAreadme.txt

0 BFC CERTIFY CCW

0 !CATEGORY Minifig Headwear
0 !KEYWORDS Eggshell, Egg

1 16 0 0 0 1 0 0 0 1 0 0 0 1 stud2a.dat
1 16 0 3 0 -1 0 0 0 -1.25 0 0 0 1 stud4.dat
1 16 0 0 0 1 0 0 0 1 0 0 0 1 s\10280 - 39262s01.dat
1 16 0 0 0 -1 0 0 0 1 0 0 0 1 s\10280 - 39262s01.dat
1 16 0 0 0 0.30902 0 0.95106 0 1 0 -0.95106 0 0.30902 s\10280 - 39262s01.dat
1 16 0 0 0 -0.30902 0 0.95106 0 1 0 0.95106 0 0.30902 s\10280 - 39262s01.dat
1 16 0 0 0 -0.80902 0 0.58779 0 1 0 -0.58779 0 -0.80902 s\10280 - 39262s01.dat
1 16 0 0 0 0.80902 0 0.58779 0 1 0 0.58779 0 -0.80902 s\10280 - 39262s01.dat
1 16 0 0 0 -0.80902 0 -0.58779 0 1 0 0.58779 0 -0.80902 s\10280 - 39262s01.dat
1 16 0 0 0 0.80902 0 -0.58779 0 1 0 -0.58779 0 -0.80902 s\10280 - 39262s01.dat
1 16 0 0 0 0.30902 0 -0.95106 0 1 0 0.95106 0 0.30902 s\10280 - 39262s01.dat
1 16 0 0 0 -0.30902 0 -0.95106 0 1 0 -0.95106 0 0.30902 s\10280 - 39262s01.dat
1 16 0 0 0 6 0 0 0 1 0 0 0 6 4-4edge.dat
1 16 0 3 0 4 0 0 0 1 0 0 0 4 4-4edge.dat
0 BFC INVERTNEXT
1 16 0 3 0 4 0 0 0 -3 0 0 0 4 4-4cyli.dat
1 16 0 3 0 2 0 0 0 -1 0 0 0 2 4-4ring2.dat

0 FILE s\10280 - 67811s01.dat
0 67811s01
0 Name: s\10280 - 67811s01.dat
0 Author: Gerald Lasser [GeraldLasser]
0 !LDRAW_ORG Unofficial_Subpart
0 !LICENSE Redistributable under CCAL version 2.0 : see CAreadme.txt

0 BFC CERTIFY CCW

0 // Bottom
3 16 14.78205 16 6.123 16.869949 16 10.07 18.478001 16 7.654
3 16 7.654 16 18.478001 10.07005 16 16.87005 6.12295 16 14.78215
2 24 10.07005 16 16.87005 7.654 16 18.478001
2 24 18.478001 16 7.654 16.869949 16 10.07

1 16 15.826 14 8.0965 1.04395 1 0 0 0 2 1.9735 0 0 rect3.dat
1 16 8.0965 14 15.8261 0 0 -1.97355 -2 0 0 0 1 -1.04395 rect.dat
4 16 16.869949 16 10.07 16.869949 12 10.07 18.478001 12 7.654 18.478001 16 7.654
4 16 7.654 16 18.478001 7.654 12 18.478001 10.07005 12 16.87005 10.07005 16 16.87005

1 16 0 16 0 16 0 0 0 1 0 0 0 16 1-16edge.dat
1 16 0 12 0 20 0 0 0 4 0 0 0 20 1-16cyli.dat
0 BFC INVERTNEXT
1 16 0 12 0 16 0 0 0 4 0 0 0 16 1-16cyli.dat
1 16 0 16 0 20 0 0 0 1 0 0 0 20 1-16edge.dat

1 16 0 16 0 0 0 16 0 1 0 16 0 0 1-16edge.dat
1 16 0 12 0 0 0 20 0 4 0 20 0 0 1-16cyli.dat
0 BFC INVERTNEXT
1 16 0 12 0 0 0 16 0 4 0 16 0 0 1-16cyli.dat
1 16 0 16 0 0 0 20 0 1 0 20 0 0 1-16edge.dat

4 16 16.869949 12 10.07 14.78205 12 6.123 11.3139 12 11.3139 14.142 12 14.142
4 16 14.142 12 14.142 11.3139 12 11.3139 6.12295 12 14.78215 10.07005 12 16.87005
2 24 10.07005 12 16.87005 14.142 12 14.142
2 24 14.142 12 14.142 16.869949 12 10.07
2 24 6.12295 12 14.78215 11.3139 12 11.3139
2 24 11.3139 12 11.3139 14.78205 12 6.123
5 24 7.654 16 18.478001 7.654 12 18.478001 10.07005 16 16.87005 0 16 20
5 24 18.478001 16 7.654 18.478001 12 7.654 16.869949 16 10.07 20 16 0

0 // Inside
1 16 11.8012 6.9003 1 -4 0 -0.19885 2.00055 -1 0.1 0 0 1 rect3.dat
1 16 1 6.9003 11.8012 0 0 1 -2.00055 -1 0.09945 4 0 -0.19885 rect3.dat
4 16 3.061439 4 7.39097 2 4 7.6023 2 4 15.6023 6.122878 4 14.78194
4 16 14.78208 4 6.12294 15.6023 4 2 7.6023 4.00005 2 7.39104 4 3.06147
4 16 2 4.9992 15.60235 2 4 15.6023 2 4 7.6023 2 9.0003 7.60235
4 16 7.60235 9.00085 2 7.6023 4.00005 2 15.6023 4 2 15.60235 4.99975 2
1 16 0 4 0 7.39104 0 -3.06147 0 -1 0 3.06147 0 7.39104 1-8ring1.dat
1 16 0 4 0 7.39104 0 -3.06147 0 1 0 3.06147 0 7.39104 1-8edge.dat
2 24 7.6023 4.00005 2 7.60235 9.00085 2
2 24 2 4 7.6023 2 9.0003 7.60235
2 24 15.6023 4 2 15.60235 4.99975 2
2 24 2 4 15.6023 2 4.9992 15.60235
2 24 3.061439 4 7.39097 2 4 7.6023
2 24 7.39104 4 3.06147 7.6023 4.00005 2
2 24 2 4 7.6023 2 4 15.6023
2 24 15.6023 4 2 7.6023 4.00005 2

0 // Top
1 16 0 0 0 6 0 0 0 1 0 0 0 6 1-4ndis.dat
1 16 0 0 0 0 0 20 0 1 0 20 0 0 1-4chrd.dat
1 16 0 0 0 0 0 20 0 1 0 20 0 0 1-4edge.dat
3 16 6 0 6 6 0 0 20 0 0
3 16 0 0 20 6 0 6 20 0 0
3 16 0 0 6 6 0 6 0 0 20

0 // Spoke
4 16 7.654 8 18.478001 6.6157 8 18.6845 6.4088 8 20 10.4088 8 20
3 16 11 8 16.2418 7.654 8 18.478001 10.4088 8 20
2 24 6.6157 8 18.6845 7.654 8 18.478001
