0 FILE 1557 - Space Scooter - Main Model.ldr
0 Space Scooter - Main Model
0 Name: 1557 - Space Scooter - Main Model.ldr
0 Author: Willy Tschager [Holly-Wood]
0 !LDRAW_ORG Model
0 !LICENSE Redistributable under CCAL version 2.0 : see CAreadme.txt

1 16 0 0 0 1 0 0 0 1 0 0 0 1 1557 - Space Scooter - Scooter.ldr
1 14 0 -37 8 1 0 0 0 1 0 0 0 1 1557 - Space Scooter - Astronaut.ldr



0 FILE 1557 - Space Scooter - Astronaut.ldr
0 Space Scooter - Astronaut
0 Name: 1557 - Space Scooter - Astronaut.ldr
0 Author: Willy Tschager [Holly-Wood]
0 !LDRAW_ORG Model
0 !LICENSE Redistributable under CCAL version 2.0 : see CAreadme.txt

1 4 0 0 0 1 0 0 0 1 0 0 0 1 3815.dat
1 4 0 12 0 1 0 0 0 0 1 0 -1 0 3816.dat
1 4 0 12 0 1 0 0 0 0 1 0 -1 0 3817.dat
1 4 0 -32 0 1 0 0 0 1 0 0 0 1 973p90.dat
1 4 -15.552 -23 0 0.985 -0.147 -0.085 0.17 0.853 0.493 0 -0.5 0.866 3818.dat
1 4 15.552 -23 0 0.985 0.147 0.085 -0.17 0.853 0.493 0 -0.5 0.866 3819.dat
1 4 22.418 -12.603 -18.002 0.985 0.164 -0.044 -0.17 0.952 -0.255 0 0.259 0.966 3820.dat
1 4 -22.418 -12.603 -18.002 0.975 -0.218 0.044 0.221 0.941 -0.255 0.014 0.258 0.966 3820.dat
1 14 0 -57 0 1 0 -0.017 0 1 0 0.017 0 1 3626bp01.dat
1 4 0 -57 0 1 0 -0.017 0 1 0 0.017 0 1 3842a.dat
1 4 0 -32 0 1 0 0 0 1 0 0 0 1 3838.dat


0 FILE 1557 - Space Scooter - Scooter.ldr
0 Space Scooter - Scooter
0 Name: 1557 - Space Scooter - Scooter.ldr
0 Author: Willy Tschager [Holly Wood]
0 !LDRAW_ORG Model
0 !LICENSE Redistributable under CCAL version 2.0 : see CAreadme.txt

1 1 0 0 0 0 0 -1 0 1 0 1 0 0 3020.dat
0 STEP
1 1 -40 -8 0 1 0 0 0 1 0 0 0 1 3935.dat
0 STEP
1 1 40 -8 0 1 0 0 0 1 0 0 0 1 3936.dat
0 STEP
1 7 0 8 -20 1 0 0 0 1 0 0 0 1 4032a.dat
1 7 0 8 20 1 0 0 0 1 0 0 0 1 4032a.dat
1 7 50 0 20 -1 0 0 0 1 0 0 0 -1 4595.dat
1 7 -50 0 20 -1 0 0 0 1 0 0 0 -1 4595.dat
0 STEP
1 1 30 -16 -10 1 0 0 0 1 0 0 0 1 3024.dat
1 1 -30 -16 -10 1 0 0 0 1 0 0 0 1 3024.dat
1 15 0 -16 10 1 0 0 0 1 0 0 0 1 4598.dat
0 STEP
1 1 30 -24 -10 0.839 0 0.545 0 1 0 -0.545 0 0.839 4592.dat
1 7 30 -24 -10 0.839 0.247 0.485 0 0.891 -0.454 -0.545 0.381 0.747 4593.dat
1 1 -30 -24 -10 0.839 0 -0.545 0 1 0 0.545 0 0.839 4592.dat
1 7 -30 -24 -10 0.839 -0.256 -0.481 0 0.883 -0.469 0.545 0.394 0.741 4593.dat
1 0 30 -22 30 0 -1 0 -1 0 0 0 0 -1 4349.dat
1 0 -30 -22 30 0 1 0 1 0 0 0 0 -1 4349.dat
0 STEP
1 7 0 -32 -30 1 0 0 0 1 0 0 0 1 3937.dat
1 7 0 -22 -40 1 0 0 0 0 -1 0 1 0 3938.dat
1 0 0 -37 48 1 0 0 0 0 -1 0 1 0 4588.dat
1 36 0 -37 72 1 0 0 0 0 -1 0 1 0 4589.dat
0 STEP
1 7 0 -12 -48 1 0 0 0 0 -1 0 1 0 3022.dat
1 7 0 -12 -96 1 0 0 0 0 -1 0 1 0 3942b.dat
1 36 0 -12 -120 1 0 0 0 0 -1 0 1 0 4589.dat



