0 FILE 164 - main2.ldr
0 main2
0 Name: 164 - main2.ldr
0 Author: N. W. Perry [Plastikean]
0 !LDRAW_ORG Model
0 !LICENSE Redistributable under CCAL version 2.0 : see CAreadme.txt

0 !KEYWORDS Train, 4.5V, 1978

1 14 0 0 0 1 0 0 0 1 0 0 0 1 164 - excursion.ldr
1 14 20 -76 -72 1 0 0 0 1 0 0 0 1 164 - mfWhiteBlackPtK.ldr
1 14 49 -70 100 0 0 -1 0 1 0 1 0 0 164 - mfBluePkCapK.ldr


0 FILE 164 - mfBluePkCapK.ldr
0 mfBluePkCapK
0 Name: 164 - mfBluePkCapK.ldr
0 Author: N. W. Perry [Plastikean]
0 !LDRAW_ORG Model
0 !LICENSE Redistributable under CCAL version 2.0 : see CAreadme.txt

0 !KEYWORDS MINIFIG, Town, Train, 164

1 1 0 -28 0 1 0 0 0 1 0 0 0 1 3816b.dat
1 1 0 -28 0 1 0 0 0 1 0 0 0 1 3817b.dat
1 1 0 -40 0 1 0 0 0 1 0 0 0 1 3815b.dat
0 STEP
1 1 0 -72 0 1 0 0 0 1 0 0 0 1 973.dat
1 1 -15.552 -63 0 0.985 -0.162 -0.052 0.17 0.937 0.305 0 -0.309 0.951 3818.dat
1 14 -23.012 -49.161 -15.236 -0.105 0.991 0.077 -0.892 -0.06 -0.447 -0.439 -0.116 0.891 3820.dat
1 1 15.552 -63 0 0.985 0.109 0.13 -0.17 0.633 0.755 0 -0.765 0.643 3819.dat
1 14 21.252 -59.345 -20.814 0.867 0.496 0.015 -0.495 0.864 0.085 0.03 -0.082 0.996 3820.dat
0 STEP
1 14 0 -96 0 0.951 0 -0.309 0 1 0 0.309 0 0.951 3626ap01.dat
1 0 0 -96 0 0.951 0 -0.309 0 1 0 0.309 0 0.951 3624.dat


0 FILE 164 - mfWhiteBlackPtK.ldr
0 mfWhiteBlackPtK
0 Name: 164 - mfWhiteBlackPtK.ldr
0 Author: N. W. Perry [Plastikean]
0 !LDRAW_ORG Model
0 !LICENSE Redistributable under CCAL version 2.0 : see CAreadme.txt

0 !KEYWORDS MINIFIG, Town, Train, 164

1 0 0 -28 0 1 0 0 0 0 1 0 -1 0 3816b.dat
1 0 0 -28 0 1 0 0 0 0 1 0 -1 0 3817b.dat
1 0 0 -40 0 1 0 0 0 1 0 0 0 1 3815b.dat
0 STEP
1 15 0 -72 0 1 0 0 0 1 0 0 0 1 973.dat
1 15 -15.552 -63 0 0.985 -0.15 0.08 0.17 0.87 -0.462 0 0.469 0.883 3818.dat
1 14 -24.1 -42.848 0.135 0.732 0.662 0.162 -0.083 0.324 -0.942 -0.676 0.676 0.292 3820.dat
1 15 15.552 -63 0 0.985 0.13 -0.109 -0.17 0.755 -0.633 0 0.642 0.766 3819.dat
1 14 24.016 -43.336 4.562 0.985 0.015 -0.169 -0.17 0.086 -0.982 0 0.996 0.087 3820.dat
0 STEP
1 14 0 -96 0 0.99 0 0.139 0 1 0 -0.139 0 0.99 3626ap01.dat
1 0 0 -96 0 0.99 0 0.139 0 1 0 -0.139 0 0.99 3625.dat



0 FILE 164 - excursion.ldr
0 excursion
0 Name: 164 - excursion.ldr
0 Author: N. W. Perry [Plastikean]
0 !LDRAW_ORG Model
0 !LICENSE Redistributable under CCAL version 2.0 : see CAreadme.txt

1 0 0 -70 0 1 0 0 0 1 0 0 0 1 736.dat
1 4 0 -29.701 -139.962 0 0 1 0.035 0.999 0 -0.999 0.035 0 735.dat
1 1 0 -29.701 139.962 0 0 -1 0.035 0.999 0 0.999 -0.035 0 735.dat
1 4 0 -28 -100 1 0 0 0 0 -1 0 1 0 243c02.dat
1 4 0 -28 100 1 0 0 0 0 -1 0 1 0 243c02.dat
1 0 -50 -62 -140 1 0 0 0 1 0 0 0 1 3488.dat
1 0 50 -62 -140 1 0 0 0 1 0 0 0 1 3488.dat
1 4 0 -94 -150 1 0 0 0 1 0 0 0 1 3009.dat
1 0 -20 -94 -130 1 0 0 0 1 0 0 0 1 3004.dat
1 0 20 -94 -130 1 0 0 0 1 0 0 0 1 3004.dat
1 0 -20 -94 -70 1 0 0 0 1 0 0 0 1 3004.dat
1 0 20 -94 -70 1 0 0 0 1 0 0 0 1 3004.dat
1 4 0 -94 -50 1 0 0 0 1 0 0 0 1 3009.dat
1 0 -20 -94 -30 1 0 0 0 1 0 0 0 1 3004.dat
1 0 20 -94 -30 1 0 0 0 1 0 0 0 1 3004.dat
1 0 -20 -94 30 1 0 0 0 1 0 0 0 1 3004.dat
1 0 20 -94 30 1 0 0 0 1 0 0 0 1 3004.dat
1 4 0 -94 50 1 0 0 0 1 0 0 0 1 3009.dat
1 0 -30 -94 70 1 0 0 0 1 0 0 0 1 3005.dat
1 0 -10 -94 70 1 0 0 0 1 0 0 0 1 3005.dat
1 0 10 -94 70 1 0 0 0 1 0 0 0 1 3005.dat
1 0 30 -94 70 1 0 0 0 1 0 0 0 1 3005.dat
1 0 -30 -94 130 1 0 0 0 1 0 0 0 1 3005.dat
1 0 -10 -94 130 1 0 0 0 1 0 0 0 1 3005.dat
1 0 10 -94 130 1 0 0 0 1 0 0 0 1 3005.dat
1 0 30 -94 130 1 0 0 0 1 0 0 0 1 3005.dat
1 4 0 -94 150 1 0 0 0 1 0 0 0 1 3009.dat
1 0 -50 -62 140 -1 0 0 0 1 0 0 0 -1 3488.dat
1 0 50 -62 140 -1 0 0 0 1 0 0 0 -1 3488.dat
0 STEP
1 4 -50 -118 -140 0 0 1 0 1 0 -1 0 0 3004.dat
1 4 0 -118 -150 1 0 0 0 1 0 0 0 1 3010.dat
1 4 50 -118 -140 0 0 1 0 1 0 -1 0 0 3004.dat
1 4 -50 -118 -40 0 0 1 0 1 0 -1 0 0 3004.dat
1 4 0 -118 -50 1 0 0 0 1 0 0 0 1 3010.dat
1 4 50 -118 -40 0 0 1 0 1 0 -1 0 0 3004.dat
1 4 -50 -118 40 0 0 1 0 1 0 -1 0 0 3004.dat
1 4 0 -118 50 1 0 0 0 1 0 0 0 1 3010.dat
1 4 50 -118 40 0 0 1 0 1 0 -1 0 0 3004.dat
1 4 -50 -118 140 0 0 1 0 1 0 -1 0 0 3004.dat
1 4 0 -118 150 1 0 0 0 1 0 0 0 1 3010.dat
1 4 50 -118 140 0 0 1 0 1 0 -1 0 0 3004.dat
0 STEP
1 14 -40 -126 -150 1 0 0 0 1 0 0 0 1 3023.dat
1 14 0 -126 -150 1 0 0 0 1 0 0 0 1 3023.dat
1 14 40 -126 -150 1 0 0 0 1 0 0 0 1 3023.dat
1 14 -40 -126 -50 1 0 0 0 1 0 0 0 1 3023.dat
1 14 0 -126 -50 1 0 0 0 1 0 0 0 1 3023.dat
1 14 40 -126 -50 1 0 0 0 1 0 0 0 1 3023.dat
1 14 -40 -126 50 1 0 0 0 1 0 0 0 1 3023.dat
1 14 0 -126 50 1 0 0 0 1 0 0 0 1 3023.dat
1 14 40 -126 50 1 0 0 0 1 0 0 0 1 3023.dat
1 14 -40 -126 150 1 0 0 0 1 0 0 0 1 3023.dat
1 14 0 -126 150 1 0 0 0 1 0 0 0 1 3023.dat
1 14 40 -126 150 1 0 0 0 1 0 0 0 1 3023.dat
1 4 -50 -150 -150 1 0 0 0 1 0 0 0 1 3005.dat
1 4 50 -150 -150 1 0 0 0 1 0 0 0 1 3005.dat
1 4 -50 -150 -50 1 0 0 0 1 0 0 0 1 3005.dat
1 4 50 -150 -50 1 0 0 0 1 0 0 0 1 3005.dat
1 4 -50 -150 50 1 0 0 0 1 0 0 0 1 3005.dat
1 4 50 -150 50 1 0 0 0 1 0 0 0 1 3005.dat
1 4 -50 -150 150 1 0 0 0 1 0 0 0 1 3005.dat
1 4 50 -150 150 1 0 0 0 1 0 0 0 1 3005.dat
0 STEP
1 4 -50 -174 -150 1 0 0 0 1 0 0 0 1 3005.dat
1 4 50 -174 -150 1 0 0 0 1 0 0 0 1 3005.dat
1 4 -50 -174 -50 1 0 0 0 1 0 0 0 1 3005.dat
1 4 50 -174 -50 1 0 0 0 1 0 0 0 1 3005.dat
1 4 -50 -174 50 1 0 0 0 1 0 0 0 1 3005.dat
1 4 50 -174 50 1 0 0 0 1 0 0 0 1 3005.dat
1 4 -50 -174 150 1 0 0 0 1 0 0 0 1 3005.dat
1 4 50 -174 150 1 0 0 0 1 0 0 0 1 3005.dat
1 4 -50 -182 -150 1 0 0 0 1 0 0 0 1 3024.dat
1 4 50 -182 -150 1 0 0 0 1 0 0 0 1 3024.dat
1 4 -40 -182 -50 1 0 0 0 1 0 0 0 1 3023.dat
1 4 40 -182 -50 1 0 0 0 1 0 0 0 1 3023.dat
1 4 -40 -182 50 1 0 0 0 1 0 0 0 1 3023.dat
1 4 40 -182 50 1 0 0 0 1 0 0 0 1 3023.dat
1 4 -50 -182 150 1 0 0 0 1 0 0 0 1 3024.dat
1 4 50 -182 150 1 0 0 0 1 0 0 0 1 3024.dat
0 STEP
1 4 0 -190 -150 1 0 0 0 1 0 0 0 1 3666.dat
1 4 0 -190 -50 1 0 0 0 1 0 0 0 1 3666.dat
1 4 0 -190 50 1 0 0 0 1 0 0 0 1 3666.dat
1 4 0 -190 150 1 0 0 0 1 0 0 0 1 3666.dat
0 STEP
1 4 -20 -198 -80 0 0 1 0 1 0 -1 0 0 3035.dat
1 4 40 -198 -80 0 0 1 0 1 0 -1 0 0 3034.dat
1 4 -40 -198 80 0 0 1 0 1 0 -1 0 0 3034.dat
1 4 20 -198 80 0 0 1 0 1 0 -1 0 0 3035.dat
0 STEP
1 7 -10 -222 -140 0 0 1 0 1 0 -1 0 0 3297.dat
1 7 10 -222 -140 0 0 -1 0 1 0 1 0 0 3297.dat
1 7 -10 -222 -80 0 0 1 0 1 0 -1 0 0 3298.dat
1 7 10 -222 -80 0 0 -1 0 1 0 1 0 0 3298.dat
1 7 -10 -222 -20 0 0 1 0 1 0 -1 0 0 3297.dat
1 7 10 -222 -20 0 0 -1 0 1 0 1 0 0 3297.dat
1 7 -10 -222 60 0 0 1 0 1 0 -1 0 0 3297.dat
1 7 10 -222 60 0 0 -1 0 1 0 1 0 0 3297.dat
1 7 -10 -222 140 0 0 1 0 1 0 -1 0 0 3297.dat
1 7 10 -222 140 0 0 -1 0 1 0 1 0 0 3297.dat
1 7 0 -230 -150 1 0 0 0 1 0 0 0 1 3023.dat
1 7 0 -230 -130 1 0 0 0 1 0 0 0 1 3023.dat
1 7 -10 -230 0 0 0 1 0 1 0 -1 0 0 3023.dat
1 7 10 -230 0 0 0 1 0 1 0 -1 0 0 3023.dat
1 7 0 -230 130 1 0 0 0 1 0 0 0 1 3023.dat
1 7 0 -230 150 1 0 0 0 1 0 0 0 1 3023.dat
0 STEP
1 7 0 -238 -80 0 0 1 0 1 0 -1 0 0 3034.dat
1 7 0 -238 80 0 0 1 0 1 0 -1 0 0 3034.dat




