0 FILE 164 - main3.ldr
0 main3
0 Name: 164 - main3.ldr
0 Author: N. W. Perry [Plastikean]
0 !LDRAW_ORG Model
0 !LICENSE Redistributable under CCAL version 2.0 : see CAreadme.txt

0 !KEYWORDS Train, 4.5V, 1978

1 14 0 0 0 1 0 0 0 1 0 0 0 1 164 - coach.ldr
1 14 141 0 37 0.574 0 -0.819 0 1 0 0.819 0 0.574 164 - mfWhiteBlackPtK-2.ldr
1 14 114 0 127 0.407 0 -0.914 0 1 0 0.914 0 0.407 164 - mfBluePkCapK-2.ldr


0 FILE 164 - coach.ldr
0 coach
0 Name: 164 - coach.ldr
0 Author: N. W. Perry [Plastikean]
0 !LDRAW_ORG Model
0 !LICENSE Redistributable under CCAL version 2.0 : see CAreadme.txt

1 0 0 -70 0 1 0 0 0 1 0 0 0 1 736.dat
1 4 0 -29.701 -139.962 0 0 1 0.035 0.999 0 -0.999 0.035 0 735.dat
1 1 0 -29.701 139.962 0 0 -1 0.035 0.999 0 0.999 -0.035 0 735.dat
1 4 0 -28 -100 1 0 0 0 0 -1 0 1 0 243c02.dat
1 4 0 -28 100 1 0 0 0 0 -1 0 1 0 243c02.dat
1 0 -50 -62 -140 1 0 0 0 1 0 0 0 1 3488.dat
1 0 50 -62 -140 1 0 0 0 1 0 0 0 1 3488.dat
1 4 20 -94 -150 1 0 0 0 1 0 0 0 1 3010.dat
1 4 -40 -94 -150 1 0 0 0 1 0 0 0 1 3004.dat
1 4 -50 -94 -40 0 0 1 0 1 0 -1 0 0 3010.dat
1 4 -50 -94 40 0 0 1 0 1 0 -1 0 0 3010.dat
1 4 -40 -94 150 1 0 0 0 1 0 0 0 1 3004.dat
1 4 20 -94 150 1 0 0 0 1 0 0 0 1 3010.dat
1 4 50 -94 40 0 0 1 0 1 0 -1 0 0 3010.dat
1 4 50 -94 -40 0 0 1 0 1 0 -1 0 0 3010.dat
1 0 -50 -62 140 -1 0 0 0 1 0 0 0 -1 3488.dat
1 0 50 -62 140 -1 0 0 0 1 0 0 0 -1 3488.dat
0 STEP
1 4 40 -118 -150 1 0 0 0 1 0 0 0 1 3004.dat
1 4 -20 -118 -150 1 0 0 0 1 0 0 0 1 3010.dat
1 4 -50 -118 -60 0 0 1 0 1 0 -1 0 0 3004.dat
1 4 -50 -118 0 0 0 1 0 1 0 -1 0 0 3010.dat
1 4 -50 -118 60 0 0 1 0 1 0 -1 0 0 3004.dat
1 4 -20 -118 150 1 0 0 0 1 0 0 0 1 3010.dat
1 4 40 -118 150 1 0 0 0 1 0 0 0 1 3004.dat
1 4 50 -118 60 0 0 1 0 1 0 -1 0 0 3004.dat
1 4 50 -118 0 0 0 1 0 1 0 -1 0 0 3010.dat
1 4 50 -118 -60 0 0 1 0 1 0 -1 0 0 3004.dat
0 STEP
1 4 0 -142 -150 1 0 0 0 1 0 0 0 1 3009.dat
1 47 -50 -166 -60 0 0 1 0 1 0 -1 0 0 772p01.dat
1 4 -50 -142 -30 1 0 0 0 1 0 0 0 1 3005.dat
1 47 -50 -166 0 0 0 1 0 1 0 -1 0 0 772p01.dat
1 4 -50 -142 30 1 0 0 0 1 0 0 0 1 3005.dat
1 47 -50 -166 60 0 0 1 0 1 0 -1 0 0 772p01.dat
1 4 0 -142 150 1 0 0 0 1 0 0 0 1 3009.dat
1 4 50 -142 30 1 0 0 0 1 0 0 0 1 3005.dat
1 4 50 -142 -30 1 0 0 0 1 0 0 0 1 3005.dat
1 4 -50 -166 -30 1 0 0 0 1 0 0 0 1 3005.dat
1 4 -50 -166 30 1 0 0 0 1 0 0 0 1 3005.dat
1 4 50 -166 30 1 0 0 0 1 0 0 0 1 3005.dat
1 4 50 -166 -30 1 0 0 0 1 0 0 0 1 3005.dat
0 STEP
1 4 40 -166 -150 1 0 0 0 1 0 0 0 1 3004.dat
1 47 0 -166 -150 1 0 0 0 1 0 0 0 1 3004.dat
1 4 -40 -166 -150 1 0 0 0 1 0 0 0 1 3004.dat
1 4 -50 -166 -130 1 0 0 0 1 0 0 0 1 3192a.dat
1 4 -50 -166 130 -1 0 0 0 1 0 0 0 -1 3193a.dat
1 4 -40 -166 150 1 0 0 0 1 0 0 0 1 3004.dat
1 47 0 -166 150 1 0 0 0 1 0 0 0 1 3004.dat
1 4 40 -166 150 1 0 0 0 1 0 0 0 1 3004.dat
1 4 50 -166 130 -0.423 0 0.906 0 1 0 -0.906 0 -0.423 3192a.dat
1 47 50 -166 60 0 0 -1 0 1 0 1 0 0 772p01.dat
1 47 50 -166 0 0 0 -1 0 1 0 1 0 0 772p01.dat
1 47 50 -166 -60 0 0 -1 0 1 0 1 0 0 772p01.dat
1 4 50 -166 -130 1 0 0 0 1 0 0 0 1 3193a.dat
0 STEP
1 4 -20 -174 -80 0 0 1 0 1 0 -1 0 0 3035.dat
1 4 40 -174 -80 0 0 1 0 1 0 -1 0 0 3034.dat
1 4 -40 -174 80 0 0 1 0 1 0 -1 0 0 3034.dat
1 4 20 -174 80 0 0 1 0 1 0 -1 0 0 3035.dat
0 STEP
1 7 -10 -198 -140 0 0 1 0 1 0 -1 0 0 3297.dat
1 7 10 -198 -140 0 0 -1 0 1 0 1 0 0 3297.dat
1 7 -10 -198 -80 0 0 1 0 1 0 -1 0 0 3298.dat
1 7 10 -198 -80 0 0 -1 0 1 0 1 0 0 3298.dat
1 7 -10 -198 -20 0 0 1 0 1 0 -1 0 0 3297.dat
1 7 10 -198 -20 0 0 -1 0 1 0 1 0 0 3297.dat
1 7 -10 -198 60 0 0 1 0 1 0 -1 0 0 3297.dat
1 7 10 -198 60 0 0 -1 0 1 0 1 0 0 3297.dat
1 7 -10 -198 140 0 0 1 0 1 0 -1 0 0 3297.dat
1 7 10 -198 140 0 0 -1 0 1 0 1 0 0 3297.dat
1 7 0 -206 -50 1 0 0 0 1 0 0 0 1 3023.dat
1 7 0 -206 50 1 0 0 0 1 0 0 0 1 3023.dat
1 4 -60 -141 -110 0 1 0 0 0 -1 -1 0 0 164 - 004757e.dat
1 4 60 -141 -110 0 -1 0 0 0 -1 1 0 0 164 - 004757e.dat
1 4 -60 -105 0 0 1 0 0 0 -1 -1 0 0 164 - 004757c.dat
1 15 60 -106 -60 0 -1 0 0 0 -1 1 0 0 164 - 004757j.dat
1 4 60 -105 0 0 -1 0 0 0 -1 1 0 0 164 - 004757c.dat
1 15 60 -106 60 0 -1 0 0 0 -1 1 0 0 164 - 004757j.dat
1 4 -60 -141 110 0 1 0 0 0 -1 -1 0 0 164 - 004757e.dat
1 4 72.321 -141 128.66 -0.866 -0.5 0 0 0 -1 0.5 -0.866 0 164 - 004757e.dat


0 FILE 164 - mfBluePkCapK-2.ldr
0 mfBluePkCapK-2
0 Name: 164 - mfBluePkCapK-2.ldr
0 Author: N. W. Perry [Plastikean]
0 !LDRAW_ORG Model
0 !LICENSE Redistributable under CCAL version 2.0 : see CAreadme.txt

0 !KEYWORDS MINIFIG, Town, Train, 164

1 1 0 -28 0 1 0 0 0 1 0 0 0 1 3816b.dat
1 1 0 -28 0 1 0 0 0 1 0 0 0 1 3817b.dat
1 1 0 -40 0 1 0 0 0 1 0 0 0 1 3815b.dat
0 STEP
1 1 0 -72 0 1 0 0 0 1 0 0 0 1 973.dat
1 1 -15.552 -63 0 0.985 -0.044 -0.164 0.17 0.255 0.952 0 -0.966 0.259 3818.dat
1 14 -19.688 -68.441 -20.799 0.996 0.022 -0.085 0.022 0.87 0.493 0.085 -0.493 0.866 3820.dat
1 1 15.552 -63 0 0.985 0.17 0 -0.17 0.985 0 0 0 1 3819.dat
1 14 23.688 -45.24 -9.884 0.992 -0.049 -0.12 -0.049 0.716 -0.697 0.12 0.697 0.707 3820.dat
0 STEP
1 14 0 -96 0 0.99 0 -0.139 0 1 0 0.139 0 0.99 3626ap01.dat
1 0 0 -96 0 0.99 0 -0.139 0 1 0 0.139 0 0.99 3624.dat


0 FILE 164 - mfWhiteBlackPtK-2.ldr
0 mfWhiteBlackPtK-2
0 Name: 164 - mfWhiteBlackPtK-2.ldr
0 Author: N. W. Perry [Plastikean]
0 !LDRAW_ORG Model
0 !LICENSE Redistributable under CCAL version 2.0 : see CAreadme.txt

0 !KEYWORDS MINIFIG, Town, Train, 164

1 0 0 -28 0 1 0 0 0 1 0 0 0 1 3816b.dat
1 0 0 -28 0 1 0 0 0 0.643 0.766 0 -0.766 0.643 3817b.dat
1 0 0 -40 0 1 0 0 0 1 0 0 0 1 3815b.dat
0 STEP
1 15 0 -72 0 1 0 0 0 1 0 0 0 1 973.dat
1 15 -15.552 -63 0 0.985 -0.16 -0.058 0.17 0.926 0.337 0 -0.342 0.94 3818.dat
1 14 -22.92 -49.694 -15.747 0.997 0.016 0.072 0.016 0.909 -0.416 -0.072 0.416 0.906 3820.dat
1 15 15.552 -63 0 0.985 0.17 0 -0.17 0.985 0 0 0 1 3819.dat
1 14 23.688 -45.24 -9.884 0.992 -0.049 -0.12 -0.049 0.716 -0.697 0.12 0.697 0.707 3820.dat
0 STEP
1 14 0 -96 0 1 0 0 0 1 0 0 0 1 3626ap01.dat
1 0 0 -96 0 1 0 0 0 1 0 0 0 1 3625.dat



0 FILE 164 - 004757e.dat
0 004757e
0 Name: 164 - 004757e.dat
0 Author: N. W. Perry [Plastikean]
0 !LDRAW_ORG Unofficial_Part
0 !LICENSE Redistributable under CCAL version 2.0 : see CAreadme.txt

0 BFC CERTIFY CCW

0 !CATEGORY Sticker

1 16 0 -0.25 0 12.75 0 0 0 0.25 0 0 0 23 box5-12.dat

0 !TEXMAP START PLANAR -12.75 -0.25 23 12.75 -0.25 23 -12.75 -0.25 -23 004757e.png
0 !: 4 16 -12.75 -0.25 23 -12.75 -0.25 -23 12.75 -0.25 -23 12.75 -0.25 23

0 !TEXMAP FALLBACK
4 16 -12.75 -0.25 23 -12.75 -0.25 -23 12.75 -0.25 -23 12.75 -0.25 23

0 !TEXMAP END


0 FILE 164 - 004757c.dat
0 004757c
0 Name: 164 - 004757c.dat
0 Author: N. W. Perry [Plastikean]
0 !LDRAW_ORG Unofficial_Part
0 !LICENSE Redistributable under CCAL version 2.0 : see CAreadme.txt

0 BFC CERTIFY CCW

0 !CATEGORY Sticker

1 16 0 -0.25 0 13 0 0 0 0.25 0 0 0 13 box5-12.dat

0 !TEXMAP START PLANAR -13 -0.25 13 13 -0.25 13 -13 -0.25 -13 004757c.png
0 !: 4 16 -13 -0.25 13 -13 -0.25 -13 13 -0.25 -13 13 -0.25 13

0 !TEXMAP FALLBACK
4 16 -13 -0.25 13 -13 -0.25 -13 13 -0.25 -13 13 -0.25 13

0 !TEXMAP END


0 FILE 164 - 004757j.dat
0 004757j
0 Name: 164 - 004757j.dat
0 Author: N. W. Perry [Plastikean]
0 !LDRAW_ORG Unofficial_Part
0 !LICENSE Redistributable under CCAL version 2.0 : see CAreadme.txt

0 BFC CERTIFY CCW

0 !CATEGORY Sticker

1 16 0 -0.25 0 14 0 0 0 0.25 0 0 0 9.25 box5-12.dat

0 !TEXMAP START PLANAR -14 -0.25 9.25 14 -0.25 9.25 -14 -0.25 -9.25 004757j.png
0 !: 4 16 -14 -0.25 9.25 -14 -0.25 -9.25 14 -0.25 -9.25 14 -0.25 9.25

0 !TEXMAP FALLBACK
4 16 -14 -0.25 9.25 -14 -0.25 -9.25 14 -0.25 -9.25 14 -0.25 9.25

0 !TEXMAP END




