0 FILE 166 - main.ldr
0 main
0 Name: 166 - main.ldr
0 Author: Takeshi
0 !LDRAW_ORG Model
0 !LICENSE Redistributable under CCAL version 2.0 : see CAreadme.txt

0 ROTATION CENTER 0 0 0 1 "Custom"
0 ROTATION CONFIG 0 0
1 0 0 -60 0 1 0 0 0 1 0 0 0 1 166 - Freight wagon.ldr
1 0 -40 -4 -100 1 0 0 0 1 0 0 0 1 166 - Minifig 1.ldr
1 0 40 -4 -100 1 0 0 0 1 0 0 0 1 166 - Minifig 2.ldr
1 0 0 0 0 1 0 0 0 1 0 0 0 1 166 - Track.ldr



0 FILE 166 - Freight wagon.ldr
0 Freight wagon
0 Name: 166 - Freight wagon.ldr
0 Author: Takeshi Takahashi [RainbowDolphin]
0 !LDRAW_ORG Model
0 !LICENSE Redistributable under CCAL version 2.0 : see CAreadme.txt

0 ROTATION CENTER 0 0 0 1 "Custom"
0 ROTATION CONFIG 0 0
1 0 0 0 0 0 0 -1 0 1 0 1 0 0 736c02.dat
1 0 -140 8 -50 0 0 1 0 1 0 -1 0 0 3488.dat
1 0 -140 8 50 0 0 1 0 1 0 -1 0 0 3488.dat
1 0 140 8 50 0 0 -1 0 1 0 1 0 0 3488.dat
1 0 140 8 -50 0 0 -1 0 1 0 1 0 0 3488.dat
1 4 -150 -24 0 0 0 1 0 1 0 -1 0 0 3010.dat
1 4 150 -24 0 0 0 1 0 1 0 -1 0 0 3010.dat
1 4 -80 -24 50 1 0 0 0 1 0 0 0 1 3008.dat
1 4 80 -24 50 1 0 0 0 1 0 0 0 1 3008.dat
1 14 -90 -8 0 0 0 1 0 1 0 -1 0 0 3710.dat
1 14 10 -8 0 0 0 1 0 1 0 -1 0 0 3710.dat
1 14 -40 -16 30 1 0 0 0 1 0 0 0 1 3460.dat
1 14 -40 -16 -30 1 0 0 0 1 0 0 0 1 3460.dat
1 14 -90 -24 0 0 0 1 0 1 0 -1 0 0 3710.dat
1 14 10 -24 0 0 0 1 0 1 0 -1 0 0 3710.dat
1 4 -80 -24 -50 1 0 0 0 1 0 0 0 1 3008.dat
1 4 80 -24 -50 1 0 0 0 1 0 0 0 1 3008.dat
1 0 -150 -48 50 1 0 0 0 1 0 0 0 1 3062b.dat
1 0 150 -48 50 1 0 0 0 1 0 0 0 1 3062b.dat
1 0 150 -48 -50 1 0 0 0 1 0 0 0 1 3062b.dat
1 0 -150 -48 -50 1 0 0 0 1 0 0 0 1 3062b.dat
1 0 -150 -72 -50 1 0 0 0 1 0 0 0 1 3062b.dat
1 0 -150 -72 50 1 0 0 0 1 0 0 0 1 3062b.dat
1 0 150 -72 50 1 0 0 0 1 0 0 0 1 3062b.dat
1 0 150 -72 -50 1 0 0 0 1 0 0 0 1 3062b.dat
1 14 -40 -32 30 1 0 0 0 1 0 0 0 1 3460.dat
1 15 -40 -40 30 1 0 0 0 1 0 0 0 1 3069b.dat



0 FILE 166 - Minifig 1.ldr
0 Minifig 1
0 Name: 166 - Minifig 1.ldr
0 Author: Takeshi Takahashi [RainbowDolphin]
0 !LDRAW_ORG Model
0 !LICENSE Redistributable under CCAL version 2.0 : see CAreadme.txt

0 ROTATION CENTER 0 0 0 1 "Custom"
0 ROTATION CONFIG 0 0
1 4 0 -68 0 1 0 0 0 1 0 0 0 1 3624.dat
1 14 0 -68 0 1 0 0 0 1 0 0 0 1 3626bp01.dat
1 1 0 -44 0 1 0 0 0 1 0 0 0 1 973p18.dat
1 0 0 -12 0 1 0 0 0 1 0 0 0 1 3815.dat
1 1 -15.552 -35 0 0.985 -0.085 -0.147224 0.17 0.4925 0.853035 0 -0.866025 0.5 3818.dat
1 1 15.552 -35 0 0.985 0.17 0 -0.17 0.985 0 0 0 1 3819.dat
1 14 -20.749 -35.4484 -21.408 0.985 -0.164183 -0.0439926 0.17 0.951293 0.254898 0 -0.25878 0.96578 3820.dat
1 14 23.8634 -17.4044 -10.321 0.985 0.12019 -0.12019 -0.17 0.696395 -0.696395 0 0.707 0.707 3820.dat
1 0 0 0 0 1 0 0 0 1 0 0 0 1 3816.dat
1 0 0 0 0 1 0 0 0 1 0 0 0 1 3817.dat



0 FILE 166 - Minifig 2.ldr
0 Minifig 2
0 Name: 166 - Minifig 2.ldr
0 Author: Takeshi Takahashi [RainbowDolphin]
0 !LDRAW_ORG Model
0 !LICENSE Redistributable under CCAL version 2.0 : see CAreadme.txt

0 ROTATION CENTER 0 0 0 1 "Custom"
0 ROTATION CONFIG 0 0
1 14 0 -71 0 1 0 0 0 1 0 0 0 1 3833.dat
1 14 0 -71 0 1 0 0 0 1 0 0 0 1 3626bp01.dat
1 14 0 -44 0 1 0 0 0 1 0 0 0 1 3840.dat
1 0 0 -44 0 1 0 0 0 1 0 0 0 1 973.dat
1 0 0 -12 0 1 0 0 0 1 0 0 0 1 3815.dat
1 0 -15.552 -35 0 0.985 -0.17 0 0.17 0.985 0 0 0 1 3818.dat
1 0 15.552 -35 0 0.985 0.17 0 -0.17 0.985 0 0 0 1 3819.dat
1 14 -23.8634 -17.4044 -10.321 0.985 -0.12019 0.12019 0.17 0.696395 -0.696395 0 0.707 0.707 3820.dat
1 14 23.8634 -17.4044 -10.321 0.985 0.12019 -0.12019 -0.17 0.696395 -0.696395 0 0.707 0.707 3820.dat
1 0 0 0 0 1 0 0 0 1 0 0 0 1 3816.dat
1 0 0 0 0 1 0 0 0 1 0 0 0 1 3817.dat



0 FILE 166 - Track.ldr
0 Track
0 Name: 166 - Track.ldr
0 Author: Takeshi Takahashi [RainbowDolphin]
0 !LDRAW_ORG Model
0 !LICENSE Redistributable under CCAL version 2.0 : see CAreadme.txt

0 ROTATION CENTER 0 0 0 1 "Custom"
0 ROTATION CONFIG 0 0
1 1 160 0 0 1 0 0 0 1 0 0 0 1 3228ac01.dat
1 1 -160 0 0 1 0 0 0 1 0 0 0 1 3228ac01.dat
1 15 320 16 0 0 0 1 0 1 0 -1 0 0 3034.dat







