0 FILE 167 - main.ldr
0 main
0 Name: 167 - main.ldr
0 Author: Takeshi
0 !LDRAW_ORG Model
0 !LICENSE Redistributable under CCAL version 2.0 : see CAreadme.txt

0 ROTATION CENTER 0 0 0 1 "Custom"
0 ROTATION CONFIG 0 0
1 0 0 0 0 1 0 0 0 1 0 0 0 1 167 - Building.ldr
1 0 200 -76 0 1 0 0 0 1 0 0 0 1 167 - Freight wagon.ldr
1 0 190 -112 0 1 0 0 0 1 0 0 0 1 167 - Vehicle.ldr
1 0 100 -20 -120 1 0 0 0 1 0 0 0 1 167 - Minifig 1.ldr
1 0 180 -20 -120 1 0 0 0 1 0 0 0 1 167 - Minifig 2.ldr



0 FILE 167 - Freight wagon.ldr
0 Freight wagon
0 Name: 167 - Freight wagon.ldr
0 Author: Takeshi Takahashi [RainbowDolphin]
0 !LDRAW_ORG Model
0 !LICENSE Redistributable under CCAL version 2.0 : see CAreadme.txt

0 ROTATION CENTER 0 0 0 1 "Custom"
0 ROTATION CONFIG 0 0
1 0 0 0 0 0 0 -1 0 1 0 1 0 0 270c02.dat
1 0 -100 8 -50 0 0 1 0 1 0 -1 0 0 3488.dat
1 0 -100 8 50 0 0 1 0 1 0 -1 0 0 3488.dat
1 0 100 8 50 0 0 -1 0 1 0 1 0 0 3488.dat
1 0 100 8 -50 0 0 -1 0 1 0 1 0 0 3488.dat
1 0 -70 -8 0 0 0 1 0 1 0 -1 0 0 3710.dat
1 0 -30 -8 0 0 0 1 0 1 0 -1 0 0 3710.dat
1 0 30 -8 0 0 0 1 0 1 0 -1 0 0 3710.dat
1 0 70 -8 0 0 0 1 0 1 0 -1 0 0 3710.dat
1 4 -80 -24 50 -1 0 0 0 1 0 0 0 -1 3633.dat
1 4 0 -24 50 -1 0 0 0 1 0 0 0 -1 3633.dat
1 4 80 -24 50 -1 0 0 0 1 0 0 0 -1 3633.dat
1 4 -80 -24 -50 1 0 0 0 1 0 0 0 1 3633.dat
1 4 0 -24 -50 1 0 0 0 1 0 0 0 1 3633.dat
1 4 80 -24 -50 1 0 0 0 1 0 0 0 1 3633.dat



0 FILE 167 - Vehicle.ldr
0 Vehicle
0 Name: 167 - Vehicle.ldr
0 Author: Takeshi Takahashi [RainbowDolphin]
0 !LDRAW_ORG Model
0 !LICENSE Redistributable under CCAL version 2.0 : see CAreadme.txt

0 ROTATION CENTER 0 0 0 1 "Custom"
0 ROTATION CONFIG 0 0
1 14 0 0 0 1 0 0 0 1 0 0 0 1 3795.dat
1 14 70 0 0 0 0 1 0 1 0 -1 0 0 3023.dat
1 14 10 -8 0 1 0 0 0 1 0 0 0 1 3021.dat
1 14 -40 -16 0 0 0 1 0 1 0 -1 0 0 3787.dat
1 14 60 -16 0 0 0 1 0 1 0 -1 0 0 3787.dat
1 14 0 -16 0 1 0 0 0 1 0 0 0 1 3795.dat
1 14 70 -16 0 0 0 1 0 1 0 -1 0 0 3023.dat
1 14 10 8 -20 1 0 0 0 1 0 0 0 1 3021.dat
1 14 10 8 20 1 0 0 0 1 0 0 0 1 3021.dat
1 7 -40 8 0 0 0 1 0 1 0 -1 0 0 122c01.dat
1 7 60 8 0 0 0 1 0 1 0 -1 0 0 122c01.dat
1 256 -40 14 -30 1 0 0 0 1 0 0 0 1 3641.dat
1 256 60 14 -30 1 0 0 0 1 0 0 0 1 3641.dat
1 256 60 14 30 1 0 0 0 1 0 0 0 1 3641.dat
1 256 -40 14 30 1 0 0 0 1 0 0 0 1 3641.dat
1 0 50 -40 0 0 0 -1 0 1 0 1 0 0 3039.dat
1 47 30 -40 0 0 0 1 0 1 0 -1 0 0 3039.dat
1 0 40 -48 0 1 0 0 0 1 0 0 0 1 3022.dat



0 FILE 167 - Building.ldr
0 Building
0 Name: 167 - Building.ldr
0 Author: Takeshi Takahashi [RainbowDolphin]
0 !LDRAW_ORG Model
0 !LICENSE Redistributable under CCAL version 2.0 : see CAreadme.txt

0 ROTATION CENTER 0 0 0 1 "Custom"
0 ROTATION CONFIG 0 0
1 0 0 0 0 0 0 1 0 1 0 -1 0 0 3035.dat
1 0 -80 0 0 0 0 1 0 1 0 -1 0 0 3035.dat
1 1 160 -16 50 1 0 0 0 1 0 0 0 1 3228a.dat
1 1 160 -16 -50 1 0 0 0 1 0 0 0 1 3228a.dat
1 0 0 -24 70 1 0 0 0 1 0 0 0 1 3004.dat
1 0 -50 -24 70 1 0 0 0 1 0 0 0 1 3622.dat
1 0 -60 -24 0 1 0 0 0 1 0 0 0 1 3001.dat
1 0 -90 -24 70 0 0 1 0 1 0 -1 0 0 3040b.dat
1 0 -90 -24 -70 0 0 1 0 1 0 -1 0 0 3040b.dat
1 0 0 -24 -70 1 0 0 0 1 0 0 0 1 3004.dat
1 0 -50 -24 -70 1 0 0 0 1 0 0 0 1 3622.dat
1 0 -20 -48 70 1 0 0 0 1 0 0 0 1 3010.dat
1 0 -20 -48 -70 1 0 0 0 1 0 0 0 1 3010.dat
1 0 -70 -48 70 0 0 1 0 1 0 -1 0 0 3040b.dat
1 0 -70 -48 -70 0 0 1 0 1 0 -1 0 0 3040b.dat
1 7 -110 -30 0 0 0 -1 0 1 0 1 0 0 3149e.dat
0 STEP
1 4 -110 -30 0 0 0.309017 -0.951057 0 0.951057 0.309017 1 0 0 313.dat
1 7 -110 -30 0 0 0.309017 -0.951057 0 0.951057 0.309017 1 0 0 3148.dat
1 0 -34.534 -56.623 0 0 0.309017 0.951057 0 0.951057 -0.309017 -1 0 0 3660.dat
1 7 -144.094 -37.849 0 -0.951057 0.309017 0 0.309017 0.951057 0 0 0 -1 3028.dat
1 7 -227.595 -35.953 50 -0.951057 0.309017 0 0.309017 0.951057 0 0 0 -1 3633.dat
1 7 -151.51 -60.674 50 -0.951057 0.309017 0 0.309017 0.951057 0 0 0 -1 3633.dat
1 7 -75.426 -85.395 50 -0.951057 0.309017 0 0.309017 0.951057 0 0 0 -1 3633.dat
1 7 -75.426 -85.395 -50 0.951057 0.309017 0 -0.309017 0.951057 0 0 0 1 3633.dat
1 7 -151.51 -60.674 -50 0.951057 0.309017 0 -0.309017 0.951057 0 0 0 1 3633.dat
1 7 -227.595 -35.953 -50 0.951057 0.309017 0 -0.309017 0.951057 0 0 0 1 3633.dat
1 7 -260.694 -8.375 20 0.951057 0.309017 0 -0.309017 0.951057 0 0 0 1 3068b.dat
1 7 -260.694 -8.375 -20 0.951057 0.309017 0 -0.309017 0.951057 0 0 0 1 3068b.dat
0 STEP
1 0 -30 -56 70 1 0 0 0 1 0 0 0 1 3024.dat
1 0 -30 -56 -70 1 0 0 0 1 0 0 0 1 3024.dat
1 0 0 -56 0 0 0 1 0 1 0 -1 0 0 3034.dat
1 0 0 -64 30 0 0 1 0 1 0 -1 0 0 3021.dat
1 0 0 -64 -30 0 0 1 0 1 0 -1 0 0 3021.dat
1 0 -20 -64 70 1 0 0 0 1 0 0 0 1 3023.dat
1 0 -20 -64 -70 1 0 0 0 1 0 0 0 1 3023.dat
1 4 10 -64 70 1 0 0 0 1 0 0 0 1 3024.dat
1 4 10 -64 -70 1 0 0 0 1 0 0 0 1 3024.dat
1 0 -50 -72 70 0 0 1 0 1 0 -1 0 0 3040b.dat
1 0 -50 -72 -70 0 0 1 0 1 0 -1 0 0 3040b.dat
1 4 10 -72 70 1 0 0 0 1 0 0 0 1 3024.dat
1 4 10 -72 -70 1 0 0 0 1 0 0 0 1 3024.dat
1 0 -20 -72 70 1 0 0 0 1 0 0 0 1 3023.dat
1 0 -20 -72 -70 1 0 0 0 1 0 0 0 1 3023.dat
1 0 0 -72 0 0 0 1 0 1 0 -1 0 0 3020.dat
1 0 0 -72 50 0 0 -1 0 1 0 1 0 0 3488.dat
1 0 0 -72 -50 0 0 -1 0 1 0 1 0 0 3488.dat
1 0 -40 -80 70 1 0 0 0 1 0 0 0 1 3023.dat
1 0 -40 -80 -70 1 0 0 0 1 0 0 0 1 3023.dat
1 0 0 -80 60 1 0 0 0 1 0 0 0 1 3022.dat
1 0 0 -80 -60 1 0 0 0 1 0 0 0 1 3022.dat
1 7 20 -80 0 1 0 0 0 1 0 0 0 1 3031.dat
1 0 -30 -128 -70 0 0 1 0 1 0 -1 0 0 3359.dat
1 0 -30 -128 70 0 0 1 0 1 0 -1 0 0 3359.dat
1 0 -30 -128 70 0 0 1 0 1 0 -1 0 0 3186.dat
1 0 -30 -128 -70 0 0 1 0 1 0 -1 0 0 3186.dat
1 1 480 -16 50 1 0 0 0 1 0 0 0 1 3228a.dat
1 1 480 -16 -50 1 0 0 0 1 0 0 0 1 3228a.dat
1 15 320 0 0 0 0 1 0 1 0 -1 0 0 3034.dat
1 15 640 0 0 0 0 1 0 1 0 -1 0 0 3034.dat



0 FILE 167 - Minifig 1.ldr
0 Minifig 1
0 Name: 167 - Minifig 1.ldr
0 Author: Takeshi Takahashi [RainbowDolphin]
0 !LDRAW_ORG Model
0 !LICENSE Redistributable under CCAL version 2.0 : see CAreadme.txt

0 ROTATION CENTER 0 0 0 1 "Custom"
0 ROTATION CONFIG 0 0
1 4 0 -68 0 1 0 0 0 1 0 0 0 1 3624.dat
1 14 0 -68 0 1 0 0 0 1 0 0 0 1 3626bp01.dat
1 1 0 -44 0 1 0 0 0 1 0 0 0 1 973p18.dat
1 0 0 -12 0 1 0 0 0 1 0 0 0 1 3815.dat
1 1 -15.552 -35 0 0.985 -0.085 -0.147224 0.17 0.4925 0.853035 0 -0.866025 0.5 3818.dat
1 1 15.552 -35 0 0.985 0.17 0 -0.17 0.985 0 0 0 1 3819.dat
1 14 -20.7492 -35.4484 -21.408 0.985 -0.164183 -0.0439926 0.17 0.951293 0.254898 0 -0.25878 0.96578 3820.dat
1 14 23.8634 -17.4044 -10.321 0.985 0.12019 -0.12019 -0.17 0.696395 -0.696395 0 0.707 0.707 3820.dat
1 7 -14.2308 -73.2164 -31.476 0.985 -0.00294063 0.169903 0.17 0.0170383 -0.98444 0 0.999431 0.0172978 3900.dat
1 0 0 0 0 1 0 0 0 1 0 0 0 1 3816.dat
1 0 0 0 0 1 0 0 0 1 0 0 0 1 3817.dat



0 FILE 167 - Minifig 2.ldr
0 Minifig 2
0 Name: 167 - Minifig 2.ldr
0 Author: Takeshi Takahashi [RainbowDolphin]
0 !LDRAW_ORG Model
0 !LICENSE Redistributable under CCAL version 2.0 : see CAreadme.txt

0 ROTATION CENTER 0 0 0 1 "Custom"
0 ROTATION CONFIG 0 0
1 14 0 -71 0 1 0 0 0 1 0 0 0 1 3833.dat
1 14 0 -71 0 1 0 0 0 1 0 0 0 1 3626bp01.dat
1 14 0 -44 0 1 0 0 0 1 0 0 0 1 3840.dat
1 1 0 -44 0 1 0 0 0 1 0 0 0 1 973.dat
1 1 0 -12 0 1 0 0 0 1 0 0 0 1 3815.dat
1 1 -15.552 -35 0 0.985 -0.17 0 0.17 0.985 0 0 0 1 3818.dat
1 1 15.552 -35 0 0.985 0.17 0 -0.17 0.985 0 0 0 1 3819.dat
1 14 -23.8634 -17.4044 -10.321 0.985 -0.12019 0.12019 0.17 0.696395 -0.696395 0 0.707 0.707 3820.dat
1 14 23.863 -17.4044 -10.321 0.985 0.12019 -0.12019 -0.17 0.696395 -0.696395 0 0.707 0.707 3820.dat
1 1 0 0 0 1 0 0 0 1 0 0 0 1 3816.dat
1 1 0 0 0 1 0 0 0 1 0 0 0 1 3817.dat





