0 FILE 1680 - main.ldr
0 main
0 Name: 1680 - main.ldr
0 Author: Takeshi Takahashi [RainbowDolphin]
0 !LDRAW_ORG Model
0 !LICENSE Redistributable under CCAL version 2.0 : see CAreadme.txt
0 ROTATION CENTER 0 0 0 1 "Custom"
0 ROTATION CONFIG 0 0
1 0 0 0 0 1 0 0 0 1 0 0 0 1 1680 - Cart.ldr
1 15 -210 -24 0 0 0 1 0 1 0 -1 0 0 4493c02.dat
1 0 -220 -40 -80 0 0 1 0 1 0 -1 0 0 1680 - Minifig 1.ldr
1 0 -220 -40 80 0 0 1 0 1 0 -1 0 0 1680 - Minifig 2.ldr
1 0 -90 -86 0 0 0 1 0 1 0 -1 0 0 1680 - Minifig 3.ldr
1 4 10 -112 0 0 0 1 0 1 0 -1 0 0 4491a.dat



0 FILE 1680 - Cart.ldr
0 Cart
0 Name: 1680 - Cart.ldr
0 Author: Takeshi Takahashi [RainbowDolphin]
0 !LDRAW_ORG Model
0 !LICENSE Redistributable under CCAL version 2.0 : see CAreadme.txt
0 ROTATION CENTER 0 0 0 1 "Custom"
0 ROTATION CONFIG 0 0
1 0 0 0 0 1 0 0 0 1 0 0 0 1 3022.dat
1 0 -80 0 0 1 0 0 0 1 0 0 0 1 3022.dat
0 STEP
1 0 -80 -8 0 0 0 1 0 1 0 -1 0 0 3020.dat
1 0 0 -8 -20 0 0 1 0 1 0 -1 0 0 4488.dat
1 0 0 -8 20 0 0 -1 0 1 0 1 0 0 4488.dat
0 STEP
1 1 -160 -32 0 0 0 -1 0 1 0 1 0 0 2397.dat
1 0 -90 -16 -30 1 0 0 0 1 0 0 0 1 4085b.dat
1 0 -90 -16 30 -1 0 0 0 1 0 0 0 -1 4085b.dat
1 0 0 -16 30 1 0 0 0 1 0 0 0 1 3460.dat
1 0 0 -16 -30 1 0 0 0 1 0 0 0 1 3460.dat
0 STEP
1 0 -90 -24 -30 1 0 0 0 1 0 0 0 1 2420.dat
1 0 -90 -24 30 0 0 1 0 1 0 -1 0 0 2420.dat
1 0 20 -24 -30 1 0 0 0 1 0 0 0 1 3023.dat
1 0 20 -24 30 1 0 0 0 1 0 0 0 1 3023.dat
0 STEP
1 0 -110 -24 0 0 0 1 0 1 0 -1 0 0 3023.dat
1 0 70 -24 -30 0 0 -1 0 1 0 1 0 0 2420.dat
1 0 70 -24 30 -1 0 0 0 1 0 0 0 -1 2420.dat
0 STEP
1 0 -100 -32 0 1 0 0 0 1 0 0 0 1 3022.dat
1 0 50 -32 -30 1 0 0 0 1 0 0 0 1 3024.dat
1 0 50 -32 30 1 0 0 0 1 0 0 0 1 3024.dat
1 0 70 -32 0 0 0 1 0 1 0 -1 0 0 3710.dat
1 0 -80 -48 30 1 0 0 0 1 0 0 0 1 4865a.dat
1 0 20 -48 30 1 0 0 0 1 0 0 0 1 4865a.dat
1 0 -80 -48 -30 -1 0 0 0 1 0 0 0 -1 4865a.dat
1 0 20 -48 -30 -1 0 0 0 1 0 0 0 -1 4865a.dat
1 0 60 -48 30 1 0 0 0 1 0 0 0 1 4531.dat
1 0 60 -48 -30 1 0 0 0 1 0 0 0 1 4531.dat
1 0 90 -44 0 1 0 0 0 1 0 0 0 1 1680 - Cargo bed.ldr
0 STEP
1 1 -210 -56 0 0 0 1 0 1 0 -1 0 0 3004.dat
0 STEP
1 6 0 -3 -50 1 0 0 0 1 0 0 0 1 2470.dat
1 6 0 -3 50 -1 0 0 0 1 0 0 0 -1 2470.dat
1 14 -20 -80 0 1 0 0 0 1 0 0 0 1 3003.dat
1 14 20 -80 0 1 0 0 0 1 0 0 0 1 3003.dat
1 14 0 -104 0 1 0 0 0 1 0 0 0 1 3003.dat
1 6 -90 -32 50 1 0 0 0 1 0 0 0 1 4496.dat
1 8 -90 -24 -50 1 0 0 0 1 0 0 0 1 3876.dat



0 FILE 1680 - Cargo bed.ldr
0 Cargo bed
0 Name: 1680 - Cargo bed.ldr
0 Author: Takeshi Takahashi [RainbowDolphin]
0 !LDRAW_ORG Model
0 !LICENSE Redistributable under CCAL version 2.0 : see CAreadme.txt
0 ROTATION CENTER 0 0 0 1 "Custom"
0 ROTATION CONFIG 0 0
1 0 -30 -4 30 1 0 0 0 1 0 0 0 1 4275b.dat
1 0 -30 -4 -30 1 0 0 0 1 0 0 0 1 4275b.dat
0 STEP
1 1 -90 -12 0 1 0 0 0 1 0 0 0 1 3035.dat
0 STEP
1 1 -130 -20 -30 1 0 0 0 1 0 0 0 1 2436a.dat
1 1 -50 -20 -30 1 0 0 0 1 0 0 0 1 2436a.dat
1 1 -50 -20 30 -1 0 0 0 1 0 0 0 -1 2436a.dat
1 1 -130 -20 30 -1 0 0 0 1 0 0 0 -1 2436a.dat
0 STEP
1 1 -90 -20 -52 -1 0 0 0 0 1 0 1 0 3034.dat
1 1 -90 -20 52 1 0 0 0 0 1 0 -1 0 3034.dat



0 FILE 1680 - Minifig 1.ldr
0 Minifig 1
0 Name: 1680 - Minifig 1.ldr
0 Author: Takeshi Takahashi [RainbowDolphin]
0 !LDRAW_ORG Model
0 !LICENSE Redistributable under CCAL version 2.0 : see CAreadme.txt
0 ROTATION CENTER 0 0 0 1 "Custom"
0 ROTATION CONFIG 0 0
1 2 0 -27 0 1 0 0 0 1 0 0 0 1 4506.dat
1 4 -12 -31 5 1 0 0 0 1 0 0 0 1 87694.dat
1 14 0 -27 0 1 0 0 0 1 0 0 0 1 3626bp01.dat
1 6 0 0 0 -1 0 0 0 1 0 0 0 -1 4498.dat
1 2 0 0 0 1 0 0 0 1 0 0 0 1 973p48.dat
1 2 0 32 0 1 0 0 0 1 0 0 0 1 3815b.dat
1 4 -15.552 9 0 0.985 -0.17 0 0.17 0.985 0 0 0 1 3818.dat
1 4 15.552 9 0 0.985 0.085 0.147224 -0.17 0.4925 0.853035 0 -0.866025 0.5 3819.dat
1 14 -23.8634 26.5956 -10.321 0.985 -0.12019 0.12019 0.17 0.696395 -0.696395 0 0.707 0.707 3820.dat
1 14 20.7492 8.55162 -21.408 0.985 0.164183 0.0439926 -0.17 0.951293 0.254898 0 -0.25878 0.96578 3820.dat
1 6 -25.0326 33.3701 -15.8271 0.989139 -0.0874983 -0.11423 -0.0542438 0.506976 -0.85927 0.133213 0.856884 0.497158 4499.dat
1 2 0 44 0 1 0 0 0 1 0 0 0 1 3816b.dat
1 2 0 44 0 1 0 0 0 1 0 0 0 1 3817b.dat



0 FILE 1680 - Minifig 2.ldr
0 Minifig 2
0 Name: 1680 - Minifig 2.ldr
0 Author: Takeshi Takahashi [RainbowDolphin]
0 !LDRAW_ORG Model
0 !LICENSE Redistributable under CCAL version 2.0 : see CAreadme.txt
0 ROTATION CENTER 0 0 0 1 "Custom"
0 ROTATION CONFIG 0 0
1 6 0 -24 0 1 0 0 0 1 0 0 0 1 4506.dat
1 4 -12 -28 5 1 0 0 0 1 0 0 0 1 87693.dat
1 14 0 -24 0 1 0 0 0 1 0 0 0 1 3626bp01.dat
1 2 0 0 0 1 0 0 0 1 0 0 0 1 973p46.dat
1 2 0 32 0 1 0 0 0 1 0 0 0 1 3815b.dat
1 2 -15.552 9 0 0.985 -0.17 0 0.17 0.985 0 0 0 1 3818.dat
1 2 15.552 9 0 0.985 0.17 0 -0.17 0.985 0 0 0 1 3819.dat
1 14 -23.8634 26.5956 -10.321 0.985 -0.12019 0.12019 0.17 0.696395 -0.696395 0 0.707 0.707 3820.dat
1 14 23.8634 26.5956 -10.321 0.985 0.12019 -0.12019 -0.17 0.696395 -0.696395 0 0.707 0.707 3820.dat
1 8 -23.8951 26.7794 -26.9666 0.985 -0.0874983 0.14567 0.17 0.506976 -0.844031 0 0.856884 0.514696 3847.dat
1 2 0 44 0 1 0 0 0 1 0 0 0 1 3816b.dat
1 2 0 44 0 1 0 0 0 1 0 0 0 1 3817b.dat



0 FILE 1680 - Minifig 3.ldr
0 Minifig 3
0 Name: 1680 - Minifig 3.ldr
0 Author: Takeshi Takahashi [RainbowDolphin]
0 !LDRAW_ORG Model
0 !LICENSE Redistributable under CCAL version 2.0 : see CAreadme.txt
0 ROTATION CENTER 0 0 0 1 "Custom"
0 ROTATION CONFIG 0 0
1 2 0 -24 0 1 0 0 0 1 0 0 0 1 4506.dat
1 4 -12 -28 5 1 0 0 0 1 0 0 0 1 87692.dat
1 14 0 -24 0 1 0 0 0 1 0 0 0 1 3626bp01.dat
1 2 0 0 0 1 0 0 0 1 0 0 0 1 973p49.dat
1 2 0 32 0 1 0 0 0 1 0 0 0 1 3815b.dat
1 1 -15.552 9 0 0.985 -0.085 -0.147224 0.17 0.4925 0.853035 0 -0.866025 0.5 3818.dat
1 1 15.552 9 0 0.985 0.17 0 -0.17 0.985 0 0 0 1 3819.dat
1 14 -20.7492 8.55162 -21.408 0.985 -0.164183 -0.0439926 0.17 0.951293 0.254898 0 -0.25878 0.96578 3820.dat
1 14 23.8634 26.5956 -10.321 0.985 0.12019 -0.12019 -0.17 0.696395 -0.696395 0 0.707 0.707 3820.dat
1 0 -18.994 -1.61799 -29.9616 0.985 -0.169903 -0.00294063 0.17 0.98444 0.0170383 0 -0.0172978 0.999431 2488.dat
1 2 0 44 0 1 0 0 0 0.0174524 0.999848 0 -0.999848 0.0174524 3816b.dat
1 2 0 44 0 1 0 0 0 0.0174524 0.999848 0 -0.999848 0.0174524 3817b.dat





