0 FILE 1875 - Meteor Monitor.ldr
0 Meteor Monitor
0 Name: 1875 - Meteor Monitor.ldr
0 Author: Damien Roux [Darats]
0 !LDRAW_ORG Model
0 !LICENSE Redistributable under CCAL version 2.0 : see CAreadme.txt

0 !THEME Space / Blacktron I

1 0 0 0 0 1 0 0 0 1 0 0 0 1 1875 - Spaceship.ldr
1 0 30 -61 -32 1 0 0 0 1 0 0 0 1 1875 - Minifig.ldr

0 FILE 1875 - Spaceship.ldr
0 Spaceship
0 Name: 1875 - Spaceship.ldr
0 Author: Damien Roux [Darats]
0 !LDRAW_ORG Model
0 !LICENSE Redistributable under CCAL version 2.0 : see CAreadme.txt

0 !THEME Space / Blacktron I

1 0 0 0 0 0 0 1 0 1 0 -1 0 0 2419.dat
1 0 60 0 0 0 0 -1 0 1 0 1 0 0 2419.dat
1 15 30 -8 50 1 0 0 0 1 0 0 0 1 3710.dat
1 15 0 -8 20 0 0 1 0 1 0 -1 0 0 3023.dat
1 15 60 -8 20 0 0 1 0 1 0 -1 0 0 3023.dat
1 15 0 -8 -20 0 0 1 0 1 0 -1 0 0 4276b.dat
1 15 60 -8 -20 0 0 1 0 1 0 -1 0 0 4276b.dat
1 0 30 -8 -30 1 0 0 0 1 0 0 0 1 4598.dat
1 0 60 -28.321 -76.541 0 0 1 0.737277 0.67559 0 -0.67559 0.737277 0 2433.dat
1 36 60 -33.724 -82.44 0 0 1 0.737277 0.67559 0 -0.67559 0.737277 0 6141.dat
1 0 0 -28.323 -76.541 0 0 1 0.737277 0.67559 0 -0.67559 0.737277 0 2433.dat
1 36 0 -33.724 -82.44 0 0 1 0.737277 0.67559 0 -0.67559 0.737277 0 6141.dat
1 0 60 -32 40 0 0 -1 0 1 0 1 0 0 3937.dat
1 0 60 -32 0 0 0 -1 0 1 0 1 0 0 3937.dat
1 0 0 -32 0 0 0 1 0 1 0 -1 0 0 3937.dat
1 0 0 -32 40 0 0 1 0 1 0 -1 0 0 3937.dat
1 0 67.071 -29.071 40 0.707107 -0.707107 0 0.707107 0.707107 0 0 0 1 1875 - Spaceship - Wing.ldr
1 0 -7.071 -29.071 40 0.707107 0.707107 0 -0.707107 0.707107 0 0 0 1 1875 - Spaceship - Wing.ldr


0 FILE 1875 - Spaceship - Wing.ldr
0 Spaceship - Wing
0 Name: 1875 - Spaceship - Wing.ldr
0 Author: Damien Roux [Darats]
0 !LDRAW_ORG Model
0 !LICENSE Redistributable under CCAL version 2.0 : see CAreadme.txt

0 !THEME Space / Blacktron I

1 15 0 0 0 0 0 1 0 1 0 -1 0 0 3938.dat
1 15 0 0 -40 0 0 1 0 1 0 -1 0 0 3938.dat
1 0 0 -72 20 1 0 0 0 1 0 0 0 1 2340.dat
1 15 0 -88 20 1 0 0 0 1 0 0 0 1 4595.dat
1 36 0 -78 -16 1 0 0 0 0 1 0 -1 0 4740.dat


0 FILE 1875 - Minifig.ldr
0 Minifig
0 Name: 1875 - Minifig.ldr
0 Author: Damien Roux [Darats]
0 !LDRAW_ORG Model
0 !LICENSE Redistributable under CCAL version 2.0 : see CAreadme.txt

0 !THEME Space / Blacktron I

1 0 0 0 0 1 0 0 0 1 0 0 0 1 973p52.dat
1 0 0 32 0 1 0 0 0 1 0 0 0 1 3815.dat
1 0 -15.552 9 0 0.985 -0.122288 -0.118092 0.17 0.70855 0.684238 0 -0.694658 0.71934 3818.dat
1 0 15.552 9 0 0.985 0.0581434 0.159748 -0.17 0.33689 0.925597 0 -0.939693 0.34202 3819.dat
1 0 -21.7494 14.3471 -20.4568 0.985 -0.169948 0.00296646 0.17 0.984701 -0.017188 0 0.0174498 0.999697 3820.dat
1 0 20.1161 4.8833 -21.1596 0.967826 0.239311 0.0718343 -0.247146 0.874365 0.416216 0.036828 -0.420946 0.906171 3820.dat
1 0 0 44 0 1 0 0 0 0 1 0 -1 0 3817.dat
1 0 0 44 0 1 0 0 0 0 1 0 -1 0 3816.dat
1 0 0 -27 0 0.866025 0 0.5 0 1 0 -0.5 0 0.866025 1875 - Minifig - Helmet.ldr
1 14 0 -27 0 0.866025 0 0.5 0 1 0 -0.5 0 0.866025 3626bp01.dat
1 0 0 0 0 1 0 0 0 1 0 0 0 1 3838.dat

0 FILE 1875 - Minifig - Helmet.ldr
0 Minifig - Helmet
0 Name: 1875 - Minifig - Helmet.ldr
0 Author: Damien Roux [Darats]
0 !LDRAW_ORG Model
0 !LICENSE Redistributable under CCAL version 2.0 : see CAreadme.txt

0 !THEME Space / Blacktron I

1 0 0 0 0 1 0 0 0 1 0 0 0 1 2446.dat
1 0 0 2.771 5.326 1 0 0 0 0.573576 0.819152 0 -0.819152 0.573576 2447.dat



