0 FILE 21003 - Seattle Space Needle.ldr
0 Seattle Space Needle
0 Name: 21003 - Seattle Space Needle.ldr
0 Author: Damien Roux [Darats]
0 !LDRAW_ORG Model
0 !LICENSE Redistributable under CCAL version 2.0 : see CAreadme.txt

0 !THEME Architecture

0 !HISTORY 2016-02-15 [legolijntje] Inlinded the (unofficial) LSynth parts
0 !HISTORY 2020-02-13 [Plastikean] Removed LSynth parts, replaced with LDCad flex objects

1 0 0 -7 40 -1 0 0 0 1 0 0 0 -1 3030.dat
1 0 0 -7 -40 -1 0 0 0 1 0 0 0 -1 3030.dat
1 0 90 -15 0 0 0 1 0 1 0 -1 0 0 4162.dat
1 0 -90 -15 0 0 0 1 0 1 0 -1 0 0 4162.dat
1 0 0 -15 70 1 0 0 0 1 0 0 0 1 4162.dat
1 0 0 -15 -70 1 0 0 0 1 0 0 0 1 4162p0c.dat
1 71 40 -15 0 0 0 1 0 1 0 -1 0 0 3032.dat
1 71 -40 -15 0 0 0 1 0 1 0 -1 0 0 3032.dat
1 71 70 -23 0 0 0 1 0 1 0 -1 0 0 6636.dat
1 71 -70 -23 0 0 0 1 0 1 0 -1 0 0 6636.dat
1 71 0 -23 50 1 0 0 0 1 0 0 0 1 6636.dat
1 71 0 -23 -50 1 0 0 0 1 0 0 0 1 6636.dat
1 71 40 -23 20 1 0 0 0 1 0 0 0 1 3068b.dat
1 71 40 -23 -20 1 0 0 0 1 0 0 0 1 3068b.dat
1 71 -40 -23 -20 1 0 0 0 1 0 0 0 1 3068b.dat
1 71 -40 -23 20 1 0 0 0 1 0 0 0 1 3068b.dat
1 71 0 -23 0 1 0 0 0 1 0 0 0 1 4032b.dat
1 71 0 -31 0 1 0 0 0 1 0 0 0 1 4032b.dat
1 71 0 -65 0 0 1 0 -1 0 0 0 0 1 32073.dat
1 71 0 -39 0 1 0 0 0 1 0 0 0 1 44375a.dat
1 0 0 -53 0 -1 0 0 0 1 0 0 0 -1 21003 - Bush.ldr
1 71 0 -68 0 -1 0 0 0 0 1 0 1 0 32123a.dat
1 71 0 -81 0 1 0 0 0 0 -1 0 1 0 32198.dat
1 71 0 -87 0 -1 0 0 0 0 1 0 1 0 32198.dat
1 71 0 -115 0 -1 0 0 0 0 1 0 1 0 59443.dat
1 4 0 -135 0 0 0 1 1 0 0 0 1 0 32062.dat
1 71 0 -155 0 -1 0 0 0 0 1 0 1 0 59443.dat
1 4 0 -175 0 0 0 1 1 0 0 0 1 0 32062.dat
1 71 0 -195 0 -1 0 0 0 0 1 0 1 0 59443.dat
1 4 0 -215 0 0 0 1 1 0 0 0 1 0 32062.dat
1 71 0 -235 0 -1 0 0 0 0 1 0 1 0 59443.dat
1 4 0 -255 0 0 0 1 1 0 0 0 1 0 32062.dat
1 71 0 -275 0 -1 0 0 0 0 1 0 1 0 59443.dat
1 71 0 -305 0 0 0 1 1 0 0 0 1 0 4519.dat
1 71 0 -385 0 0 0 1 1 0 0 0 1 0 32073.dat
1 71 0 -300 0 1 0 0 0 0 -1 0 1 0 4185.dat
1 71 0 -310 0 -1 0 0 0 0 1 0 1 0 32123a.dat
1 71 0 -335 0 -1 0 0 0 0 1 0 1 0 59443.dat
1 0 0 -365 0 -1 0 0 0 1 0 0 0 -1 21003 - Bush.ldr
1 71 0 -379 0 -1 0 0 0 -1 0 0 0 1 44375a.dat
1 71 0 -387 0 -1 0 0 0 -1 0 0 0 1 4032b.dat
1 71 0 -405 0 -1 0 0 0 0 -1 0 -1 0 3649.dat
1 71 0 -423 0 1 0 0 0 1 0 0 0 1 4032b.dat
1 71 0 -431 0 1 0 0 0 1 0 0 0 1 44375a.dat
1 71 0 -447 0 1 0 0 0 1 0 0 0 1 3960.dat
1 71 0 -455 0 1 0 0 0 1 0 0 0 1 6141.dat
1 71 0 -463 0 1 0 0 0 1 0 0 0 1 4740.dat
1 71 0 -471 0 1 0 0 0 1 0 0 0 1 3957a.dat
1 71 -34.661 -48 20 0 0.5 -0.866 -1 0 0 0 0.866 0.5 21003 - rigid3mmHose17L.ldr
1 71 34.641 -48 20 0 0.5 0.866 -1 0 0 0 -0.866 0.5 21003 - rigid3mmHose17L.ldr
1 71 0 -48 -40 0 -1 0 -1 0 0 0 0 -1 21003 - rigid3mmHose17L.ldr

0 FILE 21003 - Bush.ldr
0 Bush
0 Name: 21003 - Bush.ldr
0 Author: Damien Roux [Darats]
0 !LDRAW_ORG Model
0 !LICENSE Redistributable under CCAL version 2.0 : see CAreadme.txt

0 !THEME Architecture

1 71 0 0 0 1 0 0 0 1 0 0 0 1 57585.dat
1 71 0 0 40 0 1 0 -1 0 0 0 0 1 32013.dat
1 71 -34.641 0 -20 0 -0.5 -0.866025 -1 0 0 0 0.866025 -0.5 32013.dat
1 71 34.641 0 -20 0 -0.5 0.866025 -1 0 0 0 -0.866025 -0.5 32013.dat

0 FILE 21003 - rigid3mmHose17L.ldr
0 Rigid 3mm hose 17L path
0 Name: 21003 - rigid3mmHose17L.ldr
0 Author: LDCad
0 !LICENSE Redistributable under CCAL version 2.0 : see CAreadme.txt

0 !CATEGORY Technic
0 !KEYWORDS flexible

0 !LDCAD CONTENT [type=path] [addFallBack=default] [looped=false] [displayKind=L] [curveStep=0] [displayLenCor=0]
0 !LDCAD PATH_POINT [type=bezier] [posOri=-1.15 0 2.1 0 -0.975342 -0.220697 -1 0 0 0 0.220697 -0.975342] [prevCPDist=25] [nextCPDist=50] [cirR=25] [cirDir=xyCW] [prevYRoll=0] [nextYRoll=0]
0 !LDCAD PATH_POINT [type=bezier] [posOri=188 0 -27.75 0 -1 0 -1 0 0 0 0 -1] [prevCPDist=70] [nextCPDist=15] [cirR=25] [cirDir=xyCW] [prevYRoll=0] [nextYRoll=0]
0 !LDCAD PATH_POINT [type=bezier] [posOri=253 0 -19.1 0 -0.961262 0.275637 -1 0 0 0 -0.275637 -0.961262] [prevCPDist=25] [nextCPDist=15] [cirR=25] [cirDir=xyCW] [prevYRoll=0] [nextYRoll=0]
0 !LDCAD PATH_POINT [type=bezier] [posOri=325 0 2.1 0 -0.978148 0.207912 -1 0 0 0 -0.207912 -0.978148] [prevCPDist=15] [nextCPDist=25] [cirR=25] [cirDir=xyCW] [prevYRoll=0] [nextYRoll=0]

0 !LDCAD PATH_SKIN [donCol=16] [donOri=-1 0 0 0 -1 0 0 0 1] [donPart=ldcRigid3mmHoseCap.dat] [donYSize=200%] [donCen=absCen] [donCenYOfs=0] [donFinScale=fitDon2Seg] [donPlace=deform] [donYAlign=0] [donInline=false] [segSize=100%] [segSizeTol=5%] [segsCnt=1] [segsGrp=0] [segsMaxMerge=1] [segsMrgAng=0] [segsMrgRollAng=0] [segsEdgeDelKind=keepFirstLeft]
0 !LDCAD PATH_SKIN [donCol=16] [donOri=1 0 0 0 1 0 0 0 1] [donPart=77.dat] [donYSize=100%] [donCen=absCen] [donCenYOfs=0] [donFinScale=segMerge] [donPlace=refsStat] [donYAlign=0] [donInline=false] [segSize=50%] [segSizeTol=5%] [segsCnt=0] [segsGrp=0] [segsMaxMerge=1] [segsMrgAng=0] [segsMrgRollAng=0] [segsEdgeDelKind=keepFirstLeft]
0 !LDCAD PATH_SKIN [donCol=16] [donOri=1 0 0 0 1 0 0 0 1] [donPart=ldcRigid3mmHoseCap.dat] [donYSize=200%] [donCen=absCen] [donCenYOfs=0] [donFinScale=fitDon2Seg] [donPlace=deform] [donYAlign=0] [donInline=false] [segSize=100%] [segSizeTol=5%] [segsCnt=1] [segsGrp=0] [segsMaxMerge=1] [segsMrgAng=0] [segsMrgRollAng=0] [segsEdgeDelKind=keepFirstLeft]

0 !LDCAD GENERATED [generator=LDCad 1.6c]
0 //This is the fallback LDraw content for above PATH configuration.
0 // Do not edit, any changes will be lost upon regeneration.
0 // The path is approx 133.11 mm (332.78) and exists out of 660 segments.

0 //Some general hints about the document.
0 UNOFFICIAL PART
0 BFC CERTIFY CCW

0 //Some of this content has been generated from other LDraw files, many thanks to all involved.
0 // Credits for "ldcRigid3mmHoseCap.dat":
0 //  Author: LDCad
0 // Credits for "4-4cyli.dat":
0 //  Author: James Jessiman
0 //  History:
0 //   1998-12-15 [PTadmin] Official Update 1998-10
0 //   2002-03-23 [sbliss] Added BFC statement; merged headers from files in distributions LDraw 0.27 and Complete.
0 //   2002-04-25 [PTadmin] Official Update 2002-02
0 //   2004-12-14 [guyvivan] BFC CCW
0 //   2005-12-28 [PTadmin] Official Update 2005-01
0 //   2007-06-24 [PTadmin] Header formatted for Contributor Agreement
0 //   2008-07-01 [PTadmin] Official Update 2008-01
0 // Credits for "4-4ring1.dat":
0 //  Author: James Jessiman
0 //  History:
0 //   1998-12-15 [PTadmin] Official Update 1998-10
0 //   2002-04-08 [BrickCaster] Modified for BFC compliance
0 //   2002-04-25 [PTadmin] Official Update 2002-02
0 //   2007-06-24 [PTadmin] Header formatted for Contributor Agreement
0 //   2008-07-01 [PTadmin] Official Update 2008-01
0 //   2008-08-26 [cwdee] Switch polygon winding and rename
0 //   2009-05-02 [PTadmin] Official Update 2009-01
0 // Credits for "4-4edge.dat":
0 //  Author: James Jessiman
0 //  History:
0 //   1998-12-15 [PTadmin] Official Update 1998-10
0 //   2005-12-28 [PTadmin] Official Update 2005-01
0 //   2007-06-24 [PTadmin] Header formatted for Contributor Agreement
0 //   2008-07-01 [PTadmin] Official Update 2008-01
0 //   2017-01-15 [Steffen] BFCed
0 //   2017-12-30 [PTadmin] Official Update 2017-01
0 // Credits for "ldcConRing-4-4.dat":
0 //  Author: LDCad

0 //Segments
0 // Segment 1, this block is (recursively) generated from "ldcRigid3mmHoseCap.dat"
4 16 0.80033 4 1.657042 0.460719 3.6956 0.164389 -1.487844 3.695599 0.606946 -1.150001 3.999999 2.1
4 16 0.460719 3.6956 0.164389 0.172844 2.8284 -1.100875 -1.77422 2.828399 -0.658657 -1.487844 3.695599 0.606946
4 16 0.172844 2.8284 -1.100875 -0.019546 1.5308 -1.946465 -1.965608 1.5308 -1.504474 -1.77422 2.828399 -0.658657
4 16 -0.019546 1.5308 -1.946465 -0.087078 0 -2.243279 -2.032788 0 -1.801368 -1.965608 1.5308 -1.504474
4 16 -0.087078 0 -2.243279 -0.019546 -1.5308 -1.946465 -1.965608 -1.5308 -1.504474 -2.032788 0 -1.801368
4 16 -0.019546 -1.5308 -1.946465 0.172844 -2.8284 -1.100875 -1.774219 -2.828399 -0.658657 -1.965608 -1.5308 -1.504474
4 16 0.172844 -2.8284 -1.100875 0.460719 -3.6956 0.164389 -1.487842 -3.695599 0.606946 -1.774219 -2.828399 -0.658657
4 16 0.460719 -3.6956 0.164389 0.80033 -4 1.657042 -1.149999 -3.999999 2.1 -1.487842 -3.695599 0.606946
4 16 0.80033 -4 1.657042 1.139941 -3.6956 3.149695 -0.812156 -3.695599 3.593054 -1.149999 -3.999999 2.1
4 16 1.139941 -3.6956 3.149695 1.427816 -2.8284 4.414959 -0.52578 -2.828399 4.858657 -0.812156 -3.695599 3.593054
4 16 1.427816 -2.8284 4.414959 1.620206 -1.5308 5.260549 -0.334392 -1.5308 5.704474 -0.52578 -2.828399 4.858657
4 16 1.620206 -1.5308 5.260549 1.687738 0 5.557363 -0.267212 0 6.001368 -0.334392 -1.5308 5.704474
4 16 1.687738 0 5.557363 1.620206 1.5308 5.260549 -0.334393 1.5308 5.704474 -0.267212 0 6.001368
4 16 1.620206 1.5308 5.260549 1.427816 2.8284 4.414959 -0.525781 2.828399 4.858657 -0.334393 1.5308 5.704474
4 16 1.427816 2.8284 4.414959 1.139941 3.6956 3.149695 -0.812158 3.695599 3.593054 -0.525781 2.828399 4.858657
4 16 1.139941 3.6956 3.149695 0.80033 4 1.657042 -1.150001 3.999999 2.1 -0.812158 3.695599 3.593054
4 16 -1.15 2 2.1 -1.318922 1.8478 1.353473 0.630525 1.8478 0.910715 0.80033 2 1.657042
4 16 -1.318922 1.8478 1.353473 -1.46211 1.4142 0.720671 0.486587 1.4142 0.278083 0.630525 1.8478 0.910715
4 16 -1.46211 1.4142 0.720671 -1.557804 0.7654 0.297763 0.390392 0.7654 -0.144712 0.486587 1.4142 0.278083
4 16 -1.557804 0.7654 0.297763 -1.591394 0 0.149316 0.356626 0 -0.293119 0.390392 0.7654 -0.144712
4 16 -1.591394 0 0.149316 -1.557804 -0.7654 0.297763 0.390392 -0.7654 -0.144712 0.356626 0 -0.293119
4 16 -1.557804 -0.7654 0.297763 -1.462109 -1.4142 0.720671 0.486587 -1.4142 0.278083 0.390392 -0.7654 -0.144712
4 16 -1.462109 -1.4142 0.720671 -1.318921 -1.8478 1.353473 0.630525 -1.8478 0.910715 0.486587 -1.4142 0.278083
4 16 -1.318921 -1.8478 1.353473 -1.149999 -2 2.1 0.80033 -2 1.657042 0.630525 -1.8478 0.910715
4 16 -1.149999 -2 2.1 -0.981078 -1.8478 2.846527 0.970136 -1.8478 2.403368 0.80033 -2 1.657042
4 16 -0.981078 -1.8478 2.846527 -0.83789 -1.4142 3.479329 1.114073 -1.4142 3.036 0.970136 -1.8478 2.403368
4 16 -0.83789 -1.4142 3.479329 -0.742196 -0.7654 3.902237 1.210268 -0.7654 3.458795 1.114073 -1.4142 3.036
4 16 -0.742196 -0.7654 3.902237 -0.708606 0 4.050684 1.244034 0 3.607202 1.210268 -0.7654 3.458795
4 16 -0.708606 0 4.050684 -0.742196 0.7654 3.902237 1.210268 0.7654 3.458795 1.244034 0 3.607202
4 16 -0.742196 0.7654 3.902237 -0.837891 1.4142 3.479329 1.114073 1.4142 3.036 1.210268 0.7654 3.458795
4 16 -0.837891 1.4142 3.479329 -0.981079 1.8478 2.846527 0.970135 1.8478 2.403368 1.114073 1.4142 3.036
4 16 -0.981079 1.8478 2.846527 -1.15 2 2.1 0.80033 2 1.657042 0.970135 1.8478 2.403368
4 16 -1.965608 -1.5308 -1.504474 -1.557804 -0.7654 0.297763 -1.591394 0 0.149316 -2.032788 0 -1.801368
4 16 -1.774219 -2.828399 -0.658657 -1.462109 -1.4142 0.720671 -1.557804 -0.7654 0.297763 -1.965608 -1.5308 -1.504474
4 16 -1.487842 -3.695599 0.606946 -1.318921 -1.8478 1.353473 -1.462109 -1.4142 0.720671 -1.774219 -2.828399 -0.658657
4 16 -1.149999 -3.999999 2.1 -1.149999 -2 2.1 -1.318921 -1.8478 1.353473 -1.487842 -3.695599 0.606946
4 16 -0.812156 -3.695599 3.593054 -0.981078 -1.8478 2.846527 -1.149999 -2 2.1 -1.149999 -3.999999 2.1
4 16 -0.52578 -2.828399 4.858657 -0.83789 -1.4142 3.479329 -0.981078 -1.8478 2.846527 -0.812156 -3.695599 3.593054
4 16 -0.334392 -1.5308 5.704474 -0.742196 -0.7654 3.902237 -0.83789 -1.4142 3.479329 -0.52578 -2.828399 4.858657
4 16 -0.267212 0 6.001368 -0.708606 0 4.050684 -0.742196 -0.7654 3.902237 -0.334392 -1.5308 5.704474
4 16 -0.334393 1.5308 5.704474 -0.742196 0.7654 3.902237 -0.708606 0 4.050684 -0.267212 0 6.001368
4 16 -0.525781 2.828399 4.858657 -0.837891 1.4142 3.479329 -0.742196 0.7654 3.902237 -0.334393 1.5308 5.704474
4 16 -0.812158 3.695599 3.593054 -0.981079 1.8478 2.846527 -0.837891 1.4142 3.479329 -0.525781 2.828399 4.858657
4 16 -1.150001 3.999999 2.1 -1.15 2 2.1 -0.981079 1.8478 2.846527 -0.812158 3.695599 3.593054
4 16 -1.487844 3.695599 0.606946 -1.318922 1.8478 1.353473 -1.15 2 2.1 -1.150001 3.999999 2.1
4 16 -1.77422 2.828399 -0.658657 -1.46211 1.4142 0.720671 -1.318922 1.8478 1.353473 -1.487844 3.695599 0.606946
4 16 -1.965608 1.5308 -1.504474 -1.557804 0.7654 0.297763 -1.46211 1.4142 0.720671 -1.77422 2.828399 -0.658657
4 16 -2.032788 0 -1.801368 -1.591394 0 0.149316 -1.557804 0.7654 0.297763 -1.965608 1.5308 -1.504474
2 24 -1.150001 3.999999 2.1 -1.487844 3.695599 0.606946
2 24 -1.487844 3.695599 0.606946 -1.77422 2.828399 -0.658657
2 24 -1.77422 2.828399 -0.658657 -1.965608 1.5308 -1.504474
2 24 -1.965608 1.5308 -1.504474 -2.032788 0 -1.801368
2 24 -2.032788 0 -1.801368 -1.965608 -1.5308 -1.504474
2 24 -1.965608 -1.5308 -1.504474 -1.774219 -2.828399 -0.658657
2 24 -1.774219 -2.828399 -0.658657 -1.487842 -3.695599 0.606946
2 24 -1.487842 -3.695599 0.606946 -1.149999 -3.999999 2.1
2 24 -1.149999 -3.999999 2.1 -0.812156 -3.695599 3.593054
2 24 -0.812156 -3.695599 3.593054 -0.52578 -2.828399 4.858657
2 24 -0.52578 -2.828399 4.858657 -0.334392 -1.5308 5.704474
2 24 -0.334392 -1.5308 5.704474 -0.267212 0 6.001368
2 24 -0.267212 0 6.001368 -0.334393 1.5308 5.704474
2 24 -0.334393 1.5308 5.704474 -0.525781 2.828399 4.858657
2 24 -0.525781 2.828399 4.858657 -0.812158 3.695599 3.593054
2 24 -0.812158 3.695599 3.593054 -1.150001 3.999999 2.1
5 24 -1.150001 3.999999 2.1 0.80033 4 1.657042 -1.487844 3.695599 0.606946 -0.812158 3.695599 3.593054
5 24 -1.487844 3.695599 0.606946 0.460719 3.6956 0.164389 -1.77422 2.828399 -0.658657 -1.150001 3.999999 2.1
5 24 -1.77422 2.828399 -0.658657 0.172844 2.8284 -1.100875 -1.965608 1.5308 -1.504474 -1.487844 3.695599 0.606946
5 24 -1.965608 1.5308 -1.504474 -0.019546 1.5308 -1.946465 -2.032788 0 -1.801368 -1.77422 2.828399 -0.658657
5 24 -2.032788 0 -1.801368 -0.087078 0 -2.243279 -1.965608 -1.5308 -1.504474 -1.965608 1.5308 -1.504474
5 24 -1.965608 -1.5308 -1.504474 -0.019546 -1.5308 -1.946465 -1.774219 -2.828399 -0.658657 -2.032788 0 -1.801368
5 24 -1.774219 -2.828399 -0.658657 0.172844 -2.8284 -1.100875 -1.487842 -3.695599 0.606946 -1.965608 -1.5308 -1.504474
5 24 -1.487842 -3.695599 0.606946 0.460719 -3.6956 0.164389 -1.149999 -3.999999 2.1 -1.774219 -2.828399 -0.658657
5 24 -1.149999 -3.999999 2.1 0.80033 -4 1.657042 -0.812156 -3.695599 3.593054 -1.487842 -3.695599 0.606946
5 24 -0.812156 -3.695599 3.593054 1.139941 -3.6956 3.149695 -0.52578 -2.828399 4.858657 -1.149999 -3.999999 2.1
5 24 -0.52578 -2.828399 4.858657 1.427816 -2.8284 4.414959 -0.334392 -1.5308 5.704474 -0.812156 -3.695599 3.593054
5 24 -0.334392 -1.5308 5.704474 1.620206 -1.5308 5.260549 -0.267212 0 6.001368 -0.52578 -2.828399 4.858657
5 24 -0.267212 0 6.001368 1.687738 0 5.557363 -0.334393 1.5308 5.704474 -0.334392 -1.5308 5.704474
5 24 -0.334393 1.5308 5.704474 1.620206 1.5308 5.260549 -0.525781 2.828399 4.858657 -0.267212 0 6.001368
5 24 -0.525781 2.828399 4.858657 1.427816 2.8284 4.414959 -0.812158 3.695599 3.593054 -0.334393 1.5308 5.704474
5 24 -0.812158 3.695599 3.593054 1.139941 3.6956 3.149695 -1.150001 3.999999 2.1 -0.525781 2.828399 4.858657
5 24 -1.15 2 2.1 0.80033 2 1.657042 -1.318922 1.8478 1.353473 -0.981079 1.8478 2.846527
5 24 -1.318922 1.8478 1.353473 0.630525 1.8478 0.910715 -1.46211 1.4142 0.720671 -1.15 2 2.1
5 24 -1.46211 1.4142 0.720671 0.486587 1.4142 0.278083 -1.557804 0.7654 0.297763 -1.318922 1.8478 1.353473
5 24 -1.557804 0.7654 0.297763 0.390392 0.7654 -0.144712 -1.591394 0 0.149316 -1.46211 1.4142 0.720671
5 24 -1.591394 0 0.149316 0.356626 0 -0.293119 -1.557804 -0.7654 0.297763 -1.557804 0.7654 0.297763
5 24 -1.557804 -0.7654 0.297763 0.390392 -0.7654 -0.144712 -1.462109 -1.4142 0.720671 -1.591394 0 0.149316
5 24 -1.462109 -1.4142 0.720671 0.486587 -1.4142 0.278083 -1.318921 -1.8478 1.353473 -1.557804 -0.7654 0.297763
5 24 -1.318921 -1.8478 1.353473 0.630525 -1.8478 0.910715 -1.149999 -2 2.1 -1.462109 -1.4142 0.720671
5 24 -1.149999 -2 2.1 0.80033 -2 1.657042 -0.981078 -1.8478 2.846527 -1.318921 -1.8478 1.353473
5 24 -0.981078 -1.8478 2.846527 0.970136 -1.8478 2.403368 -0.83789 -1.4142 3.479329 -1.149999 -2 2.1
5 24 -0.83789 -1.4142 3.479329 1.114073 -1.4142 3.036 -0.742196 -0.7654 3.902237 -0.981078 -1.8478 2.846527
5 24 -0.742196 -0.7654 3.902237 1.210268 -0.7654 3.458795 -0.708606 0 4.050684 -0.83789 -1.4142 3.479329
5 24 -0.708606 0 4.050684 1.244034 0 3.607202 -0.742196 0.7654 3.902237 -0.742196 -0.7654 3.902237
5 24 -0.742196 0.7654 3.902237 1.210268 0.7654 3.458795 -0.837891 1.4142 3.479329 -0.708606 0 4.050684
5 24 -0.837891 1.4142 3.479329 1.114073 1.4142 3.036 -0.981079 1.8478 2.846527 -0.742196 0.7654 3.902237
5 24 -0.981079 1.8478 2.846527 0.970135 1.8478 2.403368 -1.15 2 2.1 -0.837891 1.4142 3.479329
5 24 0.80033 4 1.657042 0.460719 3.6956 0.164389 -1.150001 3.999999 2.1 1.287503 4 1.546003
5 24 0.460719 3.6956 0.164389 0.172844 2.8284 -1.100875 -1.487844 3.695599 0.606946 0.947606 3.6956 0.053415
5 24 0.172844 2.8284 -1.100875 -0.019546 1.5308 -1.946465 -1.77422 2.828399 -0.658657 0.65949 2.8284 -1.211794
5 24 -0.019546 1.5308 -1.946465 -0.087078 0 -2.243279 -1.965608 1.5308 -1.504474 0.466938 1.5308 -2.057347
5 24 -0.087078 0 -2.243279 -0.019546 -1.5308 -1.946465 -2.032788 0 -1.801368 0.399349 0 -2.354148
5 24 -0.019546 -1.5308 -1.946465 0.172844 -2.8284 -1.100875 -1.965608 -1.5308 -1.504474 0.466938 -1.5308 -2.057347
5 24 0.172844 -2.8284 -1.100875 0.460719 -3.6956 0.164389 -1.774219 -2.828399 -0.658657 0.65949 -2.8284 -1.211794
5 24 0.460719 -3.6956 0.164389 0.80033 -4 1.657042 -1.487842 -3.695599 0.606946 0.947607 -3.6956 0.053416
5 24 0.80033 -4 1.657042 1.139941 -3.6956 3.149695 -1.149999 -3.999999 2.1 1.287503 -4 1.546003
5 24 1.139941 -3.6956 3.149695 1.427816 -2.8284 4.414959 -0.812156 -3.695599 3.593054 1.627399 -3.6956 3.038591
5 24 1.427816 -2.8284 4.414959 1.620206 -1.5308 5.260549 -0.52578 -2.828399 4.858657 1.915516 -2.8284 4.303801
5 24 1.620206 -1.5308 5.260549 1.687738 0 5.557363 -0.334392 -1.5308 5.704474 2.108068 -1.5308 5.149354
5 24 1.687738 0 5.557363 1.620206 1.5308 5.260549 -0.267212 0 6.001368 2.175656 0 5.446155
5 24 1.620206 1.5308 5.260549 1.427816 2.8284 4.414959 -0.334393 1.5308 5.704474 2.108068 1.5308 5.149354
5 24 1.427816 2.8284 4.414959 1.139941 3.6956 3.149695 -0.525781 2.828399 4.858657 1.915516 2.8284 4.303801
5 24 1.139941 3.6956 3.149695 0.80033 4 1.657042 -0.812158 3.695599 3.593054 1.627399 3.6956 3.038591

1 16 1.774838 0 1.434928 0 -0.97467 -0.222225 -1 0 0 0 0.222151 -0.974995 77.dat
1 16 2.505434 0 1.268408 0 -0.97467 -0.222225 -1 0 0 0 0.222151 -0.974995 77.dat
1 16 2.991977 0 1.156112 0 -0.974264 -0.224002 -1 0 0 0 0.223927 -0.974589 77.dat
1 16 3.478775 0 1.044925 0 -0.974467 -0.223114 -1 0 0 0 0.22304 -0.974792 77.dat
1 16 3.965521 0 0.933517 0 -0.974467 -0.223114 -1 0 0 0 0.22304 -0.974792 77.dat
1 16 4.451996 0 0.820928 0 -0.974105 -0.22469 -1 0 0 0 0.224615 -0.97443 77.dat
1 16 4.938697 0 0.709322 0 -0.974286 -0.223904 -1 0 0 0 0.223829 -0.974611 77.dat
1 16 5.425353 0 0.597519 0 -0.974286 -0.223904 -1 0 0 0 0.223829 -0.974611 77.dat
1 16 5.91177 0 0.484678 0 -0.973967 -0.22529 -1 0 0 0 0.225215 -0.974292 77.dat
1 16 6.398385 0 0.3727 0 -0.974126 -0.2246 -1 0 0 0 0.224525 -0.974451 77.dat
1 16 6.884961 0 0.260549 0 -0.974126 -0.2246 -1 0 0 0 0.224525 -0.974451 77.dat
1 16 7.371328 0 0.147496 0 -0.973848 -0.225805 -1 0 0 0 0.22573 -0.974172 77.dat
1 16 7.857869 0 0.035192 0 -0.973986 -0.225207 -1 0 0 0 0.225132 -0.974311 77.dat
1 16 8.344375 0 -0.077261 0 -0.973986 -0.225207 -1 0 0 0 0.225132 -0.974311 77.dat
1 16 8.830701 0 -0.19049 0 -0.973747 -0.226241 -1 0 0 0 0.226165 -0.974071 77.dat
1 16 9.317176 0 -0.303075 0 -0.973866 -0.225728 -1 0 0 0 0.225653 -0.97419 77.dat
1 16 9.803622 0 -0.415789 0 -0.973866 -0.225728 -1 0 0 0 0.225653 -0.97419 77.dat
1 16 10.289916 0 -0.529155 0 -0.973663 -0.226599 -1 0 0 0 0.226524 -0.973988 77.dat
1 16 10.776336 0 -0.641981 0 -0.973763 -0.226169 -1 0 0 0 0.226093 -0.974088 77.dat
1 16 11.26273 0 -0.754914 0 -0.973763 -0.226169 -1 0 0 0 0.226093 -0.974088 77.dat
1 16 11.749 0 -0.868384 0 -0.973597 -0.226884 -1 0 0 0 0.226808 -0.973922 77.dat
1 16 12.235374 0 -0.98141 0 -0.973679 -0.226531 -1 0 0 0 0.226455 -0.974004 77.dat
1 16 12.721726 0 -1.094524 0 -0.973679 -0.226531 -1 0 0 0 0.226455 -0.974004 77.dat
1 16 13.208079 0 -1.207638 0 -0.973679 -0.226531 -1 0 0 0 0.226455 -0.974004 77.dat
1 16 13.694303 0 -1.321305 0 -0.973508 -0.227268 -1 0 0 0 0.227192 -0.973832 77.dat
1 16 14.180633 0 -1.434516 0 -0.973592 -0.226905 -1 0 0 0 0.226829 -0.973917 77.dat
1 16 14.666942 0 -1.547817 0 -0.973592 -0.226905 -1 0 0 0 0.226829 -0.973917 77.dat
1 16 15.153184 0 -1.661408 0 -0.973502 -0.227292 -1 0 0 0 0.227216 -0.973827 77.dat
1 16 15.639481 0 -1.77476 0 -0.973546 -0.227102 -1 0 0 0 0.227026 -0.973871 77.dat
1 16 16.125767 0 -1.88816 0 -0.973546 -0.227102 -1 0 0 0 0.227026 -0.973871 77.dat
1 16 16.61201 0 -2.001746 0 -0.973488 -0.227351 -1 0 0 0 0.227275 -0.973813 77.dat
1 16 17.098288 0 -2.115178 0 -0.973517 -0.227229 -1 0 0 0 0.227153 -0.973841 77.dat
1 16 17.58456 0 -2.228641 0 -0.973517 -0.227229 -1 0 0 0 0.227153 -0.973841 77.dat
1 16 18.07081 0 -2.342194 0 -0.973489 -0.227349 -1 0 0 0 0.227273 -0.973813 77.dat
1 16 18.557078 0 -2.455673 0 -0.973502 -0.22729 -1 0 0 0 0.227215 -0.973827 77.dat
1 16 19.043342 0 -2.569167 0 -0.973502 -0.22729 -1 0 0 0 0.227215 -0.973827 77.dat
1 16 19.529606 0 -2.68266 0 -0.973502 -0.22729 -1 0 0 0 0.227215 -0.973827 77.dat
1 16 20.015871 0 -2.796151 0 -0.973503 -0.227286 -1 0 0 0 0.22721 -0.973828 77.dat
1 16 20.502135 0 -2.909644 0 -0.973503 -0.227288 -1 0 0 0 0.227212 -0.973828 77.dat
1 16 20.9884 0 -3.023136 0 -0.973503 -0.227288 -1 0 0 0 0.227212 -0.973828 77.dat
1 16 21.474691 0 -3.136513 0 -0.973539 -0.227134 -1 0 0 0 0.227059 -0.973863 77.dat
1 16 21.960961 0 -3.249985 0 -0.973521 -0.227209 -1 0 0 0 0.227133 -0.973846 77.dat
1 16 22.447234 0 -3.363438 0 -0.973521 -0.227209 -1 0 0 0 0.227133 -0.973846 77.dat
1 16 22.933555 0 -3.47669 0 -0.973584 -0.226941 -1 0 0 0 0.226865 -0.973909 77.dat
1 16 23.419837 0 -3.590107 0 -0.973554 -0.227071 -1 0 0 0 0.226995 -0.973878 77.dat
1 16 23.906127 0 -3.703491 0 -0.973554 -0.227071 -1 0 0 0 0.226995 -0.973878 77.dat
1 16 24.392417 0 -3.816875 0 -0.973554 -0.227071 -1 0 0 0 0.226995 -0.973878 77.dat
1 16 24.87879 0 -3.929899 0 -0.973665 -0.22659 -1 0 0 0 0.226515 -0.97399 77.dat
1 16 25.365095 0 -4.043217 0 -0.973611 -0.226823 -1 0 0 0 0.226748 -0.973936 77.dat
1 16 25.851414 0 -4.156478 0 -0.973611 -0.226823 -1 0 0 0 0.226748 -0.973936 77.dat
1 16 26.337823 0 -4.269351 0 -0.973731 -0.226307 -1 0 0 0 0.226231 -0.974056 77.dat
1 16 26.824158 0 -4.38254 0 -0.973673 -0.226556 -1 0 0 0 0.226481 -0.973998 77.dat
1 16 27.310507 0 -4.495668 0 -0.973673 -0.226556 -1 0 0 0 0.226481 -0.973998 77.dat
1 16 27.796857 0 -4.608795 0 -0.973673 -0.226556 -1 0 0 0 0.226481 -0.973998 77.dat
1 16 28.283343 0 -4.721333 0 -0.973856 -0.225771 -1 0 0 0 0.225696 -0.97418 77.dat
1 16 28.769718 0 -4.834351 0 -0.973768 -0.226149 -1 0 0 0 0.226074 -0.974093 77.dat
1 16 29.256115 0 -4.947275 0 -0.973768 -0.226149 -1 0 0 0 0.226074 -0.974093 77.dat
1 16 29.742641 0 -5.059644 0 -0.973939 -0.225409 -1 0 0 0 0.225334 -0.974264 77.dat
1 16 30.229061 0 -5.172465 0 -0.973857 -0.225765 -1 0 0 0 0.22569 -0.974182 77.dat
1 16 30.715503 0 -5.285197 0 -0.973857 -0.225765 -1 0 0 0 0.22569 -0.974182 77.dat
1 16 31.201944 0 -5.397929 0 -0.973857 -0.225765 -1 0 0 0 0.22569 -0.974182 77.dat
1 16 31.68857 0 -5.509862 0 -0.974103 -0.224699 -1 0 0 0 0.224624 -0.974428 77.dat
1 16 32.175046 0 -5.622445 0 -0.973985 -0.22521 -1 0 0 0 0.225135 -0.97431 77.dat
1 16 32.661552 0 -5.7349 0 -0.973985 -0.22521 -1 0 0 0 0.225135 -0.97431 77.dat
1 16 33.148221 0 -5.846646 0 -0.974204 -0.224264 -1 0 0 0 0.224189 -0.974528 77.dat
1 16 33.634757 0 -5.958967 0 -0.974099 -0.224716 -1 0 0 0 0.224641 -0.974424 77.dat
1 16 34.12132 0 -6.071175 0 -0.974099 -0.224716 -1 0 0 0 0.224641 -0.974424 77.dat
1 16 34.607882 0 -6.183384 0 -0.974099 -0.224716 -1 0 0 0 0.224641 -0.974424 77.dat
1 16 35.094672 0 -6.294602 0 -0.974403 -0.223395 -1 0 0 0 0.223321 -0.974728 77.dat
1 16 35.581278 0 -6.406622 0 -0.974259 -0.224025 -1 0 0 0 0.22395 -0.974583 77.dat
1 16 36.06792 0 -6.518485 0 -0.974259 -0.224025 -1 0 0 0 0.22395 -0.974583 77.dat
1 16 36.554758 0 -6.629493 0 -0.97452 -0.222883 -1 0 0 0 0.222809 -0.974845 77.dat
1 16 37.041438 0 -6.741193 0 -0.974396 -0.223426 -1 0 0 0 0.223352 -0.974721 77.dat
1 16 37.528148 0 -6.852757 0 -0.974396 -0.223426 -1 0 0 0 0.223352 -0.974721 77.dat
1 16 38.014859 0 -6.964321 0 -0.974396 -0.223426 -1 0 0 0 0.223352 -0.974721 77.dat
1 16 38.501835 0 -7.074721 0 -0.97475 -0.221873 -1 0 0 0 0.221799 -0.975076 77.dat
1 16 38.988597 0 -7.186061 0 -0.974583 -0.222609 -1 0 0 0 0.222535 -0.974908 77.dat
1 16 39.475401 0 -7.297218 0 -0.974583 -0.222609 -1 0 0 0 0.222535 -0.974908 77.dat
1 16 39.962432 0 -7.407376 0 -0.974886 -0.221278 -1 0 0 0 0.221204 -0.975211 77.dat
1 16 40.44928 0 -7.518339 0 -0.974743 -0.221908 -1 0 0 0 0.221834 -0.975068 77.dat
1 16 40.936164 0 -7.629145 0 -0.974743 -0.221908 -1 0 0 0 0.221834 -0.975068 77.dat
1 16 41.423048 0 -7.739951 0 -0.974743 -0.221908 -1 0 0 0 0.221834 -0.975068 77.dat
1 16 41.910231 0 -7.849437 0 -0.975142 -0.220146 -1 0 0 0 0.220073 -0.975467 77.dat
1 16 42.397174 0 -7.959985 0 -0.974954 -0.220976 -1 0 0 0 0.220903 -0.975279 77.dat
1 16 42.884163 0 -8.070326 0 -0.974954 -0.220976 -1 0 0 0 0.220903 -0.975279 77.dat
1 16 43.371409 0 -8.17953 0 -0.975297 -0.219459 -1 0 0 0 0.219386 -0.975622 77.dat
1 16 43.858449 0 -8.289648 0 -0.975136 -0.220173 -1 0 0 0 0.220099 -0.975461 77.dat
1 16 44.345529 0 -8.399587 0 -0.975136 -0.220173 -1 0 0 0 0.220099 -0.975461 77.dat
1 16 44.832609 0 -8.509527 0 -0.975136 -0.220173 -1 0 0 0 0.220099 -0.975461 77.dat
1 16 45.320018 0 -8.618004 0 -0.975574 -0.218221 -1 0 0 0 0.218149 -0.975899 77.dat
1 16 45.807164 0 -8.727655 0 -0.975369 -0.219136 -1 0 0 0 0.219063 -0.975694 77.dat
1 16 46.29436 0 -8.837077 0 -0.975369 -0.219136 -1 0 0 0 0.219063 -0.975694 77.dat
1 16 46.781557 0 -8.946499 0 -0.975369 -0.219136 -1 0 0 0 0.219063 -0.975694 77.dat
1 16 47.269112 0 -9.054316 0 -0.975847 -0.216994 -1 0 0 0 0.216922 -0.976173 77.dat
1 16 47.756381 0 -9.163419 0 -0.975624 -0.217995 -1 0 0 0 0.217923 -0.97595 77.dat
1 16 48.243705 0 -9.272271 0 -0.975624 -0.217995 -1 0 0 0 0.217923 -0.97595 77.dat
1 16 48.731324 0 -9.3798 0 -0.976017 -0.21623 -1 0 0 0 0.216158 -0.976342 77.dat
1 16 49.218707 0 -9.488388 0 -0.975834 -0.217053 -1 0 0 0 0.216981 -0.97616 77.dat
1 16 49.706136 0 -9.59677 0 -0.975834 -0.217053 -1 0 0 0 0.216981 -0.97616 77.dat
1 16 50.193565 0 -9.705152 0 -0.975834 -0.217053 -1 0 0 0 0.216981 -0.97616 77.dat
1 16 50.681368 0 -9.811847 0 -0.976332 -0.214802 -1 0 0 0 0.214731 -0.976658 77.dat
1 16 51.168873 0 -9.919889 0 -0.976101 -0.215848 -1 0 0 0 0.215776 -0.976427 77.dat
1 16 51.656435 0 -10.027669 0 -0.976101 -0.215848 -1 0 0 0 0.215776 -0.976427 77.dat
1 16 52.143998 0 -10.135449 0 -0.976101 -0.215848 -1 0 0 0 0.215776 -0.976427 77.dat
1 16 52.631962 0 -10.241403 0 -0.976637 -0.213411 -1 0 0 0 0.21334 -0.976963 77.dat
1 16 53.119607 0 -10.348812 0 -0.97639 -0.21454 -1 0 0 0 0.214468 -0.976715 77.dat
1 16 53.607313 0 -10.455939 0 -0.97639 -0.21454 -1 0 0 0 0.214468 -0.976715 77.dat
1 16 54.095348 0 -10.561562 0 -0.976828 -0.212534 -1 0 0 0 0.212463 -0.977154 77.dat
1 16 54.583123 0 -10.668382 0 -0.976626 -0.213461 -1 0 0 0 0.213389 -0.976952 77.dat
1 16 55.070947 0 -10.77497 0 -0.976626 -0.213461 -1 0 0 0 0.213389 -0.976952 77.dat
1 16 55.558772 0 -10.881558 0 -0.976626 -0.213461 -1 0 0 0 0.213389 -0.976952 77.dat
1 16 56.047006 0 -10.986261 0 -0.977172 -0.210946 -1 0 0 0 0.210875 -0.977498 77.dat
1 16 56.534915 0 -11.092461 0 -0.976921 -0.212104 -1 0 0 0 0.212033 -0.977247 77.dat
1 16 57.022887 0 -11.198371 0 -0.976921 -0.212104 -1 0 0 0 0.212033 -0.977247 77.dat
1 16 57.510859 0 -11.304282 0 -0.976921 -0.212104 -1 0 0 0 0.212033 -0.977247 77.dat
1 16 57.999269 0 -11.408165 0 -0.977504 -0.209399 -1 0 0 0 0.209329 -0.97783 77.dat
1 16 58.487333 0 -11.513655 0 -0.977238 -0.21064 -1 0 0 0 0.21057 -0.977564 77.dat
1 16 58.975463 0 -11.618835 0 -0.977238 -0.21064 -1 0 0 0 0.21057 -0.977564 77.dat
1 16 59.463593 0 -11.724014 0 -0.977238 -0.21064 -1 0 0 0 0.21057 -0.977564 77.dat
1 16 59.952175 0 -11.827084 0 -0.97784 -0.207825 -1 0 0 0 0.207756 -0.978166 77.dat
1 16 60.4404 0 -11.931823 0 -0.977566 -0.209112 -1 0 0 0 0.209043 -0.977892 77.dat
1 16 60.928694 0 -12.036239 0 -0.977566 -0.209112 -1 0 0 0 0.209043 -0.977892 77.dat
1 16 61.417355 0 -12.138933 0 -0.978054 -0.206813 -1 0 0 0 0.206744 -0.97838 77.dat
1 16 61.905726 0 -12.242988 0 -0.977832 -0.207862 -1 0 0 0 0.207793 -0.978158 77.dat
1 16 62.394153 0 -12.34678 0 -0.977832 -0.207862 -1 0 0 0 0.207793 -0.978158 77.dat
1 16 62.88258 0 -12.450573 0 -0.977832 -0.207862 -1 0 0 0 0.207793 -0.978158 77.dat
1 16 63.371459 0 -12.552227 0 -0.978434 -0.205009 -1 0 0 0 0.204941 -0.97876 77.dat
1 16 63.859982 0 -12.655567 0 -0.978161 -0.206306 -1 0 0 0 0.206237 -0.978488 77.dat
1 16 64.348574 0 -12.758582 0 -0.978161 -0.206306 -1 0 0 0 0.206237 -0.978488 77.dat
1 16 64.837165 0 -12.861597 0 -0.978161 -0.206306 -1 0 0 0 0.206237 -0.978488 77.dat
1 16 65.326234 0 -12.962331 0 -0.978798 -0.203262 -1 0 0 0 0.203194 -0.979124 77.dat
1 16 65.814929 0 -13.06486 0 -0.978511 -0.204641 -1 0 0 0 0.204572 -0.978837 77.dat
1 16 66.303695 0 -13.167044 0 -0.978511 -0.204641 -1 0 0 0 0.204572 -0.978837 77.dat
1 16 66.792461 0 -13.269228 0 -0.978511 -0.204641 -1 0 0 0 0.204572 -0.978837 77.dat
1 16 67.281717 0 -13.369052 0 -0.979164 -0.201491 -1 0 0 0 0.201424 -0.97949 77.dat
1 16 67.77059 0 -13.470728 0 -0.97887 -0.202913 -1 0 0 0 0.202845 -0.979197 77.dat
1 16 68.259535 0 -13.57205 0 -0.97887 -0.202913 -1 0 0 0 0.202845 -0.979197 77.dat
1 16 68.748481 0 -13.673371 0 -0.97887 -0.202913 -1 0 0 0 0.202845 -0.979197 77.dat
1 16 69.237925 0 -13.772266 0 -0.979535 -0.199676 -1 0 0 0 0.19961 -0.979862 77.dat
1 16 69.72698 0 -13.873062 0 -0.979238 -0.201132 -1 0 0 0 0.201065 -0.979564 77.dat
1 16 70.216109 0 -13.973494 0 -0.979238 -0.201132 -1 0 0 0 0.201065 -0.979564 77.dat
1 16 70.705238 0 -14.073926 0 -0.979238 -0.201132 -1 0 0 0 0.201065 -0.979564 77.dat
1 16 71.194874 0 -14.17187 0 -0.979913 -0.197812 -1 0 0 0 0.197746 -0.98024 77.dat
1 16 71.684116 0 -14.271759 0 -0.979612 -0.1993 -1 0 0 0 0.199233 -0.979939 77.dat
1 16 72.173431 0 -14.371276 0 -0.979612 -0.1993 -1 0 0 0 0.199233 -0.979939 77.dat
1 16 72.663157 0 -14.468769 0 -0.980157 -0.196599 -1 0 0 0 0.196534 -0.980484 77.dat
1 16 73.152563 0 -14.567842 0 -0.979914 -0.197806 -1 0 0 0 0.19774 -0.980241 77.dat
1 16 73.64203 0 -14.666613 0 -0.979914 -0.197806 -1 0 0 0 0.19774 -0.980241 77.dat
1 16 74.131497 0 -14.765384 0 -0.979914 -0.197806 -1 0 0 0 0.19774 -0.980241 77.dat
1 16 74.621464 0 -14.861663 0 -0.980579 -0.19448 -1 0 0 0 0.194415 -0.980906 77.dat
1 16 75.111042 0 -14.959883 0 -0.980285 -0.195961 -1 0 0 0 0.195896 -0.980612 77.dat
1 16 75.600694 0 -15.057733 0 -0.980285 -0.195961 -1 0 0 0 0.195896 -0.980612 77.dat
1 16 76.090347 0 -15.155583 0 -0.980285 -0.195961 -1 0 0 0 0.195896 -0.980612 77.dat
1 16 76.580521 0 -15.250795 0 -0.980981 -0.192442 -1 0 0 0 0.192378 -0.981308 77.dat
1 16 77.070292 0 -15.348058 0 -0.980674 -0.194003 -1 0 0 0 0.193938 -0.981001 77.dat
1 16 77.560138 0 -15.44493 0 -0.980674 -0.194003 -1 0 0 0 0.193938 -0.981001 77.dat
1 16 78.049984 0 -15.541802 0 -0.980674 -0.194003 -1 0 0 0 0.193938 -0.981001 77.dat
1 16 78.540363 0 -15.635963 0 -0.981382 -0.190385 -1 0 0 0 0.190321 -0.98171 77.dat
1 16 79.03033 0 -15.732227 0 -0.981071 -0.191984 -1 0 0 0 0.19192 -0.981398 77.dat
1 16 79.520375 0 -15.828091 0 -0.981071 -0.191984 -1 0 0 0 0.19192 -0.981398 77.dat
1 16 80.010419 0 -15.923955 0 -0.981071 -0.191984 -1 0 0 0 0.19192 -0.981398 77.dat
1 16 80.501002 0 -16.017046 0 -0.981787 -0.188285 -1 0 0 0 0.188222 -0.982115 77.dat
1 16 80.99117 0 -16.112284 0 -0.981474 -0.189913 -1 0 0 0 0.18985 -0.981801 77.dat
1 16 81.481416 0 -16.207114 0 -0.981474 -0.189913 -1 0 0 0 0.18985 -0.981801 77.dat
1 16 81.971662 0 -16.301944 0 -0.981474 -0.189913 -1 0 0 0 0.18985 -0.981801 77.dat
1 16 82.46245 0 -16.393944 0 -0.982196 -0.186137 -1 0 0 0 0.186075 -0.982524 77.dat
1 16 82.952821 0 -16.48813 0 -0.981881 -0.187793 -1 0 0 0 0.187731 -0.982209 77.dat
1 16 83.443271 0 -16.581901 0 -0.981881 -0.187793 -1 0 0 0 0.187731 -0.982209 77.dat
1 16 83.93372 0 -16.675673 0 -0.981881 -0.187793 -1 0 0 0 0.187731 -0.982209 77.dat
1 16 84.424717 0 -16.766557 0 -0.98261 -0.183941 -1 0 0 0 0.18388 -0.982937 77.dat
1 16 84.915293 0 -16.859667 0 -0.982293 -0.185624 -1 0 0 0 0.185562 -0.982621 77.dat
1 16 85.405949 0 -16.952355 0 -0.982293 -0.185624 -1 0 0 0 0.185562 -0.982621 77.dat
1 16 85.896604 0 -17.045043 0 -0.982293 -0.185624 -1 0 0 0 0.185562 -0.982621 77.dat
1 16 86.38781 0 -17.134789 0 -0.983027 -0.181697 -1 0 0 0 0.181637 -0.983355 77.dat
1 16 86.878595 0 -17.226797 0 -0.982709 -0.183406 -1 0 0 0 0.183345 -0.983037 77.dat
1 16 87.369458 0 -17.318378 0 -0.982709 -0.183406 -1 0 0 0 0.183345 -0.983037 77.dat
1 16 87.860321 0 -17.409959 0 -0.982709 -0.183406 -1 0 0 0 0.183345 -0.983037 77.dat
1 16 88.351738 0 -17.498541 0 -0.983447 -0.179405 -1 0 0 0 0.179345 -0.983775 77.dat
1 16 88.842732 0 -17.589425 0 -0.98313 -0.18114 -1 0 0 0 0.181079 -0.983457 77.dat
1 16 89.333805 0 -17.679874 0 -0.98313 -0.18114 -1 0 0 0 0.181079 -0.983457 77.dat
1 16 89.824878 0 -17.770323 0 -0.98313 -0.18114 -1 0 0 0 0.181079 -0.983457 77.dat
1 16 90.316508 0 -17.857718 0 -0.983871 -0.177065 -1 0 0 0 0.177006 -0.984199 77.dat
1 16 90.807714 0 -17.947451 0 -0.983553 -0.178824 -1 0 0 0 0.178765 -0.983881 77.dat
1 16 91.298998 0 -18.036744 0 -0.983553 -0.178824 -1 0 0 0 0.178765 -0.983881 77.dat
1 16 91.790283 0 -18.126037 0 -0.983553 -0.178824 -1 0 0 0 0.178765 -0.983881 77.dat
1 16 92.282127 0 -18.212222 0 -0.984298 -0.174677 -1 0 0 0 0.174618 -0.984626 77.dat
1 16 92.773546 0 -18.300781 0 -0.98398 -0.17646 -1 0 0 0 0.176402 -0.984308 77.dat
1 16 93.265043 0 -18.388893 0 -0.98398 -0.17646 -1 0 0 0 0.176402 -0.984308 77.dat
1 16 93.756541 0 -18.477006 0 -0.98398 -0.17646 -1 0 0 0 0.176402 -0.984308 77.dat
1 16 94.248599 0 -18.561956 0 -0.984727 -0.17224 -1 0 0 0 0.172183 -0.985055 77.dat
1 16 94.740233 0 -18.649316 0 -0.984409 -0.174048 -1 0 0 0 0.17399 -0.984737 77.dat
1 16 95.231945 0 -18.736224 0 -0.984409 -0.174048 -1 0 0 0 0.17399 -0.984737 77.dat
1 16 95.723657 0 -18.823132 0 -0.984409 -0.174048 -1 0 0 0 0.17399 -0.984737 77.dat
1 16 96.215931 0 -18.906823 0 -0.985158 -0.169756 -1 0 0 0 0.169699 -0.985486 77.dat
1 16 96.707781 0 -18.99296 0 -0.984841 -0.171587 -1 0 0 0 0.171529 -0.985169 77.dat
1 16 97.199708 0 -19.078639 0 -0.984841 -0.171587 -1 0 0 0 0.171529 -0.985169 77.dat
1 16 97.691636 0 -19.164318 0 -0.984841 -0.171587 -1 0 0 0 0.171529 -0.985169 77.dat
1 16 98.184127 0 -19.246726 0 -0.98559 -0.167223 -1 0 0 0 0.167167 -0.985919 77.dat
1 16 98.676193 0 -19.331615 0 -0.985274 -0.169077 -1 0 0 0 0.16902 -0.985603 77.dat
1 16 99.168337 0 -19.416041 0 -0.985274 -0.169077 -1 0 0 0 0.16902 -0.985603 77.dat
1 16 99.660482 0 -19.500466 0 -0.985274 -0.169077 -1 0 0 0 0.16902 -0.985603 77.dat
1 16 100.15319 0 -19.581568 0 -0.986025 -0.164641 -1 0 0 0 0.164587 -0.986353 77.dat
1 16 100.645474 0 -19.665185 0 -0.98571 -0.166518 -1 0 0 0 0.166462 -0.986038 77.dat
1 16 101.137835 0 -19.748333 0 -0.98571 -0.166518 -1 0 0 0 0.166462 -0.986038 77.dat
1 16 101.630197 0 -19.831481 0 -0.98571 -0.166518 -1 0 0 0 0.166462 -0.986038 77.dat
1 16 102.123122 0 -19.911252 0 -0.98646 -0.162012 -1 0 0 0 0.161958 -0.986789 77.dat
1 16 102.615625 0 -19.993573 0 -0.986146 -0.16391 -1 0 0 0 0.163855 -0.986475 77.dat
1 16 103.108205 0 -20.075418 0 -0.986146 -0.16391 -1 0 0 0 0.163855 -0.986475 77.dat
1 16 103.600785 0 -20.157264 0 -0.986146 -0.16391 -1 0 0 0 0.163855 -0.986475 77.dat
1 16 104.093928 0 -20.23568 0 -0.986896 -0.159333 -1 0 0 0 0.15928 -0.987225 77.dat
1 16 104.586649 0 -20.316679 0 -0.986584 -0.161253 -1 0 0 0 0.161199 -0.986913 77.dat
1 16 105.079448 0 -20.397198 0 -0.986584 -0.161253 -1 0 0 0 0.161199 -0.986913 77.dat
1 16 105.572246 0 -20.477717 0 -0.986584 -0.161253 -1 0 0 0 0.161199 -0.986913 77.dat
1 16 106.065607 0 -20.554753 0 -0.987332 -0.156606 -1 0 0 0 0.156554 -0.987661 77.dat
1 16 106.558548 0 -20.634406 0 -0.987022 -0.158547 -1 0 0 0 0.158494 -0.987351 77.dat
1 16 107.051565 0 -20.713574 0 -0.987022 -0.158547 -1 0 0 0 0.158494 -0.987351 77.dat
1 16 107.544583 0 -20.792742 0 -0.987022 -0.158547 -1 0 0 0 0.158494 -0.987351 77.dat
1 16 108.03816 0 -20.868374 0 -0.987768 -0.153829 -1 0 0 0 0.153778 -0.988097 77.dat
1 16 108.531321 0 -20.946656 0 -0.987461 -0.155791 -1 0 0 0 0.155739 -0.98779 77.dat
1 16 109.024557 0 -21.024448 0 -0.987461 -0.155791 -1 0 0 0 0.155739 -0.98779 77.dat
1 16 109.517794 0 -21.10224 0 -0.987461 -0.155791 -1 0 0 0 0.155739 -0.98779 77.dat
1 16 110.011588 0 -21.176443 0 -0.988204 -0.151004 -1 0 0 0 0.150953 -0.988533 77.dat
1 16 110.504969 0 -21.25333 0 -0.987899 -0.152986 -1 0 0 0 0.152935 -0.988228 77.dat
1 16 110.998424 0 -21.329721 0 -0.987899 -0.152986 -1 0 0 0 0.152935 -0.988228 77.dat
1 16 111.491879 0 -21.406112 0 -0.987899 -0.152986 -1 0 0 0 0.152935 -0.988228 77.dat
1 16 111.98589 0 -21.478862 0 -0.988638 -0.148128 -1 0 0 0 0.148079 -0.988968 77.dat
1 16 112.47949 0 -21.554328 0 -0.988337 -0.15013 -1 0 0 0 0.15008 -0.988666 77.dat
1 16 112.973164 0 -21.629293 0 -0.988337 -0.15013 -1 0 0 0 0.15008 -0.988666 77.dat
1 16 113.466838 0 -21.704258 0 -0.988337 -0.15013 -1 0 0 0 0.15008 -0.988666 77.dat
1 16 113.961064 0 -21.77553 0 -0.989072 -0.145203 -1 0 0 0 0.145155 -0.989402 77.dat
1 16 114.454883 0 -21.849551 0 -0.988773 -0.147225 -1 0 0 0 0.147176 -0.989103 77.dat
1 16 114.948775 0 -21.923065 0 -0.988773 -0.147225 -1 0 0 0 0.147176 -0.989103 77.dat
1 16 115.442667 0 -21.996579 0 -0.988773 -0.147225 -1 0 0 0 0.147176 -0.989103 77.dat
1 16 115.937108 0 -22.066348 0 -0.989504 -0.142228 -1 0 0 0 0.14218 -0.989834 77.dat
1 16 116.431145 0 -22.138897 0 -0.989209 -0.144269 -1 0 0 0 0.14422 -0.989539 77.dat
1 16 116.925255 0 -22.210935 0 -0.989209 -0.144269 -1 0 0 0 0.14422 -0.989539 77.dat
1 16 117.419364 0 -22.282973 0 -0.989209 -0.144269 -1 0 0 0 0.14422 -0.989539 77.dat
1 16 117.913474 0 -22.355011 0 -0.989209 -0.144269 -1 0 0 0 0.14422 -0.989539 77.dat
1 16 118.408258 0 -22.422332 0 -0.990106 -0.137975 -1 0 0 0 0.137929 -0.990436 77.dat
1 16 118.902548 0 -22.493144 0 -0.989746 -0.140531 -1 0 0 0 0.140484 -0.990076 77.dat
1 16 119.396926 0 -22.563315 0 -0.989746 -0.140531 -1 0 0 0 0.140484 -0.990076 77.dat
1 16 119.891304 0 -22.633487 0 -0.989746 -0.140531 -1 0 0 0 0.140484 -0.990076 77.dat
1 16 120.386221 0 -22.699797 0 -0.990464 -0.135378 -1 0 0 0 0.135332 -0.990794 77.dat
1 16 120.880744 0 -22.768957 0 -0.990177 -0.137461 -1 0 0 0 0.137415 -0.990507 77.dat
1 16 121.375337 0 -22.837595 0 -0.990177 -0.137461 -1 0 0 0 0.137415 -0.990507 77.dat
1 16 121.86993 0 -22.906234 0 -0.990177 -0.137461 -1 0 0 0 0.137415 -0.990507 77.dat
1 16 122.365057 0 -22.970959 0 -0.990887 -0.132239 -1 0 0 0 0.132195 -0.991218 77.dat
1 16 122.859795 0 -23.038565 0 -0.990605 -0.13434 -1 0 0 0 0.134295 -0.990935 77.dat
1 16 123.354602 0 -23.105646 0 -0.990605 -0.13434 -1 0 0 0 0.134295 -0.990935 77.dat
1 16 123.849409 0 -23.172726 0 -0.990605 -0.13434 -1 0 0 0 0.134295 -0.990935 77.dat
1 16 124.344744 0 -23.235841 0 -0.991308 -0.129049 -1 0 0 0 0.129006 -0.991638 77.dat
1 16 124.839695 0 -23.301868 0 -0.99103 -0.131167 -1 0 0 0 0.131124 -0.99136 77.dat
