0 FILE 21319 - Central Perk.ldr
0 Central Perk
0 Name: 21319 - Central Perk.ldr
0 Author: Vincent Messenet [Cheenzo]
0 !LDRAW_ORG Model
0 !LICENSE Redistributable under CCAL version 2.0 : see CAreadme.txt

1 0 -40 -8 -120 1 0 0 0 1 0 0 0 1 91988.dat
1 71 40 -16 -110 1 0 0 0 1 0 0 0 1 3666.dat
0 STEP
1 71 -150 -16 -120 0 0 1 0 1 0 -1 0 0 3023.dat
1 19 -40 -16 -200 0 0 1 0 1 0 -1 0 0 3832.dat
1 19 -120 -16 -200 0 0 1 0 1 0 -1 0 0 3832.dat
1 19 -180 -16 -200 0 0 1 0 1 0 -1 0 0 3832.dat
1 19 -80 -16 -120 1 0 0 0 1 0 0 0 1 3022.dat
0 STEP
1 0 -300 -8 -180 1 0 0 0 1 0 0 0 1 6178.dat
1 0 -200 -8 -110 1 0 0 0 1 0 0 0 1 3023.dat
0 STEP
1 16 -300 0 -120 -1 0 0 0 1 0 0 0 -1 21319 - Step 4.ldr
0 STEP
1 71 -410 -16 -200 0 0 1 0 1 0 -1 0 0 4477.dat
1 0 -400 -8 -90 0 0 1 0 1 0 -1 0 0 3021.dat
1 0 -410 -8 -320 0 0 1 0 1 0 -1 0 0 3460.dat
0 STEP
1 71 -410 -16 -330 0 0 1 0 1 0 -1 0 0 3623.dat
1 71 -410 -16 -460 0 0 1 0 1 0 -1 0 0 4477.dat
0 STEP
1 0 -300 -8 -460 -1 0 0 0 1 0 0 0 -1 6178.dat
1 0 -390 -8 -540 0 0 -1 0 1 0 1 0 0 43722.dat
0 STEP
1 0 -80 -8 -340 1 0 0 0 1 0 0 0 1 6178.dat
0 STEP
1 16 80 0 -240 0 0 1 0 1 0 -1 0 0 21319 - Step 9.ldr
0 STEP
1 0 -40 -8 -440 1 0 0 0 1 0 0 0 1 91988.dat
1 0 80 -8 -470 1 0 0 0 1 0 0 0 1 3023.dat
0 STEP
1 19 40 -16 -280 0 0 1 0 1 0 -1 0 0 4282.dat
1 4 70 -16 -130 1 0 0 0 1 0 0 0 1 6141.dat
1 71 -80 -16 -290 1 0 0 0 1 0 0 0 1 3023.dat
0 STEP
1 71 -190 -16 -360 0 0 1 0 1 0 -1 0 0 3666.dat
1 71 -170 -16 -450 1 0 0 0 1 0 0 0 1 11212.dat
1 0 -60 -8 -490 0 0 -1 0 1 0 1 0 0 47398.dat
0 STEP
1 71 -360 -16 -520 1 0 0 0 1 0 0 0 1 3020.dat
1 71 -100 -16 -460 1 0 0 0 1 0 0 0 1 3020.dat
1 71 0 -16 -460 1 0 0 0 1 0 0 0 1 3020.dat
1 4 50 -16 -450 1 0 0 0 1 0 0 0 1 6141.dat
1 4 -50 -16 -450 1 0 0 0 1 0 0 0 1 6141.dat
1 4 -190 -16 -490 1 0 0 0 1 0 0 0 1 6141.dat
1 4 -310 -16 -510 1 0 0 0 1 0 0 0 1 6141.dat
1 19 -240 -16 -510 1 0 0 0 1 0 0 0 1 3023.dat
1 19 -300 -16 -540 0 0 1 0 1 0 -1 0 0 2429.dat
1 19 -299.974 -16 -540.162 -0.946 0 0.326 0 1 0 -0.326 0 -0.946 2430.dat
1 19 -180 -16 -520 0 0 1 0 1 0 -1 0 0 2429.dat
1 19 -180 -16 -520 -0.946 0 0.326 0 1 0 -0.326 0 -0.946 2430.dat
1 19 -60 -16 -500 0 0 1 0 1 0 -1 0 0 2429.dat
1 19 -59.975 -16 -500.163 -0.946 0 0.326 0 1 0 -0.326 0 -0.946 2430.dat
1 19 60 -16 -480 0 0 1 0 1 0 -1 0 0 2429.dat
1 19 60.001 -16 -480 -0.946 0 0.326 0 1 0 -0.326 0 -0.946 2430.dat
0 STEP
1 71 -40 -24 -120 1 0 0 0 1 0 0 0 1 91988.dat
1 71 -40 -24 -160 1 0 0 0 1 0 0 0 1 91988.dat
1 19 -300 -16 -170 1 0 0 0 1 0 0 0 1 3023.dat
1 71 -300 -24 -140 1 0 0 0 1 0 0 0 1 3029.dat
0 STEP
1 71 -160 -24 -240 0 0 -1 0 1 0 1 0 0 6180.dat
1 71 0 -24 -240 0 0 1 0 1 0 -1 0 0 6180.dat
1 71 -80 -24 -200 1 0 0 0 1 0 0 0 1 3020.dat
1 71 -80 -24 -240 1 0 0 0 1 0 0 0 1 3020.dat
1 71 70 -24 -210 1 0 0 0 1 0 0 0 1 11212.dat
1 71 70 -24 -270 1 0 0 0 1 0 0 0 1 11212.dat
1 71 -100 -24 -280 -1 0 0 0 1 0 0 0 -1 33909.dat
1 71 -60 -24 -280 -1 0 0 0 1 0 0 0 -1 33909.dat
0 STEP
1 71 70 -24 -330 1 0 0 0 1 0 0 0 1 11212.dat
1 71 70 -24 -390 1 0 0 0 1 0 0 0 1 11212.dat
1 71 30 -24 -360 0 0 1 0 1 0 -1 0 0 3666.dat
1 71 -40 -24 -440 1 0 0 0 1 0 0 0 1 91988.dat
1 71 -190 -24 -400 0 0 1 0 1 0 -1 0 0 4477.dat
0 STEP
1 0 -56.717 -8 -509.613 -0.326 0 -0.946 0 1 0 0.946 0 -0.326 47397.dat
1 0 -296.716 -8 -549.615 -0.326 0 -0.946 0 1 0 0.946 0 -0.326 47397.dat
1 71 -394.526 -16 -572.721 -0.326 0 -0.946 0 1 0 0.946 0 -0.326 24299.dat
1 19 -353.449 -16 -569.153 0.946 0 -0.326 0 1 0 0.326 0 0.946 3023.dat
0 STEP
1 71 -410 -24 -210 0 0 1 0 1 0 -1 0 0 3623.dat
1 71 -410 -24 -340 0 0 1 0 1 0 -1 0 0 4477.dat
1 71 -410 -24 -470 0 0 1 0 1 0 -1 0 0 3623.dat
1 71 -300 -24 -530 0 0 -1 0 1 0 1 0 0 47398.dat
1 71 -120 -24 -490 0 0 -1 0 1 0 1 0 0 54383.dat
1 71 -0.001 -24 -490 0 0 -1 0 1 0 1 0 0 54383.dat
1 19 -116.704 -16 -519.692 0.946 0 -0.326 0 1 0 0.326 0 0.946 3022.dat
0 STEP
1 16 -204.173 0 -634.088 0.326 0 0.946 0 1 0 -0.946 0 0.326 21319 - Step 19.ldr
0 STEP
1 16 -355.455 0 -686.178 0.326 0 0.946 0 1 0 -0.946 0 0.326 21319 - Step 20.ldr
0 STEP
1 71 -238.113 -32 -719.808 0.946 0 -0.326 0 1 0 0.326 0 0.946 6112.dat
1 0 -238.113 -8 -719.808 0.946 0 -0.326 0 1 0 0.326 0 0.946 3710.dat
1 19 -251.137 -32 -681.988 0.946 0 -0.326 0 1 0 0.326 0 0.946 3460.dat
0 STEP
1 16 -374.365 0 -692.689 0.326 0 0.946 0 1 0 -0.946 0 0.326 21319 - Step 22.ldr
0 STEP
1 71 -296.717 -24 -549.613 -0.326 0 -0.946 0 1 0 0.946 0 -0.326 47397.dat
1 71 -321.514 -24 -600.459 0.946 0 -0.326 0 1 0 0.326 0 0.946 4477.dat
1 19 -151.272 -24 -542.175 0.946 0 -0.326 0 1 0 0.326 0 0.946 3460.dat
1 4 -129.415 -24 -513.492 0.946 0 -0.326 0 1 0 0.326 0 0.946 6141.dat
0 STEP
1 16 -84.199 0 -613.931 0.946 0 -0.326 0 1 0 0.326 0 0.946 21319 - Step 24.ldr
0 STEP
1 4 -122.592 -32 -564.024 0.946 0 -0.326 0 1 0 0.326 0 0.946 2456.dat
1 288 -109.621 -32 -601.532 0.946 0 -0.326 0 1 0 0.326 0 0.946 3001.dat
1 71 -59.661 -32 -531.779 0.326 0 0.946 0 1 0 -0.946 0 0.326 2357.dat
0 STEP
1 16 9.781 0 -518.444 0.946 0 -0.326 0 1 0 0.326 0 0.946 21319 - Step 26.ldr
0 STEP
1 71 -30.001 -32 -490 1 0 0 0 1 0 0 0 1 63864.dat
1 0 -245.824 -32 -574.732 0.946 0 -0.326 0 1 0 0.326 0 0.946 3710.dat
1 288 -0.001 -32 -470 1 0 0 0 1 0 0 0 1 6636.dat
1 288 -97.797 -32 -513.186 0.946 0 -0.326 0 1 0 0.326 0 0.946 3020.dat
1 288 -173.438 -32 -539.231 0.946 0 -0.326 0 1 0 0.326 0 0.946 3020.dat
1 288 -324.771 -32 -591.001 0.946 0 -0.326 0 1 0 0.326 0 0.946 3020.dat
1 288 -400.411 -32 -617.049 0.946 0 -0.326 0 1 0 0.326 0 0.946 3020.dat
1 288 -280.751 -32 -565.267 0.946 0 -0.326 0 1 0 0.326 0 0.946 3024.dat
1 288 -252.385 -32 -555.5 0.946 0 -0.326 0 1 0 0.326 0 0.946 3023.dat
0 STEP
1 288 -119.963 -40 -510.242 0.946 0 -0.326 0 1 0 0.326 0 0.946 6636.dat
1 288 -384.758 -40 -601.08 0.946 0 -0.326 0 1 0 0.326 0 0.946 6636.dat
1 288 -409.242 -40 -683.546 0.326 0 0.946 0 1 0 -0.946 0 0.326 6636.dat
1 288 -290.206 -40 -568.523 0.946 0 -0.326 0 1 0 0.326 0 0.946 2431.dat
1 71 80 -40 -470 1 0 0 0 1 0 0 0 1 3004.dat
0 STEP
1 19 -374.365 -40 -692.689 0.326 0 0.946 0 1 0 -0.946 0 0.326 87079.dat
1 19 -393.9 -40 -635.959 0.946 0 -0.326 0 1 0 0.326 0 0.946 3022.dat
1 19 -340.426 -40 -606.967 0.946 0 -0.326 0 1 0 0.326 0 0.946 2431.dat
1 19 -307.868 -40 -701.522 0.946 0 -0.326 0 1 0 0.326 0 0.946 2431.dat
1 19 -226.914 -40 -568.22 0.946 0 -0.326 0 1 0 0.326 0 0.946 2431.dat
1 19 -194.406 -40 -662.454 0.946 0 -0.326 0 1 0 0.326 0 0.946 2431.dat
1 19 -160.413 -40 -577.046 0.326 0 0.946 0 1 0 -0.946 0 0.326 87079.dat
1 19 -122.592 -40 -564.024 0.326 0 0.946 0 1 0 -0.946 0 0.326 87079.dat
1 19 -84.771 -40 -551.001 0.326 0 0.946 0 1 0 -0.946 0 0.326 87079.dat
1 19 -122.02 -40 -626.953 -0.946 0 0.326 0 1 0 -0.326 0 -0.946 87079.dat
1 19 -251.137 -40 -681.988 0.946 0 -0.326 0 1 0 0.326 0 0.946 3069b.dat
1 19 -62.917 -40 -522.324 0.326 0 0.946 0 1 0 -0.946 0 0.326 3069b.dat
1 19 -283.695 -40 -587.433 0.946 0 -0.326 0 1 0 0.326 0 0.946 3023.dat
0 STEP
1 71 -335.921 -40 -742.91 0.946 0 -0.326 0 1 0 0.326 0 0.946 33909.dat
1 71 -238.113 -40 -719.808 0.946 0 -0.326 0 1 0 0.326 0 0.946 4162.dat
1 71 -146.817 -40 -677.796 0.946 0 -0.326 0 1 0 0.326 0 0.946 33909.dat
1 71 -108.997 -40 -664.774 0.946 0 -0.326 0 1 0 0.326 0 0.946 3068b.dat
1 71 -71.176 -40 -651.751 0.326 0 0.946 0 1 0 -0.946 0 0.326 35787.dat
1 71 -77.999 -40 -601.22 0.326 0 0.946 0 1 0 -0.946 0 0.326 27263.dat
1 71 -33.979 -40 -575.486 0.326 0 0.946 0 1 0 -0.946 0 0.326 35787.dat
1 71 -40.751 -40 -525.267 0.326 0 0.946 0 1 0 -0.946 0 0.326 63864.dat
1 71 3.581 -40 -531.155 0.946 0 -0.326 0 1 0 0.326 0 0.946 63864.dat
1 71 3.27 -40 -499.534 -0.326 0 -0.946 0 1 0 0.946 0 -0.326 41770.dat
0 STEP
1 70 60 -48 -110 1 0 0 0 1 0 0 0 1 3010.dat
1 70 0 -48 -120 1 0 0 0 1 0 0 0 1 3003.dat
0 STEP
1 70 -80 -48 -150 1 0 0 0 1 0 0 0 1 3009.dat
1 70 -160 -48 -120 1 0 0 0 1 0 0 0 1 3003.dat
1 308 -190 -48 -120 0 0 1 0 1 0 -1 0 0 3004.dat
1 308 -220 -48 -130 1 0 0 0 1 0 0 0 1 30136.dat
1 308 -250 -48 -120 0 0 1 0 1 0 -1 0 0 3004.dat
1 288 -300 -32 -110 1 0 0 0 1 0 0 0 1 3710.dat
1 288 -380 -32 -110 1 0 0 0 1 0 0 0 1 3710.dat
0 STEP
1 70 60 -72 -110 1 0 0 0 1 0 0 0 1 3010.dat
1 70 -80 -72 -120 1 0 0 0 1 0 0 0 1 3006.dat
1 70 -80 -72 -150 1 0 0 0 1 0 0 0 1 3009.dat
1 308 -190 -72 -120 0 0 1 0 1 0 -1 0 0 3004.dat
1 308 -220 -72 -130 1 0 0 0 1 0 0 0 1 30136.dat
1 308 -250 -72 -120 0 0 1 0 1 0 -1 0 0 3004.dat
1 84 -320 -56 -110 1 0 0 0 1 0 0 0 1 3009.dat
1 84 -400 -56 -110 1 0 0 0 1 0 0 0 1 98283.dat
0 STEP
1 16 88 -54 -130 0 1 0 -1 0 0 0 0 1 21319 - Step 34.ldr
0 STEP
1 70 0 -72 -150 -1 0 0 0 1 0 0 0 -1 60592.dat
1 70 -40 -72 -170 -1 0 0 0 1 0 0 0 -1 60592.dat
1 70 -80 -72 -170 -1 0 0 0 1 0 0 0 -1 60592.dat
1 70 -120 -72 -170 -1 0 0 0 1 0 0 0 -1 60592.dat
1 70 -160 -72 -150 -1 0 0 0 1 0 0 0 -1 60592.dat
0 STEP
1 16 60 -72 -120 1 0 0 0 1 0 0 0 1 21319 - Step 36.ldr
0 STEP
1 84 -360 -80 -110 1 0 0 0 1 0 0 0 1 3009.dat
1 84 -280 -80 -110 1 0 0 0 1 0 0 0 1 98283.dat
1 308 -220 -80 -120 1 0 0 0 1 0 0 0 1 3020.dat
1 378 -160 -80 -110 1 0 0 0 1 0 0 0 1 3069b.dat
1 378 -80 -80 -120 1 0 0 0 1 0 0 0 1 3795.dat
1 378 0 -80 -110 1 0 0 0 1 0 0 0 1 3069b.dat
1 378 -160 -80 -140 1 0 0 0 1 0 0 0 1 3068b.dat
1 378 -120 -80 -160 1 0 0 0 1 0 0 0 1 3068b.dat
1 378 -80 -80 -160 1 0 0 0 1 0 0 0 1 3022.dat
1 378 -40 -80 -160 1 0 0 0 1 0 0 0 1 3068b.dat
1 378 0 -80 -140 1 0 0 0 1 0 0 0 1 3068b.dat
0 STEP
1 179 -80 -88 -150 1 0 0 0 1 0 0 0 1 2412b.dat
1 179 -80 -88 -170 1 0 0 0 1 0 0 0 1 2412b.dat
1 71 -80 -88 -130 1 0 0 0 1 0 0 0 1 3023.dat
1 71 -200 -88 -130 1 0 0 0 1 0 0 0 1 3023.dat
1 70 -80 -104 -110 1 0 0 0 1 0 0 0 1 3010.dat
1 70 -270 -120 -110 1 0 0 0 1 0 0 0 1 32952.dat
1 70 -370 -120 -110 1 0 0 0 1 0 0 0 1 32952.dat
1 0 -320 -104 -110 1 0 0 0 1 0 0 0 1 3010.dat
1 84 -400 -104 -110 1 0 0 0 1 0 0 0 1 3004.dat
1 84 -240 -104 -110 1 0 0 0 1 0 0 0 1 3004.dat
1 84 -200 -104 -110 1 0 0 0 1 0 0 0 1 3004.dat
0 STEP
1 0 -110 -104 -130 1 0 0 0 1 0 0 0 1 3062b.dat
1 179 -110 -112 -130 1 0 0 0 1 0 0 0 1 6141.dat
1 47 -190 -112 -130 -1 0 0 0 1 0 0 0 -1 3899.dat
1 47 -210 -112 -130 -1 0 0 0 1 0 0 0 -1 3899.dat
1 71 -230 -80 -130 0 0 1 0 1 0 -1 0 0 49307.dat
1 71 -80 -112 -130 1 0 0 0 1 0 0 0 1 3660.dat
1 71 -80 -112 -110 1 0 0 0 1 0 0 0 1 3023.dat
0 STEP
1 288 -370 -128 -110 1 0 0 0 1 0 0 0 1 3024.dat
1 288 -270 -128 -110 1 0 0 0 1 0 0 0 1 3024.dat
1 70 -110 -128 -110 1 0 0 0 1 0 0 0 1 3005.dat
1 70 -50 -128 -110 1 0 0 0 1 0 0 0 1 3005.dat
1 71 -80 -136 -120 1 0 0 0 1 0 0 0 1 3003.dat
1 84 -400 -128 -110 1 0 0 0 1 0 0 0 1 98283.dat
1 84 -230 -128 -110 1 0 0 0 1 0 0 0 1 3622.dat
1 84 -190 -128 -110 1 0 0 0 1 0 0 0 1 3005.dat
0 STEP
1 16 0 -80 -100 1 0 0 0 1 0 0 0 1 21319 - Steps 41 to 46.ldr
0 STEP
1 16 -160 -80 -120 1 0 0 0 1 0 0 0 1 21319 - Steps 48 to 53.ldr
0 STEP
1 16 -100 -128 -120 0 0 1 0 1 0 -1 0 0 21319 - Step 55.ldr
1 16 -40 -128 -120 0 0 1 0 1 0 -1 0 0 21319 - Step 55.ldr
1 71 -80 -136 -150 1 0 0 0 1 0 0 0 1 11211.dat
1 84 40 -152 -110 1 0 0 0 1 0 0 0 1 3004.dat
1 84 80 -152 -110 1 0 0 0 1 0 0 0 1 98283.dat
1 19 90 -152 -130 1 0 0 0 1 0 0 0 1 3005.dat
0 STEP
1 16 0 -128 -100 1 0 0 0 1 0 0 0 1 21319 - Step 56.ldr
1 2 -150 -144 -130 0 0 1 0 1 0 -1 0 0 32607.dat
0 STEP
1 84 -410 -152 -110 1 0 0 0 1 0 0 0 1 3005.dat
1 84 -380 -152 -110 1 0 0 0 1 0 0 0 1 98283.dat
1 84 -220 -152 -110 1 0 0 0 1 0 0 0 1 3009.dat
1 84 -120 -144 -110 1 0 0 0 1 0 0 0 1 3710.dat
1 84 -40 -144 -110 1 0 0 0 1 0 0 0 1 3710.dat
0 STEP
1 70 -150 -168 -110 1 0 0 0 1 0 0 0 1 4070.dat
1 70 -150 -158 -116 1 0 0 0 0 -1 0 1 0 54200.dat
1 84 -130 -168 -110 1 0 0 0 1 0 0 0 1 3005.dat
1 70 -110 -168 -110 1 0 0 0 1 0 0 0 1 4070.dat
1 70 -110 -158 -116 1 0 0 0 0 -1 0 1 0 54200.dat
1 71 -80 -152 -110 1 0 0 0 1 0 0 0 1 3023.dat
1 70 -50 -168 -110 1 0 0 0 1 0 0 0 1 4070.dat
1 70 -50 -158 -116 1 0 0 0 0 -1 0 1 0 54200.dat
1 84 -30 -168 -110 1 0 0 0 1 0 0 0 1 3005.dat
1 70 -10 -168 -110 1 0 0 0 1 0 0 0 1 4070.dat
1 70 -10 -158 -116 1 0 0 0 0 -1 0 1 0 54200.dat
0 STEP
1 84 -170 -160 -110 1 0 0 0 1 0 0 0 1 3024.dat
1 84 -170 -168 -110 1 0 0 0 1 0 0 0 1 3024.dat
1 70 -130 -176 -120 1 0 0 0 1 0 0 0 1 3021.dat
1 84 -80 -176 -110 1 0 0 0 1 0 0 0 1 3004.dat
1 70 -30 -176 -120 1 0 0 0 1 0 0 0 1 3021.dat
1 84 10 -176 -110 1 0 0 0 1 0 0 0 1 3024.dat
1 84 30 -176 -110 1 0 0 0 1 0 0 0 1 3005.dat
1 84 50 -176 -110 1 0 0 0 1 0 0 0 1 60475b.dat
1 84 70 -176 -110 1 0 0 0 1 0 0 0 1 3005.dat
1 19 90 -176 -120 0 0 1 0 1 0 -1 0 0 3004.dat
0 STEP
1 84 -400 -176 -110 1 0 0 0 1 0 0 0 1 3004.dat
1 0 -320 -176 -110 -1 0 0 0 1 0 0 0 -1 60581px0.dat
1 84 -240 -176 -110 1 0 0 0 1 0 0 0 1 98283.dat
1 84 -210 -176 -110 1 0 0 0 1 0 0 0 1 60475b.dat
1 84 -190 -176 -110 1 0 0 0 1 0 0 0 1 3005.dat
1 16 -160 -148 -120 0 0 1 0 1 0 -1 0 0 21319 - Steps 45, 52 and 60.ldr
0 STEP
1 84 -400 -200 -110 1 0 0 0 1 0 0 0 1 3004.dat
1 288 -370 -160 -110 1 0 0 0 1 0 0 0 1 3024.dat
1 70 -370 -200 -110 1 0 0 0 1 0 0 0 1 32952.dat
1 0 -320 -200 -110 1 0 0 0 1 0 0 0 1 3010.dat
1 288 -270 -160 -110 1 0 0 0 1 0 0 0 1 3024.dat
1 70 -270 -200 -110 1 0 0 0 1 0 0 0 1 32952.dat
1 84 -200 -200 -110 1 0 0 0 1 0 0 0 1 3009.dat
1 84 -80 -200 -110 1 0 0 0 1 0 0 0 1 3009.dat
1 84 40 -200 -110 1 0 0 0 1 0 0 0 1 3009.dat
1 19 90 -200 -130 1 0 0 0 1 0 0 0 1 3005.dat
0 STEP
1 84 -380 -208 -110 1 0 0 0 1 0 0 0 1 3710.dat
1 84 -320 -208 -110 1 0 0 0 1 0 0 0 1 3023.dat
1 84 -260 -208 -110 1 0 0 0 1 0 0 0 1 3710.dat
1 84 -200 -208 -110 1 0 0 0 1 0 0 0 1 3023.dat
1 84 -140 -208 -110 1 0 0 0 1 0 0 0 1 3710.dat
1 84 -80 -208 -110 1 0 0 0 1 0 0 0 1 3023.dat
1 84 -20 -208 -110 1 0 0 0 1 0 0 0 1 3710.dat
1 84 60 -208 -110 1 0 0 0 1 0 0 0 1 3710.dat
1 297 -80 -160 -140 1 0 0 0 1 0 0 0 1 92947.dat
1 297 -80 -184 -140 1 0 0 0 1 0 0 0 1 30367b.dat
1 297 -80 -192 -140 1 0 0 0 -1 0 0 0 -1 20482.dat
0 STEP
1 288 -400 -216 -110 1 0 0 0 1 0 0 0 1 3023.dat
1 288 -320 -216 -110 1 0 0 0 1 0 0 0 1 6636.dat
1 288 -200 -216 -110 1 0 0 0 1 0 0 0 1 6636.dat
1 288 -80 -216 -110 1 0 0 0 1 0 0 0 1 6636.dat
1 288 -10 -216 -110 1 0 0 0 1 0 0 0 1 3070b.dat
1 288 40 -216 -110 1 0 0 0 1 0 0 0 1 2431.dat
1 288 -370 -140 -128 0 0 1 1 0 0 0 1 0 2431.dat
1 288 -270 -140 -128 0 0 1 1 0 0 0 1 0 2431.dat
1 288 -320 -190 -128 1 0 0 0 0 -1 0 1 0 6636.dat
1 288 -320 -90 -128 1 0 0 0 0 -1 0 1 0 6636.dat
0 STEP
1 297 -110 -168 -150 -0.707 0 0.707 0 1 0 -0.707 0 -0.707 4599b.dat
1 297 -50 -168 -150 -0.707 0 -0.707 0 1 0 0.707 0 -0.707 4599b.dat
1 297 -90 -122 -174 -1 0 0 0 -1 0 0 0 1 4599b.dat
1 297 -70 -122 -174 -1 0 0 0 -1 0 0 0 1 4599b.dat
1 0 -70 -114 -174 0.707 0 -0.707 0 -1 0 -0.707 0 -0.707 32828.dat
0 STEP
1 297 -130 -176 -130 0 0 -1 0 1 0 1 0 0 98383.dat
1 297 -210 -168 -130 1 0 0 0 -1 0 0 0 -1 20482.dat
1 297 -210 -176 -130 1 0 0 0 -1 0 0 0 -1 85861.dat
1 47 -210 -179.474 -130 1 0 0 0 1 0 0 0 1 30153.dat
1 297 50 -168 -130 1 0 0 0 -1 0 0 0 -1 20482.dat
1 297 50 -176 -130 1 0 0 0 -1 0 0 0 -1 85861.dat
1 47 50 -179.474 -130 1 0 0 0 1 0 0 0 1 30153.dat
1 179 -50 -184 -130 0 0 1 0 1 0 -1 0 0 11253.dat
1 179 -50 -192 -130 0 0 1 0 1 0 -1 0 0 11253.dat
1 2 -10 -184 -130 0.707 0 0.707 0 1 0 -0.707 0 0.707 32607.dat
1 10 -10 -192 -130 1 0 0 0 1 0 0 0 1 32607.dat
0 STEP
1 0 -400 -248 -80 -1 0 0 0 1 0 0 0 -1 21319 - 95347.dat
1 0 -400 -240 -110 1 0 0 0 1 0 0 0 1 3700.dat
0 STEP
1 0 -400 -240 -100 1 0 0 0 1 0 0 0 1 15068.dat
1 0 -400 -256 -70 1 0 0 0 1 0 0 0 1 3069b.dat
0 STEP
1 16 80 -24 -180 0 0 -1 0 1 0 1 0 0 21319 - Step 68.ldr
0 STEP
1 288 90 -32 -280 0 0 1 0 1 0 -1 0 0 3666.dat
1 288 90 -32 -400 0 0 1 0 1 0 -1 0 0 3666.dat
1 288 70 -32 -260 0 0 1 0 1 0 -1 0 0 3023.dat
1 70 60 -32 -310 1 0 0 0 1 0 0 0 1 35480.dat
1 70 60 -32 -410 1 0 0 0 1 0 0 0 1 35480.dat
0 STEP
1 70 60 -40 -360 0 0 1 0 1 0 -1 0 0 3795.dat
1 484 90 -56 -300 0 0 1 0 1 0 -1 0 0 3008.dat
1 484 90 -56 -420 0 0 1 0 1 0 -1 0 0 3010.dat
1 484 70 -56 -260 0 0 1 0 1 0 -1 0 0 3004.dat
0 STEP
1 484 90 -80 -250 0 0 -1 0 1 0 1 0 0 2357.dat
1 484 90 -80 -270 -1 0 0 0 1 0 0 0 -1 2357.dat
1 484 90 -80 -440 0 0 -1 0 1 0 1 0 0 3004.dat
1 320 60 -48 -320 1 0 0 0 1 0 0 0 1 3068b.dat
1 320 60 -48 -360 1 0 0 0 1 0 0 0 1 3068b.dat
1 320 60 -48 -400 1 0 0 0 1 0 0 0 1 3068b.dat
0 STEP
1 288 90 -88 -240 0 0 1 0 1 0 -1 0 0 3023.dat
1 288 90 -88 -280 0 0 1 0 1 0 -1 0 0 3023.dat
1 288 70 -88 -260 0 0 1 0 1 0 -1 0 0 3023.dat
1 288 90 -88 -440 0 0 1 0 1 0 -1 0 0 3023.dat
0 STEP
1 16 100 -56 -360 0 0 1 0 1 0 -1 0 0 21319 - Step 73.ldr
0 STEP
1 16 60 -40 -480 -1 0 0 0 1 0 0 0 -1 21319 - Steps 74 to 86.ldr
0 STEP
1 19 90 -112 -260 0 0 1 0 1 0 -1 0 0 3010.dat
1 19 90 -112 -450 0 0 1 0 1 0 -1 0 0 3622.dat
0 STEP
1 19 90 -136 -340 0 0 1 0 1 0 -1 0 0 6112.dat
1 84 80 -136 -470 1 0 0 0 1 0 0 0 1 98283.dat
0 STEP
1 16 60 -24 -440 0 0 1 0 1 0 -1 0 0 21319 - Step 90.ldr
0 STEP
1 16 20 -24 -440 0 0 1 0 1 0 -1 0 0 21319 - Step 91.ldr
0 STEP
1 19 90 -160 -280 0 0 1 0 1 0 -1 0 0 3009.dat
1 19 90 -160 -360 0 0 1 0 1 0 -1 0 0 11211.dat
1 19 90 -160 -420 0 0 1 0 1 0 -1 0 0 3010.dat
1 84 80 -160 -470 1 0 0 0 1 0 0 0 1 98283.dat
0 STEP
1 19 90 -184 -360 0 0 1 0 1 0 -1 0 0 6112.dat
1 84 70 -184 -470 1 0 0 0 1 0 0 0 1 3005.dat
1 19 90 -168 -230 1 0 0 0 1 0 0 0 1 3024.dat
1 19 90 -176 -230 1 0 0 0 1 0 0 0 1 3024.dat
1 19 90 -200 -230 -1 0 0 0 1 0 0 0 -1 2921.dat
0 STEP
1 16 80 -88 -260 0 0 1 0 1 0 -1 0 0 21319 - Step 94.ldr
0 STEP
1 19 90 -208 -180 0 0 1 0 1 0 -1 0 0 3666.dat
1 19 80 -208 -260 1 0 0 0 1 0 0 0 1 3003.dat
1 19 90 -208 -290 0 0 1 0 1 0 -1 0 0 87087.dat
1 19 90 -208 -340 0 0 1 0 1 0 -1 0 0 3010.dat
1 19 90 -208 -420 0 0 1 0 1 0 -1 0 0 3010.dat
1 84 60 -208 -480 0.995 0 -0.105 0 1 0 0.105 0 0.995 3831.dat
1 84 60 -208 -480 1 0 0 0 1 0 0 0 1 3830.dat
1 84 -10.662 -208 -477.372 0.995 0 -0.105 0 1 0 0.105 0 0.995 3622.dat
0 STEP
1 288 90 -216 -160 0 0 1 0 1 0 -1 0 0 6636.dat
1 288 90 -216 -280 0 0 1 0 1 0 -1 0 0 6636.dat
1 288 90 -216 -420 0 0 1 0 1 0 -1 0 0 6636.dat
1 288 90 -216 -350 1 0 0 0 1 0 0 0 1 3070b.dat
1 288 70 -216 -270 1 0 0 0 1 0 0 0 1 3070b.dat
1 288 70 -216 -250 1 0 0 0 1 0 0 0 1 3070b.dat
1 288 70 -216 -470 1 0 0 0 1 0 0 0 1 3070b.dat
1 72 47.602 -88 -505.422 0.946 0 -0.326 0 1 0 0.326 0 0.946 92926.dat
1 70 72 -160 -360 0 1 0 0 0 -1 -1 0 0 3068bp74.dat
0 STEP
1 16 80 -127 -232 0 0 1 -1 0 0 0 -1 0 21319 - Step 97.ldr
0 STEP
1 16 -80 -24 -240 1 0 0 0 1 0 0 0 1 21319 - Steps 98 to 108.ldr
0 STEP
1 16 14 -18 -360 1 0 0 0 1 0 0 0 1 21319 - Steps 110 to 118.ldr
0 STEP
1 16 -130 -28 -350 1 0 0 0 1 0 0 0 1 21319 - Step 120-1.ldr
1 16 -54.837 -80 -356.711 -0.906 0 0.423 0 -1 0 0.423 0 0.906 21319 - Step 120-2.ldr
1 16 -157.183 -80 -396.023 0.342 0 0.94 0 -1 0 0.94 0 -0.342 21319 - Step 120-2.ldr
0 STEP
1 16 -23.126 -219.742 -312.934 0 1 0 -0.423 0 -0.906 -0.906 0 0.423 21319 - Step 121.ldr
0 STEP
1 16 -305.861 -80 -584.489 0.946 0 -0.326 0 1 0 0.326 0 0.946 21319 - Step 122.ldr
0 STEP
1 16 -78.669 -40 -591.612 -0.477 0 0.879 0 1 0 -0.879 0 -0.477 21319 - Steps 123 to 125.ldr
0 STEP
1 16 -146.817 -48 -677.796 -0.946 0 0.326 0 1 0 -0.326 0 -0.946 21319 - Step 127.ldr
0 STEP
1 84 -49.397 -192 -491.498 0.105 0 0.995 0 1 0 -0.995 0 0.105 3023.dat
1 0 -57.252 -200 -512.434 0.105 0 0.995 0 1 0 -0.995 0 0.105 2429.dat
1 0 -58.072 -200 -511.764 -0.477 0 0.879 0 1 0 -0.879 0 -0.477 2430.dat
1 84 -49.397 -208 -491.498 0.105 0 0.995 0 1 0 -0.995 0 0.105 3023.dat
1 288 -78.669 -200 -591.612 -0.477 0 0.879 0 1 0 -0.879 0 -0.477 3020.dat
1 0 -134.418 -200 -652.374 -0.477 0 0.879 0 1 0 -0.879 0 -0.477 2429.dat
1 0 -134.42 -200 -652.377 -0.946 0 0.326 0 1 0 -0.326 0 -0.946 2430.dat
0 STEP
1 16 -165.728 -92 -684.308 0 0.946 0.326 1 0 0 0 0.326 -0.946 21319 - Steps 129 to 137.ldr
0 STEP
1 16 -335.921 -40 -742.91 -0.946 0 0.326 0 1 0 -0.326 0 -0.946 21319 - Step 139.ldr
0 STEP
1 16 -373.741 -32 -755.932 -0.946 0 0.326 0 1 0 -0.326 0 -0.946 21319 - Step 140.ldr
0 STEP
1 288 -54.056 -208 -525.323 0.879 0 0.477 0 1 0 -0.477 0 0.879 3024.dat
1 0 -68.37 -208 -551.688 -0.477 0 0.879 0 1 0 -0.879 0 -0.477 99781.dat
1 288 -87.457 -208 -586.841 -0.477 0 0.879 0 1 0 -0.879 0 -0.477 3023.dat
1 0 -106.543 -208 -621.993 -0.477 0 0.879 0 1 0 -0.879 0 -0.477 99781.dat
1 288 -120.858 -208 -648.358 0.879 0 0.477 0 1 0 -0.477 0 0.879 3024.dat
1 288 -140.62 -208 -665.088 0.326 0 0.946 0 1 0 -0.946 0 0.326 3024.dat
1 288 -206.805 -208 -687.876 0.946 0 -0.326 0 1 0 0.326 0 0.946 3666.dat
1 288 -320.266 -208 -726.943 0.946 0 -0.326 0 1 0 0.326 0 0.946 3666.dat
0 STEP
1 16 -61.092 -200 -601.155 0.477 0 -0.879 0 1 0 0.879 0 0.477 21319 - Step 142-1.ldr
1 16 -215.948 -200 -722.753 0.946 0 -0.326 0 1 0 0.326 0 0.946 21319 - Step 142-2.ldr
0 STEP
1 288 -0.717 -216 -476.327 0.995 0 -0.105 0 1 0 0.105 0 0.995 6636.dat
1 288 -48.352 -216 -501.443 0.995 0 -0.105 0 1 0 0.105 0 0.995 3070b.dat
1 288 -68.37 -216 -551.688 -0.477 0 0.879 0 1 0 -0.879 0 -0.477 2431.dat
1 288 -106.543 -216 -621.993 -0.477 0 0.879 0 1 0 -0.879 0 -0.477 2431.dat
1 288 -187.894 -216 -681.364 0.946 0 -0.326 0 1 0 0.326 0 0.946 6636.dat
1 288 -301.355 -216 -720.432 0.946 0 -0.326 0 1 0 0.326 0 0.946 6636.dat
1 288 -376.997 -216 -746.477 0.946 0 -0.326 0 1 0 0.326 0 0.946 3023.dat
1 19 -87.704 -198 -541.19 0.477 0.879 0 0 0 1 0.879 -0.477 0 63864.dat
1 19 -125.877 -198 -611.496 0.477 0.879 0 0 0 1 0.879 -0.477 0 63864.dat
1 19 -155.933 -172 -651.321 0.946 0.326 0 0 0 1 0.326 -0.946 0 3068b.dat
1 19 -222.12 -182 -674.112 0.946 0.326 0 0 0 1 0.326 -0.946 0 2431.dat
1 19 -288.306 -182 -696.902 0.946 0.326 0 0 0 1 0.326 -0.946 0 63864.dat
1 19 -345.036 -172 -716.435 0.946 0.326 0 0 0 1 0.326 -0.946 0 3068b.dat
0 STEP
1 16 -216.156 -34.015 -658.798 0.946 0.326 0 0 0 1 0.326 -0.946 0 21319 - Steps 144 to 149.ldr
0 STEP
1 16 -182.243 -44.015 -634.429 0.946 0 -0.326 0 1 0 0.326 0 0.946 21319 - Step 151.ldr
0 STEP
1 16 -279.399 -44.015 -659.422 -0.946 0 0.326 0 1 0 -0.326 0 -0.946 21319 - Steps 152 to 158.ldr
0 STEP
1 16 -379.439 -39.5 -678.211 0.326 0 0.946 0 1 0 -0.946 0 0.326 21319 - Step 160-1.ldr
1 16 -393.9 -40 -635.959 0.946 0 -0.326 0 1 0 0.326 0 0.946 21319 - Step 160-2.ldr
0 STEP
1 0 -367.209 -248 -774.89 0.945 0 -0.326 0 1 0 0.326 0 0.945 21319 - 95347.dat
1 0 -376.997 -240 -746.477 0.946 0 -0.326 0 1 0 0.326 0 0.946 3700.dat
0 STEP
1 0 -373.741 -240 -755.932 -0.946 0 0.326 0 1 0 -0.326 0 -0.946 15068.dat
1 0 -363.974 -256 -784.297 0.946 0 -0.326 0 1 0 0.326 0 0.946 3069b.dat
0 STEP
1 288 -80 -192 -460 1 0 0 0 1 0 0 0 1 11062.dat
1 288 -80 -216 -460 1 0 0 0 1 0 0 0 1 3062b.dat
1 288 -240 -192 -520 1 0 0 0 1 0 0 0 1 11062.dat
1 288 -240 -216 -520 1 0 0 0 1 0 0 0 1 3062b.dat
1 288 -394.525 -192 -572.714 0.946 0 -0.326 0 1 0 0.326 0 0.946 11062.dat
1 288 -394.525 -216 -572.714 0.946 0 -0.326 0 1 0 0.326 0 0.946 3062b.dat
0 STEP
1 288 -214.564 -40 -542.478 0.946 0 -0.326 0 1 0 0.326 0 0.946 2431.dat
0 STEP
1 16 -200 -7 -380 0 1 0 0 0 1 1 0 0 21319 - Steps 165 to 176.ldr
0 STEP
1 16 -204 -27 -340 0 0 1 0 1 0 -1 0 0 21319 - Steps 177 to 184.ldr
0 STEP
1 16 -332 -27 -480 -1 0 0 0 1 0 0 0 -1 21319 - Step 186.ldr
0 STEP
1 16 -320 -59 -258 -1 0 0 0 0 1 0 1 0 21319 - Steps 187 to 197.ldr
0 STEP
1 16 -364.142 -27 -210 0.707 0 0.707 0 1 0 -0.707 0 0.707 21319 - Step 199.ldr
1 16 -254 -27 -195.858 -0.707 0 0.707 0 1 0 -0.707 0 -0.707 21319 - Step 199.ldr
0 STEP
1 16 -312 -27 -200 1 0 0 0 1 0 0 0 1 21319 - Step 200.ldr
0 STEP
1 16 -400 -224.552 -165.642 -1 0 0 0 0.906 -0.423 0 -0.423 -0.906 21319 - Step 202.ldr
1 16 -390 -229.293 -692.108 0.123 0.712 -0.691 -0.992 0.118 -0.055 0.042 0.692 0.721 21319 - Step 202.ldr
0 STEP
1 179 -130.482 -100.533 -348.667 0.574 -0.671 0.47 0 0.574 0.819 -0.819 -0.47 0.329 91884.dat
1 15 -134.711 -107.906 -351.628 -0.671 0.47 0.574 0.574 0.819 0 -0.47 0.329 -0.819 38014.dat
1 15 -307 -75 -281 0.819 0 0.574 0 1 0 -0.574 0 0.819 3068bp78.dat
1 19 -307 -83 -274 -1 0 0 0 1 0 0 0 -1 21319 - 25269p02.dat
1 14 -239.858 -91 -195.858 -0.707 0 -0.707 0 1 0 0.707 0 -0.707 3899.dat
1 5 -378.284 -91 -210 -0.707 0 0.707 0 1 0 -0.707 0 -0.707 3899.dat
1 4 -254 -75 -390 0 0 1 0 1 0 -1 0 0 3899.dat
1 15 -254 -75 -330 0 0 1 0 1 0 -1 0 0 3899.dat
1 84 -357.721 -99.715 -712.224 -0.243 -0.342 0.908 -0.089 0.94 0.33 -0.966 0 -0.259 25975p01.dat
1 70 -254 -51 -370 1 0 0 0 1 0 0 0 1 15470.dat
1 70 -156 -107.464 -161.863 1 0 0 0 0.966 0.259 0 -0.259 0.966 3836.dat
1 29 -87 -90.83 -487 0 0 1 0 1 0 -1 0 0 27150.dat
1 0 -85.512 -90.824 -502 1 0 0 0 1 0 0 0 1 27150.dat









0 FILE 21319 - Step 4.ldr
0 Step 4
0 Name: 21319 - Step 4.ldr
0 Author: Vincent Messenet [Cheenzo]
0 !LDRAW_ORG Model
0 !LICENSE Redistributable under CCAL version 2.0 : see CAreadme.txt

1 0 0 -8 -10 1 0 0 0 1 0 0 0 1 3460.dat
0 STEP
1 19 0 -16 0 1 0 0 0 1 0 0 0 1 3832.dat









0 FILE 21319 - Step 9.ldr
0 Step 9
0 Name: 21319 - Step 9.ldr
0 Author: Vincent Messenet [Cheenzo]
0 !LDRAW_ORG Model
0 !LICENSE Redistributable under CCAL version 2.0 : see CAreadme.txt

1 0 40 -8 0 1 0 0 0 1 0 0 0 1 91988.dat
1 71 -60 -16 10 1 0 0 0 1 0 0 0 1 3666.dat
0 STEP
1 71 60 -16 10 1 0 0 0 1 0 0 0 1 3666.dat
1 71 180 -16 10 1 0 0 0 1 0 0 0 1 3666.dat







0 FILE 21319 - Step 19.ldr
0 Step 19
0 Name: 21319 - Step 19.ldr
0 Author: Vincent Messenet [Cheenzo]
0 !LDRAW_ORG Model
0 !LICENSE Redistributable under CCAL version 2.0 : see CAreadme.txt

1 0 0 -8 20 1 0 0 0 1 0 0 0 1 3035.dat
1 71 -60 -16 0 1 0 0 0 1 0 0 0 1 3020.dat
0 STEP
1 19 0 -16 10 1 0 0 0 1 0 0 0 1 3023.dat
1 19 30 -16 0 0 0 1 0 1 0 -1 0 0 3023.dat
1 15 0 -16 -10 1 0 0 0 1 0 0 0 1 48336.dat
1 4 50 -16 0 0 0 1 0 1 0 -1 0 0 92280.dat
0 STEP
1 15 0 -24 10 1 0 0 0 1 0 0 0 1 6636.dat
1 19 -20 -24 -10 1 0 0 0 1 0 0 0 1 2431.dat
1 4 30 -24 -10 1 0 0 0 1 0 0 0 1 6141.dat








0 FILE 21319 - Step 20.ldr
0 Step 20
0 Name: 21319 - Step 20.ldr
0 Author: Vincent Messenet [Cheenzo]
0 !LDRAW_ORG Model
0 !LICENSE Redistributable under CCAL version 2.0 : see CAreadme.txt

1 0 0 -8 20 1 0 0 0 1 0 0 0 1 3035.dat
1 71 -60 -16 40 1 0 0 0 1 0 0 0 1 3020.dat
0 STEP
1 19 0 -16 30 1 0 0 0 1 0 0 0 1 3023.dat
1 19 30 -16 40 0 0 1 0 1 0 -1 0 0 3023.dat
1 15 0 -16 50 -1 0 0 0 1 0 0 0 -1 48336.dat
1 4 50 -16 40 0 0 1 0 1 0 -1 0 0 92280.dat
0 STEP
1 15 0 -24 50 1 0 0 0 1 0 0 0 1 6636.dat
1 19 -20 -24 30 1 0 0 0 1 0 0 0 1 2431.dat
1 4 30 -24 30 1 0 0 0 1 0 0 0 1 6141.dat







0 FILE 21319 - Step 22.ldr
0 Step 22
0 Name: 21319 - Step 22.ldr
0 Author: Vincent Messenet [Cheenzo]
0 !LDRAW_ORG Model
0 !LICENSE Redistributable under CCAL version 2.0 : see CAreadme.txt

1 0 0 -8 -20 1 0 0 0 1 0 0 0 1 3832.dat
1 288 -80 -16 0 0 0 1 0 1 0 -1 0 0 3020.dat
0 STEP
1 288 -80 -24 -30 1 0 0 0 1 0 0 0 1 3023.dat
1 288 -90 -24 -10 1 0 0 0 1 0 0 0 1 3024.dat
1 288 -20 -32 -20 1 0 0 0 1 0 0 0 1 3001.dat
1 288 40 -32 0 0 0 1 0 1 0 -1 0 0 3001.dat







0 FILE 21319 - Step 24.ldr
0 Step 24
0 Name: 21319 - Step 24.ldr
0 Author: Vincent Messenet [Cheenzo]
0 !LDRAW_ORG Model
0 !LICENSE Redistributable under CCAL version 2.0 : see CAreadme.txt

1 0 0 -8 0 1 0 0 0 1 0 0 0 1 6106.dat
1 71 20 -32 0 1 0 0 0 1 0 0 0 1 14413.dat
0 STEP
1 288 -60 -32 -20 1 0 0 0 1 0 0 0 1 3001.dat
0 STEP
1 71 -50 -32 -50 1 0 0 0 1 0 0 0 1 3005.dat
1 71 -30 -32 -50 0 0 -1 0 1 0 1 0 0 87087.dat
1 71 -20 -22 -50 0 -1 0 1 0 0 0 0 1 54200.dat







0 FILE 21319 - Step 26.ldr
0 Step 26
0 Name: 21319 - Step 26.ldr
0 Author: Vincent Messenet [Cheenzo]
0 !LDRAW_ORG Model
0 !LICENSE Redistributable under CCAL version 2.0 : see CAreadme.txt

1 0 0 -8 -10 1 0 0 0 1 0 0 0 1 3666.dat
1 71 -50 -32 -10 1 0 0 0 1 0 0 0 1 87087.dat
0 STEP
1 71 -50 -22 -20 0 0 -1 -1 0 0 0 1 0 54200.dat
1 71 -10 -32 0 1 0 0 0 1 0 0 0 1 3002.dat
1 71 40 -16 -10 1 0 0 0 1 0 0 0 1 3023.dat
0 STEP
1 71 50 -40 -10 0 0 -1 0 1 0 1 0 0 2357.dat







0 FILE 21319 - Step 34.ldr
0 Step 34
0 Name: 21319 - Step 34.ldr
0 Author: Vincent Messenet [Cheenzo]
0 !LDRAW_ORG Model
0 !LICENSE Redistributable under CCAL version 2.0 : see CAreadme.txt

1 288 -22 2 0 0 -1 0 0 0 1 -1 0 0 3024.dat
1 70 18 2 0 0 -1 0 0 0 1 -1 0 0 32952.dat
0 STEP
1 72 -2 -16 0 -1 0 0 0 1 0 0 0 -1 35480.dat
1 179 8 -24 0 -1 0 0 0 1 0 0 0 -1 6141.dat
1 179 -12 -24 0 -1 0 0 0 1 0 0 0 -1 6141.dat
1 72 -2 -32 0 -1 0 0 0 1 0 0 0 -1 35480.dat
1 179 8 -40 0 -1 0 0 0 1 0 0 0 -1 6141.dat
1 179 -12 -40 0 -1 0 0 0 1 0 0 0 -1 6141.dat
1 72 -2 -48 0 -1 0 0 0 1 0 0 0 -1 35480.dat
1 179 8 -56 0 -1 0 0 0 1 0 0 0 -1 6141.dat
1 179 -12 -56 0 -1 0 0 0 1 0 0 0 -1 6141.dat
0 STEP
1 179 -2 -64 0 -1 0 0 0 1 0 0 0 -1 2412b.dat







0 FILE 21319 - Step 36.ldr
0 Step 36
0 Name: 21319 - Step 36.ldr
0 Author: Vincent Messenet [Cheenzo]
0 !LDRAW_ORG Model
0 !LICENSE Redistributable under CCAL version 2.0 : see CAreadme.txt

1 28 0 -8 0 1 0 0 0 1 0 0 0 1 3020.dat
1 288 30 -16 0 0 0 1 0 1 0 -1 0 0 3023.dat
0 STEP
1 84 -10 -32 10 1 0 0 0 1 0 0 0 1 3622.dat
1 19 30 -24 0 0 0 1 0 1 0 -1 0 0 3023.dat
1 19 30 -32 0 0 0 1 0 1 0 -1 0 0 3023.dat
0 STEP
1 84 -30 -56 10 1 0 0 0 1 0 0 0 1 3005.dat
1 84 0 -56 10 1 0 0 0 1 0 0 0 1 98283.dat
1 19 30 -56 0 0 0 1 0 1 0 -1 0 0 3004.dat
0 STEP
1 34 -30 -56 -10 1 0 0 0 1 0 0 0 1 95228.dat
1 37 -10 -32 -10 -0.707 0 0.707 0 1 0 -0.707 0 -0.707 3899.dat








0 FILE 21319 - Steps 41 to 46.ldr
0 Steps 41 to 46
0 Name: 21319 - Steps 41 to 46.ldr
0 Author: Vincent Messenet [Cheenzo]
0 !LDRAW_ORG Model
0 !LICENSE Redistributable under CCAL version 2.0 : see CAreadme.txt

1 70 -12 -20 -20 0 -1 0 1 0 0 0 0 1 33909.dat
0 STEP
1 70 12 -30 -10 0 -1 0 1 0 0 0 0 1 3005.dat
1 212 12 -10 -10 0 -1 0 1 0 0 0 0 1 3040b.dat
0 STEP
1 70 20 -20 -20 0 -1 0 1 0 0 0 0 1 3068b.dat
0 STEP
1 70 -30 -40 -10 0 0 -1 0 1 0 1 0 0 32952.dat
0 STEP
1 16 -20 -20 -20 0 0 1 0 1 0 -1 0 0 21319 - Steps 45, 52 and 60.ldr
0 STEP
1 16 0 -40 -20 1 0 0 0 1 0 0 0 1 21319 - Step 46.ldr







0 FILE 21319 - Steps 45, 52 and 60.ldr
0 Steps 45, 52 and 60
0 Name: 21319 - Steps 45, 52 and 60.ldr
0 Author: Vincent Messenet [Cheenzo]
0 !LDRAW_ORG Model
0 !LICENSE Redistributable under CCAL version 2.0 : see CAreadme.txt

1 179 10 -10 -10 1 0 0 0 1 0 0 0 1 18654.dat
1 1 10 -20 -10 0 0 1 -1 0 0 0 -1 0 4274.dat
0 STEP
1 72 0 -28 -10 1 0 0 0 1 0 0 0 1 35480.dat
1 179 10 -36 -10 1 0 0 0 1 0 0 0 1 6141.dat







0 FILE 21319 - Step 46.ldr
0 Step 46
0 Name: 21319 - Step 46.ldr
0 Author: Vincent Messenet [Cheenzo]
0 !LDRAW_ORG Model
0 !LICENSE Redistributable under CCAL version 2.0 : see CAreadme.txt

1 70 0 -8 0 1 0 0 0 1 0 0 0 1 33909.dat
0 STEP
1 84 -20 -16 10 1 0 0 0 1 0 0 0 1 3023.dat







0 FILE 21319 - Steps 48 to 53.ldr
0 Steps 48 to 53
0 Name: 21319 - Steps 48 to 53.ldr
0 Author: Vincent Messenet [Cheenzo]
0 !LDRAW_ORG Model
0 !LICENSE Redistributable under CCAL version 2.0 : see CAreadme.txt

1 70 12 -20 0 0 1 0 0 0 1 1 0 0 33909.dat
1 4 -12 -10 -10 0 1 0 0 0 1 1 0 0 87087.dat
0 STEP
1 70 -12 -20 10 0 1 0 -1 0 0 0 0 1 3004.dat
1 297 -2 -28 -10 0 0 -1 0 1 0 1 0 0 85861.dat
0 STEP
1 70 -20 -20 0 0 1 0 0 0 1 1 0 0 3068b.dat
1 70 30 -40 10 0 0 1 0 1 0 -1 0 0 32952.dat
0 STEP
1 16 40 -20 0 0 0 1 0 1 0 -1 0 0 21319 - Steps 45, 52 and 60.ldr
0 STEP
1 16 0 -40 0 1 0 0 0 1 0 0 0 1 21319 - Step 53.ldr







0 FILE 21319 - Step 53.ldr
0 Step 53
0 Name: 21319 - Step 53.ldr
0 Author: Vincent Messenet [Cheenzo]
0 !LDRAW_ORG Model
0 !LICENSE Redistributable under CCAL version 2.0 : see CAreadme.txt

1 70 0 -8 0 1 0 0 0 1 0 0 0 1 33909.dat
0 STEP
1 320 10 -16 10 0 0 1 0 1 0 -1 0 0 2420.dat







0 FILE 21319 - Step 55.ldr
0 Step 55
0 Name: 21319 - Step 55.ldr
0 Author: Vincent Messenet [Cheenzo]
0 !LDRAW_ORG Model
0 !LICENSE Redistributable under CCAL version 2.0 : see CAreadme.txt

1 71 0 -8 -10 1 0 0 0 1 0 0 0 1 92280.dat
1 297 30 -16 -10 0 0 1 0 1 0 -1 0 0 26047.dat
0 STEP
1 297 30 -8 -10 1 0 0 0 1 0 0 0 1 3062b.dat







0 FILE 21319 - Step 56.ldr
0 Step 56
0 Name: 21319 - Step 56.ldr
0 Author: Vincent Messenet [Cheenzo]
0 !LDRAW_ORG Model
0 !LICENSE Redistributable under CCAL version 2.0 : see CAreadme.txt

1 70 10 -40 -10 1 0 0 0 1 0 0 0 1 32952.dat
1 71 10 -20 -28 0 0 1 1 0 0 0 1 0 3023.dat
0 STEP
1 4 10 -20 -36 0 0 1 1 0 0 0 1 0 2412b.dat







0 FILE 21319 - Step 68.ldr
0 Step 68
0 Name: 21319 - Step 68.ldr
0 Author: Vincent Messenet [Cheenzo]
0 !LDRAW_ORG Model
0 !LICENSE Redistributable under CCAL version 2.0 : see CAreadme.txt

1 288 0 -144 -10 -1 0 0 0 1 0 0 0 -1 60596.dat
1 70 -32.2 -144 -15.5 1 0 0 0 1 0 0 0 1 60616a.dat
0 STEP
1 297 -30 -152 -10 1 0 0 0 1 0 0 0 1 85861.dat
1 47 -10 -168 -10 1 0 0 0 1 0 0 0 1 3005.dat
1 47 20 -168 -10 1 0 0 0 1 0 0 0 1 3065.dat
1 288 10 -176 -10 1 0 0 0 1 0 0 0 1 3623.dat







0 FILE 21319 - Step 73.ldr
0 Step 73
0 Name: 21319 - Step 73.ldr
0 Author: Vincent Messenet [Cheenzo]
0 !LDRAW_ORG Model
0 !LICENSE Redistributable under CCAL version 2.0 : see CAreadme.txt

1 484 0 -8 -10 1 0 0 0 1 0 0 0 1 3666.dat
0 STEP
1 19 -40 -32 -10 1 0 0 0 1 0 0 0 1 11211.dat
1 19 0 -32 -10 1 0 0 0 1 0 0 0 1 11211.dat
1 19 40 -32 -10 1 0 0 0 1 0 0 0 1 11211.dat
0 STEP
1 70 -40 -40 -10 1 0 0 0 1 0 0 0 1 32028.dat
1 70 0 -40 -10 1 0 0 0 1 0 0 0 1 32028.dat
1 70 40 -40 -10 1 0 0 0 1 0 0 0 1 32028.dat
0 STEP
1 19 0 -48 -10 1 0 0 0 1 0 0 0 1 3666.dat
1 19 0 -56 -10 1 0 0 0 1 0 0 0 1 3666.dat
0 STEP
1 320 -40 -12 -28 1 0 0 0 0 -1 0 1 0 3068b.dat
1 320 0 -12 -28 1 0 0 0 0 -1 0 1 0 3068b.dat
1 320 40 -12 -28 1 0 0 0 0 -1 0 1 0 3068b.dat







0 FILE 21319 - Steps 74 to 86.ldr
0 Steps 74 to 86
0 Name: 21319 - Steps 74 to 86.ldr
0 Author: Vincent Messenet [Cheenzo]
0 !LDRAW_ORG Model
0 !LICENSE Redistributable under CCAL version 2.0 : see CAreadme.txt

1 84 0 -24 0 -0.995 0 0.105 0 1 0 -0.105 0 -0.995 3831.dat
1 84 0 -24 0 -1 0 0 0 1 0 0 0 -1 3830.dat
0 STEP
1 84 -20 -48 -10 -1 0 0 0 1 0 0 0 -1 98283.dat
1 84 -10 -72 -10 1 0 0 0 1 0 0 0 1 3005.dat
0 STEP
1 84 70.662 -24 -2.628 0.995 0 -0.105 0 1 0 0.105 0 0.995 3622.dat
1 288 60.717 0 -3.674 0.995 0 -0.105 0 1 0 0.105 0 0.995 3666.dat
0 STEP
1 16 97.362 0 30.343 -0.105 0 -0.995 0 1 0 0.995 0 -0.105 21319 - Step 77.ldr
0 STEP
1 84 60.717 -48 -3.674 0.995 0 -0.105 0 1 0 0.105 0 0.995 3009.dat
0 STEP
1 84 10.991 -72 -8.9 0.995 0 -0.105 0 1 0 0.105 0 0.995 3005.dat
1 84 90.552 -72 -0.538 0.995 0 -0.105 0 1 0 0.105 0 0.995 3622.dat
1 70 128.243 -56 23.534 -0.995 0 0.105 0 1 0 -0.105 0 -0.995 2420.dat
1 84 108.352 -64 21.443 0.995 0 -0.105 0 1 0 0.105 0 0.995 3024.dat
1 84 108.352 -72 21.443 0.995 0 -0.105 0 1 0 0.105 0 0.995 3024.dat
0 STEP
1 84 10.991 -96 -8.9 0.995 0 -0.105 0 1 0 0.105 0 0.995 3005.dat
1 84 90.552 -96 -0.538 0.995 0 -0.105 0 1 0 0.105 0 0.995 3622.dat
1 84 108.352 -96 21.443 0.995 0 -0.105 0 1 0 0.105 0 0.995 3005.dat
0 STEP
1 84 10.991 -120 -8.9 0.995 0 -0.105 0 1 0 0.105 0 0.995 3005.dat
1 84 70.662 -120 -2.628 0.995 0 -0.105 0 1 0 0.105 0 0.995 3005.dat
1 84 109.397 -120 11.498 -0.105 0 -0.995 0 1 0 0.995 0 -0.105 98283.dat
1 0 90.552 -120 -0.538 0.995 0 -0.105 0 1 0 0.105 0 0.995 47905.dat
1 288 40.826 -120 -5.764 0.995 0 -0.105 0 1 0 0.105 0 0.995 60593.dat
1 47 40.839 -119.9 -5.883 0.995 0 -0.105 0 1 0 0.105 0 0.995 60602.dat
0 STEP
1 84 60.717 -144 -3.674 0.995 0 -0.105 0 1 0 0.105 0 0.995 3009.dat
1 84 108.352 -144 21.443 0.995 0 -0.105 0 1 0 0.105 0 0.995 3005.dat
0 STEP
1 16 119.343 -28 12.543 0 -0.995 -0.105 1 0 0 0 -0.105 0.995 21319 - Step 83.ldr
0 STEP
1 16 119.343 -56 12.543 -0.105 0 -0.995 0 1 0 0.995 0 -0.105 21319 - Step 84.ldr
0 STEP
1 16 91.598 -90 -10.483 0 -0.105 -0.995 -1 0 0 0 0.995 -0.105 21319 - Step 85.ldr
0 STEP
1 16 79.562 -80 8.362 0 0.105 0.995 -1 0 0 0 -0.995 0.105 21319 - Step 86.ldr







0 FILE 21319 - Step 77.ldr
0 Step 77
0 Name: 21319 - Step 77.ldr
0 Author: Vincent Messenet [Cheenzo]
0 !LDRAW_ORG Model
0 !LICENSE Redistributable under CCAL version 2.0 : see CAreadme.txt

1 0 0 -8 -20 1 0 0 0 1 0 0 0 1 2429.dat
1 0 0 -8 -20 0.80902 0 0.58779 0 1 0 -0.58779 0 0.80902 2430.dat
1 84 -30 -16 -10 1 0 0 0 1 0 0 0 1 3024.dat
0 STEP
1 84 -30 -24 -10 1 0 0 0 1 0 0 0 1 3024.dat
1 70 -10 -48 -10 1 0 0 0 1 0 0 0 1 32952.dat







0 FILE 21319 - Step 83.ldr
0 Step 83
0 Name: 21319 - Step 83.ldr
0 Author: Vincent Messenet [Cheenzo]
0 !LDRAW_ORG Model
0 !LICENSE Redistributable under CCAL version 2.0 : see CAreadme.txt

1 70 0 -8 0 1 0 0 0 1 0 0 0 1 3022.dat
1 70 -10 -40 0 0 0 -1 0 1 0 1 0 0 2432.dat
0 STEP
1 70 10 -32 10 0 0 1 0 1 0 -1 0 0 6231.dat
1 70 10 -32 -10 -1 0 0 0 1 0 0 0 -1 6231.dat







0 FILE 21319 - Step 84.ldr
0 Step 84
0 Name: 21319 - Step 84.ldr
0 Author: Vincent Messenet [Cheenzo]
0 !LDRAW_ORG Model
0 !LICENSE Redistributable under CCAL version 2.0 : see CAreadme.txt

1 70 0 -72 -10 1 0 0 0 1 0 0 0 1 60593.dat
1 70 -10 -80 -10 1 0 0 0 1 0 0 0 1 36840.dat
0 STEP
1 297 -10 -82 -32 1 0 0 0 0 -1 0 1 0 85861.dat
0 STEP
1 4 -10 -82 -32 1 0 0 0 0 -1 0 1 0 3833.dat







0 FILE 21319 - Step 85.ldr
0 Step 85
0 Name: 21319 - Step 85.ldr
0 Author: Vincent Messenet [Cheenzo]
0 !LDRAW_ORG Model
0 !LICENSE Redistributable under CCAL version 2.0 : see CAreadme.txt

1 0 10 -8 0 -1 0 0 0 1 0 0 0 -1 26603.dat
0 STEP
1 0 10 -8 0 -1 0 0 0 1 0 0 0 -1 6288456b.dat







0 FILE 21319 - Step 86.ldr
0 Step 86
0 Name: 21319 - Step 86.ldr
0 Author: Vincent Messenet [Cheenzo]
0 !LDRAW_ORG Model
0 !LICENSE Redistributable under CCAL version 2.0 : see CAreadme.txt

1 15 10 -8 0 -1 0 0 0 1 0 0 0 -1 26603.dat
0 STEP
1 15 10 -8 0 -1 0 0 0 1 0 0 0 -1 6288456c.dat







0 FILE 21319 - Step 90.ldr
0 Step 90
0 Name: 21319 - Step 90.ldr
0 Author: Vincent Messenet [Cheenzo]
0 !LDRAW_ORG Model
0 !LICENSE Redistributable under CCAL version 2.0 : see CAreadme.txt

1 297 0 -24 0 1 0 0 0 1 0 0 0 1 30367b.dat
1 297 0 -48 0 1 0 0 0 1 0 0 0 1 59900.dat
0 STEP
1 297 0 -100 0 1 0 0 0 1 0 0 0 1 87994.dat
0 STEP
1 297 0 -100 0 1 0 0 0 -1 0 0 0 -1 30367b.dat
1 297 -10 -124 10 1 0 0 0 -1 0 0 0 -1 85861.dat
0 STEP
1 57 -10 -123 10 0 0 -1 0 1 0 1 0 0 37775.dat
1 297 10 -124 10 1 0 0 0 -1 0 0 0 -1 85861.dat
1 57 10 -123 10 0 0 -1 0 1 0 1 0 0 37775.dat
1 297 -10 -124 -10 1 0 0 0 -1 0 0 0 -1 85861.dat
1 57 -10 -123 -10 0 0 -1 0 1 0 1 0 0 37775.dat
1 297 10 -124 -10 1 0 0 0 -1 0 0 0 -1 85861.dat
1 57 10 -123 -10 0 0 -1 0 1 0 1 0 0 37775.dat







0 FILE 21319 - Step 91.ldr
0 Step 91
0 Name: 21319 - Step 91.ldr
0 Author: Vincent Messenet [Cheenzo]
0 !LDRAW_ORG Model
0 !LICENSE Redistributable under CCAL version 2.0 : see CAreadme.txt

1 70 0 -24 0 0 0 -1 0 1 0 1 0 0 3003.dat
1 70 0 -32 0 0 0 -1 0 1 0 1 0 0 33909.dat
0 STEP
1 47 -10 -56 -10 1 0 0 0 1 0 0 0 1 3062b.dat
1 4 -10 -56 10 0.707 0 -0.707 0 1 0 0.707 0 0.707 3899.dat
0 STEP
1 2 -3.3 -52.2835 -11 1 0 0 0 1 0 0 0 1 24855.dat
1 191 -19.8188 -87.12741 7.1281 0.96409 0.2539 0.07789 -0.2539 0.79517 0.55067 0.07788 -0.55067 0.83108 24866.dat
1 191 14.3258 -95.31779 -9.9 0.81941 -0.57321 0 0.57321 0.81941 0 0 0 1 24866.dat
1 191 -21.1172 -91.148 -29.1734 0.9342 0.34669 -0.0842 -0.34669 0.82646 -0.44358 -0.0842 0.44358 0.89227 24866.dat
0 STEP
1 2 -16.7 -64.2835 -9 -1 0 0 0 1 0 0 0 -1 24855.dat
1 5 -0.1812 -99.12741 -27.1281 -0.96409 -0.2539 -0.07789 -0.2539 0.79517 0.55068 -0.07789 0.55068 -0.83108 24866.dat
1 5 -34.3259 -107.3179 -10.1 -0.81941 0.57321 0 0.57321 0.81941 0 0 0 -1 24866.dat
1 5 1.1172 -103.1481 9.1735 -0.9342 -0.34669 0.0842 -0.34669 0.82646 -0.44358 0.0842 -0.44359 -0.89227 24866.dat







0 FILE 21319 - Step 94.ldr
0 Step 94
0 Name: 21319 - Step 94.ldr
