0 FILE 2541 - Adventurers Car.ldr
0 Adventurers Car
0 Name: 2541 - Adventurers Car.ldr
0 Author: Merlijn Wissink [Legolijntje]
0 !LDRAW_ORG Model
0 !LICENSE Redistributable under CCAL version 2.0 : see CAreadme.txt
1 15 0 0 0 1 0 0 0 1 0 0 0 1 2541 - Car.ldr
1 15 90 -9 -10 1 0 0 0 1 0 0 0 1 2541 - Baron Von Barron.ldr
1 8 65.525 -9.667 -30.476 0.985 -0.086 0.147 0.17 0.5 -0.849 0 0.862 0.508 30132.dat

0 FILE 2541 - Car.ldr
0 Car
0 Name: 2541 - Car
0 Author: Merlijn Wissink [Legolijntje]
0 !LDRAW_ORG Model
0 !LICENSE Redistributable under CCAL version 2.0 : see CAreadme.txt
1 0 0 0 0 0 0 1 0 1 0 -1 0 0 3795.dat
1 7 0 8 -40 -1 0 0 0 1 0 0 0 -1 4600.dat
1 7 0 8 40 -1 0 0 0 1 0 0 0 -1 4600.dat
1 7 0 -8 -50 1 0 0 0 1 0 0 0 1 2540.dat
1 7 -10 -8 -30 1 0 0 0 1 0 0 0 1 6141.dat
1 7 10 -8 -30 1 0 0 0 1 0 0 0 1 6141.dat
1 7 0 -24 30 -1 0 0 0 1 0 0 0 -1 3039.dat
1 7 0 -24 0 0 0 -1 0 1 0 1 0 0 4871.dat
1 0 30 -32 30 -1 0 0 0 1 0 0 0 -1 2420.dat
1 0 -30 -32 30 0 0 1 0 1 0 -1 0 0 2420.dat
1 8 0 -32 -40 0 0 1 0 1 0 -1 0 0 30165.dat
1 7 -30 13 -40 0 0 1 0 1 0 -1 0 0 4624.dat
1 0 -30 13 -40 0 0 1 0 1 0 -1 0 0 3641.dat
1 7 -30 13 40 0 0 1 0 1 0 -1 0 0 4624.dat
1 0 -30 13 40 0 0 1 0 1 0 -1 0 0 3641.dat
1 7 30 13 -40 0 0 -1 0 1 0 1 0 0 4624.dat
1 7 30 13 40 0 0 -1 0 1 0 1 0 0 4624.dat
1 0 30 13 40 0 0 -1 0 1 0 1 0 0 3641.dat
1 0 30 13 -40 0 0 -1 0 1 0 1 0 0 3641.dat

0 FILE 2541 - Baron Von Barron.ldr
0 Baron Von Barron
0 Name: 2541 - Baron Von Barron.ldr
0 Author: Merlijn Wissink [Legolijntje]
0 !LDRAW_ORG Model
0 !LICENSE Redistributable under CCAL version 2.0 : see CAreadme.txt
1 7 0 0 0 1 0 0 0 1 0 0 0 1 3815c01.dat
1 19 0 -32 0 1 0 0 0 1 0 0 0 1 973pa7.dat
1 19 15.552 -23 0 0.985 0.17 0 -0.17 0.985 0 0 0 1 3819.dat
1 8 23.688 -5.24 -9.884 -0.12 0.985 -0.12 -0.697 -0.17 -0.697 -0.707 0 0.707 2531.dat
1 19 -15.552 -23 0 0.985 -0.17 0 0.17 0.985 0 0 0 1 3818.dat
1 0 -23.688 -5.24 -9.884 0.985 -0.12 0.12 0.17 0.697 -0.697 0 0.707 0.707 3820.dat
1 14 0 -56 0 1 0 0 0 1 0 0 0 1 3626bpa7.dat
1 15 0 -56 0 1 0 0 0 1 0 0 0 1 30172.dat