0 FILE 30022 - main.ldr
0 main
0 Name: 30022 - main.ldr
0 Author: Takeshi Takahashi [RainbowDolphin]
0 !LDRAW_ORG Model
0 !LICENSE Redistributable under CCAL version 2.0 : see CAreadme.txt
0 ROTATION CENTER 0 0 0 1 "Custom"
0 ROTATION CONFIG 0 0
1 0 0 0 0 0 1 0 -1 0 0 0 0 1 30022 - Bee.ldr




0 FILE 30022 - Bee.ldr
0 Bee
0 Name: 30022 - Bee.ldr
0 Author: Takeshi Takahashi [RainbowDolphin]
0 !LDRAW_ORG Model
0 !LICENSE Redistributable under CCAL version 2.0 : see CAreadme.txt

0 ROTATION CENTER 0 0 0 1 "Custom"
0 ROTATION CONFIG 0 0
1 0 0 0 0 1 0 0 0 1 0 0 0 1 87081.dat
1 0 0 -24 10 1 0 0 0 1 0 0 0 1 30541.dat
1 0 0 -24 -10 1 0 0 0 1 0 0 0 1 30541.dat
1 14 10 -24 30 1 0 0 0 1 0 0 0 1 3005.dat
1 14 10 -24 -30 1 0 0 0 1 0 0 0 1 3005.dat
1 14 -20 -24 20 -1 0 0 0 1 0 0 0 -1 87620.dat
1 14 -20 -24 -20 0 0 1 0 1 0 -1 0 0 87620.dat
1 0 0 -48 0 1 0 0 0 1 0 0 0 1 87081.dat
1 14 0 -56 0 1 0 0 0 1 0 0 0 1 4032a.dat
1 0 0 -64 0 1 0 0 0 1 0 0 0 1 6141.dat
1 14 0 -72 0 1 0 0 0 1 0 0 0 1 43898.dat
1 0 0 -80 0 0 0 1 0 1 0 -1 0 0 44567.dat
1 15 0 -88 10 0.707107 0 0.707107 0 1 0 -0.707107 0 0.707107 4592.dat
1 15 0 -88 -10 -0.707107 0 0.707107 0 1 0 -0.707107 0 -0.707107 4592.dat
1 0 0 -88 10 0.707107 -0.5 0.5 0 0.707107 0.707107 -0.707107 -0.5 0.5 4593.dat
1 0 0 -88 -10 -0.707107 -0.5 0.5 0 0.707107 0.707107 -0.707107 0.5 -0.5 4593.dat
1 0 0 48 0 -1 0 0 0 -1 0 0 0 1 6141.dat
1 0 0 56 0 0 0 1 0 -1 0 1 0 0 49668.dat
1 14 0 40 0 -1 0 0 0 -1 0 0 0 1 43898.dat
1 1 0 24 0 0 -1 0 1 0 0 0 0 1 4274.dat
1 0 30 -12 40 0 -1 0 0 0 1 -1 0 0 44302a.dat
1 40 54 -12 60 0 -1 0 0 0 1 -1 0 0 30413.dat
1 0 30 -12 -40 0 -1 0 0 0 -1 1 0 0 44302a.dat
1 40 54 -12 -60 0 -1 0 0 0 1 -1 0 0 30413.dat








