0 FILE 30036 - Main.ldr
0 Main
0 Name: 30036 - Main.ldr
0 Author: Massimo Maso [Sirio]
0 !LDRAW_ORG Model
0 !LICENSE Redistributable under CCAL version 2.0 : see CAreadme.txt

0 !HISTORY 2019-02-22 [technicbasics] Build .mpd to OMRize file

0 ROTATION CENTER 0 0 0 1 "Custom"
0 ROTATION CONFIG 0 0
1 0 0 0 0 1 0 0 0 1 0 0 0 1 30036 - Buggy Racer.ldr




0 FILE 30036 - Buggy Racer.ldr
0 Buggy Racer
0 Name: 30036 - Buggy Racer.ldr
0 Author: Massimo Maso [Sirio]
0 !LDRAW_ORG Model
0 !LICENSE Redistributable under CCAL version 2.0 : see CAreadme.txt
0 ROTATION CENTER 0 0 0 1 "Custom"
0 ROTATION CONFIG 0 0
1 0 0 -7.989 59.667 1 0 0 0 0.997785 -0.0665177 0 0.0665177 0.997785 6157.dat
0 STEP
1 0 0 -5.328 19.756 0 0 1 0.0665177 0.997785 0 -0.997785 0.0665177 0 3795.dat
1 0 0 -7.989 -60.599 1 0 0 0 0.997785 -0.0665177 0 0.0665177 0.997785 6157.dat
0 STEP
1 14 0 -15.306 49.157 0 0 1 0.0665177 0.997785 0 -0.997785 0.0665177 0 3021.dat
1 14 0 -10.65 -20.688 0 0 1 0.0665177 0.997785 0 -0.997785 0.0665177 0 3020.dat
1 0 0 -7.324 -70.577 1 0 0 0 0.997785 -0.0665177 0 0.0665177 0.997785 50949.dat
0 STEP
1 0 0 -23.953 58.603 1 0 0 0 0.997785 -0.0665177 0 0.0665177 0.997785 41854.dat
1 14 0 -19.962 -1.264 1 0 0 0 0.997785 -0.0665177 0 0.0665177 0.997785 3031.dat
1 0 0 -16.637 -51.153 1 0 0 0 0.997785 -0.0665177 0 0.0665177 0.997785 3023.dat
0 STEP
1 4 0 -31.936 58.071 1 0 0 0 0.997785 -0.0665177 0 0.0665177 0.997785 3022.dat
1 0 -30 -29.275 18.16 0 0 1 0.0665177 0.997785 0 -0.997785 0.0665177 0 2412b.dat
1 0 30 -29.275 18.16 0 0 1 0.0665177 0.997785 0 -0.997785 0.0665177 0 2412b.dat
1 14 0 -27.945 -1.796 0 0 1 0.0665177 0.997785 0 -0.997785 0.0665177 0 3020.dat
1 0 -30 -26.614 -21.752 0 0 1 0.0665177 0.997785 0 -0.997785 0.0665177 0 50947.dat
1 0 30 -26.614 -21.752 0 0 1 0.0665177 0.997785 0 -0.997785 0.0665177 0 50947.dat
1 14 -10 -31.271 -72.173 1 0 0 0 0.997785 -0.0665177 0 0.0665177 0.997785 50950.dat
1 14 10 -31.271 -72.173 1 0 0 0 0.997785 -0.0665177 0 0.0665177 0.997785 50950.dat
0 STEP
1 0 0 -37.923 27.605 1 0 0 0 0.997785 -0.0665177 0 0.0665177 0.997785 50948.dat
0 STEP
1 14 -10 -55.217 46.497 -1 0 0 0 0.997785 0.0665177 0 0.0665177 -0.997785 50950.dat
1 14 10 -55.217 46.497 -1 0 0 0 0.997785 0.0665177 0 0.0665177 -0.997785 50950.dat
0 STEP
1 0 -40 -3 60 0 0 1 0.0665177 0.997785 0 -0.997785 0.0665177 0 51719.dat
1 0 40 -3 60 0 0 -1 -0.0665177 0.997785 0 0.997785 0.0665177 0 51719.dat
1 0 -40 -3 -60.266 0 0 1 0.0665177 0.997785 0 -0.997785 0.0665177 0 51719.dat
1 0 40 -3 -60.266 0 0 -1 -0.0665177 0.997785 0 0.997785 0.0665177 0 51719.dat
0 STEP
1 256 -40 -3 60 0 0 1 0.0665177 0.997785 0 -0.997785 0.0665177 0 50951.dat
1 256 40 -3 60 0 0 1 0.0665177 0.997785 0 -0.997785 0.0665177 0 50951.dat
1 256 -40 -3 -60.266 0 0 1 0.0665177 0.997785 0 -0.997785 0.0665177 0 50951.dat
1 256 40 -3 -60.266 0 0 1 0.0665177 0.997785 0 -0.997785 0.0665177 0 50951.dat





