0 FILE 30035 - Main.ldr
0 Main
0 Name: 30035 - Main.ldr
0 Author: Massimo Maso [Sirio]
0 !LDRAW_ORG Model
0 !LICENSE Redistributable under CCAL version 2.0 : see CAreadme.txt

0 !HISTORY 2019-02-22 [technicbasics] Build .mpd to OMRize file

0 ROTATION CENTER 0 0 0 1 "Custom"
0 ROTATION CONFIG 0 0
1 0 0 0 0 1 0 0 0 1 0 0 0 1 30035 - Racing Car.ldr




0 FILE 30035 - Racing Car.ldr
0 Racing Car
0 Name: 30035 - Racing Car.ldr
0 Author: Massimo Maso [Sirio]
0 !LDRAW_ORG Model
0 !LICENSE Redistributable under CCAL version 2.0 : see CAreadme.txt
0 ROTATION CENTER 0 0 0 1 "Custom"
0 ROTATION CONFIG 0 0
1 0 0 -7.989 59.667 1 0 0 0 0.997785 -0.0665177 0 0.0665177 0.997785 6157.dat
0 STEP
1 8 0 -7.989 59.667 1 0 0 0 0.997785 -0.0665177 0 0.0665177 0.997785 3022.dat
1 0 0 -7.989 -60.599 1 0 0 0 0.997785 -0.0665177 0 0.0665177 0.997785 6157.dat
0 STEP
1 8 0 -11.98 -0.732 0 0 1 0.0665177 0.997785 0 -0.997785 0.0665177 0 3034.dat
0 STEP
1 8 0 -21.293 18.692 0 0 1 0.0665177 0.997785 0 -0.997785 0.0665177 0 3795.dat
0 STEP
1 8 0 -31.936 58.071 1 0 0 0 0.997785 -0.0665177 0 0.0665177 0.997785 3022.dat
1 25 0 -27.945 -1.796 0 0 1 0.0665177 0.997785 0 -0.997785 0.0665177 0 3020.dat
0 STEP
1 8 0 -39.918 57.539 1 0 0 0 0.997785 -0.0665177 0 0.0665177 0.997785 3022.dat
1 25 0 -37.257 17.627 -1 0 0 0 0.997785 0.0665177 0 0.0665177 -0.997785 3020.dat
1 25 0 -34.597 -22.284 -1 0 0 0 0.997785 0.0665177 0 0.0665177 -0.997785 3020.dat
1 8 0 -32.601 -52.218 1 0 0 0 0.997785 -0.0665177 0 0.0665177 0.997785 3004.dat
1 8 0 -31.271 -72.173 1 0 0 0 0.997785 -0.0665177 0 0.0665177 0.997785 30236.dat
0 STEP
1 25 0 -48.566 66.985 0 0 1 0.0665177 0.997785 0 -0.997785 0.0665177 0 3021.dat
1 8 -30 -45.24 17.095 0 0 -1 -0.0665177 0.997785 0 0.997785 0.0665177 0 50947.dat
1 8 30 -45.24 17.095 0 0 -1 -0.0665177 0.997785 0 0.997785 0.0665177 0 50947.dat
1 8 -30 -42.579 -22.816 0 0 1 0.0665177 0.997785 0 -0.997785 0.0665177 0 50947.dat
1 25 0 -42.579 -22.816 0 0 1 0.0665177 0.997785 0 -0.997785 0.0665177 0 3795.dat
1 8 30 -42.579 -22.816 0 0 1 0.0665177 0.997785 0 -0.997785 0.0665177 0 50947.dat
0 STEP
1 0 0 -57.878 86.408 1 0 0 0 0.997785 -0.0665177 0 0.0665177 0.997785 3023.dat
1 8 0 -45.24 17.095 -1 0 0 0 0.997785 0.0665177 0 0.0665177 -0.997785 30602.dat
1 0 0 -42.579 -22.816 1 0 0 0 0.997785 -0.0665177 0 0.0665177 0.997785 30602.dat
0 STEP
1 25 0 -65.86 85.876 1 0 0 0 0.997785 -0.0665177 0 0.0665177 0.997785 2431.dat
0 STEP
1 0 -37 -3 60 0 0 1 0.0665177 0.997785 0 -0.997785 0.0665177 0 6014.dat
1 0 37 -3 60 0 0 -1 -0.0665177 0.997785 0 0.997785 0.0665177 0 6014.dat
1 0 -37 -3 -60.266 0 0 1 0.0665177 0.997785 0 -0.997785 0.0665177 0 6014.dat
1 0 37 -3 -60.266 0 0 -1 -0.0665177 0.997785 0 0.997785 0.0665177 0 6014.dat
0 STEP
1 256 -43 -3 60 0 0 1 0.0665177 0.997785 0 -0.997785 0.0665177 0 87697.dat
1 256 43 -3 60 0 0 -1 -0.0665177 0.997785 0 0.997785 0.0665177 0 87697.dat
1 256 -43 -3 -60.266 0 0 1 0.0665177 0.997785 0 -0.997785 0.0665177 0 87697.dat
1 256 43 -3 -60.266 0 0 -1 -0.0665177 0.997785 0 0.997785 0.0665177 0 87697.dat





