0 FILE 30542 - Turkey.ldr
0 Turkey
0 Name: 30542 - Turkey.ldr
0 Author: Lasse Deleuran [Lasse Deleuran]
0 !LDRAW_ORG Model
0 !LICENSE Redistributable under CCAL version 2.0 : see CAreadme.txt

0 !THEME Creator

0 !HISTORY 2018-12-11 [technicbasics] OMRize File

1 15 0.000019 -40 -20.00006 1 0 -0.000001 0 1 0 0 0 1 3020.dat
0 STEP
1 19 0.000019 -48 -20.00006 1 0 -0.000001 0 1 0 0 0 1 3022.dat
0 STEP
1 0 -29.9999 -48 -30.00009 0.707105 0 0.707109 0 1 0 -0.70711 0 0.707105 26047.dat
1 0 -30.00001 -48 -10.00008 -0.573578 0 0.81915 0 1 0 -0.819151 0 -0.57358 26047.dat
1 72 10.00001 -56 -20.00009 0.000001 0 1 0 1 0 -1 0 0 2412b.dat
0 STEP
1 19 29.99999 -64 -30.00009 1 0 -0.000001 0 1 0 0 0 1 26604.dat
1 19 29.99998 -64 -10.00006 -0.000001 0 -1 0 1 0 1 0 0 26604.dat
0 STEP
1 19 0.000021 -72 -10.00009 0.000001 0 1 0 1 0 -1.000001 0 0 61678.dat
1 19 0.000024 -72 -30.00012 0.000001 0 1 0 1 0 -1.000001 0 0 61678.dat
0 STEP
1 16 26.57984 -44.60307 -44.00017 0.939693 -0.342021 -0.000001 0.342021 0.939693 0 0 0 1 30542 - wing.ldr
1 16 33.42017 -63.39693 3.999907 0.939693 0.342019 0.000001 0.34202 -0.939693 0 0 0 -1.000001 30542 - wing.ldr
0 STEP
1 16 39.99999 -104 -20.00009 0 -1 0 0 0 -1 1 0 0 30542 - Head.ldr
0 STEP
1 16 10.00005 0 -30.00002 0.422619 0 -0.906307 0 1 0 0.906308 0 0.42262 30542 - Leg.ldr
1 16 29.99997 0 -9.999986 -0.173649 0 -0.984808 0 1 0 0.984809 0 -0.173648 30542 - Leg.ldr
0 STEP





0 FILE 30542 - Wing.ldr
0 Wing
0 Name: 30542 - Wing.ldr
0 Author: Lasse Deleuran [Lasse Deleuran]

0 !LICENSE Redistributable under CCAL version 2.0 : see CAreadme.txt

1 19 0 -10.00001 -4.000031 1 0 0 0 0 -1 0 1 0 3024.dat
0 STEP
1 19 -10 -10.00001 3.999969 0 0 1 1 0 0 0 1 0 11477.dat
0 STEP




0 FILE 30542 - Head.ldr
0 Head
0 Name: 30542 - Head.ldr
0 Author: Lasse Deleuran [Lasse Deleuran]
0 !LICENSE Redistributable under CCAL version 2.0 : see CAreadme.txt

1 0 -10 -8 -30 0 0 1 0 1 0 -1 0 0 3623.dat
0 STEP
1 19 0.000031 0 -50.00006 0 0 -1 0 1 0 1 0 0 11477.dat
0 STEP
1 19 0.000031 -16 -10.00003 0 0 -1 0 1 0 1 0 0 3021.dat
0 STEP
1 0 10.00006 -8 -20.00006 0 0 1 0 1 0 -1 0 0 3023.dat
0 ROTSTEP 0 0 180 REL
1 0 10.00003 -16 29.99994 -1 0 0 0 1 0 0 0 -1 24201.dat
1 0 -9.999969 -16 29.99997 -1 0 0 0 1 0 0 0 -1 24201.dat
0 STEP
1 15 -9.999969 -24 29.99997 1 0 0 0 1 0 0 0 1 98138p07.dat
1 15 10.00003 -24 29.99994 1 0 0 0 1 0 0 0 1 98138p07.dat
1 19 0.000031 -24 9.999969 1 0 0 0 1 0 0 0 1 15573.dat
0 ROTSTEP END
1 4 0.000031 -32 9.999969 1 0 0 0 1 0 0 0 1 4081b.dat
0 STEP
1 19 0.000031 -32 9.999939 -1 0 0 0 1 0 0 0 -1 54200.dat
0 STEP




0 FILE 30542 - Leg.ldr
0 Leg
0 Author: Lasse Deleuran [Lasse Deleuran]
0 Name: 30542 - Leg.ldr
0 !LICENSE Redistributable under CCAL version 2.0 : see CAreadme.txt
1 0 0 -8 0 1 0 0 0 1 0 0 0 1 26047.dat
0 STEP
1 19 -0.000092 -32 0 1 0 0 0 1 0 0 0 1 3062b.dat
0 STEP







