0 FILE 31088 - Main.ldr
0 Main
0 Name: 31088 - Main.ldr
0 Author: Marc Belanger [MonsieurPoulet]
0 !LDRAW_ORG Model
0 !LICENSE Redistributable under CCAL version 2.0 : see CAreadme.txt

0 !THEME Creator
0 !KEYWORDS Animals
0 !HISTORY 2019-12-11 [MonsieurPoulet] Initial creation



0 !LDCAD GROUP_DEF [topLevel=true] [LID=0] [GID=8wgAh9w1249] [name=Group 1] [center=0 0 0]
0 !LDCAD GROUP_DEF [topLevel=true] [LID=4] [GID=4aYdjYBgmdI] [name=Group 5] [center=0 0 0]
0 !LDCAD GROUP_DEF [topLevel=true] [LID=5] [GID=KfaMT5erU8n] [name=Group 2] [center=0 0 0]
0 !LDCAD GROUP_DEF [topLevel=true] [LID=6] [GID=AuvKtByVWW3] [name=Group 3] [center=0 0 0]
0 !LDCAD GROUP_DEF [topLevel=true] [LID=7] [GID=8uEU4fmwmGh] [name=Group 6] [center=0 0 0]
0 !LDCAD GROUP_DEF [topLevel=true] [LID=8] [GID=5M5hLZTjbFb] [name=Group 4] [center=0 0 0]

1 29 0 0 -10 0.853 -0.174 -0.493 0.15 0.985 -0.087 0.5 0 0.866 3795.dat
1 4 -32.726 -13.893 -30 0.853 -0.174 -0.493 0.15 0.985 -0.087 0.5 0 0.866 4032a.dat
0 STEP
1 15 -31.337 -21.772 -30 0.853 -0.174 -0.493 0.15 0.985 -0.087 0.5 0 0.866 3022.dat
0 STEP
1 4 -29.947 -29.651 -30 0.853 -0.174 -0.493 0.15 0.985 -0.087 0.5 0 0.866 4032a.dat
0 STEP
1 71 -37.086 -39.033 -35 0.493 -0.174 0.853 0.087 0.985 0.15 -0.866 0 0.5 14704.dat
1 4 -20.03 -36.025 -25 0.493 -0.174 0.853 0.087 0.985 0.15 -0.866 0 0.5 3023.dat
0 STEP
1 4 -32.093 -46.276 -21.34 -0.853 -0.174 0.493 -0.15 0.985 0.087 -0.5 0 -0.866 44728.dat
1 4 -22.245 -44.54 -38.66 0.853 -0.174 -0.493 0.15 0.985 -0.087 0.5 0 0.866 44728.dat
0 STEP
1 4 2.022 -40.261 -1.34 -0.853 -0.174 0.493 -0.15 0.985 0.087 -0.5 0 -0.866 22885.dat
1 4 11.87 -38.524 -18.66 0.853 -0.174 -0.493 0.15 0.985 -0.087 0.5 0 0.866 22885.dat
0 STEP
1 4 24.83 -19.992 13.661 -0.853 -0.174 0.493 -0.15 0.985 0.087 -0.5 0 -0.866 6541.dat
1 4 34.678 -18.255 -3.661 -0.853 -0.174 0.493 -0.15 0.985 0.087 -0.5 0 -0.866 6541.dat
1 272 46.811 -16.116 15 -0.493 -0.174 -0.853 -0.087 0.985 -0.15 0.866 0 -0.5 3004.dat
0 STEP
1 15 39.672 -25.498 10 0.853 -0.174 -0.493 0.15 0.985 -0.087 0.5 0 0.866 3022.dat
0 STEP
1 4 49.589 -31.873 15 -0.493 -0.174 -0.853 -0.087 0.985 -0.15 0.866 0 -0.5 44728.dat
1 272 32.532 -34.881 5 0.493 -0.174 0.853 0.087 0.985 0.15 -0.866 0 0.5 3023.dat
0 STEP
0 !LDCAD GROUP_NXT [ids=0] [nrs=-1]
1 272 66.616 -18.716 26 0.493 -0.853 -0.174 0.087 -0.15 0.985 -0.866 -0.5 0 3023.dat
0 !LDCAD GROUP_NXT [ids=0] [nrs=3]
1 272 62.98 -9.203 13.339 -0.493 -0.853 0.174 -0.087 -0.15 -0.985 0.866 -0.5 0 11477.dat
0 !LDCAD GROUP_NXT [ids=0] [nrs=2]
1 272 53.132 -10.939 30.661 -0.493 -0.853 0.174 -0.087 -0.15 -0.985 0.866 -0.5 0 11477.dat
0 STEP
1 272 26.713 -44.031 -22.32 0.853 -0.174 -0.493 0.15 0.985 -0.087 0.5 0 0.866 92946.dat
1 272 9.655 -47.038 -32.321 0.853 -0.174 -0.493 0.15 0.985 -0.087 0.5 0 0.866 92946.dat
1 272 -7.402 -50.046 -42.32 0.853 -0.174 -0.493 0.15 0.985 -0.087 0.5 0 0.866 92946.dat
1 272 -24.46 -53.054 -52.32 0.853 -0.174 -0.493 0.15 0.985 -0.087 0.5 0 0.866 92946.dat
0 STEP
1 272 -44.158 -56.527 -17.679 -0.853 -0.174 0.493 -0.15 0.985 0.087 -0.5 0 -0.866 92946.dat
1 272 -27.099 -53.518 -7.679 -0.853 -0.174 0.493 -0.15 0.985 0.087 -0.5 0 -0.866 92946.dat
1 272 -10.043 -50.511 2.32 -0.853 -0.174 0.493 -0.15 0.985 0.087 -0.5 0 -0.866 92946.dat
1 272 7.016 -47.504 12.321 -0.853 -0.174 0.493 -0.15 0.985 0.087 -0.5 0 -0.866 92946.dat
0 STEP
1 272 46.054 -40.62 23.66 -0.853 -0.174 0.493 -0.15 0.985 0.087 -0.5 0 -0.866 3623.dat
1 272 55.902 -38.883 6.34 -0.853 -0.174 0.493 -0.15 0.985 0.087 -0.5 0 -0.866 3623.dat
0 STEP
1 272 43.839 -49.134 10 -0.853 -0.174 0.493 -0.15 0.985 0.087 -0.5 0 -0.866 3022.dat
1 4 -7.333 -58.157 -20 -0.853 -0.174 0.493 -0.15 0.985 0.087 -0.5 0 -0.866 3020.dat
0 STEP
1 272 28.172 -60.02 0 -0.853 -0.174 0.493 -0.15 0.985 0.087 -0.5 0 -0.866 3068b.dat
1 272 53.757 -55.509 15 -0.493 -0.174 -0.853 -0.087 0.985 -0.15 0.866 0 -0.5 3023.dat
1 272 2.586 -64.531 -15 -0.493 -0.174 -0.853 -0.087 0.985 -0.15 0.866 0 -0.5 15573.dat
1 272 68.036 -36.744 25 -0.493 -0.174 -0.853 -0.087 0.985 -0.15 0.866 0 -0.5 85984.dat
1 272 -23.002 -69.043 -30 -0.853 -0.174 0.493 -0.15 0.985 0.087 -0.5 0 -0.866 3068b.dat
0 STEP
1 71 -35.504 1.863 -30 0.493 -0.174 0.853 0.087 0.985 0.15 -0.866 0 0.5 31088 - 15456.dat
0 STEP
1 4 -36.893 9.741 -30 0.853 -0.174 -0.493 0.15 0.985 -0.087 0.5 0 0.866 4032a.dat
0 STEP
1 4 -46.811 16.116 -35 0.493 -0.174 0.853 0.087 0.985 0.15 -0.866 0 0.5 3023.dat
1 4 -29.754 19.124 -25 -0.493 -0.174 -0.853 -0.087 0.985 -0.15 0.866 0 -0.5 60470b.dat
0 STEP
1 15 -44.596 24.63 -21.34 -0.853 -0.174 0.493 -0.15 0.985 0.087 -0.5 0 -0.866 99207.dat
1 15 -34.747 26.366 -38.66 0.853 -0.174 -0.493 0.15 0.985 -0.087 0.5 0 0.866 99207.dat
0 STEP
0 !LDCAD GROUP_NXT [ids=5] [nrs=-1]
1 4 -20.094 6.611 -57.712 0.174 -0.493 -0.853 -0.985 -0.087 -0.15 0 0.866 -0.5 3021.dat
0 !LDCAD GROUP_NXT [ids=5] [nrs=2]
1 272 -17.891 17.153 -64.641 0.174 -0.493 -0.853 -0.985 -0.087 -0.15 0 0.866 -0.5 3022.dat
0 !LDCAD GROUP_NXT [ids=5] [nrs=3]
1 15 -18.824 -23.628 -50.785 -0.853 -0.493 -0.174 -0.15 -0.087 0.985 -0.5 0.866 0 15068.dat
0 !LDCAD GROUP_NXT [ids=5] [nrs=4]
1 15 -3.687 9.505 -66.569 0.276 -0.493 0.826 0.928 -0.087 -0.362 0.25 0.866 0.433 98138p0k.dat
0 STEP
0 !LDCAD GROUP_NXT [ids=6] [nrs=-1]
1 4 17.26 -17.265 -34.249 -0.853 -0.493 -0.174 -0.15 -0.087 0.985 -0.5 0.866 0 3022.dat
0 !LDCAD GROUP_NXT [ids=6] [nrs=2]
1 4 12.671 -18.074 -46.177 0.174 -0.493 -0.853 -0.985 -0.087 -0.15 0 0.866 -0.5 3023.dat
0 !LDCAD GROUP_NXT [ids=6] [nrs=4]
1 272 43.933 -22.716 -38.105 0.174 -0.493 -0.853 -0.985 -0.087 -0.15 0 0.866 -0.5 61678.dat
0 !LDCAD GROUP_NXT [ids=6] [nrs=3]
1 272 40.46 -3.02 -38.105 0.174 -0.493 -0.853 -0.985 -0.087 -0.15 0 0.866 -0.5 61678.dat
0 STEP
0 !LDCAD GROUP_NXT [ids=8] [nrs=-1]
1 15 0.888 35.412 -5.945 -0.493 0.455 0.742 -0.087 -0.874 0.478 0.866 0.171 0.47 48336.dat
0 !LDCAD GROUP_NXT [ids=8] [nrs=3]
1 15 11.947 33.201 0.121 -0.493 0.455 0.742 -0.087 -0.874 0.478 0.866 0.171 0.47 2654.dat
0 !LDCAD GROUP_NXT [ids=8] [nrs=2]
1 15 11.947 33.201 0.121 0.493 0.455 -0.742 0.087 -0.874 -0.478 -0.866 0.171 -0.47 15068.dat
0 STEP
0 !LDCAD GROUP_NXT [ids=4] [nrs=-1]
1 4 -51.608 1.055 -2.287 0.174 0.493 0.853 -0.985 0.087 0.15 0 -0.866 0.5 3021.dat
0 !LDCAD GROUP_NXT [ids=4] [nrs=2]
1 272 -57.284 10.208 4.641 0.174 0.493 0.853 -0.985 0.087 0.15 0 -0.866 0.5 3022.dat
0 !LDCAD GROUP_NXT [ids=4] [nrs=3]
1 15 -42.46 -27.795 -9.216 0.853 0.493 -0.174 0.15 0.087 0.985 0.5 -0.866 0 15068.dat
0 !LDCAD GROUP_NXT [ids=4] [nrs=4]
1 15 -50.958 1.169 16.569 -0.276 0.493 0.826 -0.928 0.087 -0.362 -0.25 -0.866 0.433 98138p0k.dat
0 STEP
0 !LDCAD GROUP_NXT [ids=7] [nrs=-1]
1 4 -10.314 -22.127 14.249 -0.853 0.493 0.174 -0.15 0.087 -0.985 -0.5 -0.866 0 3022.dat
0 !LDCAD GROUP_NXT [ids=7] [nrs=2]
1 4 -22.782 -24.325 16.177 -0.174 0.493 -0.853 0.985 0.087 -0.15 0 -0.866 -0.5 3023.dat
0 !LDCAD GROUP_NXT [ids=7] [nrs=4]
1 272 0.601 -30.357 38.105 -0.174 0.493 -0.853 0.985 0.087 -0.15 0 -0.866 -0.5 61678.dat
0 !LDCAD GROUP_NXT [ids=7] [nrs=3]
1 272 -2.873 -10.661 38.105 -0.174 0.493 -0.853 0.985 0.087 -0.15 0 -0.866 -0.5 61678.dat
0 STEP
1 272 -99.496 -1.296 -58.68 -0.336 -0.174 -0.925 -0.059 0.985 -0.163 0.94 0 -0.342 31088 - Middle Section.ldr
0 STEP
1 272 -298.921 -60.831 -133.925 -0.28 -0.255 -0.925 -0.312 0.936 -0.163 0.907 0.243 -0.342 31088 - Tail.ldr
1 272 160 56 70 0.248 -0.369 0.896 0.716 0.693 0.087 -0.653 0.619 0.436 31088 - Squid.ldr




0 FILE 31088 - Squid.ldr
0 Squid
0 Name: 31088 - Squid.ldr
0 Author: Marc Belanger [MonsieurPoulet]
0 !LDRAW_ORG Model
0 !LICENSE Redistributable under CCAL version 2.0 : see CAreadme.txt
0 !THEME Creator
0 !KEYWORDS Animals
0 !HISTORY 2019-12-11 [MonsieurPoulet] Initial creation

0 !LDCAD GROUP_DEF [topLevel=true] [LID=0] [GID=6liggGN8cf8] [name=Group 1] [center=0 0 0]
0 !LDCAD GROUP_DEF [topLevel=true] [LID=1] [GID=AcspsH7jNrx] [name=Group 2] [center=0 0 0]
0 !LDCAD GROUP_DEF [topLevel=true] [LID=2] [GID=GaQiLzT3hQW] [name=Group 3] [center=0 0 0]
0 !LDCAD GROUP_DEF [topLevel=true] [LID=3] [GID=2Rim9yjHHEY] [name=Group 4] [center=0 0 0]
0 !LDCAD GROUP_DEF [topLevel=true] [LID=4] [GID=JqypHobrE8e] [name=Group 5] [center=0 0 0]
0 !LDCAD GROUP_DEF [topLevel=true] [LID=5] [GID=kFaocpFMcf] [name=Group 6] [center=0 0 0]

1 4 0 0 0 -1 0 0 0 1 0 0 0 -1 99206.dat
1 4 0 6 10 1 0 0 0 0 1 0 -1 0 85984.dat
0 STEP
1 4 0 0 -20 1 0 0 0 1 0 0 0 1 2540.dat
0 STEP
1 72 -10 -8 -10 0 0 1 0 1 0 -1 0 0 14417.dat
1 72 10 -8 -10 0 0 -1 0 1 0 1 0 0 14417.dat
0 STEP
1 4 0 -16 -20 1 0 0 0 1 0 0 0 1 2540.dat
0 STEP
1 4 0 -8 -10 -1 0 0 0 1 0 0 0 -1 15068.dat
0 STEP
0 !LDCAD GROUP_NXT [ids=0] [nrs=-1]
1 72 0 2 -40 0 0 1 -0.94 0.342 0 -0.342 -0.94 0 11090.dat
0 !LDCAD GROUP_NXT [ids=0] [nrs=2]
1 4 0 12.261 -68.191 -1 0 0 0 0.94 0.342 0 0.342 -0.94 53451.dat
0 !LDCAD GROUP_NXT [ids=1] [nrs=-1]
1 72 16 2 -40 0 0 1 -0.94 0.342 0 -0.342 -0.94 0 11090.dat
0 !LDCAD GROUP_NXT [ids=1] [nrs=2]
1 4 16 12.261 -68.191 -1 0 0 0 0.94 0.342 0 0.342 -0.94 53451.dat
0 !LDCAD GROUP_NXT [ids=2] [nrs=-1]
1 72 -16 2 -40 0 0 1 -0.94 0.342 0 -0.342 -0.94 0 11090.dat
0 !LDCAD GROUP_NXT [ids=2] [nrs=2]
1 4 -16 12.261 -68.191 -1 0 0 0 0.94 0.342 0 0.342 -0.94 53451.dat
0 STEP
0 !LDCAD GROUP_NXT [ids=3] [nrs=-1]
1 72 0 -14 -40 0 0 -1 0.985 -0.174 0 -0.174 -0.985 0 11090.dat
0 !LDCAD GROUP_NXT [ids=3] [nrs=2]
1 4 0 -19.209 -69.544 1 0 0 0 -0.985 -0.174 0 0.174 -0.985 53451.dat
0 !LDCAD GROUP_NXT [ids=4] [nrs=-1]
1 72 16 -14 -40 0 0 -1 1 0 0 0 -1 0 11090.dat
0 !LDCAD GROUP_NXT [ids=4] [nrs=2]
1 4 16 -14 -70 1 0 0 0 -1 0 0 0 -1 53451.dat
0 !LDCAD GROUP_NXT [ids=5] [nrs=-1]
1 72 -16 -14 -40 0 0 -1 0.985 -0.174 0 -0.174 -0.985 0 11090.dat
0 !LDCAD GROUP_NXT [ids=5] [nrs=2]
1 4 -16 -19.209 -69.544 1 0 0 0 -0.985 -0.174 0 0.174 -0.985 53451.dat




0 FILE 31088 - Middle Section.ldr
0 Middle Section
0 Name: 31088 - Middle Section.ldr
0 Author: Marc Belanger [MonsieurPoulet]
0 !LDRAW_ORG Model
0 !LICENSE Redistributable under CCAL version 2.0 : see CAreadme.txt
0 !THEME Creator
0 !KEYWORDS Animals
0 !HISTORY 2019-12-11 [MonsieurPoulet] Initial creation

0 !LDCAD GROUP_DEF [topLevel=true] [LID=0] [GID=4K5ifHhAF4x] [name=Group 1] [center=0 0 0]
0 !LDCAD GROUP_DEF [topLevel=true] [LID=1] [GID=KF5vrWEDEj0] [name=Group 2] [center=0 0 0]

1 15 0 0 0 0 0 1 0 1 0 -1 0 0 72454.dat
0 STEP
1 15 -10 -8 20 -1 0 0 0 1 0 0 0 -1 42023.dat
1 15 10 -8 20 -1 0 0 0 1 0 0 0 -1 42023.dat
0 STEP
1 272 0 8 -10 -1 0 0 0 1 0 0 0 -1 15573.dat
0 STEP
0 !LDCAD GROUP_NXT [ids=0] [nrs=2]
1 71 0 -8 -10 1 0 0 0 1 0 0 0 1 14704.dat
0 !LDCAD GROUP_NXT [ids=0] [nrs=-1]
1 4 0 0 -10 1 0 0 0 1 0 0 0 1 3023.dat
0 STEP
1 15 30 -8 40 0 0 1 0 1 0 -1 0 0 3710.dat
1 0 30 -8 -20 0 0 -1 0 1 0 1 0 0 2540.dat
1 15 -30 -8 40 0 0 1 0 1 0 -1 0 0 3710.dat
1 0 -30 -8 -20 0 0 1 0 1 0 -1 0 0 2540.dat
0 STEP
1 71 0 -16 20 0 0 1 0 1 0 -1 0 0 3020.dat
1 15 -30 -16 20 0 0 1 0 1 0 -1 0 0 3666.dat
1 15 30 -16 20 0 0 1 0 1 0 -1 0 0 3666.dat
0 STEP
1 272 50 -6 -40 0 0 1 1 0 0 0 1 0 44676.dat
1 272 -50 -6 -40 0 0 -1 -1 0 0 0 1 0 44676.dat
0 STEP
1 4 0 -40 20 0 0 1 0 1 0 -1 0 0 3001.dat
0 STEP
1 272 30 -40 20 0 0 1 0 1 0 -1 0 0 3009.dat
1 272 -30 -40 20 0 0 1 0 1 0 -1 0 0 3009.dat
0 STEP
1 71 0 -48 0 1 0 0 0 1 0 0 0 1 31088 - 15456.dat
1 71 -30 -48 20 0 0 1 0 1 0 -1 0 0 3666.dat
1 71 30 -48 20 0 0 1 0 1 0 -1 0 0 3666.dat
1 19 0 -48 40 1 0 0 0 1 0 0 0 1 4032a.dat
0 STEP
1 4 0 -56 20 0 0 1 0 1 0 -1 0 0 3020.dat
1 272 -10 -56 70 0 0 -1 0 1 0 1 0 0 60481.dat
0 STEP
1 272 30 -56 50 0 0 -1 0 1 0 1 0 0 3623.dat
1 272 30 -56 -10 0 0 -1 0 1 0 1 0 0 3623.dat
1 272 -30 -56 -10 0 0 -1 0 1 0 1 0 0 3623.dat
1 272 -30 -56 50 0 0 -1 0 1 0 1 0 0 3623.dat
0 STEP
1 71 0 -64 40 0 0 -1 0 1 0 1 0 0 3020.dat
0 STEP
1 272 20 -64 -30 0 0 -1 0 1 0 1 0 0 92946.dat
1 272 20 -64 -10 0 0 -1 0 1 0 1 0 0 92946.dat
1 272 -20 -64 -10 0 0 1 0 1 0 -1 0 0 92946.dat
1 272 -20 -64 -30 0 0 1 0 1 0 -1 0 0 92946.dat
0 STEP
1 15 -20 -16 110 -1 0 0 0 1 0 0 0 -1 43723.dat
1 15 20 -16 110 -1 0 0 0 1 0 0 0 -1 43722.dat
0 STEP
1 4 10 -56 90 0 0 -1 0 1 0 1 0 0 32952.dat
1 4 -10 -56 90 0 0 1 0 1 0 -1 0 0 32952.dat
0 STEP
1 272 20 -36 90 0 -1 0 -1 0 0 0 0 -1 85984.dat
1 272 -20 -36 90 0 1 0 1 0 0 0 0 -1 85984.dat
0 STEP
1 272 0 -40 110 1 0 0 0 1 0 0 0 1 3004.dat
1 272 0 -24 130 1 0 0 0 1 0 0 0 1 3023.dat
0 STEP
0 !LDCAD GROUP_NXT [ids=1] [nrs=-1]
1 72 0 -32 130 -1 0 0 0 1 0 0 0 -1 14417.dat
0 !LDCAD GROUP_NXT [ids=1] [nrs=2]
1 272 0 -40 130 1 0 0 0 1 0 0 0 1 3023.dat
0 STEP
1 272 10 -48 120 -1 0 0 0 1 0 0 0 -1 92946.dat
1 272 -10 -48 120 -1 0 0 0 1 0 0 0 -1 92946.dat
0 STEP
1 272 0 -56 110 1 0 0 0 1 0 0 0 1 3023.dat
0 STEP
1 4 0 -72 0 0 0 -1 0 1 0 1 0 0 3020.dat
0 STEP
1 272 0 -80 -20 0 0 -1 0 1 0 1 0 0 3068b.dat
1 272 0 -80 20 -1 0 0 0 1 0 0 0 -1 43712.dat




0 FILE 31088 - Tail.ldr
0 Tail
0 Name: 31088 - Tail.ldr
0 Author: Marc Belanger [MonsieurPoulet]
0 !LDRAW_ORG Model
0 !LICENSE Redistributable under CCAL version 2.0 : see CAreadme.txt
0 !THEME Creator
0 !KEYWORDS Animals
0 !HISTORY 2019-12-11 [MonsieurPoulet] Initial creation

1 19 0 0 0 1 0 0 0 1 0 0 0 1 18646.dat
0 STEP
1 71 0 -8 -50 1 0 0 0 1 0 0 0 1 14704.dat
0 STEP
1 272 -10 0 -40 -1 0 0 0 1 0 0 0 -1 11477.dat
1 272 10 0 -40 -1 0 0 0 1 0 0 0 -1 11477.dat
0 STEP
1 272 -50 -8 -30 0 0 1 0 1 0 -1 0 0 2450.dat
1 272 50 -8 -30 1 0 0 0 1 0 0 0 1 2450.dat




0 FILE 31088 - 15456.dat
0 Plate 2 x  2 with Towball and Centre Hole
0 Name: 31088 - 15456.dat
0 Author: Owen Burgoyne [C3POwen]
0 !LDRAW_ORG Unofficial_Part
0 !LICENSE Redistributable under CCAL version 2.0 : see CAreadme.txt

0 BFC CERTIFY CCW

1 16 0 4 0 1 0 0 0 -1 0 0 0 1 stud4a.dat
1 16 0 4 0 8 0 0 0 1 0 0 0 8 4-4edge.dat
4 16 -20 8 20 -16 8 16 -16 8 -16 -20 8 -20
4 16 20 8 20 16 8 16 -16 8 16 -20 8 20
4 16 20 8 -20 16 8 -16 16 8 16 20 8 20
4 16 -20 8 -20 -16 8 -16 16 8 -16 20 8 -20
0 BFC INVERTNEXT
1 16 0 8 0 16 0 0 0 -4 0 0 0 16 box4.dat
1 16 0 4 0 8 0 0 0 -1 0 0 0 8 4-4ndis.dat
4 16 -16 4 16 -8 4 8 -8 4 -8 -16 4 -16
4 16 16 4 16 8 4 8 -8 4 8 -16 4 16
4 16 16 4 -16 8 4 -8 8 4 8 16 4 16
4 16 -16 4 -16 -8 4 -8 8 4 -8 16 4 -16
1 16 0 8 0 20 0 0 0 -8 0 0 0 20 box4.dat
0 BFC INVERTNEXT
1 16 0 4 0 6 0 0 0 -4 0 0 0 6 4-4cyli.dat
1 16 0 0 0 6 0 0 0 1 0 0 0 6 4-4edge.dat
1 16 0 0 0 6 0 0 0 1 0 0 0 6 4-4ndis.dat
4 16 -20 0 -20 -6 0 -6 -6 0 6 -20 0 20
4 16 -20 0 20 -6 0 6 6 0 6 20 0 20
4 16 20 0 20 6 0 6 6 0 -6 20 0 -20
4 16 20 0 -20 6 0 -6 -6 0 -6 -20 0 -20

1 16 0 4 -20 3.8 0 0 0 0 3.8 0 1 0 4-4edge.dat
1 16 0 4 -20.3 -0.2 0 0 0 0 -0.2 0 0.3 0 4-4con19.dat
1 16 0 4 -20.3 4 0 0 0 0 -4 0 -11.4 0 4-4cylo.dat
1 16 0 4 -31.7 0.2 0 0 0 0 -0.2 0 -0.3 0 4-4con19.dat
1 16 0 4 -32 3.8 0 0 0 0 3.8 0 1 0 4-4edge.dat
1 16 0 4 -40 5 0 0 0 0 5 0 -5 0 31088 - 4-4cyl19sph40.dat
1 16 0 4 -40 8 0 0 0 8 0 0 0 8 8-8sphe.dat
1 16 0 0 0 0 0 1 0 1 0 -1 0 0 stug-2x2.dat




0 FILE 31088 - 4-4cyl19sph40.dat
0 Cylinder 0.76 LDU Truncated to Fit Sphere  1.6 LDU
0 Name: 31088 - 4-4cyl19sph40.dat
0 Author: Magnus Forsberg [MagFors]
0 !LDRAW_ORG Unofficial_Primitive
0 !LICENSE Redistributable under CCAL version 2.0 : see CAreadme.txt

0 !HELP use, as a towball, like this, on a 3.8 LDU cylinder
0 !HELP 1 36 0 0 0 8 0 0 0 8 0 0 0 8 8-8sphe.dat
0 !HELP 1 36 0 0 0 5 0 0 0 5 0 0 0 5 4-4cyl19sph40.dat

0 BFC CERTIFY CCW

0 // 1 47 0 0 0 1.6 0 0 0 1.6 0 0 0 1.6 8-8sphe.dat

1 16 0 -1.6 0 0.76 0 0 0 0.2526 0 0 0 0.76 4-4cyli.dat
2 24 0.76 -1.3795 0 0.7022 -1.3504 0.2909
2 24 0.7022 -1.3504 0.2909 0.6583 -1.3644 0.3565
2 24 0.6583 -1.3644 0.3565 0.5374 -1.3474 0.5374
2 24 0.3565 -1.3644 0.6583 0.5374 -1.3474 0.5374
2 24 0.2909 -1.3504 0.7022 0.3565 -1.3644 0.6583
2 24 0 -1.3795 0.76 0.2909 -1.3504 0.7022
2 24 0 -1.3795 -0.76 0.2909 -1.3504 -0.7022
2 24 0.2909 -1.3504 -0.7022 0.3565 -1.3644 -0.6583
2 24 0.3565 -1.3644 -0.6583 0.5374 -1.3474 -0.5374
2 24 0.5374 -1.3474 -0.5374 0.6583 -1.3644 -0.3565
2 24 0.6583 -1.3644 -0.3565 0.7022 -1.3504 -0.2909
2 24 0.7022 -1.3504 -0.2909 0.76 -1.3795 0
2 24 -0.7022 -1.3504 -0.2909 -0.76 -1.3795 0
2 24 -0.6583 -1.3644 -0.3565 -0.7022 -1.3504 -0.2909
2 24 -0.5374 -1.3474 -0.5374 -0.6583 -1.3644 -0.3565
2 24 -0.5374 -1.3474 -0.5374 -0.3565 -1.3644 -0.6583
2 24 -0.3565 -1.3644 -0.6583 -0.2909 -1.3504 -0.7022
2 24 -0.2909 -1.3504 -0.7022 0 -1.3795 -0.76
2 24 -0.2909 -1.3504 0.7022 0 -1.3795 0.76
2 24 -0.3565 -1.3644 0.6583 -0.2909 -1.3504 0.7022
2 24 -0.5374 -1.3474 0.5374 -0.3565 -1.3644 0.6583
2 24 -0.6583 -1.3644 0.3565 -0.5374 -1.3474 0.5374
2 24 -0.7022 -1.3504 0.2909 -0.6583 -1.3644 0.3565
2 24 -0.76 -1.3795 0 -0.7022 -1.3504 0.2909



