0 FILE 31088 - Main.ldr
0 Main
0 Name: 31088 - Main.ldr
0 Author: Marc Belanger [MonsieurPoulet]
0 !LDRAW_ORG Model
0 !LICENSE Redistributable under CCAL version 2.0 : see CAreadme.txt

0 !THEME Creator
0 !KEYWORDS Animals, Squid
0 !HISTORY 2019-12-01 [MonsieurPoulet] Initial creation



0 !LDCAD GROUP_DEF [topLevel=true] [LID=0] [GID=LX0S96quidN] [name=Group 1] [center=0 0 0]
0 !LDCAD GROUP_DEF [topLevel=true] [LID=1] [GID=1hqABKWGOTR] [name=Group 2] [center=0 0 0]
0 !LDCAD GROUP_DEF [topLevel=true] [LID=2] [GID=Gpm6nGTYM57] [name=Group 3] [center=0 0 0]
0 !LDCAD GROUP_DEF [topLevel=true] [LID=3] [GID=JGReDTCCXJP] [name=Group 4] [center=0 0 0]

1 15 0 -11.418 2.08 0 0 -1 0.259 0.966 0 0.966 -0.259 0 72454.dat
1 4 0 4.074 28.987 1 0 0 0 0.966 0.259 0 -0.259 0.966 3023.dat
0 STEP
1 4 0 -19.183 -26.898 1 0 0 0 0.966 0.259 0 -0.259 0.966 99206.dat
0 STEP
1 4 0 -8.83 11.74 0 0 1 -0.259 0.966 0 -0.966 -0.259 0 3021.dat
0 STEP
1 15 0 -13.969 23.469 -1 0 0 0 0.966 -0.259 0 -0.259 -0.966 3020.dat
1 72 -30 -24.322 -15.168 0 0 1 -0.259 0.966 0 -0.966 -0.259 0 14417.dat
1 272 0 -24.322 -15.168 0 0 1 -0.259 0.966 0 -0.966 -0.259 0 3022.dat
1 72 30 -24.322 -15.168 0 0 -1 0.259 0.966 0 0.966 -0.259 0 14417.dat
0 STEP
1 272 -30 -32.049 -13.097 0 0 1 -0.259 0.966 0 -0.966 -0.259 0 3023.dat
1 4 0 -19.108 35.199 -1 0 0 0 0.966 -0.259 0 -0.259 -0.966 60470b.dat
1 4 0 -32.049 -13.097 0 0 1 -0.259 0.966 0 -0.966 -0.259 0 4032a.dat
1 272 30 -32.049 -13.097 0 0 1 -0.259 0.966 0 -0.966 -0.259 0 3023.dat
1 272 0 -24.285 15.881 -1 0 0 0 0.966 -0.259 0 -0.259 -0.966 3023.dat
0 STEP
0 !LDCAD GROUP_NXT [ids=0] [nrs=-1]
1 19 0 -18.046 -45.837 -1 0 0 0 0.259 0.966 0 0.966 -0.259 15208.dat
0 !LDCAD GROUP_NXT [ids=0] [nrs=3]
1 15 -20 -15.975 -38.11 0 0 1 0.966 0.259 0 -0.259 0.966 0 29120.dat
0 !LDCAD GROUP_NXT [ids=0] [nrs=2]
1 15 20 -15.975 -38.11 0 0 -1 -0.966 0.259 0 0.259 0.966 0 29119.dat
0 STEP
1 4 0 -29.424 27.61 1 0 0 0 0.966 0.259 0 -0.259 0.966 3022.dat
1 71 -20 -39.777 -11.027 1 0 0 0 0.966 0.259 0 -0.259 0.966 31088 - 15456.dat
1 71 20 -39.777 -11.027 1 0 0 0 0.966 0.259 0 -0.259 0.966 31088 - 15456.dat
0 STEP
1 19 0 -50.092 -18.615 1 0 0 0 0.966 0.259 0 -0.259 0.966 15208.dat
1 4 0 -39.739 20.022 0 0 1 -0.259 0.966 0 -0.966 -0.259 0 3021.dat
1 272 -30 -47.504 -8.956 0 0 1 -0.259 0.966 0 -0.966 -0.259 0 3023.dat
1 272 30 -47.504 -8.956 0 0 1 -0.259 0.966 0 -0.966 -0.259 0 3023.dat
0 STEP
1 15 0 -50.018 43.481 1 0 0 0 0.966 0.259 0 -0.259 0.966 47457.dat
0 STEP
1 4 30 -52.606 33.822 0 0 -1 0.259 0.966 0 0.966 -0.259 0 22885.dat
1 4 -30 -52.606 33.822 0 0 1 -0.259 0.966 0 -0.966 -0.259 0 22885.dat
0 STEP
1 272 20 -55.231 -6.886 0 0 1 -0.259 0.966 0 -0.966 -0.259 0 3022.dat
1 272 -20 -55.231 -6.886 0 0 1 -0.259 0.966 0 -0.966 -0.259 0 3022.dat
0 STEP
1 71 20 -62.959 -4.815 1 0 0 0 0.966 0.259 0 -0.259 0.966 31088 - 15456.dat
1 71 -20 -62.959 -4.815 1 0 0 0 0.966 0.259 0 -0.259 0.966 31088 - 15456.dat
0 STEP
1 272 48 -26.216 16.398 0 -1 0 0.966 0 0.259 -0.259 0 0.966 2450.dat
1 272 -48 -26.216 16.398 0 1 0 -0.259 0 -0.966 -0.966 0 0.259 2450.dat
0 STEP
1 72 58 -1.722 30.54 0 -1 0 0.966 0 0.259 -0.259 0 0.966 18654.dat
1 72 -58 -1.722 30.54 0 -1 0 0.966 0 0.259 -0.259 0 0.966 18654.dat
0 STEP
0 !LDCAD GROUP_NXT [ids=1] [nrs=-1]
1 297 56 -33.288 28.646 0 -1 0 -1 0 0 0 0 -1 6141.dat
0 !LDCAD GROUP_NXT [ids=1] [nrs=2]
1 42 64 -33.288 28.646 0 -1 0 -1 0 0 0 0 -1 4740.dat
0 !LDCAD GROUP_NXT [ids=1] [nrs=3]
1 15 72 -33.288 28.646 0 -1 0 -1 0 0 0 0 -1 98138p0k.dat
0 !LDCAD GROUP_NXT [ids=2] [nrs=-1]
1 297 -56 -33.288 28.646 0 1 0 1 0 0 0 0 -1 6141.dat
0 !LDCAD GROUP_NXT [ids=2] [nrs=2]
1 42 -64 -33.288 28.646 0 1 0 1 0 0 0 0 -1 4740.dat
0 !LDCAD GROUP_NXT [ids=2] [nrs=3]
1 15 -72 -33.288 28.646 0 1 0 1 0 0 0 0 -1 98138p0k.dat
0 STEP
1 272 40 -53.3 -7.403 0 -1 0 0.966 0 0.259 -0.259 0 0.966 11477.dat
1 272 -40 -53.3 -7.403 0 1 0 -0.966 0 0.259 0.259 0 0.966 11477.dat
0 STEP
1 272 -20 -73.274 -12.404 0 0 1 -0.259 0.966 0 -0.966 -0.259 0 92946.dat
1 272 -20 -68.098 6.915 0 0 1 -0.259 0.966 0 -0.966 -0.259 0 92946.dat
1 272 -20 -62.922 26.233 0 0 1 -0.259 0.966 0 -0.966 -0.259 0 92946.dat
1 272 -20 -57.745 45.552 0 0 1 -0.259 0.966 0 -0.966 -0.259 0 92946.dat
1 272 20 -57.745 45.552 0 0 -1 0.259 0.966 0 0.966 -0.259 0 92946.dat
1 272 20 -62.922 26.233 0 0 -1 0.259 0.966 0 0.966 -0.259 0 92946.dat
1 272 20 -68.098 6.915 0 0 -1 0.259 0.966 0 0.966 -0.259 0 92946.dat
1 272 20 -73.274 -12.404 0 0 -1 0.259 0.966 0 0.966 -0.259 0 92946.dat
0 STEP
1 4 0 -65.473 47.622 1 0 0 0 0.966 0.259 0 -0.259 0.966 3023.dat
1 4 0 -73.237 18.645 1 0 0 0 0.966 0.259 0 -0.259 0.966 4032a.dat
0 STEP
1 272 0 -73.274 -12.404 1 0 0 0 0.966 0.259 0 -0.259 0.966 85984.dat
1 272 0 -75.788 40.034 1 0 0 0 0.966 0.259 0 -0.259 0.966 3068b.dat
1 272 0 -83.553 11.056 1 0 0 0 0.966 0.259 0 -0.259 0.966 3023.dat
0 STEP
1 15 0 -14 124 1 0 0 0 1 0 0 0 1 31088 - Mantle.ldr
0 STEP
1 15 117.863 -23.932 -36.167 -0.174 -0.337 -0.925 0.951 -0.301 -0.069 -0.255 -0.892 0.373 31088 - Right Tentacle.ldr
0 STEP
1 47 -103.915 -58.239 -42.313 -0.161 0.633 -0.757 0.846 -0.306 -0.436 -0.508 -0.711 -0.486 31088 - Left Tentacle.ldr
0 STEP
1 272 78.629 -55.881 -87.93 0.044 -0.498 -0.866 0.982 -0.139 0.129 -0.185 -0.856 0.483 31088 - Lower Arm.ldr
1 272 -20 -56.351 -120.084 -1 0 0 0 -0.996 0.087 0 0.087 0.996 31088 - Lower Arm.ldr
0 STEP
1 71 40.271 -108.991 -98.723 0.766 -0.557 -0.321 0.621 0.511 0.594 -0.167 -0.655 0.737 31088 - Upper Arm.ldr
1 71 -20 -133.858 -72.188 1 0 0 0 0.342 0.94 0 -0.94 0.342 31088 - Upper Arm.ldr




0 FILE 31088 - Mantle.ldr
0 Mantle
0 Name: 31088 - Mantle.ldr
0 Author: Marc Belanger [MonsieurPoulet]
0 !LDRAW_ORG Model
0 !LICENSE Redistributable under CCAL version 2.0 : see CAreadme.txt
0 !THEME Creator
0 !KEYWORDS Animals, Squid
0 !HISTORY 2019-12-01 [MonsieurPoulet] Initial creation

0 !LDCAD GROUP_DEF [topLevel=true] [LID=0] [GID=1fnGvMin52b] [name=Group 1] [center=0 0 0]
0 !LDCAD GROUP_DEF [topLevel=true] [LID=1] [GID=GD54CGmTX9S] [name=Group 2] [center=0 0 0]
0 !LDCAD GROUP_DEF [topLevel=true] [LID=2] [GID=7poUxpRKCOV] [name=Group 3] [center=0 0 0]
0 !LDCAD GROUP_DEF [topLevel=true] [LID=3] [GID=5r8ta5Z4BxM] [name=Group 4] [center=0 0 0]

1 15 -10 8 -40 -1 0 0 0 1 0 0 0 -1 42023.dat
1 15 10 8 -40 -1 0 0 0 1 0 0 0 -1 42023.dat
0 STEP
1 4 0 0 0 -1 0 0 0 1 0 0 0 -1 3022.dat
0 STEP
1 15 10 0 40 0 0 -1 0 1 0 1 0 0 99207.dat
1 15 -10 0 40 0 0 1 0 1 0 -1 0 0 99207.dat
0 STEP
1 4 -10 0 -40 0 0 1 0 1 0 -1 0 0 60478.dat
1 4 10 0 -40 0 0 1 0 1 0 -1 0 0 60478.dat
0 STEP
1 272 10 -24 0 0 0 1 0 1 0 -1 0 0 3009.dat
1 272 -10 -24 0 0 0 1 0 1 0 -1 0 0 3009.dat
0 STEP
1 4 0 -32 50 -1 0 0 0 1 0 0 0 -1 44728.dat
1 4 0 -32 30 1 0 0 0 1 0 0 0 1 3023.dat
0 STEP
1 4 10 -32 0 0 0 -1 0 1 0 1 0 0 44728.dat
1 4 -10 -32 0 0 0 1 0 1 0 -1 0 0 44728.dat
0 STEP
1 4 0 -32 -40 0 0 1 0 1 0 -1 0 0 4032a.dat
0 STEP
1 272 24 -12 50 0 -1 0 -1 0 0 0 0 -1 85984.dat
1 272 -24 -12 50 0 1 0 1 0 0 0 0 -1 85984.dat
0 STEP
0 !LDCAD GROUP_NXT [ids=0] [nrs=5]
1 272 40 -12 -10 0 -1 0 1 0 0 0 0 1 85984.dat
0 !LDCAD GROUP_NXT [ids=0] [nrs=2]
1 272 40 -22 -20 0 -1 0 1 0 0 0 0 1 92946.dat
0 !LDCAD GROUP_NXT [ids=0] [nrs=4]
1 272 40 -12 20 0 -1 0 0 0 1 -1 0 0 3068b.dat
0 !LDCAD GROUP_NXT [ids=0] [nrs=-1]
1 71 32 -12 0 0 -1 0 0 0 1 -1 0 0 3020.dat
0 !LDCAD GROUP_NXT [ids=0] [nrs=3]
1 272 40 -2 -20 0 -1 0 1 0 0 0 0 1 92946.dat
0 !LDCAD GROUP_NXT [ids=1] [nrs=-1]
1 71 -32 -12 0 0 1 0 0 0 -1 -1 0 0 3020.dat
0 !LDCAD GROUP_NXT [ids=1] [nrs=3]
1 272 -40 -2 -20 0 1 0 -1 0 0 0 0 1 92946.dat
0 !LDCAD GROUP_NXT [ids=1] [nrs=2]
1 272 -40 -22 -20 0 1 0 -1 0 0 0 0 1 92946.dat
0 !LDCAD GROUP_NXT [ids=1] [nrs=4]
1 272 -40 -12 20 0 1 0 0 0 -1 -1 0 0 3068b.dat
0 !LDCAD GROUP_NXT [ids=1] [nrs=5]
1 272 -40 -12 -10 0 1 0 -1 0 0 0 0 1 85984.dat
0 STEP
0 !LDCAD GROUP_NXT [ids=2] [nrs=-1]
1 4 0 -40 -20 0 0 1 0 1 0 -1 0 0 3020.dat
0 !LDCAD GROUP_NXT [ids=2] [nrs=2]
1 4 0 -48 -50 1 0 0 0 1 0 0 0 1 3023.dat
0 STEP
1 272 0 -56 -40 -1 0 0 0 1 0 0 0 -1 43712.dat
0 STEP
1 272 10 -2 64 -1 0 0 0 0 -1 0 -1 0 54200.dat
1 272 10 -22 64 1 0 0 0 0 1 0 -1 0 54200.dat
1 272 -10 -2 64 -1 0 0 0 0 -1 0 -1 0 54200.dat
1 272 -10 -22 64 1 0 0 0 0 1 0 -1 0 54200.dat
0 STEP
0 !LDCAD GROUP_NXT [ids=3] [nrs=-1]
1 15 0 16 -60 0 0 1 0 1 0 -1 0 0 4871.dat
0 !LDCAD GROUP_NXT [ids=3] [nrs=2]
1 272 30 -32 -50 1 0 0 0 1 0 0 0 1 60481.dat
0 !LDCAD GROUP_NXT [ids=3] [nrs=3]
1 272 -30 -32 -50 1 0 0 0 1 0 0 0 1 60481.dat




0 FILE 31088 - Right Tentacle.ldr
0 Right Tentacle
0 Name: 31088 - Right Tentacle.ldr
0 Author: Marc Belanger [MonsieurPoulet]
0 !LDRAW_ORG Model
0 !LICENSE Redistributable under CCAL version 2.0 : see CAreadme.txt
0 !THEME Creator
0 !KEYWORDS Animals, Squid
0 !HISTORY 2019-12-01 [MonsieurPoulet] Initial creation

0 !LDCAD GROUP_DEF [topLevel=false] [LID=0] [GID=JGReDTCCXJP]
0 !LDCAD GROUP_DEF [topLevel=true] [LID=1] [GID=KamHjjVnp4v] [name=Group 1] [center=0 0 0]

1 19 0 8 -40 0 0 -1 0 1 0 1 0 0 15208.dat
1 15 0 0 0 0 0 -1 0 1 0 1 0 0 3710.dat
1 19 0 8 40 0 0 -1 0 1 0 1 0 0 15208.dat
0 STEP
1 71 10 0 50 -1 0 0 0 1 0 0 0 -1 14704.dat
1 72 10 0 -50 1 0 0 0 1 0 0 0 1 14417.dat
0 STEP
1 15 0 -8 0 0 0 1 0 1 0 -1 0 0 3666.dat
0 STEP
0 !LDCAD GROUP_NXT [ids=0,1] [nrs=-1,-1]
1 71 6.515 8.317 -89.627 -0.979 -0.073 -0.189 -0.145 0.906 0.397 0.142 0.416 -0.898 14704.dat
0 !LDCAD GROUP_NXT [ids=0,1] [nrs=2,2]
1 19 4.038 19.539 -95.278 -0.979 -0.073 -0.189 -0.145 0.906 0.397 0.142 0.416 -0.898 4032a.dat
0 !LDCAD GROUP_NXT [ids=0,1] [nrs=4,4]
1 15 5.213 5.038 -101.937 -0.979 -0.073 -0.189 -0.145 0.906 0.397 0.142 0.416 -0.898 3022.dat
0 !LDCAD GROUP_NXT [ids=0,1] [nrs=3,3]
1 15 -1.043 24.203 -125.551 0.979 -0.073 0.189 0.145 0.906 -0.397 -0.142 0.416 0.898 43723.dat




0 FILE 31088 - Left Tentacle.ldr
0 Left Tentacle
0 Name: 31088 - Left Tentacle.ldr
0 Author: Marc Belanger [MonsieurPoulet]
0 !LDRAW_ORG Model
0 !LICENSE Redistributable under CCAL version 2.0 : see CAreadme.txt
0 !THEME Creator
0 !KEYWORDS Animals, Squid
0 !HISTORY 2019-12-01 [MonsieurPoulet] Initial creation

0 !LDCAD GROUP_DEF [topLevel=true] [LID=0] [GID=5t86VuKRffz] [name=Group 1] [center=0 0 0]

1 19 0 8 -40 0 0 -1 0 1 0 1 0 0 15208.dat
1 15 0 0 0 0 0 -1 0 1 0 1 0 0 3710.dat
1 19 0 8 40 0 0 -1 0 1 0 1 0 0 15208.dat
0 STEP
1 72 10 0 50 -1 0 0 0 1 0 0 0 -1 14417.dat
1 71 10 0 -50 1 0 0 0 1 0 0 0 1 14704.dat
0 STEP
1 15 0 -8 0 0 0 1 0 1 0 -1 0 0 3666.dat
0 STEP
0 !LDCAD GROUP_NXT [ids=0] [nrs=-1]
1 71 10.646 -3.384 89.002 0.996 -0.086 0.015 0.087 0.981 -0.173 0 0.174 0.985 14704.dat
0 !LDCAD GROUP_NXT [ids=0] [nrs=2]
1 19 10.111 2.735 100.239 -0.996 -0.086 -0.015 -0.087 0.981 0.173 0 0.174 -0.985 4032a.dat
0 !LDCAD GROUP_NXT [ids=0] [nrs=4]
1 15 11.484 -12.962 97.46 -0.996 -0.086 -0.015 -0.087 0.981 0.173 0 0.174 -0.985 3022.dat
0 !LDCAD GROUP_NXT [ids=0] [nrs=3]
1 15 11.251 -10.303 128.394 -0.996 -0.086 -0.015 -0.087 0.981 0.173 0 0.174 -0.985 43722.dat




0 FILE 31088 - Lower Arm.ldr
0 Lower Arm
0 Name: 31088 - Lower Arm.ldr
0 Author: Marc Belanger [MonsieurPoulet]
0 !LDRAW_ORG Model
0 !LICENSE Redistributable under CCAL version 2.0 : see CAreadme.txt
0 !THEME Creator
0 !KEYWORDS Animals, Squid
0 !HISTORY 2019-12-01 [MonsieurPoulet] Initial creation

1 71 0 0 0 0 0 -1 0 1 0 1 0 0 3666.dat
1 71 0 -8 40 0 0 -1 0 1 0 1 0 0 14418.dat
0 STEP
1 272 0 -8 -10 0 0 -1 0 1 0 1 0 0 3623.dat
0 STEP
1 272 0 -16 20 0 0 -1 0 1 0 1 0 0 15573.dat
1 272 0 -16 50 0 0 -1 0 1 0 1 0 0 3024.dat
0 STEP
1 272 0 8 -50 0 0 -1 0 1 0 1 0 0 3623.dat
0 STEP
1 272 0 -8 -80 1 0 0 0 1 0 0 0 1 61678.dat




0 FILE 31088 - Upper Arm.ldr
0 Upper Arm
0 Name: 31088 - Upper Arm.ldr
0 Author: Marc Belanger [MonsieurPoulet]
0 !LDRAW_ORG Model
0 !LICENSE Redistributable under CCAL version 2.0 : see CAreadme.txt
0 !THEME Creator
0 !KEYWORDS Animals, Squid
0 !HISTORY 2019-12-01 [MonsieurPoulet] Initial creation

1 71 0 0 0 0 0 -1 0 1 0 1 0 0 3666.dat
1 71 0 -8 40 0 0 -1 0 1 0 1 0 0 14418.dat
0 STEP
1 272 0 -8 -20 0 0 -1 0 1 0 1 0 0 15573.dat
1 272 0 -16 50 0 0 -1 0 1 0 1 0 0 3024.dat
1 272 0 0 20 1 0 0 0 1 0 0 0 1 11477.dat
0 STEP
1 272 0 8 -50 0 0 -1 0 1 0 1 0 0 3623.dat
0 STEP
1 272 0 -8 -80 1 0 0 0 1 0 0 0 1 61678.dat




0 FILE 31088 - 15456.dat
0 Plate 2 x  2 with Towball and Centre Hole
0 Name: 31088 - 15456.dat
0 Author: Owen Burgoyne [C3POwen]
0 !LDRAW_ORG Unofficial_Part
0 !LICENSE Redistributable under CCAL version 2.0 : see CAreadme.txt

0 BFC CERTIFY CCW

1 16 0 4 0 1 0 0 0 -1 0 0 0 1 stud4a.dat
1 16 0 4 0 8 0 0 0 1 0 0 0 8 4-4edge.dat
4 16 -20 8 20 -16 8 16 -16 8 -16 -20 8 -20
4 16 20 8 20 16 8 16 -16 8 16 -20 8 20
4 16 20 8 -20 16 8 -16 16 8 16 20 8 20
4 16 -20 8 -20 -16 8 -16 16 8 -16 20 8 -20
0 BFC INVERTNEXT
1 16 0 8 0 16 0 0 0 -4 0 0 0 16 box4.dat
1 16 0 4 0 8 0 0 0 -1 0 0 0 8 4-4ndis.dat
4 16 -16 4 16 -8 4 8 -8 4 -8 -16 4 -16
4 16 16 4 16 8 4 8 -8 4 8 -16 4 16
4 16 16 4 -16 8 4 -8 8 4 8 16 4 16
4 16 -16 4 -16 -8 4 -8 8 4 -8 16 4 -16
1 16 0 8 0 20 0 0 0 -8 0 0 0 20 box4.dat
0 BFC INVERTNEXT
1 16 0 4 0 6 0 0 0 -4 0 0 0 6 4-4cyli.dat
1 16 0 0 0 6 0 0 0 1 0 0 0 6 4-4edge.dat
1 16 0 0 0 6 0 0 0 1 0 0 0 6 4-4ndis.dat
4 16 -20 0 -20 -6 0 -6 -6 0 6 -20 0 20
4 16 -20 0 20 -6 0 6 6 0 6 20 0 20
4 16 20 0 20 6 0 6 6 0 -6 20 0 -20
4 16 20 0 -20 6 0 -6 -6 0 -6 -20 0 -20

1 16 0 4 -20 3.8 0 0 0 0 3.8 0 1 0 4-4edge.dat
1 16 0 4 -20.3 -0.2 0 0 0 0 -0.2 0 0.3 0 4-4con19.dat
1 16 0 4 -20.3 4 0 0 0 0 -4 0 -11.4 0 4-4cylo.dat
1 16 0 4 -31.7 0.2 0 0 0 0 -0.2 0 -0.3 0 4-4con19.dat
1 16 0 4 -32 3.8 0 0 0 0 3.8 0 1 0 4-4edge.dat
1 16 0 4 -40 5 0 0 0 0 5 0 -5 0 31088 - 4-4cyl19sph40.dat
1 16 0 4 -40 8 0 0 0 8 0 0 0 8 8-8sphe.dat
1 16 0 0 0 0 0 1 0 1 0 -1 0 0 stug-2x2.dat



0 FILE 31088 - 4-4cyl19sph40.dat
0 Cylinder 0.76 LDU Truncated to Fit Sphere  1.6 LDU
0 Name: 31088 - 4-4cyl19sph40.dat
0 Author: Magnus Forsberg [MagFors]
0 !LDRAW_ORG Unofficial_Primitive
0 !LICENSE Redistributable under CCAL version 2.0 : see CAreadme.txt

0 !HELP use, as a towball, like this, on a 3.8 LDU cylinder
0 !HELP 1 36 0 0 0 8 0 0 0 8 0 0 0 8 8-8sphe.dat
0 !HELP 1 36 0 0 0 5 0 0 0 5 0 0 0 5 4-4cyl19sph40.dat

0 BFC CERTIFY CCW

0 // 1 47 0 0 0 1.6 0 0 0 1.6 0 0 0 1.6 8-8sphe.dat

1 16 0 -1.6 0 0.76 0 0 0 0.2526 0 0 0 0.76 4-4cyli.dat
2 24 0.76 -1.3795 0 0.7022 -1.3504 0.2909
2 24 0.7022 -1.3504 0.2909 0.6583 -1.3644 0.3565
2 24 0.6583 -1.3644 0.3565 0.5374 -1.3474 0.5374
2 24 0.3565 -1.3644 0.6583 0.5374 -1.3474 0.5374
2 24 0.2909 -1.3504 0.7022 0.3565 -1.3644 0.6583
2 24 0 -1.3795 0.76 0.2909 -1.3504 0.7022
2 24 0 -1.3795 -0.76 0.2909 -1.3504 -0.7022
2 24 0.2909 -1.3504 -0.7022 0.3565 -1.3644 -0.6583
2 24 0.3565 -1.3644 -0.6583 0.5374 -1.3474 -0.5374
2 24 0.5374 -1.3474 -0.5374 0.6583 -1.3644 -0.3565
2 24 0.6583 -1.3644 -0.3565 0.7022 -1.3504 -0.2909
2 24 0.7022 -1.3504 -0.2909 0.76 -1.3795 0
2 24 -0.7022 -1.3504 -0.2909 -0.76 -1.3795 0
2 24 -0.6583 -1.3644 -0.3565 -0.7022 -1.3504 -0.2909
2 24 -0.5374 -1.3474 -0.5374 -0.6583 -1.3644 -0.3565
2 24 -0.5374 -1.3474 -0.5374 -0.3565 -1.3644 -0.6583
2 24 -0.3565 -1.3644 -0.6583 -0.2909 -1.3504 -0.7022
2 24 -0.2909 -1.3504 -0.7022 0 -1.3795 -0.76
2 24 -0.2909 -1.3504 0.7022 0 -1.3795 0.76
2 24 -0.3565 -1.3644 0.6583 -0.2909 -1.3504 0.7022
2 24 -0.5374 -1.3474 0.5374 -0.3565 -1.3644 0.6583
2 24 -0.6583 -1.3644 0.3565 -0.5374 -1.3474 0.5374
2 24 -0.7022 -1.3504 0.2909 -0.6583 -1.3644 0.3565
2 24 -0.76 -1.3795 0 -0.7022 -1.3504 0.2909



