0 FILE 3180 - main.ldr
0 main
0 Name: 3180 - main.ldr
0 Author: Robert Paciorek [bercik]
0 !LDRAW_ORG Model
0 !LICENSE Redistributable under CCAL version 2.0 : see CAreadme.txt

0 !HELP This material is distributed WITHOUT any warranty, use at YOUR own risk.
1 16 -390 -2 0 1 0 0 0 1 0 0 0 1 3180 - tanker.ldr
1 16 -470 7 -211.4475 1 0 0 0 1 0 0 0 1 3180 - minifig.ldr
1 16 -490.1111 -1 0 1 0 0 0 1 0 0 0 1 3180 - truck.ldr
1 16 -40 8 -198 -0.5 0 0.866025 0 1 0 -0.866025 0 -0.5 3180 - station.ldr
0 STEP
1 16 -340 0 -154.5 1 0 0 0 1 0 0 0 1 3180 - item A.ldr
1 16 -270 0 -154.5 1 0 0 0 1 0 0 0 1 3180 - item A.ldr






0 FILE 3180 - truck.ldr
0 truck
0 Name: 3180 - truck.ldr
0 Author: Robert Paciorek [bercik]
0 !LDRAW_ORG Model
0 !LICENSE Redistributable under CCAL version 2.0 : see CAreadme.txt
0 !HELP Copyright (c) 2002-2017, Robert Paciorek (http://www.opcode.eu.org/)
0 !HELP Released under a dual license, you can choise "CCAL version 2.0" or "BSD/MIT-type licence":
0 !HELP Redistribution and use in source or any others forms, with or without modification, ARE PERMITTED provided save information about author(s).
0 !HELP This material is distributed WITHOUT any warranty, use at YOUR own risk.
1 72 148.1111 -29 0 0 -1 0 0 0 -1 1 0 0 3069b.dat
1 2 -144.1111 -93 0 0 1 0 0 0 1 1 0 0 2431.dat
1 57 -29.8888 -191 50 1 0 0 0 1 0 0 0 1 59900.dat
0 STEP
1 4 0.1112 -23 0 1 0 0 0 1 0 0 0 1 2445.dat
0 STEP
1 72 -109.8888 -31 0 0 0 1 0 1 0 -1 0 0 3666.dat
1 14 -89.8888 -31 0 0 0 1 0 1 0 -1 0 0 3023.dat
1 2 20.1112 -31 0 1 0 0 0 1 0 0 0 1 3795.dat
0 STEP
1 0 100.1112 -31 20 0 0 -1 0 1 0 1 0 0 4488.dat
1 0 100.1112 -31 -20 0 0 1 0 1 0 -1 0 0 4488.dat
1 0 -59.8888 -31 20 0 0 -1 0 1 0 1 0 0 4488.dat
1 0 -59.8888 -31 -20 0 0 1 0 1 0 -1 0 0 4488.dat
0 STEP
1 72 -79.8888 -39 0 1 0 0 0 1 0 0 0 1 3031.dat
1 71 110.1112 -39 0 0 0 -1 0 1 0 1 0 0 2436a.dat
1 71 -29.8888 -39 0 0 0 1 0 1 0 -1 0 0 3710.dat
0 STEP
1 71 132.1111 -29 0 0 -1 0 0 0 -1 1 0 0 3710.dat
1 71 40.1112 -39 0 1 0 0 0 1 0 0 0 1 3795.dat
0 STEP
1 15 140.1111 -29 0 0 -1 0 0 0 -1 1 0 0 3666.dat
1 71 -109.8888 -55 -50 0 0 1 0 1 0 -1 0 0 6231.dat
1 71 -109.8888 -55 50 -1 0 0 0 1 0 0 0 -1 6231.dat
0 STEP
1 57 148.1111 -29 50 0 -1 0 1 0 0 0 0 1 6141.dat
1 57 148.1111 -29 -50 0 -1 0 1 0 0 0 0 1 6141.dat
1 36 148.1111 -29 30 0 -1 0 1 0 0 0 0 1 6141.dat
1 36 148.1111 -29 -30 0 -1 0 1 0 0 0 0 1 6141.dat
1 14 -109.8888 -63 0 0 0 1 0 1 0 -1 0 0 30414.dat
0 STEP
1 72 -89.8888 -63 0 1 0 0 0 1 0 0 0 1 52501.dat
1 2 0.1112 -47 0 1 0 0 0 1 0 0 0 1 3795.dat
0 STEP
1 14 -69.8888 -47 0 0 0 1 0 1 0 -1 0 0 3023.dat
1 15 100.1112 -47 0 1 0 0 0 1 0 0 0 1 3709b.dat
0 STEP
1 15 -59.8888 -63 -40 1 0 0 0 1 0 0 0 1 50745.dat
1 15 -59.8888 -63 40 -1 0 0 0 1 0 0 0 -1 50745.dat
0 STEP
1 72 -29.8888 -63 -30 1 0 0 0 1 0 0 0 1 3665a.dat
1 72 -29.8888 -63 30 -1 0 0 0 1 0 0 0 -1 3665a.dat
0 STEP
1 71 0.1112 -55 -10 1 0 0 0 1 0 0 0 1 44728.dat
1 71 0.1112 -55 -10 1 0 0 0 1 0 0 0 1 44728.dat
1 71 40.1112 -55 -10 1 0 0 0 1 0 0 0 1 44728.dat
1 71 40.1112 -55 10 -1 0 0 0 1 0 0 0 -1 44728.dat
1 71 0.1112 -55 10 -1 0 0 0 1 0 0 0 -1 44728.dat
0 STEP
1 71 20.1112 -35 -48 1 0 0 0 0 -1 0 1 0 3001.dat
1 71 20.1112 -35 48 -1 0 0 0 0 -1 0 -1 0 3001.dat
1 71 100.1112 -55 30 1 0 0 0 1 0 0 0 1 93792.dat
1 71 100.1112 -55 -30 1 0 0 0 1 0 0 0 1 93792.dat
0 STEP
1 72 0.1112 -45 -56 1 0 0 0 0 -1 0 1 0 30244.dat
1 72 40.1112 -45 -56 1 0 0 0 0 -1 0 1 0 30244.dat
1 72 20.1112 -25 -56 1 0 0 0 0 -1 0 1 0 91143.dat
1 72 40.1112 -45 56 -1 0 0 0 0 -1 0 -1 0 30244.dat
1 72 0.1112 -45 56 -1 0 0 0 0 -1 0 -1 0 30244.dat
1 72 20.1112 -25 56 -1 0 0 0 0 -1 0 -1 0 91143.dat
1 0 100.1112 -55 0 1 0 0 0 1 0 0 0 1 3709b.dat
0 STEP
1 72 100.1112 -63 30 1 0 0 0 1 0 0 0 1 30244.dat
1 72 100.1112 -63 -30 1 0 0 0 1 0 0 0 1 30244.dat
1 72 70.1112 -63 0 0 0 -1 0 1 0 1 0 0 30244.dat
1 72 130.1111 -63 0 0 0 -1 0 1 0 1 0 0 30244.dat
1 2 -59.8888 -71 0 0 0 1 0 1 0 -1 0 0 3032.dat
0 STEP
1 72 -49.8888 -79 -20 0 0 1 0 1 0 -1 0 0 30244.dat
1 2 -9.8888 -71 0 0 0 -1 0 1 0 1 0 0 47457.dat
1 2 -109.8888 -71 0 0 0 1 0 1 0 -1 0 0 3666.dat
0 STEP
1 15 -109.8888 -79 0 0 0 1 0 1 0 -1 0 0 3710.dat
1 15 -79.8888 -79 50 1 0 0 0 1 0 0 0 1 3710.dat
1 15 -79.8888 -79 -50 1 0 0 0 1 0 0 0 1 3710.dat
1 15 -29.8888 -79 0 0 0 1 0 1 0 -1 0 0 3666.dat
1 14 -9.8888 -95 -10 0 0 1 0 1 0 -1 0 0 4599b.dat
1 4 -9.8888 -95 10 0 0 1 0 1 0 -1 0 0 4599b.dat
0 STEP
1 2 -29.8888 -103 0 0 0 1 0 1 0 -1 0 0 3009.dat
1 2 -49.8888 -103 -50 1 0 0 0 1 0 0 0 1 30071.dat
1 2 -49.8888 -103 50 1 0 0 0 1 0 0 0 1 30071.dat
0 STEP
1 4 -39.8888 -111 50 1 0 0 0 1 0 0 0 1 3023.dat
1 4 -39.8888 -111 -50 1 0 0 0 1 0 0 0 1 3023.dat
1 4 -29.8888 -111 0 0 0 1 0 1 0 -1 0 0 3710.dat
1 71 -89.8888 -79 10 0 0 1 0 1 0 -1 0 0 4592c01.dat
1 14 -79.8888 -79 -20 0 0 1 0 1 0 -1 0 0 4079.dat
0 STEP
1 2 -109.8888 -103 -50 0 0 1 0 1 0 -1 0 0 3822.dat
1 2 -109.8888 -103 50 0 0 1 0 1 0 -1 0 0 3821.dat
1 4 -109.8888 -103 10 0.866025 0 0.5 0 1 0 -0.5 0 0.866025 3899.dat
1 14 -109.8888 -87 -20 0 0 1 0 1 0 -1 0 0 3829c01.dat
0 STEP
1 15 -128.1111 -53 0 0 1 0 0 0 1 1 0 0 3666.dat
1 15 -136.1111 -93 0 0 1 0 0 0 1 1 0 0 87609.dat
0 STEP
1 71 -136.1111 -53 -20 0 1 0 1 0 0 0 0 -1 3021.dat
1 71 -136.1111 -53 20 0 1 0 1 0 0 0 0 -1 3021.dat
0 STEP
1 47 -128.1111 -73 50 0 1 0 1 0 0 0 0 -1 50746.dat
1 2 -128.1111 -93 50 0 1 0 1 0 0 0 0 -1 50746.dat
1 46 -128.1111 -53 50 0 1 0 1 0 0 0 0 -1 50746.dat
1 47 -128.1111 -73 -50 0 1 0 -1 0 0 0 0 1 50746.dat
1 2 -128.1111 -93 -50 0 1 0 -1 0 0 0 0 1 50746.dat
1 46 -128.1111 -53 -50 0 1 0 -1 0 0 0 0 1 50746.dat
1 72 -152.1111 -33 -30 0 1 0 -1 0 0 0 0 1 6091.dat
1 72 -152.1111 -33 30 0 1 0 1 0 0 0 0 -1 6091.dat
0 STEP
1 72 -144.1111 -53 20 0 1 0 0 0 1 1 0 0 30244.dat
1 72 -144.1111 -53 -20 0 1 0 0 0 1 1 0 0 30244.dat
1 72 -144.1111 -73 20 0 1 0 0 0 1 1 0 0 30244.dat
1 72 -144.1111 -73 -20 0 1 0 0 0 1 1 0 0 30244.dat
1 72 -152.1111 -33 0 0 1 0 0 0 1 1 0 0 2431.dat
0 STEP
1 15 -39.8888 -159 50 1 0 0 0 1 0 0 0 1 3245b.dat
1 15 -39.8888 -159 -50 1 0 0 0 1 0 0 0 1 3245b.dat
1 40 -29.8888 -159 20 0 0 1 0 1 0 -1 0 0 4864b.dat
1 40 -29.8888 -159 -20 0 0 1 0 1 0 -1 0 0 4864b.dat
0 !LEOCAD PIECE PIVOT  0 0 0 1 0 0 0 1 0 0 0 1
1 40 -109.8888 -151 0 0 0 1 0 1 0 -1 0 0 4176.dat
0 STEP
1 71 -109.8888 -159 -50 1 0 0 0 1 0 0 0 1 4085c.dat
1 71 -109.8888 -159 50 -1 0 0 0 1 0 0 0 -1 4085c.dat
1 71 -109.8888 -159 20 0 0 1 0 1 0 -1 0 0 32028.dat
1 71 -109.8888 -159 -20 0 0 1 0 1 0 -1 0 0 32028.dat
1 15 -29.8888 -167 0 0 0 1 0 1 0 -1 0 0 3666.dat
0 STEP
1 15 -29.8888 -175 0 0 0 1 0 1 0 -1 0 0 2431.dat
1 57 -29.8888 -191 -50 1 0 0 0 1 0 0 0 1 59900.dat
1 0 -110.8888 -147 90 0 1 0 -1 0 0 0 0 1 48336.dat
1 0 -110.8888 -147 -90 0 1 0 1 0 0 0 0 -1 48336.dat
0 STEP
1 15 -118.8888 -147 90 0 1 0 -1 0 0 0 0 1 3069b.dat
1 15 -49.8888 -175 0 0 0 1 0 1 0 -1 0 0 52031.dat
1 15 -118.8888 -147 -90 0 1 0 1 0 0 0 0 -1 3069b.dat
1 0 -59.8888 -25 -56.5 1 0 0 0 1 0 0 0 1 60700.dat
1 15 -59.8888 -25 -51.5 1 0 0 0 1 0 0 0 1 6014.dat
1 0 100.1112 -25 -56.5 1 0 0 0 1 0 0 0 1 60700.dat
1 15 100.1112 -25 -51.5 1 0 0 0 1 0 0 0 1 6014.dat
1 0 100.1112 -25 56.5 -1 0 0 0 1 0 0 0 -1 60700.dat
1 15 100.1112 -25 51.5 -1 0 0 0 1 0 0 0 -1 6014.dat
1 0 -59.8888 -25 56.5 -1 0 0 0 1 0 0 0 -1 60700.dat
1 15 -59.8888 -25 51.5 -1 0 0 0 1 0 0 0 -1 6014.dat





0 FILE 3180 - tanker.ldr
0 tanker
0 Name: 3180 - tanker.ldr
0 Author: Robert Paciorek [bercik]
0 !LDRAW_ORG Model
0 !LICENSE Redistributable under CCAL version 2.0 : see CAreadme.txt
0 !HELP Copyright (c) 2002-2017, Robert Paciorek (http://www.opcode.eu.org/)
0 !HELP Released under a dual license, you can choise "CCAL version 2.0" or "BSD/MIT-type licence":
0 !HELP Redistribution and use in source or any others forms, with or without modification, ARE PERMITTED provided save information about author(s).
0 !HELP This material is distributed WITHOUT any warranty, use at YOUR own risk.
0 STEP
1 72 300 -14 0 1 0 0 0 1 0 0 0 1 3029.dat
1 15 360 -22 0 1 0 0 0 1 0 0 0 1 3795.dat
0 STEP
1 0 400 -30 -20 0 0 1 0 1 0 -1 0 0 4488.dat
1 0 320 -30 -20 0 0 1 0 1 0 -1 0 0 4488.dat
1 0 320 -30 20 0 0 -1 0 1 0 1 0 0 4488.dat
1 0 400 -30 20 0 0 -1 0 1 0 1 0 0 4488.dat
0 STEP
1 2 360 -38 0 1 0 0 0 1 0 0 0 1 3032.dat
0 STEP
1 71 290 -38 0 0 0 1 0 1 0 -1 0 0 3010.dat
1 71 410 -46 0 0 0 -1 0 1 0 1 0 0 44728.dat
1 15 400 -62 -40 1 0 0 0 1 0 0 0 1 50745.dat
1 15 320 -62 -40 1 0 0 0 1 0 0 0 1 50745.dat
1 15 320 -62 40 -1 0 0 0 1 0 0 0 -1 50745.dat
1 15 400 -62 40 -1 0 0 0 1 0 0 0 -1 50745.dat
0 STEP
1 72 370 -62 0 1 0 0 0 1 0 0 0 1 52501.dat
1 72 350 -62 0 1 0 0 0 1 0 0 0 1 52501.dat
1 72 290 -62 0 1 0 0 0 1 0 0 0 1 52501.dat
0 STEP
1 4 320 -54 0 1 0 0 0 1 0 0 0 1 3020.dat
1 4 400 -54 0 1 0 0 0 1 0 0 0 1 3020.dat
1 15 270 -38 -30 1 0 0 0 1 0 0 0 1 87087.dat
0 STEP
1 2 430 -62 0 0 0 1 0 1 0 -1 0 0 3710.dat
1 2 220 -38 0 1 0 0 0 1 0 0 0 1 3001.dat
1 15 260 -62 30 1 0 0 0 1 0 0 0 1 3245b.dat
1 15 270 -62 -30 1 0 0 0 1 0 0 0 1 87087.dat
0 STEP
1 71 270 -28 -48 -1 0 0 0 0 1 0 1 0 3070bp07.dat
1 71 270 -52 -48 1 0 0 0 0 -1 0 1 0 4592c01.dat
1 71 210 -62 40 -1 0 0 0 1 0 0 0 -1 4532.dat
1 15 234 -58 57 0 0 -1 0 1 0 1 0 0 4533.dat
0 STEP
1 4 432 -26 0 0 -1 0 0 0 -1 1 0 0 3020.dat
1 71 220 -62 -40 1 0 0 0 1 0 0 0 1 4209a.dat
1 0 220 -38 -50 1 0 0 0 1 0 0 0 1 4208.dat
1 14 220 -46 -60 0 0 -1 0 1 0 1 0 0 4210a.dat
0 STEP
1 15 440 -26 0 0 -1 0 0 0 -1 1 0 0 3795.dat
0 STEP
1 71 448 -36 0 0 -1 0 0 0 -1 1 0 0 3069b.dat
1 57 448 -36 50 0 -1 0 0 0 -1 1 0 0 6141.dat
1 36 448 -36 30 0 -1 0 0 0 -1 1 0 0 6141.dat
1 36 448 -36 -30 0 -1 0 0 0 -1 1 0 0 6141.dat
1 57 448 -36 -50 0 -1 0 0 0 -1 1 0 0 6141.dat
1 72 448 -16 0 0 -1 0 0 0 -1 1 0 0 6636.dat
0 STEP
1 0 120 -76 -20 1 0 0 0 1 0 0 0 1 2780.dat
1 2 40 -110 0 0 0 1 0 1 0 -1 0 0 45410.dat
1 0 120 -76 20 1 0 0 0 1 0 0 0 1 2780.dat
1 2 360 -110 0 0 0 1 0 1 0 -1 0 0 45410.dat
1 0 280 -76 20 1 0 0 0 1 0 0 0 1 2780.dat
1 2 200 -110 0 0 0 1 0 1 0 -1 0 0 45410.dat
1 0 280 -76 -20 1 0 0 0 1 0 0 0 1 2780.dat
0 STEP
1 4 80 -118 -40 1 0 0 0 1 0 0 0 1 2445.dat
1 4 320 -118 -40 1 0 0 0 1 0 0 0 1 2445.dat
1 4 80 -118 40 1 0 0 0 1 0 0 0 1 2445.dat
1 4 320 -118 40 1 0 0 0 1 0 0 0 1 2445.dat
1 4 -30 -118 0 0 0 1 0 1 0 -1 0 0 3023.dat
1 4 430 -118 0 0 0 1 0 1 0 -1 0 0 3023.dat
0 STEP
1 15 40 -166 0 0 0 1 0 1 0 -1 0 0 56204.dat
1 15 200 -166 0 0 0 1 0 1 0 -1 0 0 56204.dat
1 15 360 -166 0 0 0 1 0 1 0 -1 0 0 56204.dat
0 STEP
1 71 360 -174 30 1 0 0 0 1 0 0 0 1 4162.dat
1 71 200 -174 30 1 0 0 0 1 0 0 0 1 4162.dat
1 71 40 -174 30 1 0 0 0 1 0 0 0 1 4162.dat
1 71 360 -174 -30 1 0 0 0 1 0 0 0 1 4162.dat
1 71 200 -174 -30 1 0 0 0 1 0 0 0 1 4162.dat
1 71 40 -174 -30 1 0 0 0 1 0 0 0 1 4162.dat
1 71 -30 -174 0 0 0 1 0 1 0 -1 0 0 3069b.dat
1 71 430 -174 0 0 0 -1 0 1 0 1 0 0 2540.dat
0 STEP
1 72 40 -174 0 1 0 0 0 1 0 0 0 1 4032a.dat
1 72 120 -174 0 1 0 0 0 1 0 0 0 1 4032a.dat
1 72 280 -174 0 1 0 0 0 1 0 0 0 1 4032a.dat
1 72 360 -174 0 1 0 0 0 1 0 0 0 1 4032a.dat
1 72 200 -174 0 1 0 0 0 1 0 0 0 1 4032a.dat
1 0 450 -172 0 0 -0.998027 0.062791 0 0.062791 1 -1 0 0 6020.dat
0 STEP
1 4 120 -62 0 1 0 0 0 1 0 0 0 1 3020.dat
1 0 110 -54 0 0 0 -1 0 1 0 1 0 0 6134.dat
1 1 0 -60 0 0 -1 0 1 0 0 0 0 1 43093.dat
0 STEP
1 16 110 -44 0 0 1 0 -1 0 0 0 0 1 3180 - tanker - subpart.ldr
1 0 320 -25 -56.4717 1 0 0 0 1 0 0 0 1 60700.dat
1 15 320 -25 -51.4717 1 0 0 0 1 0 0 0 1 6014.dat
1 0 400 -25 -56.4717 1 0 0 0 1 0 0 0 1 60700.dat
1 15 400 -25 -51.4717 1 0 0 0 1 0 0 0 1 6014.dat
1 0 400 -25 56.5283 -1 0 0 0 1 0 0 0 -1 60700.dat
1 15 400 -25 51.5283 -1 0 0 0 1 0 0 0 -1 6014.dat
1 0 320 -25 56.5283 -1 0 0 0 1 0 0 0 -1 60700.dat
1 15 320 -25 51.5283 -1 0 0 0 1 0 0 0 -1 6014.dat






0 FILE 3180 - tanker - subpart.ldr
0 tanker - subpart
0 Name: 3180 - tanker - subpart.ldr
0 Author: Robert Paciorek [bercik]
0 !LDRAW_ORG Model
0 !LICENSE Redistributable under CCAL version 2.0 : see CAreadme.txt
0 !HELP Copyright (c) 2002-2017, Robert Paciorek (http://www.opcode.eu.org/)
0 !HELP Released under a dual license, you can choise "CCAL version 2.0" or "BSD/MIT-type licence":
0 !HELP Redistribution and use in source or any others forms, with or without modification, ARE PERMITTED provided save information about author(s).
0 !HELP This material is distributed WITHOUT any warranty, use at YOUR own risk.
1 71 0 -10 0 0 0 -1 0 1 0 1 0 0 3937.dat
0 STEP
1 72 0 14 0 0 0 1 0 1 0 -1 0 0 30136.dat
0 STEP
1 72 0 38 0 0 0 1 0 1 0 -1 0 0 3710.dat
1 57 0 30 -30 1 0 0 0 1 0 0 0 1 6141.dat
1 57 0 30 30 1 0 0 0 1 0 0 0 1 6141.dat





0 FILE 3180 - item A.ldr
0 item A
0 Name: 3180 - item A.ldr
0 Author: Robert Paciorek [bercik]
0 !LDRAW_ORG Model
0 !LICENSE Redistributable under CCAL version 2.0 : see CAreadme.txt
0 !HELP Copyright (c) 2002-2017, Robert Paciorek (http://www.opcode.eu.org/)
0 !HELP Released under a dual license, you can choise "CCAL version 2.0" or "BSD/MIT-type licence":
0 !HELP Redistribution and use in source or any others forms, with or without modification, ARE PERMITTED provided save information about author(s).
0 !HELP This material is distributed WITHOUT any warranty, use at YOUR own risk.
1 14 0 -8 4.5 1 0 0 0 1 0 0 0 1 32028.dat
1 14 0 -8 4.5 1 0 0 0 1 0 0 0 1 85984.dat





0 FILE 3180 - station.ldr
0 station
0 Name: 3180 - station.ldr
0 Author: Robert Paciorek [bercik]
0 !LDRAW_ORG Model
0 !LICENSE Redistributable under CCAL version 2.0 : see CAreadme.txt
0 !HELP Copyright (c) 2002-2017, Robert Paciorek (http://www.opcode.eu.org/)
0 !HELP Released under a dual license, you can choise "CCAL version 2.0" or "BSD/MIT-type licence":
0 !HELP Redistribution and use in source or any others forms, with or without modification, ARE PERMITTED provided save information about author(s).
0 !HELP This material is distributed WITHOUT any warranty, use at YOUR own risk.
1 4 -10 -128 -2 0 0 1 0 1 0 -1 0 0 3069b.dat
0 STEP
1 71 0 -8 -42 1 0 0 0 1 0 0 0 1 48183.dat
1 71 0 -8 38 -1 0 0 0 1 0 0 0 -1 48183.dat
0 STEP
1 72 0 -16 -2 0 0 1 0 1 0 -1 0 0 3020.dat
1 2 0 -40 -2 1 0 0 0 1 0 0 0 1 3003.dat
0 STEP
1 15 -10 -32 48 -1 0 0 0 1 0 0 0 -1 87087.dat
1 15 10 -32 48 -1 0 0 0 1 0 0 0 -1 87087.dat
0 STEP
1 4 0 -48 -2 1 0 0 0 1 0 0 0 1 94148.dat
1 72 0 -40 48 1 0 0 0 1 0 0 0 1 30244.dat
0 STEP
1 71 -10 -72 8 0 0 -1 0 1 0 1 0 0 3040p06.dat
1 15 -10 -72 -12 1 0 0 0 1 0 0 0 1 87087.dat
0 STEP
1 15 -10 -120 -2 0 0 1 0 1 0 -1 0 0 3245b.dat
1 14 10 -72 -12 0 0 1 0 1 0 -1 0 0 4599b.dat
1 0 -10 -64 -20 1 0 0 0 0 -1 0 1 0 3180 - station - hose.ldr





0 FILE 3180 - station - hose.ldr
0 station - hose
0 Name: 3180 - station - hose.ldr
0 Author: Robert Paciorek [bercik]
0 !LDRAW_ORG Model
0 !LICENSE Redistributable under CCAL version 2.0 : see CAreadme.txt
0 !HELP Copyright (c) 2002-2017, Robert Paciorek (http://www.opcode.eu.org/)
0 !HELP Released under a dual license, you can choise "CCAL version 2.0" or "BSD/MIT-type licence":
0 !HELP Redistribution and use in source or any others forms, with or without modification, ARE PERMITTED provided save information about author(s).
0 !HELP This material is distributed WITHOUT any warranty, use at YOUR own risk.
0 !LDCAD CONTENT [type=path] [addFallBack=default] [looped=false] [displayKind=mm] [curveStep=0] [displayLenCor=0]
0 !LDCAD PATH_POINT [type=bezier] [posOri=0 -22 -2 0 0 1 0 1 0 -1 0 0] [prevCPDist=25] [nextCPDist=50] [cirR=20] [cirDir=xyCW] [prevYRoll=0] [nextYRoll=0]
0 !LDCAD PATH_POINT [type=bezier] [posOri=20 8 28 0 0 -1 -1 0 0 0 1 0] [prevCPDist=50] [nextCPDist=25] [cirR=20] [cirDir=xyCW] [prevYRoll=0] [nextYRoll=0]
0 !LDCAD PATH_SKIN [donCol=16] [donOri=1 0 0 0 1 0 0 0 1] [donPart=754.dat] [donYSize=100%] [donCen=absCen] [donCenYOfs=0] [donFinScale=none] [donPlace=refsStat] [donYAlign=0] [donInline=false] [segSize=50%] [segSizeTol=5%] [segsCnt=0] [segsGrp=0] [segsMaxMerge=1] [segsMrgAng=0] [segsMrgRollAng=0] [segsEdgeDelKind=keepFirstLeft]
0 !LDCAD PATH_SKIN [donCol=16] [donOri=1 0 0 0 1 0 0 0 1] [donPart=756.dat] [donYSize=100%] [donCen=absCen] [donCenYOfs=0] [donFinScale=none] [donPlace=refsStat] [donYAlign=0] [donInline=false] [segSize=60%] [segSizeTol=5%] [segsCnt=1] [segsGrp=0] [segsMaxMerge=1] [segsMrgAng=0] [segsMrgRollAng=0] [segsEdgeDelKind=keepFirstLeft]
0 !LDCAD PATH_SKIN [donCol=16] [donOri=1 0 0 0 -1 0 0 0 -1] [donPart=754.dat] [donYSize=100%] [donCen=absCen] [donCenYOfs=0] [donFinScale=none] [donPlace=refsStat] [donYAlign=0] [donInline=false] [segSize=50%] [segSizeTol=5%] [segsCnt=0] [segsGrp=0] [segsMaxMerge=1] [segsMrgAng=0] [segsMrgRollAng=0] [segsEdgeDelKind=keepFirstLeft]
0 !LDCAD PATH_CAP [group=start] [color=16] [posOri=0 -18 -2 0 0 1 0 1 0 -1 0 0] [part=752.dat] [extraLen=0mm] [inlineRef=false]
0 !LDCAD PATH_CAP [group=end] [color=16] [posOri=20 8 26 0 0 1 -1 0 0 0 -1 0] [part=752.dat] [extraLen=0mm] [inlineRef=false]
0 !LDCAD PATH_CAP [group=start] [color=16] [posOri=0 -18 -2 0 0 -1 0 -1 0 -1 0 0] [part=755.dat] [extraLen=0mm] [inlineRef=false]
0 !LDCAD PATH_CAP [group=end] [color=16] [posOri=20 8 24 0 0 -1 -1 0 0 0 1 0] [part=755.dat] [extraLen=0mm] [inlineRef=false]
0 !LDCAD GENERATED [generator=LDCad 1.6c]
0 //This is the fallback LDraw content for above PATH configuration.
0 // Do not edit, any changes will be lost upon regeneration.
0 // The path is approx 40.16 mm (100.41) and exists out of 39 segments.
0 //Some general hints about the document.
0 BFC CERTIFY CCW
0 //Start cap reference(s)
1 16 0 -18 -2 0 0 1 0 1 0 -1 0 0 752.dat
1 16 0 -18 -2 0 0 -1 0 -1 0 -1 0 0 755.dat
0 //End cap reference(s)
1 16 20 8 26 0 0 1 -1 0 0 0 -1 0 752.dat
1 16 20 8 24 0 0 -1 -1 0 0 0 1 0 755.dat
0 //Segments
1 16 0.0144 -23.7642 -1.9428 0.000264 -0.008141 0.999967 -0.032424 0.999441 0.008145 -0.999474 -0.032425 0 754.dat
1 16 0.0643 -26.2848 -1.7448 0.001801 -0.024769 0.999692 -0.098105 0.994866 0.024827 -0.995174 -0.098119 -0.000638 754.dat
1 16 0.1662 -28.778 -1.3432 0.006313 -0.04702 0.998874 -0.184932 0.981609 0.047376 -0.982731 -0.185022 -0.002499 754.dat
1 16 0.3401 -31.203 -0.6636 0.018237 -0.078186 0.996772 -0.304552 0.949128 0.080021 -0.952321 -0.305028 -0.006502 754.dat
1 16 0.604 -33.4917 0.3584 0.04279 -0.115806 0.99235 -0.445642 0.886763 0.1227 -0.894188 -0.447483 -0.013664 754.dat
1 16 0.9869 -35.4931 1.8231 0.102998 -0.167159 0.980535 -0.629846 0.752009 0.194361 -0.76986 -0.637605 -0.02783 754.dat
1 16 1.4914 -37.0371 3.727 0.208611 -0.214341 0.954222 -0.780183 0.551876 0.294527 -0.589742 -0.80591 -0.052098 754.dat
1 16 2.0918 -37.9961 5.9578 0.377121 -0.248408 0.892229 -0.843225 0.306375 0.441707 -0.383081 -0.918927 -0.093923 754.dat
1 16 2.747 -38.3671 8.3514 0.593327 -0.264471 0.760275 -0.772556 0.078196 0.630113 -0.226097 -0.961218 -0.157923 754.dat
1 16 3.4223 -38.2453 10.7738 0.802682 -0.268533 0.532533 -0.573565 -0.102817 0.812682 -0.163478 -0.957768 -0.23655 754.dat
1 16 4.099 -37.7532 13.1549 0.925953 -0.267199 0.266864 -0.331066 -0.234388 0.914034 -0.181679 -0.934702 -0.305493 754.dat
1 16 4.7696 -36.996 15.4702 0.962471 -0.264274 0.061719 -0.14976 -0.327549 0.93289 -0.226323 -0.907122 -0.354834 754.dat
1 16 5.4322 -36.0325 17.7116 0.96069 -0.260866 -0.094996 -0.019251 -0.403944 0.914581 -0.276956 -0.8768 -0.393086 754.dat
1 16 6.087 -34.9119 19.8821 0.951026 -0.257963 -0.170309 0.034173 -0.459844 0.887342 -0.307217 -0.849705 -0.428508 754.dat
1 16 6.7348 -33.6582 21.9812 0.939918 -0.255181 -0.226798 0.068064 -0.510915 0.856932 -0.334548 -0.820883 -0.462849 754.dat
1 16 7.3769 -32.2953 24.0134 0.938172 -0.25312 -0.236145 0.061 -0.550607 0.832533 -0.340754 -0.795464 -0.501123 754.dat
1 16 8.0144 -30.8381 25.9808 0.939751 -0.251421 -0.231635 0.042299 -0.586853 0.808588 -0.339232 -0.769669 -0.540861 754.dat
1 16 8.6484 -29.2921 27.8805 0.942616 -0.25015 -0.221135 0.018865 -0.621357 0.7833 -0.333346 -0.742523 -0.580982 754.dat
1 16 9.2802 -27.6725 29.7186 0.952415 -0.249485 -0.175107 -0.029903 -0.648198 0.760884 -0.303333 -0.719442 -0.624814 754.dat
1 16 9.8022 -26.2641 31.1768 0.949011 -0.249171 -0.193111 0 -0.686583 0.726326 -0.313567 -0.683021 -0.659665 756.dat
1 16 10.8226 -23.4253 33.9435 0.967677 0.249541 0.036467 -0.161107 0.722932 -0.671873 -0.194023 0.644282 0.739768 754.dat
1 16 11.4547 -21.5757 35.5498 0.968106 0.25043 0.007499 -0.188937 0.749389 -0.634601 -0.164543 0.612944 0.772803 754.dat
1 16 12.0894 -19.6615 37.0775 0.967382 0.251646 -0.029088 -0.218975 0.772953 -0.595478 -0.127366 0.582424 0.802845 754.dat
1 16 12.7274 -17.6861 38.5234 0.966573 0.253345 -0.039416 -0.231941 0.798478 -0.555551 -0.109273 0.546122 0.830548 754.dat
1 16 13.3702 -15.6443 39.871 0.96667 0.255696 -0.012972 -0.225557 0.826567 -0.515665 -0.121131 0.501404 0.856692 754.dat
1 16 14.0191 -13.5333 41.1042 0.965925 0.258207 0.017822 -0.21904 0.852201 -0.475158 -0.137877 0.455063 0.87972 754.dat
1 16 14.6748 -11.3546 42.2082 0.95877 0.261351 0.111606 -0.19 0.881562 -0.432145 -0.211329 0.393122 0.894872 754.dat
1 16 15.3386 -9.1014 43.1425 0.928661 0.264744 0.259807 -0.153219 0.91166 -0.381313 -0.337806 0.314303 0.887187 754.dat
1 16 16.0105 -6.7737 43.8585 0.84894 0.267668 0.455691 -0.126554 0.940128 -0.316454 -0.513113 0.210981 0.831987 754.dat
1 16 16.6878 -4.3814 44.2885 0.706364 0.268394 0.654993 -0.142785 0.960333 -0.239528 -0.693298 0.07567 0.716667 754.dat
1 16 17.3618 -1.9566 44.3407 0.516062 0.263168 0.815122 -0.233249 0.958845 -0.161897 -0.824181 -0.106578 0.556207 754.dat
1 16 18.0122 0.4255 43.8932 0.323837 0.244781 0.913899 -0.407665 0.907783 -0.098687 -0.853779 -0.340606 0.393763 754.dat
1 16 18.6001 2.6154 42.8374 0.168117 0.205386 0.964133 -0.629884 0.774725 -0.055203 -0.758276 -0.598012 0.259614 754.dat
1 16 19.0819 4.4392 41.1895 0.081351 0.157855 0.984106 -0.796789 0.603466 -0.030932 -0.598757 -0.781608 0.174869 754.dat
1 16 19.4454 5.8324 39.1306 0.035486 0.111995 0.993075 -0.901152 0.433182 -0.016652 -0.432048 -0.894321 0.116297 754.dat
1 16 19.6966 6.8064 36.82 0.01189 0.070252 0.997458 -0.961499 0.274696 -0.007886 -0.274552 -0.958961 0.070813 754.dat
1 16 19.854 7.4229 34.3752 0.004039 0.043729 0.999035 -0.98505 0.17223 -0.003557 -0.17222 -0.984086 0.043771 754.dat
1 16 19.9475 7.7917 31.8767 0.000691 0.021396 0.999771 -0.996393 0.084854 -0.001127 -0.084859 -0.996164 0.021377 754.dat
1 16 19.9892 7.9569 29.5591 0.000013 0.006934 0.999976 -0.999618 0.027625 -0.000178 -0.027626 -0.999594 0.006932 754.dat





0 FILE 3180 - minifig.ldr
0 minifig
0 Name: 3180 - minifig.ldr
0 Author: Robert Paciorek [bercik]
0 !LDRAW_ORG Model
0 !LICENSE Redistributable under CCAL version 2.0 : see CAreadme.txt
0 !HELP Copyright (c) 2002-2017, Robert Paciorek (http://www.opcode.eu.org/)
0 !HELP Released under a dual license, you can choise "CCAL version 2.0" or "BSD/MIT-type licence":
0 !HELP Redistribution and use in source or any others forms, with or without modification, ARE PERMITTED provided save information about author(s).
0 !HELP This material is distributed WITHOUT any warranty, use at YOUR own risk.
1 1 0 -96 0 1 0 0 0 1 0 0 0 1 86035.dat
1 1 0 -72 0 1 0 0 0 1 0 0 0 1 973p81.dat
1 15 0 -40 0 1 0 0 0 1 0 0 0 1 3815.dat
1 1 15.5 -64 0 1 0.17 0 -0.17 1 0 0 0 1 3819.dat
1 1 -15.5 -64 0 1 -0.17 0 0.17 1 0 0 0 1 3818.dat
1 14 23.658 -46.149 -10 1 0.12 -0.12 -0.17 0.697 -0.697 0 0.707 0.707 3820.dat
1 14 -23.658 -46.149 -10 1 -0.12 0.12 0.17 0.697 -0.697 0 0.707 0.707 3820.dat
1 15 0 -28 0 1 0 0 0 1 0 0 0 1 3817.dat
1 15 0 -28 0 1 0 0 0 1 0 0 0 1 3816.dat
1 14 0 -96 0 1 0 0 0 1 0 0 0 1 3626bp0b.dat






