0 FILE 3501 - Jet-Car - Main model
0 Jet-Car - Main model
0 Name: 3501 - Jet-Car - Main model
0 Author: Michael Heidemann [mikeheide]
0 !LDRAW_ORG Model
0 !LICENSE Redistributable under CCAL version 2.0 : see CAreadme.txt

0 !LICENSE Redistributable under CCAL version 2.0 : see CAreadme.txt
0 ROTATION CENTER 0 120 60 1 "Custom"
0 ROTATION CONFIG 1 1
1 0 0 -38.454 -139.998 1 0 0 0 0.601815 -0.798636 0 0.798636 0.601815 3501 - Jet-Car - Model 4.ldr


0 FILE 3501 - Jet-Car - Model 4.ldr
0 Jet-Car - Model 4
0 Name: 3501 - Jet-Car - Model 4.ldr
0 Author: Michael Heidemann [mikeheide]
0 !LDRAW_ORG Model
0 !LICENSE Redistributable under CCAL version 2.0 : see CAreadme.txt
0 ROTATION CENTER 0 0 0 1 "Custom"
0 ROTATION CONFIG -2 1
1 0 -40 -40 0 0 1 0 0 0 -1 -1 0 0 32208.dat
1 0 40 -40 0 0 1 0 0 0 -1 -1 0 0 32208.dat
1 22 -40 0 0 0 1 0 0 0 -1 -1 0 0 32211.dat
1 22 40 0 0 0 1 0 0 0 -1 -1 0 0 32211.dat
1 22 -40 0 160 1 0 0 0 0 -1 0 1 0 32211.dat
1 22 40 0 160 1 0 0 0 0 -1 0 1 0 32211.dat
1 7 -40 0 0 0 0 -1 0 1 0 1 0 0 32212.dat
1 7 40 0 0 0 0 -1 0 1 0 1 0 0 32212.dat
1 7 -40 0 160 1 0 0 0 1 0 0 0 1 32212.dat
1 7 40 0 160 1 0 0 0 1 0 0 0 1 32212.dat
0 STEP
1 0 -40 0 80 0 1 0 1 0 0 0 0 -1 32214.dat
1 0 40 0 80 0 1 0 1 0 0 0 0 -1 32214.dat
0 STEP
1 14 0 0 0 0 0 1 1 0 0 0 1 0 32210.dat
1 14 0 0 160 0 0 1 1 0 0 0 1 0 32210.dat
1 8 -30 80 120 0 1 0 1 0 0 0 0 -1 32207.dat
1 8 30 80 120 0 -1 0 1 0 0 0 0 1 32207.dat
1 7 50 -160 -120 1 0 0 0 0 1 0 -1 0 3749.dat
1 14 80 -160 -120 0 0 -1 0 1 0 1 0 0 32219.dat
1 14 -80 -160 -120 0 0 1 -1 0 0 0 -1 0 32219.dat
1 14 80 160 120 0 0 -1 -1 0 0 0 1 0 32219.dat
1 14 -80 160 120 0 0 1 -1 0 0 0 -1 0 32219.dat
1 7 -50 -160 -120 -1 0 0 0 0 1 0 1 0 3749.dat
1 7 50 160 120 1 0 0 0 0 1 0 -1 0 3749.dat
1 7 -50 160 120 -1 0 0 0 0 1 0 1 0 3749.dat
1 8 -30 -80 -40 0 1 0 -0.707107 0 -0.707107 -0.707107 0 0.707107 32207.dat
1 8 30 -80 -40 0 -1 0 -0.707107 0 0.707107 -0.707107 0 -0.707107 32207.dat
0 STEP















