0 FILE 3654 - Country Cottage.ldr
0 Country Cottage
0 Name: 3654 - Country Cottage.ldr
0 Author: Philippe Hurbain [Philo]
0 !LDRAW_ORG Model
0 !LICENSE Redistributable under CCAL version 2.0 : see CAreadme.txt

0 !THEME Fabuland

0 !HISTORY [legolijntje] Swapped inlined parts for official versions and added missing chair

1 2 0 0 0 1 0 0 0 1 0 0 0 1 3334.dat
1 14 100 -168 40 0 0 -1 0 1 0 1 0 0 3890c01.dat
1 14 -60 -168 40 0 0 1 0 1 0 -1 0 0 3890c01.dat
1 4 20 -168 0 1 0 0 0 1 0 0 0 1 3654 - 4071c02.dat
0 STEP
1 14 20 -176 40 1 0 0 0 1 0 0 0 1 3033.dat
1 14 -60 -176 40 1 0 0 0 1 0 0 0 1 787c02.dat
1 14 20 -176 40 1 0 0 0 1 0 0 0 1 787c02.dat
1 14 100 -176 40 1 0 0 0 1 0 0 0 1 787c02.dat
0 STEP
1 14 -120 -24 80 1 0 0 0 1 0 0 0 1 3001.dat
1 4 -120 -72 90 1 0 0 0 1 0 0 0 1 3185.dat
1 14 -180 -24 80 1 0 0 0 1 0 0 0 1 3003.dat
1 14 -180 -48 80 1 0 0 0 1 0 0 0 1 3003.dat
1 14 -180 -72 80 1 0 0 0 1 0 0 0 1 3003.dat
0 STEP
1 450 -200 -48 -20 1 0 0 0 1 0 0 0 1 4223.dat
1 450 -120 -24 -60 -0.5 0 0.866 0 1 0 -0.866 0 -0.5 4222a.dat
1 4 -200 -48 -20 1 0 0 0 1 0 0 0 1 4095.dat
1 4 -200 -176 -20 1 0 0 0 1 0 0 0 1 58572.dat
1 6 100 -93 -58 1 0 0 0 -0.866 -0.5 0 0.5 -0.866 4324.dat
1 1 -190 -72 -30 -0.225 0 0.9744 0 1 0 -0.9744 0 -0.225 6264.dat
1 15 -170 -80 70 -0.225 0 0.9744 0 1 0 -0.9744 0 -0.225 3741ac01.dat
1 14 -180 -12 -140 -0.225 0 0.9744 0 1 0 -0.9744 0 -0.225 3741ac01.dat
1 14 -130 -12 -150 -0.9976 0 0.0698 0 1 0 -0.0698 0 -0.9976 3741ac01.dat
1 15 -90 -12 -150 -0.225 0 0.9744 0 1 0 -0.9744 0 -0.225 3741ac01.dat
1 4 -50 -12 -130 0.5878 0 0.809 0 1 0 -0.809 0 0.5878 3741ac01.dat
1 4 -210 -60 -10 0.7193 0 -0.6947 0 1 0 0.6947 0 0.7193 3741ac01.dat
1 1 0 -67 -120 0 0 1 0 1 0 -1 0 0 3654 - lisa.ldr


0 FILE 3654 - lisa.ldr
0 lisa
0 Name: 3654 - lisa.ldr
0 Author: Philippe Hurbain [Philo]
0 !LDRAW_ORG Unofficial_Model
0 !LICENSE Redistributable under CCAL version 2.0 : see CAreadme.txt
0 !THEME Fabuland
1 4 0 30 4 1 0 0 0 0.866 -0.5 0 0.5 0.866 u9103.dat
1 15 10 30 4 1 0 0 0 1 0 0 0 1 u9100.dat
1 15 -10 30 4 1 0 0 0 1 0 0 0 1 u9100.dat
1 15 -23 7.4833 -9 -1 0 0 0 0.8829 -0.4695 0 -0.4695 -0.8829 u9101.dat
1 15 23 7.4833 -9 1 0 0 0 0.5299 0.848 0 -0.848 0.5299 u9101.dat
1 1 0 30 4 1 0 0 0 0.866 -0.5 0 0.5 0.866 u9102.dat
1 15 0 4.0192 -11 0.7771 0 -0.6293 -0.2049 0.9455 -0.253 0.595 0.3256 0.7348 u9140p01c01.dat


0 FILE 3654 - 4071c02.dat
0 _Door  2 x  6 x  7 with Four Panes with Yellow Frame (Shortcut)
0 Name: 3654 - 4071c02.dat
0 Author: Steffen [Steffen]
0 !LDRAW_ORG Unofficial_Shortcut
0 !LICENSE Redistributable under CCAL version 2.0 : see CAreadme.txt

0 BFC CERTIFY CCW

0 !HISTORY  2009-05-04  [Steffen]  created
0 !HISTORY  2009-06-07  [Steffen]  Change door color to 16
0 !HISTORY  2009-10-29  [Steffen]  used 4071.dat, renamed to match it


1 14 0 0 0 1 0 0 0 1 0 0 0 1 4071.dat
1 16 48 84 -14.5 1 0 0 0 1 0 0 0 1 4072.dat
