0 FILE 3659 - Playground.ldr
0 Playground
0 Name: 3659 - Playground.ldr
0 Author: Philippe Hurbain [Philo]
0 !LDRAW_ORG Model
0 !LICENSE Redistributable under CCAL version 2.0 : see CAreadme.txt

0 !THEME Fabuland

0 !HISTORY [legolijntje] Swapped all inlined parts for official versions

1 2 0 0 0 1 0 0 0 1 0 0 0 1 3334.dat
1 2 190 0 130 1 0 0 0 1 0 0 0 1 u9213p01.dat
1 450 60 -48 150 1 0 0 0 1 0 0 0 1 2040.dat
1 450 -60 -48 150 1 0 0 0 1 0 0 0 1 2040.dat
1 15 20 -36 100 1 0 0 0 1 0 0 0 1 2041.dat
1 14 -160 -12 20 1 0 0 0 1 0 0 0 1 2044c01.dat
1 15 0 -8 0 1 0 0 0 1 0 0 0 1 3068bpf9.dat
1 15 0 -8 -40 1 0 0 0 1 0 0 0 1 3068bpf8.dat
1 15 20 -8 -80 1 0 0 0 1 0 0 0 1 3068bpf7.dat
1 15 -20 -8 -80 1 0 0 0 1 0 0 0 1 3068bpf6.dat
1 15 0 -8 -120 1 0 0 0 1 0 0 0 1 3068bpf5.dat
1 4 160 -8 -80 1 0 0 0 1 0 0 0 1 4875.dat
1 4 160 -64 -80 0.8387 0 -0.5446 0 1 0 0.5446 0 0.8387 4874.dat
1 15 -130 -48 -110 0.7547 0 -0.6561 0 1 0 0.6561 0 0.7547 30657.dat
1 2 -130 -24 -110 0.9613 0 -0.2756 0 1 0 0.2756 0 0.9613 4727.dat
1 4 160 -64 -80 0.8387 0 -0.5446 0 1 0 0.5446 0 0.8387 4095.dat
1 4 160 -192 -80 0.8387 0 -0.5446 0 1 0 0.5446 0 0.8387 4094a.dat
1 4 111.5271 11 -5.3583 0.8387 0 -0.5446 0 1 0 0.5446 0 0.8387 3659 - Bonnie.ldr
1 4 20 -9 100 1 0 0 0 1 0 0 0 1 3659 - Max.ldr


0 FILE 3659 - Bonnie.ldr
0 Bonnie
0 Name: 3659 - Bonnie.ldr
0 Author: Philippe Hurbain [Philo]
0 !LDRAW_ORG Model
0 !LICENSE Redistributable under CCAL version 2.0 : see CAreadme.txt
0 !THEME Fabuland
1 4 0 -37 4 1 0 0 0 1 0 0 0 1 u9103.dat
1 14 10 -37 4 1 0 0 0 0 1 0 -1 0 u9100.dat
1 14 -10 -37 4 1 0 0 0 0 1 0 -1 0 u9100.dat
1 14 -23 -63 4 -1 0 0 0 0.515 -0.8572 0 -0.8572 -0.515 u9101.dat
1 14 23 -63 4 1 0 0 0 1 0 0 0 1 u9101.dat
1 15 0 -37 4 1 0 0 0 1 0 0 0 1 u9102p03.dat
1 19 0 -67 4 0.6947 0 0.7193 0 1 0 -0.7193 0 0.6947 u9106p03c01.dat


0 FILE 3659 - Max.ldr
0 Max
0 Name: 3659 - Max.ldr
0 Author: Philippe Hurbain [Philo]
0 !LDRAW_ORG Model
0 !LICENSE Redistributable under CCAL version 2.0 : see CAreadme.txt
0 !THEME Fabuland
1 4 0 -37 4 1 0 0 0 0.9563 0.2924 0 -0.2924 0.9563 u9103.dat
1 14 10 -37 4 1 0 0 0 0 1 0 -1 0 u9100.dat
1 14 -10 -37 4 1 0 0 0 0 1 0 -1 0 u9100.dat
1 4 -23 -61.8639 11.6017 -1 0 0 0 0.225 -0.9744 0 -0.9744 -0.225 u9101.dat
1 4 23 -61.8639 11.6017 1 0 0 0 0.6947 0.7193 0 -0.7193 0.6947 u9101.dat
1 4 0 -37 4 1 0 0 0 0.9563 0.2924 0 -0.2924 0.9563 u9102p01.dat
1 450 0 -65.6891 12.7712 0.9545 0.0557 -0.2929 -0.0825 0.9934 -0.0799 0.2865 0.1004 0.9528 u9105p02c01.dat