0 FILE 3667 - Bakery.ldr
0 Bakery
0 Name: 3667 - Bakery.ldr
0 Author: Philippe Hurbain [Philo]
0 !LDRAW_ORG Model
0 !LICENSE Redistributable under CCAL version 2.0 : see CAreadme.txt

0 !THEME Fabuland

0 !HISTORY [legolijntje] Swapped inlined parts for official ones

1 2 0 0 0 1 0 0 0 1 0 0 0 1 3334.dat
1 14 -200 -168 100 0 0 1 0 1 0 -1 0 0 3890c01.dat
1 4 -120 -168 60 1 0 0 0 1 0 0 0 1 3667 - 4071c02.dat
1 14 0 -168 60 1 0 0 0 1 0 0 0 1 3890c01.dat
1 14 80 -168 100 0 0 -1 0 1 0 1 0 0 3890c01.dat
0 STEP
1 14 -60 -176 100 1 0 0 0 1 0 0 0 1 3027.dat
1 14 20 -200 130 0 0 1 0 1 0 -1 0 0 3002.dat
1 14 20 -200 70 0 0 1 0 1 0 -1 0 0 3002.dat
1 14 -30 -200 60 -1 0 0 0 1 0 0 0 -1 3002.dat
1 14 -90 -200 60 -1 0 0 0 1 0 0 0 -1 3002.dat
1 14 -140 -200 70 0 0 -1 0 1 0 1 0 0 3002.dat
1 14 -140 -200 130 0 0 -1 0 1 0 1 0 0 3002.dat
1 14 10 -224 60 -1 0 0 0 1 0 0 0 -1 3002.dat
1 14 -130 -224 60 -1 0 0 0 1 0 0 0 -1 3002.dat
1 14 20 -224 100 -1 0 0 0 1 0 0 0 -1 3003.dat
1 14 20 -224 140 -1 0 0 0 1 0 0 0 -1 3003.dat
1 14 -140 -224 100 -1 0 0 0 1 0 0 0 -1 3003.dat
1 14 -140 -224 140 -1 0 0 0 1 0 0 0 -1 3003.dat
1 14 -60 -224 60 -1 0 0 0 1 0 0 0 -1 3001.dat
0 STEP
1 14 20 -248 130 0 0 1 0 1 0 -1 0 0 3002.dat
1 14 20 -248 70 0 0 1 0 1 0 -1 0 0 3002.dat
1 14 -30 -248 60 -1 0 0 0 1 0 0 0 -1 3002.dat
1 14 -90 -248 60 -1 0 0 0 1 0 0 0 -1 3002.dat
1 14 -140 -248 70 0 0 1 0 1 0 -1 0 0 3002.dat
1 14 -140 -248 130 0 0 1 0 1 0 -1 0 0 3002.dat
1 14 -60 -256 100 -1 0 0 0 1 0 0 0 -1 3033.dat
0 STEP
1 14 80 -176 100 1 0 0 0 1 0 0 0 1 787c02.dat
1 14 -200 -176 100 1 0 0 0 1 0 0 0 1 787c02.dat
1 14 0 -256 140 0 0 -1 0 1 0 1 0 0 787c01.dat
1 14 0 -256 60 0 0 -1 0 1 0 1 0 0 787c01.dat
1 14 -120 -256 140 0 0 1 0 1 0 -1 0 0 787c01.dat
1 1 -100 -296 60 0 0 1 0 1 0 -1 0 0 790.dat
1 14 -120 -256 60 0 0 1 0 1 0 -1 0 0 787c03.dat
0 STEP
1 4 230 -24 80 0 0 1 0 1 0 -1 0 0 3004.dat
1 4 130 -24 80 0 0 1 0 1 0 -1 0 0 3004.dat
1 4 180 -32 80 -1 0 0 0 1 0 0 0 -1 3795.dat
1 4 230 -56 80 0 0 1 0 1 0 -1 0 0 3004.dat
1 4 130 -56 80 0 0 1 0 1 0 -1 0 0 3004.dat
1 4 180 -64 80 -1 0 0 0 1 0 0 0 -1 3795.dat
1 4 230 -88 80 0 0 1 0 1 0 -1 0 0 3004.dat
1 4 130 -88 80 0 0 1 0 1 0 -1 0 0 3004.dat
1 6 140 -8 -100 0 0 1 0 1 0 -1 0 0 u516.dat
1 4 140 -64 -100 -1 0 0 0 1 0 0 0 -1 3032.dat
1 1 210 -170 0 -1 0 0 0 1 0 0 0 -1 958.dat
1 1 210 0 0 -1 0 0 0 1 0 0 0 -1 957.dat
0 STEP
1 19 160 -68 -110 0.2588 0 0.9659 0 1 0 -0.9659 0 0.2588 4342.dat
1 19 120 -68 -106 -0.2588 0 0.9659 0 1 0 -0.9659 0 -0.2588 4342.dat
1 19 197 -68 85 -0.2588 0 0.9659 0 1 0 -0.9659 0 -0.2588 4342.dat
1 19 80 0 0 1 0 0 0 1 0 0 0 1 3667 - freddy.ldr
1 19 116 -67.9869 -18.4751 0 0 -1 -0.9659 0.2588 0 0.2588 0.9659 0 4342.dat
1 4 -62 -36 -120 0 0 -1 0 1 0 1 0 0 u9170c02.dat
1 4 -140 0 -120 0 0 -1 0 1 0 1 0 0 3667 - patricia.ldr
1 19 -45 -59 -115 -0.7554 0.3506 0.5536 0.5211 0.8337 0.183 -0.3974 0.4267 -0.8124 4342.dat
1 366 -51 -134 37 0.8572 0 -0.515 0.1506 0.9563 0.2506 0.4925 -0.2924 0.8197 4332.dat
1 7 -203 -124 36 1 0 0 0 0.9848 0.1736 0 -0.1736 0.9848 556.dat
1 15 -200 -12 -140 0 0 1 0 1 0 -1 0 0 3741ac01.dat
1 14 50 -12 -130 -0.8387 0 0.5446 0 1 0 -0.5446 0 -0.8387 3741ac01.dat


0 FILE 3667 - freddy.ldr
0 freddy
0 Name: 3667 - freddy.ldr
0 Author: Philippe Hurbain [Philo]
0 !LDRAW_ORG Model
0 !LICENSE Redistributable under CCAL version 2.0 : see CAreadme.txt
0 !THEME Fabuland
1 4 0 -37 4 1 0 0 0 1 0 0 0 1 u9103.dat
1 4 10 -37 4 1 0 0 0 1 0 0 0 1 u9100.dat
1 4 -10 -37 4 1 0 0 0 1 0 0 0 1 u9100.dat
1 4 -23 -63 4 -1 0 0 0 0.866 -0.5 0 -0.5 -0.866 u9101.dat
1 4 23 -63 4 1 0 0 0 -0.2588 0.9659 0 -0.9659 -0.2588 u9101.dat
1 0 0 -37 4 1 0 0 0 1 0 0 0 1 u9102.dat
1 462 0 -67 4 0.7071 0 0.7071 0 1 0 -0.7071 0 0.7071 u589p01c01.dat


0 FILE 3667 - patricia.ldr
0 patricia
0 Name: 3667 - patricia.ldr
0 Author: Philippe Hurbain [Philo]
0 !LDRAW_ORG Model
0 !LICENSE Redistributable under CCAL version 2.0 : see CAreadme.txt
0 !THEME Fabuland
1 4 0 -37 4 1 0 0 0 1 0 0 0 1 u9103.dat
1 4 10 -37 4 1 0 0 0 1 0 0 0 1 u9100.dat
1 4 -10 -37 4 1 0 0 0 1 0 0 0 1 u9100.dat
1 4 -23 -63 4 -1 0 0 0 0.2588 -0.9659 0 -0.9659 -0.2588 u9101.dat
1 4 23 -63 4 1 0 0 0 0.2588 0.9659 0 -0.9659 0.2588 u9101.dat
1 14 0 -37 4 1 0 0 0 1 0 0 0 1 u9102.dat
1 92 0 -67 4 0.9925 0 0.1219 0 1 0 -0.1219 0 0.9925 u9147p02c01.dat


0 FILE 3667 - 4071c02.dat
0 _Door  2 x  6 x  7 with Four Panes with Yellow Frame (Shortcut)
0 Name: 3667 - 4071c02.dat
0 Author: Steffen [Steffen]
0 !LDRAW_ORG Unofficial_Shortcut
0 !LICENSE Redistributable under CCAL version 2.0 : see CAreadme.txt

0 BFC CERTIFY CCW

0 !HISTORY  2009-05-04  [Steffen]  created
0 !HISTORY  2009-06-07  [Steffen]  Change door color to 16
0 !HISTORY  2009-10-29  [Steffen]  used 4071.dat, renamed to match it


1 14 0 0 0 1 0 0 0 1 0 0 0 1 4071.dat
1 16 48 84 -14.5 1 0 0 0 1 0 0 0 1 4072.dat