0 FILE 3678 - main.ldr
0 main
0 Name: 3678 - main.ldr
0 Author: Philippe Hurbain [Philo]
0 !LDRAW_ORG Model
0 !LICENSE Redistributable under CCAL version 2.0 : see CAreadme.txt

1 2 0 0 0 1 0 0 0 1 0 0 0 1 3645.dat
1 4 -300 -168 140 0 0 1 0 1 0 -1 0 0 3890c02.dat
1 4 -300 -168 20 0 0 1 0 1 0 -1 0 0 3890c02.dat
1 4 -140 -168 20 0 0 -1 0 1 0 1 0 0 3890c02.dat
1 4 -140 -168 140 0 0 -1 0 1 0 1 0 0 3890c02.dat
1 4 40 -24 160 0 0 1 0 1 0 -1 0 0 3001.dat
1 4 40 -24 80 0 0 1 0 1 0 -1 0 0 3001.dat
1 4 90 -24 60 -1 0 0 0 1 0 0 0 -1 3002.dat
1 4 190 -24 60 -1 0 0 0 1 0 0 0 -1 3002.dat
1 4 240 -24 80 0 0 1 0 1 0 -1 0 0 3001.dat
1 4 240 -24 160 0 0 1 0 1 0 -1 0 0 3001.dat
1 4 140 -24 60 0 0 1 0 1 0 -1 0 0 3003.dat
0 STEP
1 4 -220 -168 -20 1 0 0 0 1 0 0 0 1 4071.dat
1 14 -172 -84 -35 1 0 0 0 1 0 0 0 1 4072.dat
1 4 -140 -192 170 0 0 -1 0 1 0 1 0 0 3002.dat
1 4 -140 -192 100 0 0 1 0 1 0 -1 0 0 3001.dat
1 4 -140 -192 30 0 0 -1 0 1 0 1 0 0 3002.dat
1 4 -150 -192 -20 1 0 0 0 1 0 0 0 1 3002.dat
1 4 -220 -192 -20 -1 0 0 0 1 0 0 0 -1 3001.dat
1 4 -290 -192 -20 1 0 0 0 1 0 0 0 1 3002.dat
1 4 -300 -192 30 0 0 -1 0 1 0 1 0 0 3002.dat
1 4 -300 -192 100 0 0 1 0 1 0 -1 0 0 3001.dat
1 4 -300 -192 170 0 0 -1 0 1 0 1 0 0 3002.dat
1 4 240 -192 140 0 0 -1 0 1 0 1 0 0 3890c07.dat
1 4 200 -192 60 1 0 0 0 1 0 0 0 1 3890c07.dat
1 4 80 -192 60 1 0 0 0 1 0 0 0 1 3890c07.dat
1 4 40 -192 140 0 0 1 0 1 0 -1 0 0 3890c07.dat
0 STEP
1 4 -220 -200 140 -1 0 0 0 1 0 0 0 -1 3033.dat
1 4 -220 -200 20 -1 0 0 0 1 0 0 0 -1 3033.dat
1 4 140 -200 160 -1 0 0 0 1 0 0 0 -1 3029.dat
1 4 140 -200 80 -1 0 0 0 1 0 0 0 -1 3029.dat
1 14 -120 -208 140 -1 0 0 0 1 0 0 0 -1 3027.dat
1 14 30 -224 60 0 0 -1 0 1 0 1 0 0 3004.dat
0 STEP
1 14 20 -376 140 0 0 -1 0 1 0 1 0 0 4071.dat
1 4 35 -292 188 0 0 -1 0 1 0 1 0 0 4072.dat
1 14 -60 -376 100 1 0 0 0 1 0 0 0 1 3890c01.dat
1 14 -180 -376 100 1 0 0 0 1 0 0 0 1 3890c01.dat
1 14 -260 -376 140 0 0 1 0 1 0 -1 0 0 3890c01.dat
0 STEP
1 14 -120 -384 140 -1 0 0 0 1 0 0 0 -1 3027.dat
1 14 30 -248 60 0 0 -1 0 1 0 1 0 0 3004.dat
1 14 140 -224 50 -1 0 0 0 1 0 0 0 -1 3004.dat
1 14 140 -248 50 -1 0 0 0 1 0 0 0 -1 3004.dat
1 1 80 -248 50 -1 0 0 0 1 0 0 0 -1 3185.dat
1 1 200 -248 50 -1 0 0 0 1 0 0 0 -1 3185.dat
1 1 250 -248 120 0 0 1 0 1 0 -1 0 0 3185.dat
1 14 250 -224 60 0 0 1 0 1 0 -1 0 0 3004.dat
1 14 250 -248 60 0 0 1 0 1 0 -1 0 0 3004.dat
1 14 250 -248 180 0 0 1 0 1 0 -1 0 0 3004.dat
1 14 250 -224 180 0 0 1 0 1 0 -1 0 0 3004.dat
1 14 -120 -392 160 -1 0 0 0 1 0 0 0 -1 3030.dat
1 14 -120 -392 60 -1 0 0 0 1 0 0 0 -1 3033.dat
0 STEP
1 1 -40 -560 140 0 0 -1 0 1 0 1 0 0 3890c04.dat
1 1 -200 -560 140 0 0 1 0 1 0 -1 0 0 3890c04.dat
1 14 -170 -416 100 0 0 -1 0 1 0 1 0 0 3004.dat
1 14 -170 -440 100 0 0 -1 0 1 0 1 0 0 3004.dat
1 14 -170 -464 100 0 0 -1 0 1 0 1 0 0 3004.dat
1 14 -170 -488 100 0 0 -1 0 1 0 1 0 0 3004.dat
1 14 -170 -512 100 0 0 -1 0 1 0 1 0 0 3004.dat
1 14 -170 -536 100 0 0 -1 0 1 0 1 0 0 3004.dat
1 14 -70 -416 100 0 0 -1 0 1 0 1 0 0 3004.dat
1 14 -70 -440 100 0 0 -1 0 1 0 1 0 0 3004.dat
1 14 -70 -464 100 0 0 -1 0 1 0 1 0 0 3004.dat
1 14 -70 -488 100 0 0 -1 0 1 0 1 0 0 3004.dat
1 14 -70 -512 100 0 0 -1 0 1 0 1 0 0 3004.dat
1 14 -70 -536 100 0 0 -1 0 1 0 1 0 0 3004.dat
0 STEP
1 14 -120 -560 110 1 0 0 0 1 0 0 0 1 3009.dat
1 14 -120 -560 90 1 0 0 0 1 0 0 0 1 3009.dat
1 1 -210 -440 40 0 0 -1 0 1 0 1 0 0 3185.dat
1 1 -30 -440 40 0 0 -1 0 1 0 1 0 0 3185.dat
1 1 -160 -440 10 1 0 0 0 1 0 0 0 1 3185.dat
1 1 -80 -440 10 1 0 0 0 1 0 0 0 1 3185.dat
1 1 -120 -568 140 -1 0 0 0 1 0 0 0 -1 3033.dat
0 STEP
1 1 -180 -568 100 0 0 1 0 1 0 -1 0 0 4320c01.dat
1 1 -180 -568 180 0 0 1 0 1 0 -1 0 0 4320c03.dat
1 1 -60 -568 100 0 0 -1 0 1 0 1 0 0 4320c01.dat
1 1 -60 -568 180 0 0 -1 0 1 0 1 0 0 4320c01.dat
1 1 -160 -608 180 0 0 1 0 1 0 -1 0 0 790.dat
1 14 -140 -200 20 1 0 0 0 1 0 0 0 1 4320c02.dat
1 14 -220 -200 20 1 0 0 0 1 0 0 0 1 4320c02.dat
1 14 -300 -200 20 1 0 0 0 1 0 0 0 1 4320c04.dat
1 14 -300 -312 40 0.966 0 -0.259 0 1 0 0.259 0 0.966 u9164.dat
0 STEP
1 450 200 -224 160 0.423 0 0.906 0 1 0 -0.906 0 0.423 4222a.dat
1 450 -20 -24 -120 -0.766 0 -0.643 0 1 0 0.643 0 -0.766 4222a.dat
1 450 100 -24 -100 -0.574 0 0.819 0 1 0 -0.819 0 -0.574 4222a.dat
1 450 100 -24 0 0.423 0 0.906 0 1 0 -0.906 0 0.423 4222a.dat
1 450 120 -248 130 -1 0 0 0 1 0 0 0 -1 4223.dat
1 450 20 -48 -60 -1 0 0 0 1 0 0 0 -1 4223.dat
1 1 -140 -446.107 34.568 1 0 0 0 0.94 -0.342 0 0.342 0.94 4335.dat
1 4 340 0 80 1 0 0 0 1 0 0 0 1 u9166.dat
1 4 340 -111 80 -0.178 0.059 0.982 -0.15 0.985 -0.087 -0.972 -0.163 -0.167 u9165.dat
1 4 0 -34 -360 0.707 0 0.707 0 1 0 -0.707 0 0.707 3678 - car.ldr
1 1 50 -72 -60 0.906 0 0.423 0 1 0 -0.423 0 0.906 6264.dat
1 1 110 -272 140 1 0 0 0 1 0 0 0 1 6264.dat
1 6 330 -41.955 -40.862 1 0 0 0 -0.259 -0.966 0 0.966 -0.259 4324.dat
1 366 167.821 -252.196 178.096 -0.33 0.453 0.828 0.383 0.866 -0.321 -0.863 0.211 -0.459 u9412.dat
1 366 60.104 -76 -275.854 0.654 0.05 -0.755 -0.406 -0.819 -0.406 -0.639 0.571 -0.515 u669.dat
1 366 316.543 -135.776 36.872 0.5 -0.224 0.837 0 0.966 0.259 -0.866 -0.129 0.483 4332.dat
1 4 270 -12 -170 -1 0 0 0 1 0 0 0 -1 3741ac01.dat
1 14 310 -12 -210 0 0 -1 0 1 0 1 0 0 3741ac01.dat
1 15 330 -12 -150 -1 0 0 0 1 0 0 0 -1 3741ac01.dat
1 14 20 -48 -60 -1 0 0 0 1 0 0 0 -1 4095.dat
1 14 20 -176 -60 -1 0 0 0 1 0 0 0 -1 4094a.dat
1 14 -305.111 -51.862 -170 -0.045 0.255 -0.966 -0.168 0.951 0.259 0.985 0.174 0 4331.dat
1 450 -280 0 -140 -1 0 0 0 1 0 0 0 -1 3678 - bed.ldr
1 14 -60 -240 80 1 0 0 0 0 -1 0 1 0 194065c.dat
1 4 -140 -88 -40 1 0 0 0 0 -1 0 1 0 194065b.dat
1 4 -300 -120 -40 1 0 0 0 0 -1 0 1 0 194065d.dat
1 47 -120 -580 80 1 0 0 0 0 -1 0 1 0 194065a.dat
1 14 -140 -392 55 1 0 0 0 1 0 0 0 1 3678 - leolion.ldr
1 450 -360 0 -140 0 0 -1 0 1 0 1 0 0 3678 - edwardelephant.ldr
1 450 200 -197 160 0.423 0 0.906 0 1 0 -0.906 0 0.423 3678 - louiselamb.ldr
1 2 300 0 -60 1 0 0 0 1 0 0 0 1 3678 - harryhorse.ldr




0 FILE 3678 - car.ldr
0 car
0 Name: 3678 - car.ldr
0 Author: Philippe Hurbain [Philo]
0 !LICENSE Redistributable under CCAL version 2.0 : see CAreadme.txt

1 4 0 0 0 1 0 0 0 1 0 0 0 1 4362ac01.dat
1 4 0 -48 -110 1 0 0 0 1 0 0 0 1 4088ap01.dat
1 14 0 -24 -80 1 0 0 0 1 0 0 0 1 3001.dat
1 4 0 -24 -50 1 0 0 0 1 0 0 0 1 3004.dat
1 4 0 -48 -70 0 0 1 0 1 0 -1 0 0 3002.dat
0 STEP
1 1 -30 -48 -50 1 0 0 0 1 0 0 0 1 3995.dat
1 1 30 -48 -50 1 0 0 0 1 0 0 0 1 3996.dat
1 4 -30 -24 100 0 0 1 0 1 0 -1 0 0 3010.dat
1 4 30 -24 100 0 0 1 0 1 0 -1 0 0 3010.dat
1 4 0 -24 90 0 0 1 0 1 0 -1 0 0 3002.dat
0 STEP
1 14 0 -32 100 -1 0 0 0 1 0 0 0 -1 3032.dat
1 14 -50 -56 100 0 0 1 0 1 0 -1 0 0 3010.dat
1 14 50 -56 100 0 0 1 0 1 0 -1 0 0 3010.dat
1 14 0 -56 130 -1 0 0 0 1 0 0 0 -1 3010.dat
1 14 0 -120 -50 1 0 0 0 1 0 0 0 1 281.dat



0 FILE 3678 - leolion.ldr
0 leolion
0 Name: 3678 - leolion.ldr
0 Author: Philippe Hurbain [Philo]
0 !LICENSE Redistributable under CCAL version 2.0 : see CAreadme.txt

1 84 0 -67 4 0.866 0 -0.5 0 1 0 0.5 0 0.866 u9150p01c01.dat
1 0 0 -37 4 1 0 0 0 1 0 0 0 1 u9102.dat
1 0 23 -63 4 1 0 0 0 0.342 0.94 0 -0.94 0.342 u9101.dat
1 0 -23 -63 4 -1 0 0 0 0.342 -0.94 0 -0.94 -0.342 u9101.dat
1 14 -10 -37 4 1 0 0 0 1 0 0 0 1 u9100.dat
1 14 10 -37 4 1 0 0 0 1 0 0 0 1 u9100.dat
1 4 0 -37 4 1 0 0 0 1 0 0 0 1 u9103.dat


0 FILE 3678 - louiselamb.ldr
0 louiselamb
0 Name: 3678 - louiselamb.ldr
0 Author: Philippe Hurbain [Philo]
0 !LICENSE Redistributable under CCAL version 2.0 : see CAreadme.txt

1 15 0 -67 4 0.866 0 -0.5 0 1 0 0.5 0 0.866 u9140p01c01.dat
1 14 0 -37 4 1 0 0 0 1 0 0 0 1 u9102.dat
1 15 23 -63 4 1 0 0 0 0.766 0.643 0 -0.643 0.766 u9101.dat
1 15 -23 -63 4 -1 0 0 0 0.5 -0.866 0 -0.866 -0.5 u9101.dat
1 15 -10 -37 4 1 0 0 0 0 1 0 -1 0 u9100.dat
1 15 10 -37 4 1 0 0 0 0 1 0 -1 0 u9100.dat
1 4 0 -37 4 1 0 0 0 1 0 0 0 1 u9103.dat


0 FILE 3678 - edwardelephant.ldr
0 edwardelephant
0 Name: 3678 - edwardelephant.ldr
0 Author: Philippe Hurbain [Philo]
0 !LICENSE Redistributable under CCAL version 2.0 : see CAreadme.txt

1 7 0 -67 4 0.94 0 0.342 0 1 0 -0.342 0 0.94 u588p01c01.dat
1 4 0 -37 4 1 0 0 0 1 0 0 0 1 u9102.dat
1 4 23 -63 4 1 0 0 0 0.5 0.866 0 -0.866 0.5 u9101.dat
1 4 -23 -63 4 -1 0 0 0 0.966 -0.259 0 -0.259 -0.966 u9101.dat
1 7 -10 -37 4 1 0 0 0 1 0 0 0 1 u9100.dat
1 7 10 -37 4 1 0 0 0 1 0 0 0 1 u9100.dat
1 4 0 -37 4 1 0 0 0 1 0 0 0 1 u9103.dat


0 FILE 3678 - harryhorse.ldr
0 harryhorse
0 Name: 3678 - harryhorse.ldr
0 Author: Philippe Hurbain [Philo]
0 !LICENSE Redistributable under CCAL version 2.0 : see CAreadme.txt

1 450 0 -65.978 -3.765 0.906 0 -0.423 -0.109 0.966 -0.235 0.408 0.259 0.875 u592p01c01.dat
1 14 0 -37 4 1 0 0 0 0.966 -0.259 0 0.259 0.966 u9102.dat
1 14 23 -62.114 -2.729 1 0 0 0 0.985 -0.174 0 0.174 0.985 u9101.dat
1 14 -23 -62.114 -2.729 -1 0 0 0 0.574 -0.819 0 -0.819 -0.574 u9101.dat
1 1 -10 -37 4 1 0 0 0 1 0 0 0 1 u9100.dat
1 1 10 -37 4 1 0 0 0 1 0 0 0 1 u9100.dat
1 4 0 -37 4 1 0 0 0 0.966 -0.259 0 0.259 0.966 u9103.dat


0 FILE 3678 - bed.ldr
0 bed
0 Name: 3678 - bed.ldr
0 Author: Philippe Hurbain [Philo]
0 !LICENSE Redistributable under CCAL version 2.0 : see CAreadme.txt

1 450 0 0 0 -1 0 0 0 1 0 0 0 -1 4336.dat
1 450 0 -39 -76 1 0 0 0 0 -1 0 1 0 194065e.dat
1 450 0 -39 76 -1 0 0 0 0 -1 0 -1 0 194065e.dat





