0 Police Motorcycle
0 Name: 3794 - Police Motorcycle.ldr
0 Author: Philippe Hurbain [Philo]
0 !LDRAW_ORG Model
0 !LICENSE Redistributable under CCAL version 2.0 : see CAreadme.txt

0 !THEME Fabuland

0 !HISTORY 2016-02-14 [legolijntje] Swapped inlined parts for official versions 

1 4 21.7096 -37 4.4081 0.829 -0.5592 0 0 0 -1 0.5592 0.829 0 u9103.dat
1 0 30 -37 10 0.829 0 -0.5592 0 1 0 0.5592 0 0.829 u9100.dat
1 0 13.4192 -37 -1.1839 0.829 0 -0.5592 0 1 0 0.5592 0 0.829 u9100.dat
1 1 2.6418 -63 -8.4534 -0.829 0.5255 -0.1913 0 -0.342 -0.9397 -0.5592 -0.779 0.2835 u9101.dat
1 1 40.7775 -63 17.2695 0.829 0 -0.5592 0 1 0 0.5592 0 0.829 u9101.dat
1 1 21.7096 -37 4.4081 0.829 0 -0.5592 0 1 0 0.5592 0 0.829 u9102.dat
1 15 21.7096 -67 4.4081 0.829 0 -0.5592 0 1 0 0.5592 0 0.829 u9142p01c02.dat
1 15 105.0428 -19 117.7524 -0.1736 0 -0.9848 0 1 0 0.9848 0 -0.1736 u9204c01.dat
1 0 55.8025 -63 109.07 0.1736 0 0.9848 0 1 0 -0.9848 0 0.1736 749.dat
1 7 63.9141 -71 120.6545 0.1736 0 0.9848 0 1 0 -0.9848 0 0.1736 3957a.dat
1 15 36.6272 -83 102.6426 0.9903 -0.1391 -0.0049 0 0.0349 -0.9994 0.1392 0.9897 0.0346 3068bpf4.dat
1 15 126.8743 -24 8.8332 0.978 0 0.2085 0 1 0 -0.2085 0 0.978 3622.dat
1 15 114.3971 -24 -49.8676 0.978 0 0.2085 0 1 0 -0.2085 0 0.978 3622.dat
1 15 68.6417 -24 -87.1696 0.8287 0 0.5597 0 1 0 -0.5597 0 0.8287 3622.dat
1 15 35.0901 -24 -136.9119 0.8287 0 0.5597 0 1 0 -0.5597 0 0.8287 3622.dat
1 15 120.6523 -48 -20.527 0.2085 0 -0.978 0 1 0 0.978 0 0.2085 3010p06.dat
1 15 51.8811 -48 -112.051 0.5597 0 -0.8287 0 1 0 0.8287 0 0.5597 3010p06.dat
1 4 126.9076 -72 8.8137 0.2085 0 -0.978 0 1 0 0.978 0 0.2085 3062b.dat
1 4 114.3971 -72 -49.8676 0.2085 0 -0.978 0 1 0 0.978 0 0.2085 3062b.dat
1 4 36.8556 -92 78.3126 0.9903 -0.1391 -0.0049 0 0.0349 -0.9994 0.1392 0.9897 0.0346 3900.dat
1 0 11.3297 -71.8925 -32.0636 -0.5318 0.2016 -0.8225 0.309 0.9505 0.0332 0.7885 -0.2365 -0.5678 3962a.dat