0 FILE 40148 - Year of the Sheep.ldr
0 Year of the Sheep
0 Name: 40148 - Year of the Sheep.ldr
0 Author: Merlijn Wissink [legolijntje]
0 !LDRAW_ORG Model
0 !LICENSE Redistributable under CCAL version 2.0 : see CAreadme.txt

0 !THEME Creator

1 2 0 0 0 0 0 -1 0 1 0 1 0 0 40148 - Land.ldr
1 2 0 -96 -30 1 0 0 0 1 0 0 0 1 40148 - Sheep.ldr


0 FILE 40148 - Sheep.ldr
0 Sheep
0 Name: 40148 - Sheep.ldr
0 Author: Merlijn Wissink [legolijntje]
0 !LDRAW_ORG Model
0 !LICENSE Redistributable under CCAL version 2.0 : see CAreadme.txt
1 15 0 -9.956 -2.858 0 0 -1 0.309 0.951 0 0.951 -0.309 0 3795.dat
1 15 0 -2.347 -5.33 0 0 -1 0.309 0.951 0 0.951 -0.309 0 3020.dat
1 15 0 13.104 42.223 -1 0 0 0 0.951 -0.309 0 -0.309 -0.951 3023.dat
1 15 0 -17.33 52.111 -1 0 0 0 0.951 -0.309 0 -0.309 -0.951 3700.dat
1 19 10 -23.511 33.09 0 0 1 -0.309 0.951 0 -0.951 -0.309 0 6541.dat
1 19 -10 -23.511 33.09 0 0 1 -0.309 0.951 0 -0.951 -0.309 0 6541.dat
1 15 0 -32.781 4.558 0 0 1 -0.309 0.951 0 -0.951 -0.309 0 3003.dat
1 19 10 -42.052 -23.973 0 0 1 -0.309 0.951 0 -0.951 -0.309 0 6541.dat
1 19 -10 -42.052 -23.973 0 0 1 -0.309 0.951 0 -0.951 -0.309 0 6541.dat
1 15 0 -48.232 -42.994 1 0 0 0 0.951 0.309 0 -0.309 0.951 3660.dat
1 15 0 -46.57 -11.991 0 0 -1 0.309 0.951 0 0.951 -0.309 0 3795.dat
1 15 0 -24.939 54.583 -1 0 0 0 0.951 -0.309 0 -0.309 -0.951 3023.dat
1 15 0 -69.395 -4.574 0 0 1 -0.309 0.951 0 -0.951 -0.309 0 3003.dat
1 15 0 -60.125 23.958 -1 0 0 0 0.951 -0.309 0 -0.309 -0.951 3298.dat
1 15 0 -63.449 -38.05 -1 0 0 0 0.951 -0.309 0 -0.309 -0.951 3023.dat
1 71 0 -69.629 -57.071 1 0 0 0 0.951 0.309 0 -0.309 0.951 48336.dat
1 71 0 -74.147 -45.089 1 0 0 0 0.951 0.309 0 -0.309 0.951 3022.dat
1 71 0 -87.936 -61.638 0 0 -1 0.309 0.951 0 0.951 -0.309 0 3020.dat
1 71 0 -112.424 -85.225 1 0 0 0 0.951 0.309 0 -0.309 0.951 99206.dat
1 71 -10 -121.46 -61.26 0 0 1 -0.309 0.951 0 -0.951 -0.309 0 87087.dat
1 71 10 -121.46 -61.26 0 0 -1 0.309 0.951 0 0.951 -0.309 0 87087.dat
1 71 0 -112.424 -85.225 1 0 0 0 0.951 0.309 0 -0.309 0.951 85984.dat
1 15 0 -107.671 -44.711 -1 0 0 0 0.951 -0.309 0 -0.309 -0.951 3298.dat
1 0 10 -115.28 -42.238 0 0 -1 0.309 0.951 0 0.951 -0.309 0 4081b.dat
1 0 -10 -115.28 -42.238 0 0 1 -0.309 0.951 0 -0.951 -0.309 0 4081b.dat
1 15 0 -125.979 -49.277 0 0 -1 0.309 0.951 0 0.951 -0.309 0 3022.dat
1 15 28 -111.95 -64.35 0 -1 0 0.978 0 -0.208 0.208 0 0.978 98138p07.dat
1 15 -28 -111.95 -64.35 0 1 0 -0.669 0 0.743 0.743 0 0.669 98138p07.dat
1 0 30 -110.906 -35.248 1 0 0 0 -0.309 0.951 0 -0.951 -0.309 87747.dat
1 0 -30 -110.906 -35.248 1 0 0 0 -0.309 0.951 0 -0.951 -0.309 87747.dat
1 71 0 -71.705 -96.689 -1 0 0 0 0.978 0.208 0 0.208 -0.978 6019.dat
1 29 0 -79.531 -98.352 -1 0 0 0 0.978 0.208 0 0.208 -0.978 3070b.dat
1 0 20 -14 30 1 0 0 0 1 0 0 0 1 40148 - Leg Left.ldr
1 0 20 -32.541 -27.063 1 0 0 0 0.921 0.391 0 -0.391 0.921 40148 - Leg Left.ldr
1 0 -20 -14 30 1 0 0 0 1 0 0 0 1 40148 - Leg Right.ldr
1 0 -20 -32.541 -27.063 1 0 0 0 0.695 0.719 0 -0.719 0.695 40148 - Leg Right.ldr
1 71 0 -4.729 58.532 0 0 -1 0.309 0.951 0 0.951 -0.309 0 4274.dat
1 15 0 7.253 63.05 0 0 -1 0.951 -0.309 0 -0.309 -0.951 0 3023.dat

0 FILE 40148 - Leg Left.ldr
0 Leg Left
0 Name: 40148 - Leg Left.ldr
0 Author: Merlijn Wissink [legolijntje]
0 !LDRAW_ORG Model
0 !LICENSE Redistributable under CCAL version 2.0 : see CAreadme.txt
1 72 10 70 0 1 0 0 0 1 0 0 0 1 92946.dat
1 72 10 62 10 1 0 0 0 1 0 0 0 1 3024.dat
1 71 10 38 10 1 0 0 0 1 0 0 0 1 3005.dat
1 15 10 14 10 1 0 0 0 1 0 0 0 1 3665.dat
1 15 10 -10 0 0 0 -1 0 1 0 1 0 0 3700.dat
1 15 10 -10 0 0 0 -1 0 1 0 1 0 0 85984.dat
1 0 0 0 0 -1 0 0 0 1 0 0 0 -1 2780.dat

0 FILE 40148 - Leg Right.ldr
0 Leg Right
0 Name: 40148 - Leg Right.ldr
0 Author: Merlijn Wissink [legolijntje]
0 !LDRAW_ORG Model
0 !LICENSE Redistributable under CCAL version 2.0 : see CAreadme.txt
1 72 -10 70 0 1 0 0 0 1 0 0 0 1 92946.dat
1 72 -10 62 10 1 0 0 0 1 0 0 0 1 3024.dat
1 71 -10 38 10 1 0 0 0 1 0 0 0 1 3005.dat
1 15 -10 14 10 1 0 0 0 1 0 0 0 1 3665.dat
1 15 -10 -10 0 0 0 -1 0 1 0 1 0 0 3700.dat
1 15 -10 -10 0 0 0 1 0 1 0 -1 0 0 85984.dat
1 0 0 0 0 -1 0 0 0 1 0 0 0 -1 2780.dat

0 FILE 40148 - Land.ldr
0 Land
0 Name: 40148 - Land.ldr
0 Author: Merlijn Wissink [legolijntje]
0 !LDRAW_ORG Model
0 !LICENSE Redistributable under CCAL version 2.0 : see CAreadme.txt
1 70 0 0 0 0 0 1 0 1 0 -1 0 0 3032.dat
1 70 10 -24 0 0 0 -1 0 1 0 1 0 0 3039.dat
1 70 10 -24 30 0 0 -1 0 1 0 1 0 0 3045.dat
1 70 10 -24 -30 1 0 0 0 1 0 0 0 1 3045.dat
1 1 -40 -24 0 1 0 0 0 1 0 0 0 1 3001.dat
1 70 -80 0 0 0 0 1 0 1 0 -1 0 0 3032.dat
1 70 -40 -24 -30 1 0 0 0 1 0 0 0 1 3037.dat
1 70 -40 -24 30 -1 0 0 0 1 0 0 0 -1 3037.dat
1 70 -120 -24 -30 1 0 0 0 1 0 0 0 1 3037.dat
1 70 -120 -24 30 -1 0 0 0 1 0 0 0 -1 3037.dat
1 70 -160 0 0 0 0 1 0 1 0 -1 0 0 3032.dat
1 70 -170 -24 0 0 0 1 0 1 0 -1 0 0 3039.dat
1 70 -170 -24 -30 0 0 1 0 1 0 -1 0 0 3045.dat
1 70 -170 -24 30 -1 0 0 0 1 0 0 0 -1 3045.dat
1 2 -40 -32 20 0 0 1 0 1 0 -1 0 0 3068b.dat
1 2 -40 -32 -20 0 0 1 0 1 0 -1 0 0 3068b.dat
1 2 0 -32 0 0 0 1 0 1 0 -1 0 0 3068b.dat
1 2 0 -32 -30 -1 0 0 0 1 0 0 0 -1 15573.dat
1 2 0 -32 30 -1 0 0 0 1 0 0 0 -1 15573.dat
1 2 -120 -32 20 -1 0 0 0 1 0 0 0 -1 3795.dat
1 2 -120 -32 -20 -1 0 0 0 1 0 0 0 -1 3795.dat
1 71 -130 -56 30 -1 0 0 0 1 0 0 0 -1 3005.dat
1 19 -150 -56 20 0 0 1 0 1 0 -1 0 0 3039.dat
1 19 -130 -56 10 1 0 0 0 1 0 0 0 1 3040b.dat
1 19 -110 -56 30 0 0 -1 0 1 0 1 0 0 3040b.dat
1 71 -70 -40 30 0 0 -1 0 1 0 1 0 0 6141.dat
1 71 -170 -40 -30 0 0 -1 0 1 0 1 0 0 6141.dat
1 72 -150 -40 -10 0 0 -1 0 1 0 1 0 0 6141.dat
1 72 -110 -40 10 0 0 -1 0 1 0 1 0 0 6141.dat
1 72 -110 -48 10 0 0 -1 0 1 0 1 0 0 6141.dat
1 19 -110 -56 -30 0 0 -1 0 1 0 1 0 0 3040b.dat
1 2 -130 -56 -30 -0.707 0 0.707 0 1 0 -0.707 0 -0.707 30176.dat
1 71 -130 -64 10 0 0 -1 0 1 0 1 0 0 6141.dat
1 19 -150 -56 10 0 0 1 0 1 0 -1 0 0 54200.dat
1 19 -110 -56 -30 0 0 -1 0 1 0 1 0 0 54200.dat
1 19 -130 -80 30 0 0 -1 0 1 0 1 0 0 3040b.dat
1 2 -150 -80 30 -0.707 0 -0.707 0 1 0 0.707 0 -0.707 30176.dat

