0 FILE 40349 - Valentine's Puppy.ldr
0 Valentine's Puppy
0 Name: 40349 - Valentine's Puppy.ldr
0 Author: Vincent Messenet [Cheenzo]
0 !LDRAW_ORG Model
0 !LICENSE Redistributable under CCAL version 2.0 : see CAreadme.txt

1 19 -40 -64 0 1 0 0 0 1 0 0 0 1 3031.dat
1 19 -70 -72 0 0 0 1 0 1 0 -1 0 0 3023.dat
1 19 -10 -72 0 0 0 1 0 1 0 -1 0 0 3023.dat
0 STEP
1 19 -70 -88 30 1 0 0 0 1 0 0 0 1 3005.dat
1 19 -10 -88 30 1 0 0 0 1 0 0 0 1 3005.dat
0 STEP
1 16 -40 -64 20 0 0 -1 0 1 0 1 0 0 40349 - Step 3.ldr
0 STEP
1 4 -40 -88 0 1 0 0 0 1 0 0 0 1 3941.dat
1 19 -70 -88 -30 1 0 0 0 1 0 0 0 1 3005.dat
1 19 -10 -88 -30 1 0 0 0 1 0 0 0 1 3005.dat
1 15 -40 -88 -30 1 0 0 0 1 0 0 0 1 3004.dat
0 STEP
1 19 -40 -112 30 1 0 0 0 1 0 0 0 1 3010.dat
1 71 -70 -112 0 0 0 1 0 1 0 -1 0 0 22885.dat
1 71 -10 -112 0 0 0 -1 0 1 0 1 0 0 22885.dat
0 STEP
1 4 -40 -112 0 1 0 0 0 1 0 0 0 1 3941.dat
1 19 -70 -112 -30 1 0 0 0 1 0 0 0 1 3005.dat
1 19 -10 -112 -30 1 0 0 0 1 0 0 0 1 3005.dat
1 15 -40 -112 -30 1 0 0 0 1 0 0 0 1 3004.dat
0 STEP
1 70 -40 -120 0 1 0 0 0 1 0 0 0 1 3031.dat
0 STEP
1 16 -80 -92 0 0 1 0 1 0 0 0 0 -1 40349 - Step 8.ldr
1 16 0 -92 0 0 -1 0 0 0 1 -1 0 0 40349 - Step 8.ldr
0 STEP
1 71 -60 -160 30 -1 0 0 0 1 0 0 0 -1 22885.dat
1 71 -20 -160 30 -1 0 0 0 1 0 0 0 -1 22885.dat
1 71 -10 -160 0 0 0 -1 0 1 0 1 0 0 22885.dat
1 71 -70 -160 0 0 0 1 0 1 0 -1 0 0 22885.dat
1 71 -60 -160 -30 1 0 0 0 1 0 0 0 1 22885.dat
1 71 -20 -160 -30 1 0 0 0 1 0 0 0 1 22885.dat
0 STEP
1 16 -40 -120 0 1 0 0 0 1 0 0 0 1 40349 - Step 10.ldr
0 STEP
1 15 -70 -176 0 0 0 1 0 1 0 -1 0 0 99206.dat
1 15 -10 -176 0 0 0 -1 0 1 0 1 0 0 99206.dat
0 STEP
1 2 -40 -176 0 1 0 0 0 1 0 0 0 1 4032a.dat
0 STEP
1 71 -40 -200 -30 1 0 0 0 1 0 0 0 1 22885.dat
1 71 -40 -200 30 -1 0 0 0 1 0 0 0 -1 22885.dat
1 19 -70 -200 -30 0 0 1 0 1 0 -1 0 0 32952.dat
1 19 -70 -200 30 0 0 1 0 1 0 -1 0 0 32952.dat
1 19 -10 -200 -30 0 0 -1 0 1 0 1 0 0 32952.dat
1 19 -10 -200 30 0 0 -1 0 1 0 1 0 0 32952.dat
0 STEP
1 19 -10 -200 0 0 0 1 0 1 0 -1 0 0 3004.dat
1 19 -70 -200 0 0 0 1 0 1 0 -1 0 0 3004.dat
1 29 -40 -200 0 1 0 0 0 1 0 0 0 1 3003.dat
0 STEP
1 19 -40 -208 0 1 0 0 0 1 0 0 0 1 3031.dat
0 STEP
1 19 -40 -180 -48 1 0 0 0 0 -1 0 1 0 3020.dat
1 19 -70 -150 -48 0 0 1 1 0 0 0 1 0 2420.dat
1 19 -10 -150 -48 -1 0 0 0 0 1 0 1 0 2420.dat
0 STEP
1 19 -40 -120 -48 1 0 0 0 0 -1 0 1 0 4032a.dat
1 4 -30 -110 -56 1 0 0 0 0 -1 0 1 0 25269.dat
1 4 -50 -110 -56 0 0 1 1 0 0 0 1 0 25269.dat
0 STEP
1 19 -40 -130 -56 1 0 0 0 0 -1 0 1 0 3710.dat
1 19 -40 -180 -56 1 0 0 0 0 -1 0 1 0 87079.dat
1 19 -40 -150 -56 1 0 0 0 0 -1 0 1 0 92593.dat
0 STEP
1 28 -40 -130 -64 1 0 0 0 0 -1 0 1 0 15573.dat
1 0 -40 -130 -72 1 0 0 0 0 -1 0 1 0 98138.dat
1 0 -10 -150 -64 1 0 0 0 0 -1 0 1 0 98138pz1.dat
1 0 -70 -150 -64 1 0 0 0 0 -1 0 1 0 98138pz1.dat
0 STEP
1 19 8 -170 0 0 -1 0 0 0 1 -1 0 0 92593.dat
1 19 8 -150 0 0 -1 0 0 0 1 -1 0 0 3710.dat
0 STEP
1 19 0 -140 0 0 -1 0 0 0 -1 1 0 0 15068.dat
0 STEP
1 19 0 -160 -30 0 -1 0 0 0 1 -1 0 0 93273.dat
1 19 0 -160 30 0 -1 0 0 0 1 -1 0 0 93273.dat
0 STEP
1 19 -88 -170 0 0 1 0 0 0 -1 -1 0 0 92593.dat
1 19 -88 -150 0 0 1 0 0 0 -1 -1 0 0 3710.dat
0 STEP
1 19 -80 -140 0 0 1 0 0 0 -1 -1 0 0 15068.dat
0 STEP
1 19 -80 -160 30 0 1 0 0 0 1 1 0 0 93273.dat
1 19 -80 -160 -30 0 1 0 0 0 1 1 0 0 93273.dat
0 STEP
1 19 -40 -160 48 1 0 0 0 0 1 0 -1 0 3031.dat
0 STEP
1 19 -40 -140 56 1 0 0 0 0 1 0 -1 0 87079.dat
1 19 -40 -180 56 1 0 0 0 0 1 0 -1 0 87079.dat
0 STEP
1 19 -40 -56 0 1 0 0 0 1 0 0 0 1 3020.dat
0 STEP
1 16 -80 -24 0 1 0 0 0 1 0 0 0 1 40349 - Step 29.ldr
1 16 -20 -24 0 1 0 0 0 1 0 0 0 1 40349 - Step 29.ldr
0 STEP
1 28 -20 -216 10 1 0 0 0 1 0 0 0 1 60478.dat
1 28 -20 -216 -10 1 0 0 0 1 0 0 0 1 60478.dat
1 28 -60 -216 10 -1 0 0 0 1 0 0 0 -1 60478.dat
1 28 -60 -216 -10 -1 0 0 0 1 0 0 0 -1 60478.dat
0 STEP
1 19 -40 -208 -20 1 0 0 0 1 0 0 0 1 15068.dat
1 19 -40 -208 20 -1 0 0 0 1 0 0 0 -1 15068.dat
0 STEP
1 16 46.24243 -197.7988 0 0.42262 -0.90631 0 0.90631 0.42262 0 0 0 1 40349 - steps 32 to 35.ldr
1 16 -126.24243 -197.7988 0 -0.42262 0.90631 0 0.90631 0.42262 0 0 0 -1 40349 - steps 32 to 35.ldr
0 STEP
1 16 -94 -62 -44 0.70711 0 -0.70711 -0.70711 0 -0.70711 0 1 0 40349 - Step 37.ldr
0 STEP
1 47 14 -91.68 -40 0 0 1 1 0 0 0 1 0 25893.dat
1 378 14 -91.68 -48 0.70711 0 0.70711 0.70711 0 -0.70711 0 1 0 15712.dat
0 STEP
1 16 64.54372 -128.2237 -44.2 -0.70711 0.70711 0 -0.70711 -0.70711 0 0 0 1 40349 - steps 39 to 43.ldr
0 STEP
1 16 -40 0 20 1 0 0 0 1 0 0 0 1 40349 - steps 45 to 50.ldr







0 FILE 40349 - Step 3.ldr
0 Step 3
0 Name: 40349 - Step 3.ldr
0 Author: Vincent Messenet [Cheenzo]
0 !LDRAW_ORG Model
0 !LICENSE Redistributable under CCAL version 2.0 : see CAreadme.txt

1 19 10 -8 0 0 0 1 0 1 0 -1 0 0 3023.dat
1 19 10 -16 0 0 0 -1 0 1 0 1 0 0 11476.dat
0 STEP
1 19 10 -24 0 0 0 1 0 1 0 -1 0 0 3023.dat
0 STEP
1 28 57.50684 -26.14 0 -0.93969 0.34202 0 0.34202 0.93969 0 0 0 -1 60478.dat
1 28 66.90376 -29.56 0 0 0.34202 0.93969 0 0.93969 -0.34202 -1 0 0 54200.dat








0 FILE 40349 - Step 8.ldr
0 Step 8
0 Name: 40349 - Step 8.ldr
0 Author: Vincent Messenet [Cheenzo]
0 !LDRAW_ORG Model
0 !LICENSE Redistributable under CCAL version 2.0 : see CAreadme.txt

1 19 0 -8 0 -1 0 0 0 1 0 0 0 -1 3022.dat
0 STEP
1 19 -10 -16 0 0 0 -1 0 1 0 1 0 0 3069b.dat
1 19 10 -16 0 0 0 -1 0 1 0 1 0 0 11476.dat







0 FILE 40349 - Step 10.ldr
0 Step 10
0 Name: 40349 - Step 10.ldr
0 Author: Vincent Messenet [Cheenzo]
0 !LDRAW_ORG Model
0 !LICENSE Redistributable under CCAL version 2.0 : see CAreadme.txt

1 73 0 -8 0 1 0 0 0 1 0 0 0 1 3022.dat
1 73 0 -32 0 1 0 0 0 1 0 0 0 1 3003.dat
0 STEP
1 73 0 -40 0 1 0 0 0 1 0 0 0 1 3022.dat







0 FILE 40349 - Step 29.ldr
0 Step 29
0 Name: 40349 - Step 29.ldr
0 Author: Vincent Messenet [Cheenzo]
0 !LDRAW_ORG Model
0 !LICENSE Redistributable under CCAL version 2.0 : see CAreadme.txt

1 28 10 -8 0 0 0 -1 0 1 0 1 0 0 3023.dat
1 28 10 -16 0 0 0 -1 0 1 0 1 0 0 3023.dat
0 STEP
1 19 10 -24 0 0 0 -1 0 1 0 1 0 0 3023.dat







0 FILE 40349 - Steps 32 to 35.ldr
0 Steps 32 to 35
0 Name: 40349 - Steps 32 to 35.ldr
0 Author: Vincent Messenet [Cheenzo]
0 !LDRAW_ORG Model
0 !LICENSE Redistributable under CCAL version 2.0 : see CAreadme.txt

1 28 10 32 0 1 0 0 0 1 0 0 0 1 3021.dat
0 STEP
1 28 0 24 10 -1 0 0 0 1 0 0 0 -1 63868.dat
1 28 0 24 -10 -1 0 0 0 1 0 0 0 -1 63868.dat
0 STEP
1 15 20 16 0 0 0 -1 0 1 0 1 0 0 47755.dat
0 STEP
1 19 20 8 10 0 0 -1 0 1 0 1 0 0 61678.dat
1 19 20 8 -10 0 0 -1 0 1 0 1 0 0 61678.dat







0 FILE 40349 - Step 37.ldr
0 Step 37
0 Name: 40349 - Step 37.ldr
0 Author: Vincent Messenet [Cheenzo]
0 !LDRAW_ORG Model
0 !LICENSE Redistributable under CCAL version 2.0 : see CAreadme.txt

1 4 0 -16 0 -1 0 0 0 1 0 0 0 -1 3176.dat
1 4 0 -8 0 0 0 -1 0 1 0 1 0 0 3176.dat
0 STEP
1 297 0 0 0 -1 0 0 0 1 0 0 0 -1 85861.dat
1 297 0 58.18 0 -0.70711 0 -0.70711 0 -1 0 -0.70711 0 0.70711 87994.dat







0 FILE 40349 - Steps 39 to 43.ldr
0 Steps 39 to 43
0 Name: 40349 - Steps 39 to 43.ldr
0 Author: Vincent Messenet [Cheenzo]
0 !LDRAW_ORG Model
0 !LICENSE Redistributable under CCAL version 2.0 : see CAreadme.txt

1 4 10 0 -10 1 0 0 0 1 0 0 0 1 6141.dat
1 70 10 -24 -10 -1 0 0 0 1 0 0 0 -1 4733.dat
0 STEP
1 4 10 -14 -28 1 0 0 0 0 -1 0 1 0 3024.dat
1 4 -8 -14 -10 0 1 0 0 0 -1 -1 0 0 3024.dat
1 4 10 -14 8 -1 0 0 0 0 -1 0 -1 0 3024.dat
1 4 28 -14 -10 0 -1 0 0 0 -1 1 0 0 3024.dat
0 STEP
1 10 9.9 -71.48 -9.8 0 0 -1 0 1 0 1 0 0 87994.dat
0 STEP
1 4 10 -4 -20 1 0 0 0 0 -1 0 1 0 29119.dat
1 4 0 -4 -10 0 1 0 0 0 -1 -1 0 0 29119.dat
1 4 10 -4 0 -1 0 0 0 0 -1 0 -1 0 29119.dat
1 4 20 -4 -10 0 -1 0 0 0 -1 1 0 0 29119.dat
0 STEP
1 10 10 -32 -9.8 -0.70711 0 0.70711 0 -1 0 0.70711 0 0.70711 32607.dat







0 FILE 40349 - Steps 45 to 50.ldr
0 Steps 45 to 50
0 Name: 40349 - Steps 45 to 50.ldr
0 Author: Vincent Messenet [Cheenzo]
0 !LDRAW_ORG Model
0 !LICENSE Redistributable under CCAL version 2.0 : see CAreadme.txt

1 0 0 -16 -20 -1 0 0 0 1 0 0 0 -1 3958.dat
0 STEP
1 0 0 -8 30 -1 0 0 0 1 0 0 0 -1 4477.dat
0 STEP
1 27 -100 -16 0 0 0 1 0 1 0 -1 0 0 30565.dat
1 27 100 -16 0 1 0 0 0 1 0 0 0 1 30565.dat
0 STEP
1 2 -120 -8 30 -1 0 0 0 1 0 0 0 -1 3023.dat
1 2 120 -8 30 -1 0 0 0 1 0 0 0 -1 3023.dat
1 2 -60 -8 -20 -1 0 0 0 1 0 0 0 -1 4032a.dat
1 2 60 -8 -20 -1 0 0 0 1 0 0 0 -1 4032a.dat
1 0 0 -8 -70 -1 0 0 0 1 0 0 0 -1 3666.dat
0 STEP
1 0 0 -24 0 1 0 0 0 1 0 0 0 1 87079.dat
1 0 0 -24 -50 1 0 0 0 1 0 0 0 1 2431.dat
1 0 0 -24 -30 1 0 0 0 1 0 0 0 1 92593.dat
0 STEP
1 16 -100 -16 20 0 0 1 0 1 0 -1 0 0 40349 - Step 50.ldr
1 16 120 -16 20 0 0 1 0 1 0 -1 0 0 40349 - Step 50.ldr







0 FILE 40349 - Step 50.ldr
0 Step 50
0 Name: 40349 - Step 50.ldr
0 Author: Vincent Messenet [Cheenzo]
0 !LDRAW_ORG Model
0 !LICENSE Redistributable under CCAL version 2.0 : see CAreadme.txt

1 2 10 -24 -10 -1 0 0 0 1 0 0 0 -1 59900.dat
1 2 10 -34 -10 -1 0 0 0 1 0 0 0 -1 19119.dat
0 STEP
1 26 -15.9457 -46.3887 -10 0.16081 0.93358 -0.32026 -0.41894 0.35837 0.83431 0.89366 0 0.44874 24866.dat
1 26 22.8526 -46.4139 12.3957 0.79028 -0.45594 0.40937 -0.25562 0.36186 0.8965 -0.55688 -0.81313 0.16942 24866.dat
1 26 22.84621 -46.6509 -32.6557 -0.86482 -0.49366 0.09156 -0.09156 0.33437 0.93798 -0.49366 0.8028 -0.33437 24866.dat
0 STEP
1 4 2.2095 -59.4053 -23.6944 -0.96492 0.25546 0.06054 0.25546 0.86043 0.44091 0.06054 0.44091 -0.89551 32606.dat
1 4 25.945 -59.5738 -9.9729 0.05902 -0.49087 0.86923 0.03326 0.87123 0.48975 -0.9977 0 0.06775 32606.dat
1 4 2.09539 -59.5308 3.8429 0.9644 0.2543 -0.0726 -0.19455 0.86816 0.45656 0.17913 -0.42618 0.88673 32606.dat









