0 FILE 40350 - Chick.ldr
0 Chick
0 Name: 40350 - Chick.ldr
0 Author: Vincent Messenet [Cheenzo]
0 !LDRAW_ORG Model
0 !LICENSE Redistributable under CCAL version 2.0 : see CAreadme.txt

1 191 -40 -64 20 1 0 0 0 1 0 0 0 1 3020.dat
1 191 -40 -64 -20 1 0 0 0 1 0 0 0 1 3020.dat
0 STEP
1 14 -70 -88 30 1 0 0 0 1 0 0 0 1 3005.dat
1 14 -10 -88 30 1 0 0 0 1 0 0 0 1 3005.dat
1 14 -70 -72 0 0 0 1 0 1 0 -1 0 0 3023.dat
1 14 -10 -72 0 0 0 1 0 1 0 -1 0 0 3023.dat
0 STEP
1 14 -40 -88 30 -1 0 0 0 1 0 0 0 -1 11211.dat
0 STEP
1 14 -40 -88 -30 1 0 0 0 1 0 0 0 1 3010.dat
1 4 -40 -88 0 1 0 0 0 1 0 0 0 1 3941.dat
0 STEP
1 14 -40 -112 30 1 0 0 0 1 0 0 0 1 3010.dat
1 71 -70 -112 0 0 0 1 0 1 0 -1 0 0 22885.dat
1 71 -10 -112 0 0 0 -1 0 1 0 1 0 0 22885.dat
0 STEP
1 4 -40 -112 0 1 0 0 0 1 0 0 0 1 3941.dat
1 14 -50 -120 30 -1 0 0 0 1 0 0 0 -1 15070.dat
1 14 -30 -120 30 -1 0 0 0 1 0 0 0 -1 15070.dat
1 14 -30 -96 -30 1 0 0 0 1 0 0 0 1 15070.dat
1 14 -50 -96 -30 1 0 0 0 1 0 0 0 1 15070.dat
0 STEP
1 16 -80 -88 -20 1 0 0 0 1 0 0 0 1 40350 - Step 7.ldr
1 16 -20 -88 -20 1 0 0 0 1 0 0 0 1 40350 - Step 7.ldr
0 STEP
1 14 -70 -120 10 1 0 0 0 1 0 0 0 1 2420.dat
1 14 -10 -120 10 0 0 -1 0 1 0 1 0 0 2420.dat
1 14 -70 -120 -10 0 0 1 0 1 0 -1 0 0 2420.dat
1 14 -10 -120 -10 -1 0 0 0 1 0 0 0 -1 2420.dat
0 STEP
1 14 -40 -120 -30 1 0 0 0 1 0 0 0 1 3004.dat
0 STEP
1 16 -80 -92 0 0 1 0 -1 0 0 0 0 1 40350 - Step 10.ldr
1 16 0 -92 0 0 -1 0 -1 0 0 0 0 -1 40350 - Step 10.ldr
0 STEP
1 71 -60 -160 30 -1 0 0 0 1 0 0 0 -1 22885.dat
1 71 -20 -160 30 -1 0 0 0 1 0 0 0 -1 22885.dat
1 71 -70 -160 0 0 0 1 0 1 0 -1 0 0 22885.dat
1 71 -60 -160 -30 1 0 0 0 1 0 0 0 1 22885.dat
1 71 -10 -160 0 0 0 -1 0 1 0 1 0 0 22885.dat
1 71 -20 -160 -30 1 0 0 0 1 0 0 0 1 22885.dat
0 STEP
1 16 -40 -120 0 1 0 0 0 1 0 0 0 1 40350 - Step 12.ldr
0 STEP
1 71 -40 -200 30 -1 0 0 0 1 0 0 0 -1 22885.dat
1 71 -70 -200 20 0 0 1 0 1 0 -1 0 0 22885.dat
1 71 -70 -200 -20 0 0 1 0 1 0 -1 0 0 22885.dat
1 71 -10 -200 20 0 0 -1 0 1 0 1 0 0 22885.dat
1 71 -10 -200 -20 0 0 -1 0 1 0 1 0 0 22885.dat
1 71 -40 -200 -30 1 0 0 0 1 0 0 0 1 22885.dat
0 STEP
1 14 -40 -208 0 1 0 0 0 1 0 0 0 1 3031.dat
0 STEP
1 14 -40 -160 -48 1 0 0 0 0 -1 0 1 0 3031.dat
0 STEP
1 14 -40 -180 -56 1 0 0 0 0 -1 0 1 0 87079.dat
1 14 -40 -150 -56 1 0 0 0 0 -1 0 1 0 92593.dat
1 14 -70 -130 -56 1 0 0 0 0 -1 0 1 0 3070b.dat
1 14 -10 -130 -56 1 0 0 0 0 -1 0 1 0 3070b.dat
1 14 -40 -130 -56 1 0 0 0 0 -1 0 1 0 3023.dat
0 STEP
1 25 -30 -130 -56 0 0 -1 -1 0 0 0 1 0 54200.dat
1 25 -50 -130 -56 0 0 1 1 0 0 0 1 0 54200.dat
1 0 -10 -150 -64 1 0 0 0 0 -1 0 1 0 98138pz1.dat
1 0 -70 -150 -64 1 0 0 0 0 -1 0 1 0 98138pz1.dat
0 STEP
1 14 0 -140 0 0 -1 0 0 0 -1 1 0 0 88930.dat
1 14 -80 -140 0 0 1 0 0 0 -1 -1 0 0 88930.dat
1 14 -80 -180 0 0 1 0 0 0 1 1 0 0 88930.dat
1 14 0 -180 0 0 -1 0 0 0 1 -1 0 0 88930.dat
0 STEP
1 14 -40 -160 48 1 0 0 0 0 1 0 -1 0 3031.dat
1 14 -40 -78 40 -1 0 0 0 0 -1 0 -1 0 85984.dat
0 STEP
1 14 -40 -180 56 1 0 0 0 0 1 0 -1 0 87079.dat
1 14 -40 -140 56 1 0 0 0 0 1 0 -1 0 87079.dat
0 STEP
1 191 -40 -56 0 1 0 0 0 1 0 0 0 1 3020.dat
0 STEP
1 16 -80 -24 0 1 0 0 0 1 0 0 0 1 40350 - Step 22.ldr
1 16 -20 -24 0 1 0 0 0 1 0 0 0 1 40350 - Step 22.ldr
0 STEP
1 14 -40 -216 0 1 0 0 0 1 0 0 0 1 87580.dat
1 25 -50 -216 0 0 0 -1 0 1 0 1 0 0 11477.dat
0 STEP
1 16 -40 0 30 1 0 0 0 1 0 0 0 1 40350 - steps 24 to 42.ldr






0 FILE 40350 - Step 7.ldr
0 Step 7
0 Name: 40350 - Step 7.ldr
0 Author: Vincent Messenet [Cheenzo]
0 !LDRAW_ORG Model
0 !LICENSE Redistributable under CCAL version 2.0 : see CAreadme.txt

1 14 10 -8 -10 1 0 0 0 1 0 0 0 1 3024.dat
1 14 10 -16 -10 1 0 0 0 1 0 0 0 1 3024.dat
0 STEP
1 14 10 -24 -10 1 0 0 0 1 0 0 0 1 15070.dat






0 FILE 40350 - Step 10.ldr
0 Step 10
0 Name: 40350 - Step 10.ldr
0 Author: Vincent Messenet [Cheenzo]
0 !LDRAW_ORG Model
0 !LICENSE Redistributable under CCAL version 2.0 : see CAreadme.txt

1 14 0 -8 0 -1 0 0 0 1 0 0 0 -1 3022.dat
0 STEP
1 191 -10 -16 0 0 0 1 0 1 0 -1 0 0 15208.dat
0 STEP
1 14 0 -8 0 0 0 -1 0 1 0 1 0 0 15068.dat






0 FILE 40350 - Step 12.ldr
0 Step 12
0 Name: 40350 - Step 12.ldr
0 Author: Vincent Messenet [Cheenzo]
0 !LDRAW_ORG Model
0 !LICENSE Redistributable under CCAL version 2.0 : see CAreadme.txt

1 73 0 -24 0 1 0 0 0 1 0 0 0 1 3003.dat
1 73 0 -48 0 1 0 0 0 1 0 0 0 1 3003.dat
0 STEP
1 2 0 -56 0 1 0 0 0 1 0 0 0 1 4032a.dat
1 29 0 -80 0 1 0 0 0 1 0 0 0 1 3003.dat






0 FILE 40350 - Step 22.ldr
0 Step 22
0 Name: 40350 - Step 22.ldr
0 Author: Vincent Messenet [Cheenzo]
0 !LDRAW_ORG Model
0 !LICENSE Redistributable under CCAL version 2.0 : see CAreadme.txt

1 19 10 -8 -10 1 0 0 0 1 0 0 0 1 15397.dat
0 STEP
1 25 10 -16 0 0 0 1 0 1 0 -1 0 0 3023.dat
1 25 10 -24 0 0 0 1 0 1 0 -1 0 0 3023.dat






0 FILE 40350 - Steps 24 to 42.ldr
0 Steps 24 to 42
0 Name: 40350 - Steps 24 to 42.ldr
0 Author: Vincent Messenet [Cheenzo]
0 !LDRAW_ORG Model
0 !LICENSE Redistributable under CCAL version 2.0 : see CAreadme.txt

1 0 0 -16 -30 -1 0 0 0 1 0 0 0 -1 3958.dat
0 STEP
1 0 0 -8 20 -1 0 0 0 1 0 0 0 -1 4477.dat
0 STEP
1 2 -100 -16 -10 0 0 1 0 1 0 -1 0 0 30565.dat
1 2 100 -16 -10 1 0 0 0 1 0 0 0 1 30565.dat
0 STEP
1 0 0 -8 -80 -1 0 0 0 1 0 0 0 -1 3666.dat
1 2 -120 -8 20 -1 0 0 0 1 0 0 0 -1 3023.dat
1 2 120 -8 20 -1 0 0 0 1 0 0 0 -1 3023.dat
1 2 -60 -8 -30 -1 0 0 0 1 0 0 0 -1 4032a.dat
1 2 60 -8 -30 -1 0 0 0 1 0 0 0 -1 4032a.dat
0 STEP
1 27 80 -24 0 1 0 0 0 1 0 0 0 1 15573.dat
1 27 -80 -24 0 1 0 0 0 1 0 0 0 1 15573.dat
1 0 0 -24 -10 1 0 0 0 1 0 0 0 1 87079.dat
1 0 0 -24 -60 1 0 0 0 1 0 0 0 1 2431.dat
1 0 0 -24 -40 1 0 0 0 1 0 0 0 1 92593.dat
0 STEP
1 27 -70 -16 -20 0 0 -1 0 1 0 1 0 0 54200.dat
1 27 70 -16 -20 0 0 1 0 1 0 -1 0 0 54200.dat
1 5 -80 -32 0 1 0 0 0 1 0 0 0 1 6141.dat
1 322 80 -32 0 1 0 0 0 1 0 0 0 1 6141.dat
0 STEP
1 27 -90 -16 -20 0.70711 0 0.70711 0 1 0 -0.70711 0 0.70711 15279.dat
1 27 90 -16 -20 0.70711 0 -0.70711 0 1 0 0.70711 0 0.70711 15279.dat
1 15 80 -32 0 1 0 0 0 1 0 0 0 1 24946.dat
1 15 -80 -32 0 1 0 0 0 1 0 0 0 1 24946.dat
0 STEP
1 16 120 -16 30 1 0 0 0 1 0 0 0 1 40350 - steps 31 to 35.ldr
0 STEP
1 16 -140 -16 30 1 0 0 0 1 0 0 0 1 40350 - steps 37 to 41.ldr






0 FILE 40350 - Steps 31 to 35.ldr
0 Steps 31 to 35
0 Name: 40350 - Steps 31 to 35.ldr
0 Author: Vincent Messenet [Cheenzo]
0 !LDRAW_ORG Model
0 !LICENSE Redistributable under CCAL version 2.0 : see CAreadme.txt

1 27 10 -8 -10 0 0 1 0 1 0 -1 0 0 24866.dat
1 27 10 -16 -10 0 0 1 0 1 0 -1 0 0 24866.dat
1 27 10 -24 -10 0.70711 0 0.70711 0 1 0 -0.70711 0 0.70711 24866.dat
0 STEP
1 10 10 -32 -10 0.70711 0 0.70711 0 1 0 -0.70711 0 0.70711 32607.dat
0 STEP
1 15 10 -56 -10 0.70711 0 0.70711 0 1 0 -0.70711 0 0.70711 4733.dat
0 STEP
1 191 10 -80 -10 0.70711 0 0.70711 0 1 0 -0.70711 0 0.70711 3626c.dat
0 STEP
1 15 2.9289 -56 -17.0711 0.70711 0.70711 0 0 0 -1 -0.70711 0.70711 0 11477.dat
1 15 17.07111 -56 -17.0711 0.70711 -0.70711 0 0 0 -1 0.70711 0.70711 0 11477.dat
1 15 17.07111 -56 -2.9289 -0.70711 -0.70711 0 0 0 -1 0.70711 -0.70711 0 11477.dat
1 15 2.9289 -56 -2.9289 -0.70711 0.70711 0 0 0 -1 -0.70711 -0.70711 0 11477.dat






0 FILE 40350 - Steps 37 to 41.ldr
0 Steps 37 to 41
0 Name: 40350 - Steps 37 to 41.ldr
0 Author: Vincent Messenet [Cheenzo]
0 !LDRAW_ORG Model
0 !LICENSE Redistributable under CCAL version 2.0 : see CAreadme.txt

1 27 10 -8 -10 0 0 1 0 1 0 -1 0 0 24866.dat
1 27 10 -16 -10 0 0 1 0 1 0 -1 0 0 24866.dat
1 27 10 -24 -10 0 0 1 0 1 0 -1 0 0 24866.dat
0 STEP
1 10 10 -32 -10 0.70711 0 0.70711 0 1 0 -0.70711 0 0.70711 32607.dat
0 STEP
1 15 10 -56 -10 0.70711 0 0.70711 0 1 0 -0.70711 0 0.70711 4733.dat
0 STEP
1 30 10 -80 -10 0.70711 0 0.70711 0 1 0 -0.70711 0 0.70711 3626c.dat
0 STEP
1 30 2.9289 -56 -17.0711 0.70711 0.70711 0 0 0 -1 -0.70711 0.70711 0 11477.dat
1 30 17.0711 -56 -17.0711 0.70711 -0.70711 0 0 0 -1 0.70711 0.70711 0 11477.dat
1 30 17.0711 -56 -2.9289 -0.70711 -0.70711 0 0 0 -1 0.70711 -0.70711 0 11477.dat
1 30 2.9289 -56 -2.9289 -0.70711 0.70711 0 0 0 -1 -0.70711 -0.70711 0 11477.dat






