0 FILE 41637 - Sweet Mayhem.ldr
0 Sweet Mayhem
0 Name: 41637 - Sweet Mayhem.ldr
0 Author: Vincent Messenet [Cheenzo]
0 !LDRAW_ORG Model
0 !LICENSE Redistributable under CCAL version 2.0 : see CAreadme.txt

1 15 0 -8 0 1 0 0 0 1 0 0 0 1 3031.dat
1 15 0 -16 30 1 0 0 0 1 0 0 0 1 2412b.dat
0 STEP
1 15 0 -16 -20 1 0 0 0 1 0 0 0 1 3020.dat
1 15 0 -16 10 1 0 0 0 1 0 0 0 1 3710.dat
0 STEP
1 3 0 -24 0 1 0 0 0 1 0 0 0 1 4032a.dat
0 STEP
1 4 0 -48 0 1 0 0 0 1 0 0 0 1 3941.dat
0 STEP
1 14 0 -56 10 -1 0 0 0 1 0 0 0 -1 44728.dat
1 3 0 -56 -10 1 0 0 0 1 0 0 0 1 3023.dat
0 STEP
1 15 -30 -32 30 1 0 0 0 1 0 0 0 1 3005.dat
1 15 -30 -56 30 1 0 0 0 1 0 0 0 1 3005.dat
1 15 30 -32 30 1 0 0 0 1 0 0 0 1 3005.dat
1 15 30 -56 30 1 0 0 0 1 0 0 0 1 3005.dat
0 STEP
1 16 40 -16 0 0 0 -1 0 1 0 1 0 0 41637 - Step 7.ldr
0 STEP
1 16 -40 -16 0 0 0 1 0 1 0 -1 0 0 41637 - Step 8.ldr
0 STEP
1 15 0 -40 -30 1 0 0 0 1 0 0 0 1 3010py2.dat
1 15 0 -48 -30 1 0 0 0 1 0 0 0 1 3710.dat
1 15 0 -56 -30 1 0 0 0 1 0 0 0 1 3710.dat
0 STEP
1 15 0 -64 20 1 0 0 0 1 0 0 0 1 3020.dat
1 15 -30 -64 -10 0 0 1 0 1 0 -1 0 0 2420.dat
1 15 30 -64 -10 -1 0 0 0 1 0 0 0 -1 2420.dat
1 0 0 -64 -30 1 0 0 0 1 0 0 0 1 32028.dat
0 STEP
1 71 0 -104 -30 1 0 0 0 1 0 0 0 1 22885.dat
1 71 -30 -104 -20 0 0 1 0 1 0 -1 0 0 22885.dat
1 71 -30 -104 20 0 0 1 0 1 0 -1 0 0 22885.dat
1 71 0 -104 30 -1 0 0 0 1 0 0 0 -1 22885.dat
1 71 30 -104 20 0 0 -1 0 1 0 1 0 0 22885.dat
1 71 30 -104 -20 0 0 -1 0 1 0 1 0 0 22885.dat
0 STEP
1 16 0 -64 0 1 0 0 0 1 0 0 0 1 41637 - Step 12.ldr
0 STEP
1 71 20 -144 -30 1 0 0 0 1 0 0 0 1 22885.dat
1 71 -20 -144 -30 1 0 0 0 1 0 0 0 1 22885.dat
1 71 -30 -144 0 0 0 1 0 1 0 -1 0 0 22885.dat
1 71 -20 -144 30 -1 0 0 0 1 0 0 0 -1 22885.dat
1 71 20 -144 30 -1 0 0 0 1 0 0 0 -1 22885.dat
1 71 30 -144 0 0 0 -1 0 1 0 1 0 0 22885.dat
0 STEP
1 15 0 -152 0 1 0 0 0 1 0 0 0 1 3020.dat
1 15 0 -152 30 1 0 0 0 1 0 0 0 1 15573.dat
1 15 0 -152 -30 1 0 0 0 1 0 0 0 1 15573.dat
0 STEP
1 15 -30 -144 0 1 0 0 0 1 0 0 0 1 93273.dat
1 15 30 -144 0 1 0 0 0 1 0 0 0 1 93273.dat
1 15 0 -160 10 1 0 0 0 1 0 0 0 1 15573.dat
1 15 0 -160 -10 1 0 0 0 1 0 0 0 1 15573.dat
1 26 0 -160 30 1 0 0 0 1 0 0 0 1 3024.dat
1 26 0 -160 -30 1 0 0 0 1 0 0 0 1 3024.dat
0 STEP
1 15 0 -124 -48 1 0 0 0 0 -1 0 1 0 3020.dat
1 15 0 -94 -48 1 0 0 0 0 -1 0 1 0 3710.dat
0 STEP
1 16 0 -84 -40 1 0 0 0 0 -1 0 1 0 41637 - Step 17.ldr
0 STEP
1 15 -30 -134 -56 1 0 0 0 0 -1 0 1 0 3070b.dat
1 15 30 -134 -56 1 0 0 0 0 -1 0 1 0 3070b.dat
1 15 0 -134 -56 1 0 0 0 0 -1 0 1 0 15573.dat
1 15 -20 -104 -56 -1 0 0 0 0 1 0 1 0 35787.dat
1 15 20 -104 -56 0 0 1 1 0 0 0 1 0 35787.dat
1 0 -20 -104 -56 1 0 0 0 0 -1 0 1 0 35787.dat
1 0 20 -104 -56 0 0 -1 -1 0 0 0 1 0 35787.dat
0 STEP
1 26 0 -134 -64 1 0 0 0 0 -1 0 1 0 49668.dat
0 STEP
1 29 -48 -104 0 0 1 0 -1 0 0 0 0 1 87580.dat
1 15 -48 -104 30 0 1 0 -1 0 0 0 0 1 2431.dat
1 15 -48 -104 -30 0 1 0 -1 0 0 0 0 1 2431.dat
1 15 -48 -134 0 0 1 0 0 0 -1 -1 0 0 3023.dat
1 15 -48 -74 0 0 1 0 0 0 -1 -1 0 0 3023.dat
0 STEP
1 15 -56 -104 0 0 1 0 -0.93969 0 -0.34202 -0.34202 0 0.93969 4032a.dat
1 26 -56 -114 -10 0 1 0 -1 0 0 0 0 1 27925.dat
1 26 -56 -94 -10 0 1 0 0 0 -1 -1 0 0 27925.dat
1 26 -56 -94 10 0 1 0 1 0 0 0 0 -1 27925.dat
1 26 -56 -114 10 0 1 0 0 0 1 1 0 0 27925.dat
0 STEP
1 15 -64 -109.9767 -12.8171 0 1 0 -0.93969 0 -0.34202 -0.34202 0 0.93969 25269.dat
1 15 -64 -91.1829 -5.9767 0 1 0 0.34202 0 -0.93969 -0.93969 0 -0.34202 25269.dat
1 15 -64 -117.6808 37.5877 0 1 0 0.93969 0 0.34202 0.34202 0 -0.93969 41770.dat
0 STEP
1 29 48 -104 0 0 -1 0 -1 0 0 0 0 -1 87580.dat
1 15 48 -104 -30 0 -1 0 -1 0 0 0 0 -1 2431.dat
1 15 48 -104 30 0 -1 0 -1 0 0 0 0 -1 2431.dat
1 15 48 -134 0 0 -1 0 0 0 -1 1 0 0 3023.dat
1 15 48 -74 0 0 -1 0 0 0 -1 1 0 0 3023.dat
0 STEP
1 15 56 -104 0 0 -1 0 0.93969 0 -0.34202 0.34202 0 0.93969 4032a.dat
1 26 56 -114 10 0 -1 0 -1 0 0 0 0 -1 27925.dat
1 26 56 -94 10 0 -1 0 0 0 -1 1 0 0 27925.dat
1 26 56 -94 -10 0 -1 0 1 0 0 0 0 1 27925.dat
1 26 56 -114 -10 0 -1 0 0 0 1 -1 0 0 27925.dat
0 STEP
1 15 64 -91.1828 -5.9767 0 -1 0 0.93969 0 -0.34202 0.34202 0 0.93969 25269.dat
1 15 64 -109.9767 -12.8171 0 -1 0 0.34202 0 0.93969 -0.93969 0 0.34202 25269.dat
1 15 64 -117.6807 37.5877 0 -1 0 -0.93969 0 0.34202 -0.34202 0 -0.93969 41769.dat
0 STEP
1 15 0 -104 48 1 0 0 0 0 1 0 -1 0 3031.dat
0 STEP
1 15 0 -124 56 1 0 0 0 0 1 0 -1 0 87079.dat
1 15 0 -84 56 1 0 0 0 0 1 0 -1 0 87079.dat
0 STEP
1 15 0 0 0 1 0 0 0 1 0 0 0 1 3020.dat
1 5 58 0.55 1.45 0 -1 0 -1 0 0 0 0 -1 39739.dat
0 STEP
1 15 -30 24 0 0 0 1 0 1 0 -1 0 0 3023.dat
1 26 -30 16 0 0 0 1 0 1 0 -1 0 0 3023.dat
1 15 -30 8 0 0 0 1 0 1 0 -1 0 0 3023.dat
1 15 30 24 0 0 0 1 0 1 0 -1 0 0 3023.dat
1 26 30 16 0 0 0 1 0 1 0 -1 0 0 3023.dat
1 15 30 8 0 0 0 1 0 1 0 -1 0 0 3023.dat
0 STEP
1 26 0 -168 20 0 0 1 0 1 0 -1 0 0 3023.dat
1 26 0 -168 -10 1 0 0 0 1 0 0 0 1 3024.dat
1 26 0 -176 -30 1 0 0 0 1 0 0 0 1 6091.dat
0 STEP
1 16 10 -144 20 0 0 1 0 1 0 -1 0 0 41637 - Step 31.ldr
0 STEP
1 16 1 -33 71.9441 -1 0 0 0 0 1 0 1 0 41637 - Steps 32 to 38.ldr
0 STEP
1 16 -58.6789 -66.9576 72 -0.57358 0 -0.81915 -0.81915 0 0.57358 0 1 0 41637 - Step 40.ldr
0 STEP
1 16 58.6787 -66.9577 64 -0.57358 0 0.81915 0.81915 0 0.57358 0 1 0 41637 - Step 41.ldr
0 STEP
1 16 -44 -17.9365 -39.9105 0 0 1 0 1 0 -1 0 0 41637 - Step 42.ldr
0 STEP
1 0 0 32 -10 1 0 0 0 1 0 0 0 1 41740.dat
1 0 0 32 -30 1 0 0 0 1 0 0 0 1 2431.dat
1 0 0 32 20 1 0 0 0 1 0 0 0 1 87079.dat
1 0 0 40 0 1 0 0 0 1 0 0 0 1 3958.dat






0 FILE 41637 - Step 7.ldr
0 Step 7
0 Name: 41637 - Step 7.ldr
0 Author: Vincent Messenet [Cheenzo]
0 !LDRAW_ORG Model
0 !LICENSE Redistributable under CCAL version 2.0 : see CAreadme.txt

1 71 0 -40 10 1 0 0 0 1 0 0 0 1 22885.dat
1 3 0 -10 -8 1 0 0 0 0 -1 0 1 0 3023.dat
0 STEP
1 15 0 -30 -24 -1 0 0 0 0 1 0 1 0 37352.dat
1 15 0 -10 -16 1 0 0 0 0 -1 0 1 0 11476.dat






0 FILE 41637 - Step 8.ldr
0 Step 8
0 Name: 41637 - Step 8.ldr
0 Author: Vincent Messenet [Cheenzo]
0 !LDRAW_ORG Model
0 !LICENSE Redistributable under CCAL version 2.0 : see CAreadme.txt

1 71 0 -40 10 1 0 0 0 1 0 0 0 1 22885.dat
1 3 0 -10 -8 1 0 0 0 0 -1 0 1 0 3023.dat
0 STEP
1 15 0 -30 -24 -1 0 0 0 0 1 0 1 0 37352.dat
1 15 0 -10 -16 1 0 0 0 0 -1 0 1 0 63868.dat






0 FILE 41637 - Step 12.ldr
0 Step 12
0 Name: 41637 - Step 12.ldr
0 Author: Vincent Messenet [Cheenzo]
0 !LDRAW_ORG Model
0 !LICENSE Redistributable under CCAL version 2.0 : see CAreadme.txt

1 2 0 -24 0 1 0 0 0 1 0 0 0 1 3003.dat
1 2 0 -48 0 1 0 0 0 1 0 0 0 1 3003.dat
0 STEP
1 3 0 -56 0 1 0 0 0 1 0 0 0 1 4032a.dat
1 29 0 -80 0 1 0 0 0 1 0 0 0 1 3003.dat






0 FILE 41637 - Step 17.ldr
0 Step 17
0 Name: 41637 - Step 17.ldr
0 Author: Vincent Messenet [Cheenzo]
0 !LDRAW_ORG Model
0 !LICENSE Redistributable under CCAL version 2.0 : see CAreadme.txt

1 26 0 -8 -10 1 0 0 0 1 0 0 0 1 3023.dat
0 STEP
1 0 0 -16 -10 1 0 0 0 1 0 0 0 1 2431.dat
0 STEP
1 15 -30 -8 -10 1 0 0 0 1 0 0 0 1 3024.dat
1 15 30 -8 -10 0 0 -1 0 1 0 1 0 0 36840.dat






0 FILE 41637 - Step 31.ldr
0 Step 31
0 Name: 41637 - Step 31.ldr
0 Author: Vincent Messenet [Cheenzo]
0 !LDRAW_ORG Model
0 !LICENSE Redistributable under CCAL version 2.0 : see CAreadme.txt

1 26 -30 -24 -10 0 0 1 0 1 0 -1 0 0 3665a.dat
1 26 0 -32 -10 1 0 0 0 1 0 0 0 1 6636.dat






0 FILE 41637 - Steps 32 to 38.ldr
0 Steps 32 to 38
0 Name: 41637 - Steps 32 to 38.ldr
0 Author: Vincent Messenet [Cheenzo]
0 !LDRAW_ORG Model
0 !LICENSE Redistributable under CCAL version 2.0 : see CAreadme.txt

1 15 1 -16 -13 1 0 0 0 1 0 0 0 1 32803.dat
0 STEP
1 71 -9 -16 7 0 0 1 0 1 0 -1 0 0 60897.dat
1 71 11 -16 7 0 0 -1 0 1 0 1 0 0 60897.dat
0 STEP
1 15 21 -24 -23 -0.42262 0 0.90631 0 1 0 -0.90631 0 -0.42262 2429.dat
1 15 21 -24 -23 0 0 -1 0 1 0 1 0 0 2430.dat
1 15 -19 -24 -23 0 0 1 0 1 0 -1 0 0 2429.dat
1 15 -19 -24 -23 -0.42262 0 -0.90631 0 1 0 0.90631 0 -0.42262 2430.dat
0 STEP
1 71 1 -32 -3 1 0 0 0 1 0 0 0 1 3022.dat
0 STEP
1 16 -35.9 -16 13.25237 0.42262 0 0.90631 0 1 0 -0.90631 0 0.42262 41637 - step 36.ldr
0 STEP
1 16 37.9 -16 13.25237 -0.42262 0 0.90631 0 1 0 -0.90631 0 -0.42262 41637 - step 37.ldr
0 STEP
1 70 -9 -40 7 1 0 0 0 1 0 0 0 1 20482.dat
1 70 11 -40 7 1 0 0 0 1 0 0 0 1 20482.dat
1 70 11 -40 -13 1 0 0 0 1 0 0 0 1 20482.dat
1 70 -9 -40 -13 1 0 0 0 1 0 0 0 1 20482.dat






0 FILE 41637 - Step 36.ldr
0 Step 36
0 Name: 41637 - Step 36.ldr
0 Author: Vincent Messenet [Cheenzo]
0 !LDRAW_ORG Model
0 !LICENSE Redistributable under CCAL version 2.0 : see CAreadme.txt

1 15 -20 -8 0 0 0 1 0 1 0 -1 0 0 24307.dat
0 STEP
1 302 0 -16 -10 1 0 0 0 1 0 0 0 1 2431.dat






0 FILE 41637 - Step 37.ldr
0 Step 37
0 Name: 41637 - Step 37.ldr
0 Author: Vincent Messenet [Cheenzo]
0 !LDRAW_ORG Model
0 !LICENSE Redistributable under CCAL version 2.0 : see CAreadme.txt

1 15 -20 -8 0 0 0 1 0 1 0 -1 0 0 24299.dat
0 STEP
1 302 0 -16 10 1 0 0 0 1 0 0 0 1 2431.dat






0 FILE 41637 - Step 40.ldr
0 Step 40
0 Name: 41637 - Step 40.ldr
0 Author: Vincent Messenet [Cheenzo]
0 !LDRAW_ORG Model
0 !LICENSE Redistributable under CCAL version 2.0 : see CAreadme.txt

1 15 -10 0 -10 0 0 -1 0 1 0 1 0 0 24201.dat
0 STEP
1 15 -30 0 0 0 0 1 0 1 0 -1 0 0 88072.dat
0 STEP
1 302 0 -8 -10 1 0 0 0 1 0 0 0 1 2431.dat
0 STEP
1 15 -20 8 10 0 0 -1 0 1 0 1 0 0 29120.dat






0 FILE 41637 - Step 41.ldr
0 Step 41
0 Name: 41637 - Step 41.ldr
0 Author: Vincent Messenet [Cheenzo]
0 !LDRAW_ORG Model
0 !LICENSE Redistributable under CCAL version 2.0 : see CAreadme.txt

1 15 10 8 -10 0 0 1 0 1 0 -1 0 0 24201.dat
0 STEP
1 15 30 8 0 0 0 -1 0 1 0 1 0 0 88072.dat
0 STEP
1 302 0 0 -10 -1 0 0 0 1 0 0 0 -1 2431.dat
0 STEP
1 15 20 16 10 0 0 1 0 1 0 -1 0 0 29119.dat






0 FILE 41637 - Step 42.ldr
0 Step 42
0 Name: 41637 - Step 42.ldr
0 Author: Vincent Messenet [Cheenzo]
0 !LDRAW_ORG Model
0 !LICENSE Redistributable under CCAL version 2.0 : see CAreadme.txt

1 15 -10 -9 -10 0 0 -1 0 1 0 1 0 0 13608.dat
1 15 21.1085 -33.6721 -10 0 0.95106 -0.30902 0 -0.30902 -0.95106 -1 0 0 20482.dat
0 STEP
1 37 28.7169 -36.1442 -10 0 0.95106 -0.30902 0 -0.30902 -0.95106 -1 0 0 6141.dat














