0 FILE 41999 - main.ldr
0 main
0 Name: 41999 - main.ldr
0 Author: LDCad
0 !LDRAW_ORG Model
0 !LICENSE Redistributable under CCAL version 2.0 : see CAreadme.txt

1 71 0 0 -70 1 0 0 0 1 0 0 0 1 41999 - step5-motor.ldr
0 STEP
1 4 0 0 -10 0 0 -1 0 1 0 1 0 0 32062.dat
1 4 0 0 10 -1 0 0 0 1 0 0 0 -1 59443.dat
1 4 0 0 30 0 0 -1 0 1 0 1 0 0 32062.dat
1 4 0 0 50 -1 0 0 0 1 0 0 0 -1 59443.dat
0 STEP
1 1 40 0 -60 -1 0 0 0 1 0 0 0 -1 6558.dat
1 1 40 0 60 -1 0 0 0 1 0 0 0 -1 6558.dat
1 1 -40 0 -60 1 0 0 0 1 0 0 0 1 6558.dat
1 1 -40 0 60 1 0 0 0 1 0 0 0 1 6558.dat
1 71 0 0 120 1 0 0 0 1 0 0 0 1 92910.dat
1 71 0 0 -120 -1 0 0 0 1 0 0 0 -1 92910.dat
0 STEP
1 1 -60 0 -20 -1 0 0 0 1 0 0 0 -1 6558.dat
1 1 -60 0 20 -1 0 0 0 1 0 0 0 -1 6558.dat
1 1 60 0 -20 1 0 0 0 1 0 0 0 1 6558.dat
1 1 60 0 20 1 0 0 0 1 0 0 0 1 6558.dat
0 STEP
1 4 60 0 0 0 -1 0 1 0 0 0 0 1 40490.dat
1 4 -60 0 0 0 -1 0 1 0 0 0 0 1 40490.dat
1 0 70 0 -80 1 0 0 0 1 0 0 0 1 2780.dat
1 0 70 0 80 1 0 0 0 1 0 0 0 1 2780.dat
1 0 -70 0 80 1 0 0 0 1 0 0 0 1 2780.dat
1 0 -70 0 -80 1 0 0 0 1 0 0 0 1 2780.dat
0 STEP
1 71 80 -40 0 0 1 0 -1 0 0 0 0 1 64179.dat
1 71 -80 -40 0 0 1 0 -1 0 0 0 0 1 64179.dat
0 STEP
1 0 0 -40 -70 0 0 1 0 1 0 -1 0 0 2780.dat
1 0 80 -40 -70 0 0 1 0 1 0 -1 0 0 2780.dat
1 0 -80 -40 -70 0 0 1 0 1 0 -1 0 0 2780.dat
1 4 0 -40 -80 0 0 1 1 0 0 0 1 0 40490.dat
0 STEP
1 0 80 -40 70 0 0 1 0 1 0 -1 0 0 2780.dat
1 0 -80 -40 70 0 0 1 0 1 0 -1 0 0 2780.dat
1 4 0 -40 80 0 0 1 1 0 0 0 1 0 40490.dat
0 STEP
1 4 -80 -80 -140 0 -1 0 0.6 0 0.8 -0.8 0 0.6 32525.dat
1 4 -80 -80 140 0 -1 0 0.6 0 -0.8 0.8 0 0.6 32525.dat
0 STEP
1 4 0 -80 140 1 0 0 0 0.6 -0.8 0 0.8 0.6 41999 - step15-1.ldr
1 4 0 -80 -140 1 0 0 0 0.6 0.8 0 -0.8 0.6 41999 - step15-2.ldr
0 STEP
1 14 0 -160 200 1 0 0 0 0.6 -0.8 0 0.8 0.6 41999 - step16.ldr
1 16 0 -160 200 1 0 0 0 -0.439 -0.898 0 0.898 -0.439 41999 - step16-2.ldr
1 4 80 -80 140 0 -1 0 0.6 0 -0.8 0.8 0 0.6 32525.dat
0 STEP
1 4 0 -160 -200 1 0 0 0 1 0 0 0 1 41999 - step17.ldr
1 4 80 -80 -140 0 -1 0 0.6 0 0.8 -0.8 0 0.6 32525.dat
0 STEP
1 1 100 -80 -60 -1 0 0 0 1 0 0 0 -1 6558.dat
1 1 100 -80 60 -1 0 0 0 1 0 0 0 -1 6558.dat
1 4 100 -80 0 0 -1 0 1 0 0 0 0 1 32278.dat
1 0 90 -80 -80 1 0 0 0 1 0 0 0 1 2780.dat
1 0 90 -80 80 1 0 0 0 1 0 0 0 1 2780.dat
1 4 -100 -80 0 0 1 0 -1 0 0 0 0 1 32278.dat
1 0 -90 -80 -80 -1 0 0 0 -1 0 0 0 1 2780.dat
1 1 -100 -80 -60 1 0 0 0 -1 0 0 0 -1 6558.dat
1 1 -100 -80 60 1 0 0 0 -1 0 0 0 -1 6558.dat
1 0 -90 -80 80 -1 0 0 0 -1 0 0 0 1 2780.dat
0 STEP
1 71 0 0 -120 -1 0 0 0 -1 0 0 0 1 41999 - step20-1.ldr
1 71 0 0 -120 -1 0 0 0 -1 0 0 0 1 41999 - step20-2.ldr
0 STEP
1 71 0 0 120 1 0 0 0 -1 0 0 0 -1 41999 - step20-1.ldr
1 71 0 0 120 1 0 0 0 -1 0 0 0 -1 41999 - step20-2.ldr
0 STEP
1 71 0 0 -120 1 0 0 0 0.993 -0.122 0 0.122 0.993 41999 - step26-1.ldr
0 STEP
1 71 0 0 120 1 0 0 0 0.993 0.122 0 -0.122 0.993 41999 - step26-2.ldr
0 STEP
1 71 120 18.069 266.893 0 0 1 -0.122 0.993 0 -0.993 -0.122 0 41999 - step27.ldr
1 71 -120 18.069 266.893 0 0 -1 -0.122 -0.993 0 -0.993 0.122 0 41999 - step27.ldr
1 71 120 18.069 -266.893 0 0 1 -0.122 -0.993 0 0.993 -0.122 0 41999 - step27.ldr
1 71 -120 18.069 -266.893 0 0 -1 -0.122 0.993 0 0.993 0.122 0 41999 - step27.ldr
0 STEP
1 71 120 25.028 -323.466 1 0 0 0 0.993 -0.122 0 0.122 0.993 32123b.dat
1 71 -120 25.028 -323.466 1 0 0 0 0.993 -0.122 0 0.122 0.993 32123b.dat
1 71 120 25.028 323.466 1 0 0 0 0.993 0.122 0 -0.122 0.993 32123b.dat
1 71 -120 25.028 323.466 1 0 0 0 0.993 0.122 0 -0.122 0.993 32123b.dat
0 STEP
1 1 0 27.176 -177.109 1 0 0 0 0.993 -0.122 0 0.122 0.993 41999 - step30.ldr
1 1 100 30.838 -206.885 0 0 1 0.122 0.993 0 -0.993 0.122 0 41999 - step30-1.ldr
0 STEP
1 1 -100 30.838 -206.885 1 0 0 0 0.993 -0.122 0 0.122 0.993 41999 - step30-1.ldr
0 STEP
1 0 0 7.325 -179.551 -1 0 0 0 0.993 0.122 0 0.122 -0.993 32270.dat
0 STEP
1 4 0 9.767 -199.402 1 0 0 0 0.993 -0.122 0 0.122 0.993 41999 - step33.ldr
0 STEP
1 1 0 27.176 177.109 -1 0 0 0 0.993 -0.122 0 -0.122 -0.993 41999 - step30.ldr
1 1 100 30.838 206.885 0 0 1 -0.122 0.993 0 -0.993 -0.122 0 41999 - step30-1.ldr
0 STEP
1 1 -100 30.838 206.885 1 0 0 0 0.993 0.122 0 -0.122 0.993 41999 - step30-1.ldr
0 STEP
1 0 0 7.325 179.551 -1 0 0 0 0.993 -0.122 0 -0.122 -0.993 32270.dat
0 STEP
1 4 0 9.767 199.402 -1 0 0 0 0.993 -0.122 0 -0.122 -0.993 41999 - step33.ldr
0 STEP
1 4 0 70.539 202.001 0 0 -1 0.122 0.993 0 0.993 -0.122 0 32525.dat
1 4 0 70.539 -202.001 0 0 -1 -0.122 0.993 0 0.993 0.122 0 32525.dat
0 STEP
1 0 -90 0 -60 1 0 0 0 1 0 0 0 1 6628.dat
1 0 -90 0 60 1 0 0 0 1 0 0 0 1 6628.dat
1 0 90 0 -60 -1 0 0 0 1 0 0 0 -1 6628.dat
1 0 90 0 60 -1 0 0 0 1 0 0 0 -1 6628.dat
0 STEP
1 1 40 -2.758 -261.394 1 0 0 0 0.993 -0.122 0 0.122 0.993 41999 - step44.ldr
0 STEP
1 1 -40 -2.758 -261.394 1 0 0 0 0.993 -0.122 0 0.122 0.993 41999 - step45.ldr
0 STEP
1 71 60 -14.967 -162.143 1 0 0 0 -0.993 0.122 0 -0.122 -0.993 6536.dat
1 71 -60 -14.967 -162.143 1 0 0 0 -0.993 0.122 0 -0.122 -0.993 6536.dat
1 0 -60 -33.596 -174.51 0 0 1 0.122 0.993 0 -0.993 0.122 0 2780.dat
1 0 60 -33.596 -174.51 0 0 1 0.122 0.993 0 -0.993 0.122 0 2780.dat
0 STEP
1 4 0 -32.375 -184.435 0 0 1 0.993 -0.122 0 0.122 0.993 0 32524.dat
0 STEP
1 0 0 -14.062 -333.313 1 0 0 0 0.993 -0.122 0 0.122 0.993 41999 - step48.ldr
0 STEP
1 4 -120 117.565 -256.669 -1 0 0 0 0.993 0.122 0 0.122 -0.993 3713.dat
1 4 120 117.565 -256.669 -1 0 0 0 0.993 0.122 0 0.122 -0.993 3713.dat
1 4 -120 117.565 256.669 1 0 0 0 0.993 0.122 0 -0.122 0.993 3713.dat
1 4 120 117.565 256.669 1 0 0 0 0.993 0.122 0 -0.122 0.993 3713.dat
1 1 -70 47.026 -174.668 1 0 0 0 0.993 -0.122 0 0.122 0.993 43093.dat
1 1 -70 44.584 -154.817 1 0 0 0 0.993 -0.122 0 0.122 0.993 43093.dat
1 1 -70 44.584 154.817 1 0 0 0 0.993 0.122 0 -0.122 0.993 43093.dat
1 1 -70 47.026 174.668 1 0 0 0 0.993 0.122 0 -0.122 0.993 43093.dat
1 1 70 47.026 174.668 -1 0 0 0 0.993 -0.122 0 -0.122 -0.993 43093.dat
1 1 70 44.584 154.817 -1 0 0 0 0.993 -0.122 0 -0.122 -0.993 43093.dat
1 1 70 44.584 -154.817 -1 0 0 0 0.993 0.122 0 0.122 -0.993 43093.dat
1 1 70 47.026 -174.668 -1 0 0 0 0.993 0.122 0 0.122 -0.993 43093.dat
0 STEP
1 4 -80 -14.967 -162.143 0 -1 0 0.122 0 0.993 -0.993 0 0.122 32140.dat
1 0 -90 4.884 -159.701 1 0 0 0 0.122 0.993 0 -0.993 0.122 6628.dat
1 0 -100 0 -60 0 1 0 0.999 0 0.049 0.049 0 -0.999 2739a.dat
1 4 80 -14.967 -162.143 0 -1 0 0.122 0 0.993 -0.993 0 0.122 32140.dat
1 0 90 4.884 -159.701 -1 0 0 0 0.122 -0.993 0 -0.993 -0.122 6628.dat
1 0 100 0 -60 0 -1 0 -0.999 0 0.049 -0.049 0 -0.999 2739a.dat
0 STEP
1 0 0 41.669 -376.834 1 0 0 0 0.993 -0.122 0 0.122 0.993 41999 - step51.ldr
1 1 40 69.002 -353.321 -1 0 0 0 0.993 0.122 0 0.122 -0.993 6558.dat
1 1 -40 69.002 -353.321 1 0 0 0 -0.993 0.122 0 -0.122 -0.993 6558.dat
0 STEP
1 1 40 31.743 -378.055 1 0 0 0 0.993 -0.122 0 0.122 0.993 41999 - step52.ldr
0 STEP
1 71 0 11.893 -380.497 0 1 0 -0.993 0 -0.122 -0.122 0 0.993 44809.dat
1 71 0 11.893 -380.497 1 0 0 0 0.993 -0.122 0 0.122 0.993 32073.dat
0 STEP
1 4 60 66.561 -333.471 0 1 0 0.122 0 -0.993 -0.993 0 -0.122 32140.dat
1 0 50 9.451 -360.646 1 0 0 0 0.993 -0.122 0 0.122 0.993 2780.dat
1 0 50 7.009 -340.796 1 0 0 0 0.993 -0.122 0 0.122 0.993 2780.dat
1 1 50 66.561 -333.471 1 0 0 0 0.993 -0.122 0 0.122 0.993 43093.dat
0 STEP
1 4 -60 66.561 -333.471 0 1 0 0.122 0 -0.993 -0.993 0 -0.122 32140.dat
1 0 -50 9.451 -360.646 1 0 0 0 0.993 -0.122 0 0.122 0.993 2780.dat
1 0 -50 7.009 -340.796 1 0 0 0 0.993 -0.122 0 0.122 0.993 2780.dat
1 1 -50 66.561 -333.471 -1 0 0 0 0.993 0.122 0 0.122 -0.993 43093.dat
0 STEP
1 4 -60 70.223 -363.246 0 1 0 0.993 0 0.122 0.122 0 -0.993 43857.dat
1 4 60 70.223 -363.246 0 1 0 0.993 0 0.122 0.122 0 -0.993 43857.dat
0 STEP
1 1 -40 -2.758 261.394 -1 0 0 0 0.993 -0.122 0 -0.122 -0.993 41999 - step44.ldr
0 STEP
1 1 40 -2.758 261.394 -1 0 0 0 0.993 -0.122 0 -0.122 -0.993 41999 - step45.ldr
0 STEP
1 71 60 -14.967 162.143 -1 0 0 0 -0.993 0.122 0 0.122 0.993 6536.dat
1 71 -60 -14.967 162.143 -1 0 0 0 -0.993 0.122 0 0.122 0.993 6536.dat
1 0 -60 -33.596 174.51 0 0 1 -0.122 0.993 0 -0.993 -0.122 0 2780.dat
1 0 60 -33.596 174.51 0 0 1 -0.122 0.993 0 -0.993 -0.122 0 2780.dat
0 STEP
1 4 0 -32.375 184.435 0 0 1 -0.993 -0.122 0 0.122 -0.993 0 32524.dat
0 STEP
1 0 0 -14.062 333.313 -1 0 0 0 0.993 -0.122 0 -0.122 -0.993 41999 - step61.ldr
0 STEP
1 4 80 -14.967 162.143 0 1 0 0.122 0 0.993 0.993 0 -0.122 32140.dat
1 0 90 4.884 159.701 -1 0 0 0 0.122 0.993 0 0.993 -0.122 6628.dat
1 0 100 0 60 0 -1 0 0.999 0 0.049 -0.049 0 0.999 2739a.dat
1 4 -80 -14.967 162.143 0 1 0 0.122 0 0.993 0.993 0 -0.122 32140.dat
1 0 -90 4.884 159.701 1 0 0 0 0.122 -0.993 0 0.993 0.122 6628.dat
1 0 -100 0 60 0 1 0 -0.999 0 0.049 0.049 0 0.999 2739a.dat
0 STEP
1 0 0 41.669 376.834 -1 0 0 0 0.993 -0.122 0 -0.122 -0.993 41999 - step51.ldr
1 1 -40 69.002 353.321 1 0 0 0 0.993 0.122 0 -0.122 0.993 6558.dat
1 1 40 69.002 353.321 -1 0 0 0 -0.993 0.122 0 0.122 0.993 6558.dat
0 STEP
1 1 -40 31.743 378.055 -1 0 0 0 0.993 -0.122 0 -0.122 -0.993 41999 - step52.ldr
0 STEP
1 71 0 11.893 380.497 0 -1 0 -0.993 0 -0.122 0.122 0 -0.993 44809.dat
1 71 0 11.893 380.497 1 0 0 0 0.993 0.122 0 -0.122 0.993 32073.dat
0 STEP
1 4 -60 66.561 333.471 0 -1 0 0.122 0 -0.993 0.993 0 0.122 32140.dat
1 0 -50 7.009 340.796 1 0 0 0 0.993 0.122 0 -0.122 0.993 2780.dat
1 0 -50 9.451 360.646 1 0 0 0 0.993 0.122 0 -0.122 0.993 2780.dat
1 1 -50 66.561 333.471 -1 0 0 0 0.993 -0.122 0 -0.122 -0.993 43093.dat
1 4 60 66.561 333.471 0 -1 0 0.122 0 -0.993 0.993 0 0.122 32140.dat
1 0 50 7.009 340.796 1 0 0 0 0.993 0.122 0 -0.122 0.993 2780.dat
1 0 50 9.451 360.646 1 0 0 0 0.993 0.122 0 -0.122 0.993 2780.dat
1 1 50 66.561 333.471 1 0 0 0 0.993 0.122 0 -0.122 0.993 43093.dat
0 STEP
1 4 60 70.223 363.246 0 -1 0 -0.993 0 -0.122 0.122 0 -0.993 43857.dat
1 4 -60 70.223 363.246 0 -1 0 -0.993 0 -0.122 0.122 0 -0.993 43857.dat
0 STEP
1 71 -120 -160 0 1 0 0 0 1 0 0 0 1 41999 - step68.ldr
0 STEP
1 71 -120 -160 -200 0 0 1 1 0 0 0 1 0 42003.dat
1 1 -120 -150 -220 0 0 -1 -1 0 0 0 1 0 43093.dat
1 1 -120 -150 220 0 0 1 -1 0 0 0 -1 0 43093.dat
1 71 -120 -160 200 0 0 -1 1 0 0 0 -1 0 42003.dat
0 STEP
1 0 0 -160 -260 1 0 0 0 1 0 0 0 1 41999 - step70.ldr
0 STEP
1 71 0 -160 260 1 0 0 0 1 0 0 0 1 41999 - step72.ldr
0 STEP
1 1 -120 -150 300 0 0 1 -1 0 0 0 -1 0 43093.dat
1 71 -120 -160 280 0 0 -1 1 0 0 0 -1 0 42003.dat
1 1 -120 -150 -300 0 0 -1 -1 0 0 0 1 0 43093.dat
1 71 -120 -160 -280 0 0 1 1 0 0 0 1 0 42003.dat
0 STEP
1 4 100 -160 -200 0 -1 0 1 0 0 0 0 1 32278.dat
1 0 110 -160 -260 1 0 0 0 1 0 0 0 1 2780.dat
1 0 110 -160 -180 1 0 0 0 1 0 0 0 1 2780.dat
0 STEP
1 4 100 -160 220 0 -1 0 1 0 0 0 0 1 32278.dat
1 0 110 -160 180 1 0 0 0 1 0 0 0 1 2780.dat
1 1 120 -160 260 1 0 0 0 1 0 0 0 1 6558.dat
1 1 -80 -160 -300 0 -1 0 1 0 0 0 0 1 6558.dat
1 1 80 -160 -300 0 -1 0 1 0 0 0 0 1 6558.dat
0 STEP
1 1 100 -160 -80 -1 0 0 0 1 0 0 0 -1 6558.dat
1 1 100 -160 -120 -1 0 0 0 1 0 0 0 -1 6558.dat
1 1 100 -160 80 -1 0 0 0 1 0 0 0 -1 6558.dat
1 1 100 -160 120 -1 0 0 0 1 0 0 0 -1 6558.dat
1 0 110 -160 -60 1 0 0 0 1 0 0 0 1 2780.dat
1 4 120 -160 0 0 -1 0 1 0 0 0 0 1 41239.dat
0 STEP
1 1 120 -150 -300 0 0 -1 -1 0 0 0 1 0 43093.dat
1 71 120 -160 -280 0 0 1 1 0 0 0 1 0 42003.dat
1 1 120 -150 -220 0 0 -1 -1 0 0 0 1 0 43093.dat
1 71 120 -160 -200 0 0 1 1 0 0 0 1 0 42003.dat
1 71 120 -160 200 0 0 -1 1 0 0 0 -1 0 42003.dat
1 1 120 -150 220 0 0 1 -1 0 0 0 -1 0 43093.dat
1 71 120 -160 280 0 0 -1 1 0 0 0 -1 0 42003.dat
1 1 120 -150 300 0 0 1 -1 0 0 0 -1 0 43093.dat
0 STEP
1 4 0 -140 -300 0 0 1 0 1 0 -1 0 0 41239.dat
1 4 0 -140 -220 0 0 1 0 1 0 -1 0 0 41239.dat
1 4 0 -140 300 0 0 1 0 1 0 -1 0 0 41239.dat
1 4 0 -140 220 0 0 1 0 1 0 -1 0 0 41239.dat
0 STEP
1 4 -80 -80 -80 0 1 0 0 0 -1 -1 0 0 32526.dat
1 4 -80 -80 80 0 -1 0 0 0 -1 1 0 0 32526.dat
1 4 80 -80 80 0 -1 0 0 0 -1 1 0 0 32526.dat
1 4 80 -80 -80 0 1 0 0 0 -1 -1 0 0 32526.dat
0 STEP
1 0 70 -267.814 147.311 1 0 0 0 0.898 -0.439 0 0.439 0.898 2780.dat
1 0 -70 -267.814 147.311 1 0 0 0 0.898 -0.439 0 0.439 0.898 2780.dat
0 STEP
1 4 120 -160 -150 0 -1 0 1 0 0 0 0 1 43857.dat
1 1 120 -160 -140 -1 0 0 0 1 0 0 0 -1 6558.dat
1 1 -120 -160 -140 1 0 0 0 -1 0 0 0 -1 6558.dat
1 4 -120 -160 -150 0 1 0 -1 0 0 0 0 1 43857.dat
0 STEP
1 0 -100 -180 -10 1 0 0 0 1 0 0 0 1 41999 - step84.ldr
1 0 110 -160 0 -1 0 0 0 1 0 0 0 -1 2780.dat
1 0 110 -160 -20 -1 0 0 0 1 0 0 0 -1 2780.dat
1 0 100 -180 -10 0 -1 0 0 0 -1 1 0 0 41678.dat
1 4 100 -180 -10 0 -1 0 0 0 -1 1 0 0 32062.dat
0 STEP
1 4 0 -250 190 -1 0 0 0 1 0 0 0 -1 41999 - step85-ir.ldr
0 STEP
1 4 0 -110 0 1 0 0 0 1 0 0 0 1 41999 - step86.ldr
0 STEP
1 4 -20 -150 -100 0 0 1 -1 0 0 0 -1 0 41999 - step89.ldr
0 STEP
1 0 -20 -200 -90 0 0 1 -1 0 0 0 -1 0 41999 - step90.ldr
0 STEP
1 4 0 -180 -10 0 0 1 0 1 0 -1 0 0 41999 - step91.ldr
0 STEP
1 0 0 -120 -300 1 0 0 0 1 0 0 0 1 41999 - step92.ldr
0 STEP
1 0 0 -100 -460 1 0 0 0 1 0 0 0 1 41999 - step40.ldr
0 STEP
1 14 0 -195 -300 0 0 1 0 1 0 -1 0 0 32017.dat
0 STEP
1 4 100 -120 -280 0 -1 0 1 0 0 0 0 1 32525.dat
1 0 110 -120 -180 1 0 0 0 1 0 0 0 1 2780.dat
1 4 -100 -120 -280 0 -1 0 1 0 0 0 0 1 32525.dat
1 0 -110 -120 -180 1 0 0 0 1 0 0 0 1 2780.dat
0 STEP
1 1 110 -120 -340 1 0 0 0 0 -1 0 1 0 43093.dat
1 4 120 -120 -340 0 -1 0 0 0 -1 1 0 0 32140.dat
1 4 -120 -120 -340 0 -1 0 0 0 -1 1 0 0 32140.dat
1 1 -110 -120 -340 -1 0 0 0 0 -1 0 -1 0 43093.dat
0 STEP
1 1 120 -160 -340 -1 0 0 0 1 0 0 0 -1 6558.dat
1 1 -120 -160 -340 1 0 0 0 -1 0 0 0 -1 6558.dat
0 STEP
1 4 140 -160 -260 0 -1 0 1 0 0 0 0 1 32278.dat
1 1 160 -160 -260 1 0 0 0 1 0 0 0 1 6558.dat
1 0 150 -160 -400 1 0 0 0 1 0 0 0 1 2780.dat
1 0 150 -160 -360 1 0 0 0 1 0 0 0 1 2780.dat
1 0 150 -160 -280 1 0 0 0 1 0 0 0 1 2780.dat
1 1 150 -160 -180 1 0 0 0 1 0 0 0 1 4274.dat
1 1 150 -160 -160 1 0 0 0 1 0 0 0 1 4274.dat
1 4 -140 -160 -260 0 1 0 -1 0 0 0 0 1 32278.dat
1 1 -160 -160 -260 -1 0 0 0 1 0 0 0 -1 6558.dat
1 0 -150 -160 -400 1 0 0 0 1 0 0 0 1 2780.dat
1 0 -150 -160 -360 1 0 0 0 1 0 0 0 1 2780.dat
1 0 -150 -160 -280 1 0 0 0 1 0 0 0 1 2780.dat
1 1 -150 -160 -180 -1 0 0 0 1 0 0 0 -1 4274.dat
1 1 -150 -160 -160 -1 0 0 0 1 0 0 0 -1 4274.dat
0 STEP
1 272 160 -160 -340 0 1 0 1 0 0 0 0 -1 32526.dat
1 0 170 -160 -340 1 0 0 0 1 0 0 0 1 2780.dat
1 0 170 -160 -380 1 0 0 0 1 0 0 0 1 2780.dat
1 272 -160 -160 -340 0 1 0 1 0 0 0 0 -1 32526.dat
1 0 -170 -160 -340 1 0 0 0 1 0 0 0 1 2780.dat
1 0 -170 -160 -380 1 0 0 0 1 0 0 0 1 2780.dat
0 STEP
1 4 120 -80 40 0 -1 0 1 0 0 0 0 1 32525.dat
1 0 110 -80 120 -1 0 0 0 1 0 0 0 -1 2780.dat
0 STEP
1 1 100 -120 -80 1 0 0 0 1 0 0 0 1 41999 - step48-1.ldr
0 STEP
1 71 120 -140 -180 1 0 0 0 1 0 0 0 1 41999 - step49.ldr
0 STEP
1 272 140 -120 -190 -1 0 0 0 1 0 0 0 -1 41999 - step50.ldr
0 STEP
1 272 160 -160 -220 1 0 0 0 0 1 0 -1 0 42003.dat
1 272 160 -160 -280 0 0 1 1 0 0 0 1 0 42003.dat
1 1 160 -170 -300 0 0 -1 1 0 0 0 -1 0 43093.dat
1 0 160 -170 -240 0 0 -1 1 0 0 0 -1 0 2780.dat
1 1 160 -160 -220 0 0 -1 1 0 0 0 -1 0 6558.dat
0 STEP
1 71 100 -60 120 1 0 0 0 1 0 0 0 1 41999 - step52-1.ldr
0 STEP
1 272 160 -80 80 0 -1 0 1 0 0 0 0 1 32525.dat
1 0 170 -80 -20 1 0 0 0 1 0 0 0 1 2780.dat
1 0 170 -80 0 1 0 0 0 1 0 0 0 1 2780.dat
1 0 170 -80 120 1 0 0 0 1 0 0 0 1 2780.dat
0 STEP
1 0 130 -160 100 1 0 0 0 1 0 0 0 1 2780.dat
1 0 -130 -160 100 1 0 0 0 1 0 0 0 1 2780.dat
1 80 180 -80 60 0 -1 0 1 0 0 0 0 1 32524.dat
1 80 180 -80 -80 0 -1 0 1 0 0 0 0 1 32524.dat
0 STEP
1 272 120 -130 100 1 0 0 0 1 0 0 0 1 41999 - step55.ldr
0 STEP
1 0 -110 -160 320 1 0 0 0 1 0 0 0 1 2780.dat
1 0 110 -160 320 1 0 0 0 1 0 0 0 1 2780.dat
1 1 120 -160 360 1 0 0 0 -1 0 0 0 -1 6558.dat
0 STEP
1 0 0 -160 480 -1 0 0 0 1 0 0 0 -1 41999 - step57.ldr
0 STEP
1 4 -120 -160 400 0 1 0 -1 0 0 0 0 1 40490.dat
1 1 -120 -160 360 1 0 0 0 1 0 0 0 1 6558.dat
1 1 -110 -160 380 1 0 0 0 0 -1 0 1 0 4274.dat
1 0 -140 -160 420 -1 0 0 0 0 -1 0 -1 0 87082.dat
0 STEP
1 0 -130 -100 520 1 0 0 0 1 0 0 0 1 2780.dat
1 0 -140 -120 520 0 0 -1 0 1 0 1 0 0 6536.dat
1 1 -140 -120 510 0 0 -1 0 1 0 1 0 0 43093.dat
1 272 -160 -140 500 1 0 0 0 -1 0 0 0 -1 87086.dat
1 0 -160 -150 460 0 -1 0 1 0 0 0 0 1 2780.dat
1 1 -160 -160 440 0 -1 0 -1 0 0 0 0 -1 6558.dat
0 STEP
1 0 -80 -130 540 0 1 0 -1 0 0 0 0 1 2780.dat
1 0 80 -130 540 0 1 0 -1 0 0 0 0 1 2780.dat
1 1 -40 -130 540 0 1 0 -1 0 0 0 0 1 43093.dat
1 1 40 -130 540 0 1 0 -1 0 0 0 0 1 43093.dat
1 80 40 -140 540 0 0 1 0 1 0 -1 0 0 32271.dat
1 80 -40 -140 540 0 0 -1 0 -1 0 -1 0 0 32271.dat
0 STEP
1 0 0 -140 520 -1 0 0 0 1 0 0 0 -1 41999 - step61-1.ldr
0 STEP
1 4 -140 -160 220 0 1 0 -1 0 0 0 0 1 32278.dat
1 0 -150 -160 120 1 0 0 0 1 0 0 0 1 2780.dat
1 0 -150 -160 140 1 0 0 0 1 0 0 0 1 2780.dat
1 0 -150 -160 220 1 0 0 0 1 0 0 0 1 2780.dat
1 0 -150 -160 340 1 0 0 0 1 0 0 0 1 2780.dat
1 4 140 -160 220 0 -1 0 1 0 0 0 0 1 32278.dat
1 0 150 -160 120 1 0 0 0 1 0 0 0 1 2780.dat
1 0 150 -160 140 1 0 0 0 1 0 0 0 1 2780.dat
1 0 150 -160 220 1 0 0 0 1 0 0 0 1 2780.dat
1 0 150 -160 340 1 0 0 0 1 0 0 0 1 2780.dat
0 STEP
1 272 -160 -160 320 0 1 0 -1 0 0 0 0 1 32525.dat
1 272 160 -160 320 0 1 0 -1 0 0 0 0 1 32525.dat
0 STEP
1 0 -110 -80 120 1 0 0 0 1 0 0 0 1 2780.dat
1 4 -120 -80 40 0 1 0 -1 0 0 0 0 1 32525.dat
0 STEP
1 1 -100 -120 -80 -1 0 0 0 1 0 0 0 -1 41999 - step65.ldr
0 STEP
1 1 -120 -140 -180 -1 0 0 0 1 0 0 0 -1 41999 - step66.ldr
0 STEP
1 1 -100 -60 120 -1 0 0 0 1 0 0 0 -1 41999 - step67.ldr
0 STEP
1 272 -160 -80 80 0 -1 0 1 0 0 0 0 1 32525.dat
1 0 -170 -80 120 1 0 0 0 1 0 0 0 1 2780.dat
1 0 -170 -80 0 1 0 0 0 1 0 0 0 1 2780.dat
1 0 -170 -80 -20 1 0 0 0 1 0 0 0 1 2780.dat
0 STEP
1 80 -180 -80 60 0 -1 0 1 0 0 0 0 1 32524.dat
1 80 -180 -80 -80 0 -1 0 1 0 0 0 0 1 32524.dat
0 STEP
1 80 -120 -130 100 -1 0 0 0 1 0 0 0 -1 41999 - step70-1.ldr
0 STEP
1 272 -160 -160 180 -1 0 0 0 0 1 0 1 0 42003.dat
1 272 -160 -160 120 0 0 1 1 0 0 0 1 0 42003.dat
1 1 -160 -170 100 0 0 -1 1 0 0 0 -1 0 43093.dat
1 1 -160 -160 180 0 0 1 1 0 0 0 1 0 6558.dat
1 1 -150 -160 160 -1 0 0 0 0 -1 0 -1 0 43093.dat
0 STEP
1 272 -140 -120 -190 -1 0 0 0 1 0 0 0 -1 41999 - step72-1.ldr
0 STEP
1 272 -160 -160 -220 1 0 0 0 0 1 0 -1 0 42003.dat
1 272 -160 -160 -280 0 0 1 1 0 0 0 1 0 42003.dat
1 1 -160 -170 -300 0 0 -1 1 0 0 0 -1 0 43093.dat
1 0 -160 -170 -240 0 0 -1 1 0 0 0 -1 0 2780.dat
1 1 -160 -160 -220 0 0 -1 1 0 0 0 -1 0 6558.dat
0 STEP
1 0 -158 -160 -170 0 1 0 0 0 1 1 0 0 3023.dat
1 80 -166 -160 -170 0 1 0 0 0 1 1 0 0 2412b.dat
1 0 158 -160 -170 0 -1 0 0 0 1 -1 0 0 3023.dat
1 80 166 -160 -170 0 -1 0 0 0 1 -1 0 0 2412b.dat
0 STEP
1 272 160 -160 180 -1 0 0 0 0 1 0 1 0 42003.dat
1 272 160 -160 120 0 0 -1 -1 0 0 0 1 0 42003.dat
1 1 160 -170 100 0 0 -1 1 0 0 0 -1 0 43093.dat
1 1 160 -160 180 0 0 1 1 0 0 0 1 0 6558.dat
1 1 150 -160 160 1 0 0 0 0 1 0 -1 0 43093.dat
0 STEP
1 272 160 -180 420 1 0 0 0 1 0 0 0 1 32525.dat
1 272 160 -180 200 1 0 0 0 1 0 0 0 1 32525.dat
1 272 -160 -180 200 1 0 0 0 1 0 0 0 1 32525.dat
1 272 -160 -180 420 1 0 0 0 1 0 0 0 1 32525.dat
0 STEP
1 0 0 -200 530 1 0 0 0 0 1 0 -1 0 3703.dat
0 STEP
1 15 0 -190 538 -1 0 0 0 0 -1 0 -1 0 41999 - step78.ldr
0 STEP
1 0 160 -200 280 0 1 0 1 0 0 0 0 -1 41999 - step79.ldr
0 STEP
1 0 -160 -200 280 0 -1 0 -1 0 0 0 0 -1 41999 - step80.ldr
0 STEP
1 1 -170 -160 320 -1 0 0 0 0 -1 0 -1 0 43093.dat
1 0 -170 -160 380 1 0 0 0 1 0 0 0 1 2780.dat
1 0 -180 -160 320 0 -1 0 1 0 0 0 0 1 32348.dat
0 STEP
1 1 -170 -160 300 -1 0 0 0 0 -1 0 -1 0 43093.dat
1 0 -170 -160 260 1 0 0 0 1 0 0 0 1 2780.dat
1 0 -180 -80 180 0 -1 0 0.6 0 -0.8 0.8 0 0.6 6629.dat
1 1 -170 -80 180 -1 0 0 0 -0.6 -0.8 0 -0.8 0.6 43093.dat
0 STEP
1 0 -190 -144 392 1 0 0 0 1 0 0 0 1 2780.dat
1 0 -190 -160 280 1 0 0 0 1 0 0 0 1 2780.dat
1 0 -190 -160 240 1 0 0 0 1 0 0 0 1 2780.dat
1 0 -190 -96 192 1 0 0 0 1 0 0 0 1 2780.dat
0 STEP
1 0 -200 -128 216 0 -1 0 0.6 0 -0.8 0.8 0 0.6 32316.dat
1 0 -200 -160 260 0 -1 0 1 0 0 0 0 1 32271.dat
0 STEP
1 71 -160 -160 -140 0 -1 0 0 0 1 -1 0 0 41999 - step85.ldr
0 STEP
1 272 -160 -180 -280 1 0 0 0 1 0 0 0 1 32278.dat
0 STEP
1 272 -140 -200 -140 0 1 0 1 0 0 0 0 -1 42003.dat
0 STEP
1 0 -180 -80 -180 0 1 0 0.6 0 -0.8 -0.8 0 -0.6 6629.dat
1 0 -180 -160 -320 0 1 0 1 0 0 0 0 -1 32348.dat
1 4 -170 -80 -180 1 0 0 0 0.8 -0.6 0 0.6 0.8 32062.dat
0 STEP
1 0 -190 -144 -392 1 0 0 0 1 0 0 0 1 2780.dat
1 0 -190 -160 -280 1 0 0 0 1 0 0 0 1 2780.dat
1 0 -190 -160 -240 1 0 0 0 1 0 0 0 1 2780.dat
1 0 -190 -96 -192 1 0 0 0 1 0 0 0 1 2780.dat
0 STEP
1 0 -200 -160 -260 0 1 0 1 0 0 0 0 -1 32271.dat
1 0 -200 -128 -216 0 1 0 0.6 0 -0.8 -0.8 0 -0.6 32316.dat
0 STEP
1 0 180 -80 -180 0 1 0 0.6 0 -0.8 -0.8 0 -0.6 6629.dat
1 0 180 -160 -320 0 1 0 1 0 0 0 0 -1 32348.dat
1 4 170 -80 -180 1 0 0 0 0.8 -0.6 0 0.6 0.8 32062.dat
0 STEP
1 0 190 -144 -392 1 0 0 0 1 0 0 0 1 2780.dat
1 0 190 -160 -280 1 0 0 0 1 0 0 0 1 2780.dat
1 0 190 -160 -240 1 0 0 0 1 0 0 0 1 2780.dat
1 0 190 -96 -192 1 0 0 0 1 0 0 0 1 2780.dat
0 STEP
1 0 200 -160 -260 0 1 0 1 0 0 0 0 -1 32271.dat
1 0 200 -128 -216 0 -1 0 -0.6 0 -0.8 0.8 0 -0.6 32316.dat
0 STEP
1 71 160 -160 -140 0 1 0 0 0 -1 -1 0 0 41999 - step94.ldr
0 STEP
1 272 160 -180 -280 1 0 0 0 1 0 0 0 1 32278.dat
0 STEP
1 272 140 -200 -140 0 -1 0 1 0 0 0 0 1 42003.dat
0 STEP
1 1 170 -160 320 1 0 0 0 0 1 0 -1 0 43093.dat
1 0 170 -160 380 1 0 0 0 1 0 0 0 1 2780.dat
1 0 180 -160 320 0 -1 0 1 0 0 0 0 1 32348.dat
0 STEP
1 1 170 -160 300 1 0 0 0 0 1 0 -1 0 43093.dat
1 0 170 -160 260 1 0 0 0 1 0 0 0 1 2780.dat
1 0 180 -80 180 0 -1 0 0.6 0 -0.8 0.8 0 0.6 6629.dat
1 1 170 -80 180 1 0 0 0 -0.6 0.8 0 -0.8 -0.6 43093.dat
0 STEP
1 0 190 -144 392 1 0 0 0 1 0 0 0 1 2780.dat
1 0 190 -160 280 1 0 0 0 1 0 0 0 1 2780.dat
1 0 190 -160 240 1 0 0 0 1 0 0 0 1 2780.dat
1 0 190 -96 192 1 0 0 0 1 0 0 0 1 2780.dat
0 STEP
1 0 200 -128 216 0 1 0 -0.6 0 -0.8 -0.8 0 0.6 32316.dat
1 0 200 -160 260 0 -1 0 1 0 0 0 0 1 32271.dat
0 STEP
1 0 160 -190 -160 0 0 -1 1 0 0 0 -1 0 2780.dat
1 0 160 -190 -360 0 0 -1 1 0 0 0 -1 0 2780.dat
1 272 160 -200 -260 1 0 0 0 1 0 0 0 1 32525.dat
1 0 -160 -190 -160 0 0 -1 1 0 0 0 -1 0 2780.dat
1 0 -160 -190 -360 0 0 -1 1 0 0 0 -1 0 2780.dat
1 272 -160 -200 -260 1 0 0 0 1 0 0 0 1 32525.dat
0 STEP
1 0 160 -190 -380 0 0 -1 1 0 0 0 -1 0 2780.dat
1 0 160 -190 -400 0 0 -1 1 0 0 0 -1 0 2780.dat
1 272 160 -200 -400 1 0 0 0 0 -1 0 1 0 42003.dat
1 0 -160 -190 -380 0 0 -1 1 0 0 0 -1 0 2780.dat
1 0 -160 -190 -400 0 0 -1 1 0 0 0 -1 0 2780.dat
1 272 -160 -200 -400 1 0 0 0 0 -1 0 1 0 42003.dat
0 STEP
1 0 0 -160 400 -1 0 0 0 1 0 0 0 -1 41999 - step103.ldr
0 STEP
1 71 210 101.4 -288.98 0 0 -1 0.993 0.122 0 0.122 -0.993 0 41999 - step105.ldr
1 71 -210 101.4 -288.98 0 0 1 0.993 -0.122 0 0.122 0.993 0 41999 - step105.ldr
1 71 210 101.4 288.98 0 0 -1 0.993 -0.122 0 -0.122 -0.993 0 41999 - step105.ldr
1 71 -210 101.4 288.98 0 0 1 0.993 0.122 0 -0.122 0.993 0 41999 - step105.ldr


0 FILE 41999 - step5-motor.ldr
0 step5-motor
0 Name: 41999 - step5-motor.ldr
0 Author: LDCad
0 !LDRAW_ORG Model
0 !LICENSE Redistributable under CCAL version 2.0 : see CAreadme.txt

0 !CATEGORY electric
0 !KEYWORDS flexible, power functions

0 !LDCAD CONTENT [type=path] [addFallBack=default] [looped=false] [displayKind=mm] [curveStep=0] [displayLenCor=0]
0 !LDCAD PATH_POINT [type=bezier] [posOri=0 -63.184 136.447 1 0 0 0 0.707 0.707 0 -0.707 0.707] [prevCPDist=25] [nextCPDist=50] [cirR=20] [cirDir=xyCW] [prevYRoll=0] [nextYRoll=0]
0 !LDCAD PATH_POINT [type=bezier] [posOri=-20 -96 230 0 1 0 0 0 1 1 0 0] [prevCPDist=25] [nextCPDist=25] [cirR=20] [cirDir=xyCW] [prevYRoll=0] [nextYRoll=0]
0 !LDCAD PATH_POINT [type=bezier] [posOri=-20 -259 210 1 0 0 0 0 1 0 -1 0] [prevCPDist=30] [nextCPDist=25] [cirR=20] [cirDir=xyCW] [prevYRoll=0] [nextYRoll=0]

0 !LDCAD PATH_SKIN [donCol=0] [donOri=0 0 1 0 1 0 -1 0 0] [donPart=41999 - ldcPwrFuncWire4Seg.dat] [donYSize=400%] [donCen=absCen] [donCenYOfs=0] [donFinScale=fitDon2Seg] [donPlace=deform] [donYAlign=0] [donInline=false] [segSize=100%] [segSizeTol=5%] [segsCnt=0] [segsGrp=0] [segsMaxMerge=10] [segsMrgAng=0] [segsMrgRollAng=0] [segsEdgeDelKind=keepFirstLeft]

0 !LDCAD PATH_CAP [group=start] [color=71] [posOri=0 0 0 1 0 0 0 1 0 0 0 1] [part=99498.dat] [extraLen=0mm] [inlineRef=false]
0 !LDCAD PATH_CAP [group=end] [color=72] [posOri=-20 -266 240 0 0 1 0 1 0 -1 0 0] [part=58124c01.dat] [extraLen=0mm] [inlineRef=false]
0 !LDCAD PATH_CAP [group=end] [color=1] [posOri=-20 -274 250 1 0 0 0 1 0 0 0 1] [part=2412b.dat] [extraLen=0mm] [inlineRef=false]


0 FILE 41999 - step15-1.ldr
0 step15-1
0 Name: 41999 - step15-1.ldr
0 Author: LDCad
0 !LDRAW_ORG Model
0 !LICENSE Redistributable under CCAL version 2.0 : see CAreadme.txt

1 71 0 0 0 1 0 0 0 1 0 0 0 1 4519.dat
1 71 -30 0 0 0 0 1 0 1 0 -1 0 0 59443.dat
1 71 30 0 0 0 0 1 0 1 0 -1 0 0 59443.dat
1 4 -50 0 0 1 0 0 0 1 0 0 0 1 32062.dat
1 4 50 0 0 1 0 0 0 1 0 0 0 1 32062.dat
1 71 80 0 0 1 0 0 0 1 0 0 0 1 32054.dat
1 71 -80 0 0 -1 0 0 0 1 0 0 0 -1 32054.dat


0 FILE 41999 - step15-2.ldr
0 step15-2
0 Name: 41999 - step15-2.ldr
0 Author: LDCad
0 !LDRAW_ORG Model
0 !LICENSE Redistributable under CCAL version 2.0 : see CAreadme.txt

1 71 0 0 0 1 0 0 0 1 0 0 0 1 4519.dat
1 4 -30 0 0 0 0 1 0 1 0 -1 0 0 59443.dat
1 4 30 0 0 0 0 1 0 1 0 -1 0 0 59443.dat
1 4 -50 0 0 1 0 0 0 1 0 0 0 1 32062.dat
1 4 50 0 0 1 0 0 0 1 0 0 0 1 32062.dat
1 4 80 0 0 1 0 0 0 1 0 0 0 1 32054.dat
1 4 -80 0 0 -1 0 0 0 1 0 0 0 -1 32054.dat


0 FILE 41999 - step16.ldr
0 step16
0 Name: 41999 - step16.ldr
0 Author: LDCad
0 !LDRAW_ORG Model
0 !LICENSE Redistributable under CCAL version 2.0 : see CAreadme.txt

1 71 0 0 0 1 0 0 0 1 0 0 0 1 4519.dat
1 4 -30 0 0 0 0 1 0 1 0 -1 0 0 59443.dat
1 4 30 0 0 0 0 1 0 1 0 -1 0 0 59443.dat
1 0 90 0 0 -1 0 0 0 1 0 0 0 -1 3706.dat
1 0 -90 0 0 -1 0 0 0 1 0 0 0 -1 3706.dat


0 FILE 41999 - step17.ldr
0 step17
0 Name: 41999 - step17.ldr
0 Author: LDCad
0 !LDRAW_ORG Model
0 !LICENSE Redistributable under CCAL version 2.0 : see CAreadme.txt

1 71 0 0 0 1 0 0 0 1 0 0 0 1 32073.dat
1 4 -50 0 0 0 0 1 0 1 0 -1 0 0 59443.dat
1 4 50 0 0 0 0 1 0 1 0 -1 0 0 59443.dat
1 0 110 0 0 -1 0 0 0 1 0 0 0 -1 3706.dat
1 0 -110 0 0 -1 0 0 0 1 0 0 0 -1 3706.dat


0 FILE 41999 - step16-2.ldr
0 step16-2
0 Name: 41999 - step16-2.ldr
0 Author: LDCad
0 !LDRAW_ORG Model
0 !LICENSE Redistributable under CCAL version 2.0 : see CAreadme.txt

1 14 60 0 60 0 -1 0 1 0 0 0 0 1 32524.dat
1 14 -60 0 60 0 -1 0 1 0 0 0 0 1 32524.dat
0 STEP


0 FILE 41999 - step20-1.ldr
0 step20-1
0 Name: 41999 - step20-1.ldr
0 Author: LDCad
0 !LDRAW_ORG Model
0 !LICENSE Redistributable under CCAL version 2.0 : see CAreadme.txt

1 71 0 0 0 1 0 0 0 1 0 0 0 1 62520.dat
1 71 0 0 40 0 0 -1 0 1 0 1 0 0 4519.dat


0 FILE 41999 - step20-2.ldr
0 step20-2
0 Name: 41999 - step20-2.ldr
0 Author: LDCad
0 !LDRAW_ORG Model
0 !LICENSE Redistributable under CCAL version 2.0 : see CAreadme.txt

1 71 0 0 0 1 0 0 0 1 0 0 0 1 62519.dat
1 71 0 0 0 0 -1 0 -1 0 0 0 0 -1 62520.dat
1 19 0 0 -50 0 0 -1 0 1 0 1 0 0 99008.dat


0 FILE 41999 - step26-1.ldr
0 step26-1
0 Name: 41999 - step26-1.ldr
0 Author: LDCad
0 !LDRAW_ORG Model
0 !LICENSE Redistributable under CCAL version 2.0 : see CAreadme.txt

1 71 0 40 -140 1 0 0 0 1 0 0 0 1 64178.dat
0 STEP
1 72 0 40 -227 0 0 1 0 1 0 -1 0 0 59426.dat
1 19 0 40 -180 -1 0 0 0 1 0 0 0 -1 32269.dat
0 STEP
1 71 0 40 -220 -1 0 0 0 1 0 0 0 -1 94925.dat
1 4 0 40 -240 1 0 0 0 1 0 0 0 1 3713.dat
0 STEP
1 1 40 40 -200 0 -1 0 1 0 0 0 0 1 6558.dat
1 1 40 40 -160 0 -1 0 1 0 0 0 0 1 6558.dat
1 1 -40 40 -160 0 -1 0 1 0 0 0 0 1 6558.dat
1 1 -40 40 -200 0 -1 0 1 0 0 0 0 1 6558.dat
0 STEP
1 4 40 60 -180 1 0 0 0 1 0 0 0 1 32316.dat
1 4 -40 60 -180 1 0 0 0 1 0 0 0 1 32316.dat
0 STEP
1 1 -30 40 -100 1 0 0 0 1 0 0 0 1 43093.dat
1 4 -20 40 -100 0 0 1 0 1 0 -1 0 0 3713.dat
0 STEP
1 19 50 40 -140 -1 0 0 0 1 0 0 0 -1 99008.dat
1 19 -50 40 -140 1 0 0 0 1 0 0 0 1 99008.dat
1 72 0 40 -140 0 0 1 1 0 0 0 1 0 62821.dat
1 19 17 40 -140 0 0 -1 1 0 0 0 -1 0 6589.dat
1 19 -17 40 -140 0 0 1 1 0 0 0 1 0 6589.dat
1 19 0 40 -157 0 -1 0 1 0 0 0 0 1 6589.dat
0 STEP
1 0 -60 40 -140 0 0 -1 1 0 0 0 -1 0 32270.dat
1 0 60 40 -140 0 0 -1 1 0 0 0 -1 0 32270.dat
0 STEP
1 4 -40 40 -40 1 0 0 0 1 0 0 0 1 32054.dat
1 4 40 40 -40 -1 0 0 0 1 0 0 0 -1 32054.dat
1 71 40 40 -60 -1 0 0 0 1 0 0 0 -1 32054.dat
1 71 -40 40 -60 1 0 0 0 1 0 0 0 1 32054.dat
0 STEP
1 4 40 20 -180 1 0 0 0 1 0 0 0 1 32524.dat
1 4 -40 20 -180 1 0 0 0 1 0 0 0 1 32524.dat
0 STEP
1 4 -20 -20 -40 0 -1 0 0 0 1 -1 0 0 32140.dat
1 4 20 -20 -40 0 -1 0 0 0 1 -1 0 0 32140.dat
1 1 0 20 -40 1 0 0 0 0 1 0 -1 0 6558.dat
1 0 0 -20 -40 1 0 0 0 0 1 0 -1 0 3737.dat
1 72 0 0 0 0 1 0 1 0 0 0 0 -1 92911.dat
0 STEP
1 0 40 10 -240 0 -1 0 1 0 0 0 0 1 2780.dat
1 0 40 10 -220 0 -1 0 1 0 0 0 0 1 2780.dat
1 0 40 10 -180 0 -1 0 1 0 0 0 0 1 2780.dat
1 0 -40 10 -180 0 -1 0 1 0 0 0 0 1 2780.dat
1 0 -40 10 -220 0 -1 0 1 0 0 0 0 1 2780.dat
1 0 -40 10 -240 0 -1 0 1 0 0 0 0 1 2780.dat
0 STEP
1 71 -40 0 -220 1 0 0 0 0 1 0 -1 0 42003.dat
1 71 40 0 -220 1 0 0 0 0 1 0 -1 0 42003.dat
1 4 -30 0 -200 1 0 0 0 0 1 0 -1 0 32062.dat
1 4 30 0 -200 1 0 0 0 0 1 0 -1 0 32062.dat
1 71 0 0 -200 0 0 -1 0 -1 0 -1 0 0 32034.dat
1 72 0 0 -230 0 0 1 0 -1 0 1 0 0 87083.dat
1 71 0 0 -220 1 0 0 0 -1 0 0 0 -1 94925.dat
1 19 0 0 -240 1 0 0 0 -1 0 0 0 -1 32269.dat
0 STEP
1 0 -40 70 -180 0 -1 0 1 0 0 0 0 1 2780.dat
1 0 40 70 -180 0 -1 0 1 0 0 0 0 1 2780.dat
1 4 0 80 -180 0 0 -1 0 1 0 1 0 0 32525.dat
1 0 80 70 -180 0 -1 0 1 0 0 0 0 1 2780.dat
1 0 -80 70 -180 0 -1 0 1 0 0 0 0 1 2780.dat
1 19 -100 80 -180 0 -1 0 1 0 0 0 0 1 32556.dat
1 19 100 80 -180 0 -1 0 1 0 0 0 0 1 32556.dat
1 4 -80 60 -120 -1 0 0 0 1 0 0 0 -1 32140.dat
1 4 80 60 -120 1 0 0 0 -1 0 0 0 -1 32140.dat
0 STEP
1 0 -80 70 -140 0 -1 0 1 0 0 0 0 1 2780.dat
1 0 -40 70 -140 0 -1 0 1 0 0 0 0 1 2780.dat
1 0 40 70 -140 0 -1 0 1 0 0 0 0 1 2780.dat
1 0 80 70 -140 0 -1 0 1 0 0 0 0 1 2780.dat
1 71 60 80 -140 0 0 -1 0 1 0 1 0 0 32523.dat
1 71 -60 80 -140 0 0 -1 0 1 0 1 0 0 32523.dat
0 STEP
1 19 100 40 -180 -1 0 0 0 1 0 0 0 -1 41999 - step26-1-17.ldr
1 19 -100 40 -180 1 0 0 0 1 0 0 0 1 41999 - step26-1-17.ldr
0 STEP
1 71 80 40 -120 0 0 -1 1 0 0 0 -1 0 6536.dat
1 71 -80 40 -120 0 0 -1 1 0 0 0 -1 0 6536.dat
1 4 80 50 -120 0 0 -1 1 0 0 0 -1 0 32062.dat
1 4 -80 50 -120 0 0 -1 1 0 0 0 -1 0 32062.dat
0 STEP
1 71 -120 40 -180 0 0 1 0 1 0 -1 0 0 41999 - step26-1-19.ldr
0 STEP
1 0 -100 100 -180 0 -1 0 0 0 1 -1 0 0 92907.dat
0 STEP
1 71 120 100 -170 0 1 0 0 0 1 1 0 0 4519.dat
0 STEP
1 71 120 40 -180 0 0 -1 0 1 0 1 0 0 41999 - step26-1-19.ldr
0 STEP
1 0 100 100 -180 0 1 0 0 0 1 1 0 0 92907.dat
0 STEP
1 71 -120 100 -170 0 1 0 0 0 1 1 0 0 4519.dat
0 STEP
1 4 0 0 -180 0 0 -1 0 1 0 1 0 0 32525.dat


0 FILE 41999 - step26-1-17.ldr
0 step26-1-17
0 Name: 41999 - step26-1-17.ldr
0 Author: LDCad
0 !LDRAW_ORG Model
0 !LICENSE Redistributable under CCAL version 2.0 : see CAreadme.txt

1 71 0 0 0 0 0 1 0 1 0 -1 0 0 61903.dat
1 71 40 0 0 -1 0 0 0 1 0 0 0 -1 4519.dat
1 19 40 0 0 0 0 -1 0 1 0 1 0 0 32269.dat


0 FILE 41999 - step26-1-19.ldr
0 step26-1-19
0 Name: 41999 - step26-1-19.ldr
0 Author: LDCad
0 !LDRAW_ORG Model
0 !LICENSE Redistributable under CCAL version 2.0 : see CAreadme.txt

1 71 0 0 0 1 0 0 0 1 0 0 0 1 92908.dat
1 72 0 40 -70 0 1 0 -1 0 0 0 0 1 92909.dat
0 STEP
1 72 0 40 -30 0 1 0 0 0 1 1 0 0 87083.dat
1 19 0 40 -20 0 1 0 1 0 0 0 0 -1 32269.dat
0 STEP
1 71 0 0 -20 0 1 0 0 0 1 1 0 0 4519.dat
1 0 0 0 -20 0 1 0 1 0 0 0 0 -1 32270.dat
0 STEP
1 4 0 20 -40 -1 0 0 0 1 0 0 0 -1 32062.dat
1 0 0 0 -60 1 0 0 0 0 -1 0 1 0 92907.dat
0 STEP
1 0 0 -20 20 1 0 0 0 0 1 0 -1 0 92907.dat
1 4 0 -20 0 -1 0 0 0 -1 0 0 0 1 32062.dat
0 STEP
1 71 0 -30 20 0 0 -1 1 0 0 0 -1 0 3673.dat


0 FILE 41999 - step26-2.ldr
0 step26-2
0 Name: 41999 - step26-2.ldr
0 Author: LDCad
0 !LDRAW_ORG Model
0 !LICENSE Redistributable under CCAL version 2.0 : see CAreadme.txt

1 71 0 40 140 -1 0 0 0 1 0 0 0 -1 64178.dat
0 STEP
1 72 0 40 227 0 0 -1 0 1 0 1 0 0 59426.dat
1 19 0 40 180 1 0 0 0 1 0 0 0 1 32269.dat
0 STEP
1 71 0 40 220 1 0 0 0 1 0 0 0 1 94925.dat
1 4 0 40 240 -1 0 0 0 1 0 0 0 -1 3713.dat
0 STEP
1 1 40 40 200 0 -1 0 1 0 0 0 0 1 6558.dat
1 1 40 40 160 0 -1 0 1 0 0 0 0 1 6558.dat
1 1 -40 40 160 0 -1 0 1 0 0 0 0 1 6558.dat
1 1 -40 40 200 0 -1 0 1 0 0 0 0 1 6558.dat
0 STEP
1 4 40 60 180 -1 0 0 0 1 0 0 0 -1 32316.dat
1 4 -40 60 180 -1 0 0 0 1 0 0 0 -1 32316.dat
0 STEP
1 1 -30 40 100 1 0 0 0 1 0 0 0 1 43093.dat
1 4 -20 40 100 0 0 1 0 1 0 -1 0 0 3713.dat
0 STEP
1 19 50 40 140 -1 0 0 0 1 0 0 0 -1 99008.dat
1 19 -50 40 140 1 0 0 0 1 0 0 0 1 99008.dat
1 72 0 40 140 0 0 1 1 0 0 0 1 0 62821.dat
1 19 17 40 140 0 0 -1 -1 0 0 0 1 0 6589.dat
1 19 -17 40 140 0 0 1 -1 0 0 0 -1 0 6589.dat
1 19 0 40 123 0 1 0 -1 0 0 0 0 1 6589.dat
0 STEP
1 0 -60 40 140 0 0 -1 -1 0 0 0 1 0 32270.dat
1 0 60 40 140 0 0 -1 -1 0 0 0 1 0 32270.dat
0 STEP
1 4 -40 40 40 1 0 0 0 1 0 0 0 1 32054.dat
1 4 40 40 40 -1 0 0 0 1 0 0 0 -1 32054.dat
1 71 40 40 60 -1 0 0 0 1 0 0 0 -1 32054.dat
1 71 -40 40 60 1 0 0 0 1 0 0 0 1 32054.dat
0 STEP
1 4 40 20 180 -1 0 0 0 1 0 0 0 -1 32524.dat
1 4 -40 20 180 -1 0 0 0 1 0 0 0 -1 32524.dat
0 STEP
1 4 -20 -20 40 0 1 0 0 0 1 1 0 0 32140.dat
1 4 20 -20 40 0 1 0 0 0 1 1 0 0 32140.dat
1 1 0 20 40 1 0 0 0 0 -1 0 1 0 6558.dat
1 0 0 -20 40 -1 0 0 0 0 1 0 1 0 3737.dat
1 72 0 0 0 0 1 0 -1 0 0 0 0 1 92911.dat
0 STEP
1 0 40 10 240 0 -1 0 -1 0 0 0 0 -1 2780.dat
1 0 40 10 220 0 -1 0 -1 0 0 0 0 -1 2780.dat
1 0 40 10 180 0 -1 0 -1 0 0 0 0 -1 2780.dat
1 0 -40 10 180 0 -1 0 -1 0 0 0 0 -1 2780.dat
1 0 -40 10 220 0 -1 0 -1 0 0 0 0 -1 2780.dat
1 0 -40 10 240 0 -1 0 -1 0 0 0 0 -1 2780.dat
0 STEP
1 71 -40 0 220 -1 0 0 0 0 1 0 1 0 42003.dat
1 71 40 0 220 -1 0 0 0 0 1 0 1 0 42003.dat
1 4 -30 0 200 -1 0 0 0 0 1 0 1 0 32062.dat
1 4 30 0 200 -1 0 0 0 0 1 0 1 0 32062.dat
1 71 0 0 200 0 0 -1 0 -1 0 -1 0 0 32034.dat
1 72 0 0 230 0 0 -1 0 -1 0 -1 0 0 87083.dat
1 71 0 0 220 -1 0 0 0 -1 0 0 0 1 94925.dat
1 19 0 0 240 -1 0 0 0 -1 0 0 0 1 32269.dat
0 STEP
1 0 -40 70 180 0 -1 0 -1 0 0 0 0 -1 2780.dat
1 0 40 70 180 0 -1 0 -1 0 0 0 0 -1 2780.dat
1 4 0 80 180 0 0 -1 0 1 0 1 0 0 32525.dat
1 0 80 70 180 0 -1 0 -1 0 0 0 0 -1 2780.dat
1 0 -80 70 180 0 -1 0 -1 0 0 0 0 -1 2780.dat
1 19 -100 80 180 0 -1 0 1 0 0 0 0 1 32556.dat
1 19 100 80 180 0 -1 0 1 0 0 0 0 1 32556.dat
1 4 -80 60 120 -1 0 0 0 -1 0 0 0 1 32140.dat
1 4 80 60 120 1 0 0 0 1 0 0 0 1 32140.dat
0 STEP
1 0 -80 70 140 0 -1 0 -1 0 0 0 0 -1 2780.dat
1 0 -40 70 140 0 -1 0 -1 0 0 0 0 -1 2780.dat
1 0 40 70 140 0 -1 0 -1 0 0 0 0 -1 2780.dat
1 0 80 70 140 0 -1 0 -1 0 0 0 0 -1 2780.dat
1 71 60 80 140 0 0 -1 0 1 0 1 0 0 32523.dat
1 71 -60 80 140 0 0 -1 0 1 0 1 0 0 32523.dat
0 STEP
1 19 100 40 180 -1 0 0 0 1 0 0 0 -1 41999 - step26-1-17.ldr
1 19 -100 40 180 1 0 0 0 1 0 0 0 1 41999 - step26-1-17.ldr
0 STEP
1 71 80 40 120 0 0 -1 -1 0 0 0 1 0 6536.dat
1 71 -80 40 120 0 0 -1 -1 0 0 0 1 0 6536.dat
1 4 80 50 120 0 0 -1 -1 0 0 0 1 0 32062.dat
1 4 -80 50 120 0 0 -1 -1 0 0 0 1 0 32062.dat
0 STEP
1 71 -120 40 180 0 0 1 0 1 0 -1 0 0 41999 - step26-1-19.ldr
0 STEP
1 0 -100 100 180 0 -1 0 0 0 1 -1 0 0 92907.dat
0 STEP
1 71 120 100 170 0 1 0 0 0 1 1 0 0 4519.dat
0 STEP
1 71 120 40 180 0 0 -1 0 1 0 1 0 0 41999 - step26-1-19.ldr
0 STEP
1 0 100 100 180 0 1 0 0 0 1 1 0 0 92907.dat
0 STEP
1 71 -120 100 170 0 1 0 0 0 1 1 0 0 4519.dat
0 STEP
1 4 0 0 180 0 0 -1 0 1 0 1 0 0 32525.dat


0 FILE 41999 - step27.ldr
0 step27
0 Name: 41999 - step27.ldr
0 Author: LDCad
0 !LDRAW_ORG Model
0 !LICENSE Redistributable under CCAL version 2.0 : see CAreadme.txt

1 72 0 0 0 1 0 0 0 1 0 0 0 1 55013.dat
1 71 73 0 0 0 0 1 0 1 0 -1 0 0 32123b.dat
1 71 58 0 0 -1 0 0 0 0 -1 0 -1 0 6536.dat
1 0 28 0 0 -1 0 0 0 1 0 0 0 -1 62462.dat
1 71 -2 0 0 0 0 -1 0 1 0 1 0 0 3713.dat


0 FILE 41999 - step29.ldr
0 step29
0 Name: 41999 - step29.ldr
0 Author: LDCad
0 !LDRAW_ORG Model
0 !LICENSE Redistributable under CCAL version 2.0 : see CAreadme.txt

1 4 0 0 0 0 -1 0 1 0 0 0 0 1 32278.dat
1 0 -10 0 -140 1 0 0 0 1 0 0 0 1 2780.dat
1 0 -10 0 -120 1 0 0 0 1 0 0 0 1 2780.dat
1 0 -10 0 140 1 0 0 0 1 0 0 0 1 2780.dat
1 0 -10 0 120 1 0 0 0 1 0 0 0 1 2780.dat
0 STEP
1 4 -20 80 -160 0 -1 0 0 0 -1 1 0 0 32526.dat
1 4 -20 80 160 0 1 0 0 0 -1 -1 0 0 32526.dat
0 STEP
1 0 -10 80 -160 1 0 0 0 1 0 0 0 1 2780.dat
1 0 -10 60 -160 1 0 0 0 1 0 0 0 1 2780.dat
1 0 -10 60 160 1 0 0 0 1 0 0 0 1 2780.dat
1 0 -10 80 160 1 0 0 0 1 0 0 0 1 2780.dat
1 0 -30 0 160 1 0 0 0 1 0 0 0 1 2780.dat
1 0 -30 20 160 1 0 0 0 1 0 0 0 1 2780.dat
1 0 -30 0 -160 1 0 0 0 1 0 0 0 1 2780.dat
1 0 -30 20 -160 1 0 0 0 1 0 0 0 1 2780.dat
1 71 0 0 -60 -1 0 0 0 1 0 0 0 -1 32054.dat
1 71 0 0 60 -1 0 0 0 1 0 0 0 -1 32054.dat
0 STEP
1 4 -40 0 -160 0 -1 0 0 0 -1 1 0 0 32523.dat
1 4 -40 0 160 0 -1 0 0 0 -1 1 0 0 32523.dat


0 FILE 41999 - step30.ldr
0 step30
0 Name: 41999 - step30.ldr
0 Author: LDCad
0 !LDRAW_ORG Model
0 !LICENSE Redistributable under CCAL version 2.0 : see CAreadme.txt

1 0 0 0 0 1 0 0 0 1 0 0 0 1 87761.dat
1 4 -40 0 -10 0 0 1 0 1 0 -1 0 0 32062.dat
1 4 40 0 -10 0 0 1 0 1 0 -1 0 0 32062.dat
1 71 -80 0 -20 0 -1 0 0 0 1 -1 0 0 98989.dat
1 71 80 0 -20 0 1 0 0 0 -1 -1 0 0 98989.dat


0 FILE 41999 - step30-1.ldr
0 step30-1
0 Name: 41999 - step30-1.ldr
0 Author: LDCad
0 !LDRAW_ORG Model
0 !LICENSE Redistributable under CCAL version 2.0 : see CAreadme.txt

1 71 0 0 0 0 1 0 -1 0 0 0 0 1 32054.dat
1 1 0 30 0 0 1 0 -1 0 0 0 0 1 43093.dat


0 FILE 41999 - step33.ldr
0 step33
0 Name: 41999 - step33.ldr
0 Author: LDCad
0 !LDRAW_ORG Model
0 !LICENSE Redistributable under CCAL version 2.0 : see CAreadme.txt

1 71 0 0 0 0 0 -1 0 1 0 1 0 0 32034.dat
1 1 -30 0 0 1 0 0 0 1 0 0 0 1 43093.dat
1 1 30 0 0 -1 0 0 0 1 0 0 0 -1 43093.dat
1 71 40 0 -20 0 0 -1 -1 0 0 0 1 0 42003.dat
1 71 -40 0 -20 0 0 -1 -1 0 0 0 1 0 42003.dat
1 4 -40 10 -40 0 0 -1 -1 0 0 0 1 0 32062.dat
1 4 40 10 -40 0 0 -1 -1 0 0 0 1 0 32062.dat


0 FILE 41999 - step44.ldr
0 step44
0 Name: 41999 - step44.ldr
0 Author: LDCad
0 !LDRAW_ORG Model
0 !LICENSE Redistributable under CCAL version 2.0 : see CAreadme.txt

1 4 0 0 0 0 -1 0 1 0 0 0 0 1 41239.dat
1 1 -10 0 120 -1 0 0 0 -1 0 0 0 1 4274.dat
0 STEP
1 71 0 0 60 -1 0 0 0 -1 0 0 0 1 32054.dat
1 71 0 0 -60 -1 0 0 0 -1 0 0 0 1 32054.dat
0 STEP
1 1 10 0 20 1 0 0 0 -1 0 0 0 -1 43093.dat
1 71 20 0 20 0 0 -1 0 -1 0 -1 0 0 3713.dat
0 STEP
1 71 20 0 -20 1 0 0 0 0.13 -0.992 0 0.992 0.13 87082.dat
1 71 40 0 -40 0 0 1 1 0 0 0 1 0 6536.dat
1 1 40 10 -40 0 -1 0 -1 0 0 0 0 -1 43093.dat


0 FILE 41999 - step45.ldr
0 step45
0 Name: 41999 - step45.ldr
0 Author: LDCad
0 !LDRAW_ORG Model
0 !LICENSE Redistributable under CCAL version 2.0 : see CAreadme.txt

1 4 0 0 0 0 1 0 -1 0 0 0 0 1 41239.dat
1 1 10 0 120 1 0 0 0 -1 0 0 0 -1 4274.dat
0 STEP
1 71 0 0 60 1 0 0 0 -1 0 0 0 -1 32054.dat
1 71 0 0 -60 1 0 0 0 -1 0 0 0 -1 32054.dat
0 STEP
1 1 -10 0 20 -1 0 0 0 -1 0 0 0 1 43093.dat
1 71 -20 0 20 0 0 1 0 -1 0 1 0 0 3713.dat
0 STEP
1 71 -20 0 -20 1 0 0 0 0.13 -0.992 0 0.992 0.13 87082.dat
1 71 -40 0 -40 0 0 -1 -1 0 0 0 1 0 6536.dat
1 1 -40 10 -40 0 1 0 -1 0 0 0 0 1 43093.dat


0 FILE 41999 - step48.ldr
0 step48
0 Name: 41999 - step48.ldr
0 Author: LDCad
0 !LDRAW_ORG Model
0 !LICENSE Redistributable under CCAL version 2.0 : see CAreadme.txt

1 4 0 0 0 1 0 0 0 1 0 0 0 1 41999 - step48-motor.ldr
1 0 -20 0 0 0 0 1 0 1 0 -1 0 0 2780.dat
1 0 20 0 0 0 0 1 0 1 0 -1 0 0 2780.dat
1 71 0 0 -10 0 0 1 1 0 0 0 1 0 32523.dat
1 19 0 0 -20 0 0 1 0 -1 0 1 0 0 99008.dat
