0 FILE 42020-2 - Main.ldr
0 Main
0 Name: 42020-2 - Main.ldr
0 Author: Faramond Florent [Makou]
0 !LICENSE Redistributable under CCAL version 2.0 : see CAreadme.txt
0 LDRAW_ORG Model
0 ROTATION CENTER 0 0 0 1 "Custom"
0 ROTATION CONFIG 0 0
1 0 0 0 0 1 0 0 0 1 0 0 0 1 42020-2 - Sub01.ldr

0 FILE 42020-2 - Sub01.ldr
0 Sub01
0 Name: 42020-2 - Sub01.ldr
0 Author: Faramond Florent [Makou]
0 !LICENSE Redistributable under CCAL version 2.0 : see CAreadme.txt
0 LDRAW_ORG Model
0 ROTATION CENTER 0 -60 -40 0 "Custom"
0 ROTATION CONFIG 0 0
1 15 -10 0 0 0 1 0 1 0 0 0 0 -1 40490.dat
1 15 -50 0 0 0 1 0 1 0 0 0 0 -1 40490.dat
1 71 -50 0 60 -1 0 0 0 1 0 0 0 -1 32054.dat
1 71 -70 0 100 -1 0 0 0 1 0 0 0 -1 32054.dat
1 0 -20 0 100 -1 0 0 0 1 0 0 0 -1 3705.dat
1 15 -30 0 100 -1 0 0 0 0 -1 0 -1 0 6536.dat
1 71 -10 0 100 0 0 -1 0 1 0 1 0 0 3713.dat
1 1 -30 0 -80 -1 0 0 0 1 0 0 0 -1 6558.dat
1 1 -30 0 20 -1 0 0 0 1 0 0 0 -1 6558.dat
1 1 -30 0 0 -1 0 0 0 1 0 0 0 -1 6558.dat
1 1 -30 -60 40 -1 0 0 0 1 0 0 0 -1 6558.dat
1 0 -20 0 -20 -1 0 0 0 1 0 0 0 -1 2780.dat
1 71 -30 -80 40 0 -1 0 0 0 1 -1 0 0 32526.dat
1 1 -60 0 80 -1 0 0 0 0 -1 0 -1 0 43093.dat
1 0 0 0 60 -1 0 0 0 0 -1 0 -1 0 2780.dat
1 1 0 0 80 1 0 0 0 0 -1 0 1 0 43093.dat
1 1 0 0 40 1 0 0 0 0 -1 0 1 0 43093.dat
1 1 -60 0 40 -1 0 0 0 0 -1 0 -1 0 43093.dat
1 47 10 0 40 0 -1 0 1 0 0 0 0 1 41669.dat
1 47 -70 0 40 0 1 0 -1 0 0 0 0 1 41669.dat
1 71 -70 0 60 0 -1 0 1 0 0 0 0 1 32526.dat
1 71 10 0 60 0 -1 0 1 0 0 0 0 1 32526.dat
1 71 30 40 140 0 0 1 1 0 0 0 1 0 42610.dat
1 0 30 40 140 0 0 1 1 0 0 0 1 0 50951.dat
1 0 -90 40 140 0 0 1 1 0 0 0 1 0 50951.dat
1 71 -90 40 140 0 0 1 1 0 0 0 1 0 42610.dat
1 71 -80 40 140 1 0 0 0 1 0 0 0 1 3673.dat
1 71 20 40 140 1 0 0 0 1 0 0 0 1 3673.dat
1 71 -80 40 140 1 0 0 0 1 0 0 0 1 3673.dat
1 71 -70 -80 60 0 1 0 -1 0 0 0 0 1 32524.dat
1 71 10 -80 60 0 1 0 -1 0 0 0 0 1 32524.dat
1 0 0 -80 0 1 0 0 0 1 0 0 0 1 2780.dat
1 0 -60 -80 0 1 0 0 0 1 0 0 0 1 2780.dat
1 71 -10 0 -80 0 1 0 0.332161 0 -0.943223 -0.943223 0 -0.332161 42020-2 - Sub02.ldr
1 71 -30 0 -20 0 1 0 0.25038 0 -0.968148 -0.968148 0 -0.25038 42020-2 - Sub03.ldr
1 1 -70 -19.9 -23.4 0 1 0 0.358368 0 -0.93358 -0.93358 0 -0.358368 42020-2 - Sub04.ldr
1 1 -50 -60 40 0 -1 0 0.369747 0 -0.929133 0.929133 0 0.369747 42020-2 - Sub05.ldr
1 71 20 -40 80 -1 0 0 0 0 1 0 1 0 42020-2 - Sub06.ldr
1 71 -10 -40 80 0 0 1 0.707106 -0.707107 0 0.707106 0.707107 0 42020-2 - Sub07.ldr
1 71 -30 -50 80 0 0 1 1 0 0 0 1 0 42020-2 - Sub08.ldr
1 71 -30 0 160 1 0 0 0 1 0 0 0 1 42020-2 - Sub11.ldr
1 71 -50 -80 0 1 0 0 0 0.992115 -0.125333 0 0.125333 0.992114 42020-2 - Sub09.ldr
1 71 -65 -38.8 -30 0 -1 0 0.253758 0 -0.967267 0.967267 0 0.253758 42020-2 - Sub10.ldr

0 FILE 42020-2 - Sub02.ldr
0 Sub02
0 Name: 42020-2 - Sub02.ldr
0 Author: Faramond Florent [Makou]
0 !LICENSE Redistributable under CCAL version 2.0 : see CAreadme.txt
0 LDRAW_ORG Model
0 ROTATION CENTER 0 0 0 1 "Custom"
0 ROTATION CONFIG 0 0
1 0 0 -20 20 1 0 0 0 -1 0 0 0 -1 60483.dat
1 71 0 -20 20 0 1 0 1 0 0 0 0 -1 4519.dat
1 0 0 0 20 0 0 -1 0 -1 0 -1 0 0 32140.dat
1 0 0 -40 20 0 0 -1 0 -1 0 -1 0 0 32140.dat
1 1 -60 -50 0 0 0 1 -1 0 0 0 -1 0 43093.dat
1 1 -60 10 0 0 0 1 1 0 0 0 1 0 43093.dat

0 FILE 42020-2 - Sub03.ldr
0 Sub03
0 Name: 42020-2 - Sub03.ldr
0 Author: Faramond Florent [Makou]
0 !LICENSE Redistributable under CCAL version 2.0 : see CAreadme.txt
0 LDRAW_ORG Model
0 ROTATION CENTER 0 0 0 1 "Custom"
0 ROTATION CONFIG 0 0
1 15 0 0 0 1 0 0 0 1 0 0 0 1 32316.dat
1 19 0 0 -40 0 1 0 -1 0 0 0 0 1 32556.dat
0
1 71 0 -20 -40 0 1 0 0 0 1 1 0 0 42610.dat
1 71 0 20 -40 0 1 0 0 0 1 1 0 0 42610.dat
1 0 0 20 -40 0 1 0 0 0 1 1 0 0 50951.dat
1 0 0 -20 -40 0 1 0 0 0 1 1 0 0 50951.dat

0 FILE 42020-2 - Sub04.ldr
0 Sub04
0 Name: 42020-2 - Sub04.ldr
0 Author: Faramond Florent [Makou]
0 !LICENSE Redistributable under CCAL version 2.0 : see CAreadme.txt
0 LDRAW_ORG Model
0 ROTATION CENTER 0 0 0 1 "Custom"
0 ROTATION CONFIG 0 0
1 0 -60 0 0 0 0 1 0 1 0 -1 0 0 32140.dat
1 0 -60 80 0 0 0 1 0 1 0 -1 0 0 32140.dat
1 1 -60 10 0 0 0 1 -1 0 0 0 -1 0 43093.dat
1 1 -60 70 0 0 0 -1 1 0 0 0 -1 0 43093.dat

0 FILE 42020-2 - Sub05.ldr
0 Sub05
0 Name: 42020-2 - Sub05.ldr
0 Author: Faramond Florent [Makou]
0 !LICENSE Redistributable under CCAL version 2.0 : see CAreadme.txt
0 LDRAW_ORG Model
0 ROTATION CENTER 0 0 0 1 "Custom"
0 ROTATION CONFIG -3 1
1 1 0 0 -20 1 0 0 0 1 0 0 0 1 32523.dat
1 1 0 -40 -20 1 0 0 0 1 0 0 0 1 32523.dat

0 FILE 42020-2 - Sub06.ldr
0 Sub06
0 Name: 42020-2 - Sub06.ldr
0 Author: Faramond Florent [Makou]
0 !LICENSE Redistributable under CCAL version 2.0 : see CAreadme.txt
0 LDRAW_ORG Model
0 ROTATION CENTER 0 0 0 1 "Custom"
0 ROTATION CONFIG 0 0
1 0 0 0 0 0 -1 0 1 0 0 0 0 1 87408.dat
1 19 30 0 -30 0 1 0 0 0 1 1 0 0 32002.dat
1 71 50 -20 -40 -1 0 0 0 1 0 0 0 -1 63869.dat
1 71 50 -20 -40 -1 0 0 0 1 0 0 0 -1 32073.dat
1 71 30 -20 -40 0 -1 0 0 0 -1 1 0 0 60483.dat
1 71 70 -20 -40 0 -1 0 0 0 -1 1 0 0 60483.dat
1 0 80 -40 -40 1 0 0 0 0 -1 0 1 0 2780.dat
1 1 30 -40 -40 1 0 0 0 0 -1 0 1 0 6558.dat

0 FILE 42020-2 - Sub07.ldr
0 Sub07
0 Name: 42020-2 - Sub07.ldr
0 Author: Faramond Florent [Makou]
0 !LICENSE Redistributable under CCAL version 2.0 : see CAreadme.txt
0 LDRAW_ORG Model
0 ROTATION CENTER 0 0 0 1 "Custom"
0 ROTATION CONFIG 0 0
1 0 0 0 0 1 0 0 0 1 0 0 0 1 32270.dat
1 0 0 0 60 1 0 0 0 1 0 0 0 1 32270.dat
1 72 0 0 28 0 0 1 0 1 0 -1 0 0 87083.dat
1 71 0 0 40 1 0 0 0 1 0 0 0 1 3713.dat

0 FILE 42020-2 - Sub08.ldr
0 Sub08
0 Name: 42020-2 - Sub08.ldr
0 Author: Faramond Florent [Makou]
0 !LICENSE Redistributable under CCAL version 2.0 : see CAreadme.txt
0 LDRAW_ORG Model
0 ROTATION CENTER 0 0 0 1 "Custom"
0 ROTATION CONFIG -3 0
1 0 0 0 0 1 0 0 0 1 0 0 0 1 3707.dat
1 71 -70 0 0 0 1 0 -1 0 0 0 0 1 57585.dat
1 71 -70 0 30 0 1 0 1 0 0 0 0 -1 42020-2 - Sub15.ldr
1 71 -70 25.981 -15 0 1 0 -0.5 0 -0.866025 -0.866025 0 0.5 42020-2 - Sub15.ldr
1 71 -70 -25.981 -15 0 1 0 -0.5 0 0.866025 0.866025 0 0.5 42020-2 - Sub15.ldr
1 71 -50 0 0 0 0 -1 -1 0 0 0 1 0 3713.dat
1 19 27 0 0 0 0 -1 -1 0 0 0 1 0 6589.dat
1 71 65 0 0 0 0 -1 -1 0 0 0 1 0 32123b.dat
1 71 75 0 0 0 0 -1 -1 0 0 0 1 0 32123b.dat

0 FILE 42020-2 - Sub09.ldr
0 Sub09
0 Name: 42020-2 - Sub09.ldr
0 Author: Faramond Florent [Makou]
0 !LICENSE Redistributable under CCAL version 2.0 : see CAreadme.txt
0 LDRAW_ORG Model
0 ROTATION CENTER 0 0 0 0 "Custom"
0 ROTATION CONFIG -3 1
1 71 0 0 0 0 0 -1 1 0 0 0 -1 0 42003.dat
1 71 40 0 0 0 0 -1 1 0 0 0 -1 0 42003.dat

0 FILE 42020-2 - Sub10.ldr
0 Sub10
0 Name: 42020-2 - Sub10.ldr
0 Author: Faramond Florent [Makou]
0 !LICENSE Redistributable under CCAL version 2.0 : see CAreadme.txt
0 LDRAW_ORG Model
0 ROTATION CENTER 0 0 0 1 "Custom"
0 ROTATION CONFIG 0 0
1 0 0 0 0 1 0 0 0 1 0 0 0 1 6632.dat
1 0 0 -70 0 1 0 0 0 1 0 0 0 1 6632.dat
1 0 0 -35 40 0 -1 0 1 0 0 0 0 1 3705.dat
1 0 0 -35 0 0 -1 0 1 0 0 0 0 1 3705.dat
1 71 0 -35 40 0 -1 0 0 0 -1 1 0 0 3713.dat

0 FILE 42020-2 - Sub11.ldr
0 Sub11
0 Name: 42020-2 - Sub11.ldr
0 Author: Faramond Florent [Makou]
0 !LICENSE Redistributable under CCAL version 2.0 : see CAreadme.txt
0 LDRAW_ORG Model
0 ROTATION CENTER 0 0 0 1 "Custom"
0 ROTATION CONFIG 0 0
1 71 0 -40 -40 -1 0 0 0 0 -1 0 -1 0 32073.dat
1 71 0 0 -40 -1 0 0 0 0 -1 0 -1 0 32073.dat
1 0 65 -80 80 0 -1 0 0 0 1 -1 0 0 32249.dat
1 0 -65 -80 80 0 -1 0 0 0 1 -1 0 0 32249.dat
1 71 0 -80 80 -1 0 0 0 0 -1 0 -1 0 44294.dat
1 0 0 -60 -40 -1 0 0 0 1 0 0 0 -1 32184.dat
1 0 0 -80 20 -1 0 0 0 1 0 0 0 -1 3705.dat
1 0 20 -20 -40 -1 0 0 0 1 0 0 0 -1 32184.dat
1 0 -20 -20 -40 -1 0 0 0 1 0 0 0 -1 32184.dat
1 72 -5 -80 -40 -1 0 0 0 1 0 0 0 -1 59426.dat
1 71 20 -80 -40 0 -1 0 1 0 0 0 0 1 2825.dat
1 71 -20 -80 -40 0 1 0 -1 0 0 0 0 1 2825.dat
1 1 0 -80 80 0 -1 0 1 0 0 0 0 1 32525.dat
1 1 0 -80 -20 -1 0 0 0 -1 0 0 0 1 6558.dat
1 19 10 -80 60 1 0 0 0 1 0 0 0 1 32002.dat
1 0 15 -80 40 0 1 0 -1 0 0 0 0 1 6632.dat
1 0 -15 -80 40 0 1 0 -1 0 0 0 0 1 6632.dat
1 15 40 -40 -40 -1 0 0 0 0 -1 0 -1 0 6536.dat
1 71 -40 -40 -60 -1 0 0 0 0 -1 0 -1 0 42003.dat
1 0 0 0 -40 1 0 0 0 -0.968148 0.25038 0 -0.25038 -0.968148 42020-2 - Sub12.ldr
1 0 20 -80 180 -1 0 0 0 0.661312 0.750111 0 0.750111 -0.661312 42020-2 - Sub13.ldr
1 15 15 -80 100 0 1 0 0.351842 0 -0.936059 -0.936059 0 -0.351842 42020-2 - Sub14.ldr

0 FILE 42020-2 - Sub12.ldr
0 Sub12
0 Name: 42020-2 - Sub12.ldr
0 Author: Faramond Florent [Makou]
0 !LICENSE Redistributable under CCAL version 2.0 : see CAreadme.txt
0 LDRAW_ORG Model
0 ROTATION CENTER 0 0 0 1 "Custom"
0 ROTATION CONFIG -3 1
1 1 0 0 -100 0 1 0 -1 0 0 0 0 1 32525.dat

0 FILE 42020-2 - Sub13.ldr
0 Sub13
0 Name: 42020-2 - Sub13.ldr
0 Author: Faramond Florent [Makou]
0 !LICENSE Redistributable under CCAL version 2.0 : see CAreadme.txt
0 LDRAW_ORG Model
0 ROTATION CENTER 0 0 0 1 "Custom"
0 ROTATION CONFIG -3 0
1 72 0 0 0 1 0 0 0 1 0 0 0 1 87083.dat
1 15 35 0 10 0 1 0 -1 0 0 0 0 1 32449.dat
1 15 5 0 10 0 1 0 -1 0 0 0 0 1 32449.dat
1 71 20 0 -40 1 0 0 0 0 1 0 -1 0 42003.dat
1 1 30 0 40 1 0 0 0 0 1 0 -1 0 43093.dat
1 71 -5 0 0 0 0 -1 1 0 0 0 -1 0 32123b.dat
1 4 20 0 -20 1 0 0 0 1 0 0 0 1 32062.dat
1 71 -20 0 0 0 -1 0 1 0 0 0 0 1 57585.dat
1 71 -20 0 40 0 1 0 0 0 1 1 0 0 32054.dat
1 71 -20 -34.641 -20 0 1 0 -0.866025 0 -0.5 -0.5 0 0.866025 32054.dat
1 71 -20 34.641 -20 0 1 0 0.866025 0 -0.5 -0.5 0 -0.866025 32054.dat

0 FILE 42020-2 - Sub14.ldr
0 Sub14
0 Name: 42020-2 - Sub14.ldr
0 Author: Faramond Florent [Makou]
0 !LICENSE Redistributable under CCAL version 2.0 : see CAreadme.txt
0 LDRAW_ORG Model
0 ROTATION CENTER 0 0 0 1 "Custom"
0 ROTATION CONFIG 0 0
1 0 0 0 0 -1 0 0 0 1 0 0 0 -1 6632.dat
1 0 0 -30 0 -1 0 0 0 1 0 0 0 -1 6632.dat
1 4 0 -15 -40 0 1 0 1 0 0 0 0 -1 32062.dat
1 0 0 -15 0 0 1 0 1 0 0 0 0 -1 3705.dat

0 FILE 42020-2 - Sub15.ldr
0 Sub15
0 Name: 42020-2 - Sub15.ldr
0 Author: Faramond Florent [Makou]
0 !LICENSE Redistributable under CCAL version 2.0 : see CAreadme.txt
0 LDRAW_ORG Model
0 ROTATION CENTER 0 0 0 1 "Custom"
0 ROTATION CONFIG 0 0
1 71 0 0 0 1 0 0 0 1 0 0 0 1 59443.dat
1 4 0 0 -20 0 0 1 0 1 0 -1 0 0 32062.dat
1 72 0 0 -50 -1 0 0 0 0 1 0 1 0 99012.dat

