0 FILE 42032 - Main.ldr
0 Main
0 Name: 42032 - Main.ldr
0 Author: Marc Giraudet [Mad_Marc]
0 !LDRAW_ORG Model
0 !LICENSE Redistributable under CCAL version 2.0 : see CAreadme.txt
1 0 0 0 0 1 0 0 0 1 0 0 0 1 42032 - Snow Groomer.ldr


0 FILE 42032 - Snow Groomer.ldr
0 Snow Groomer
0 Name: 42032 - Snow Groomer.ldr
0 Author: Marc Giraudet [Mad_Marc]
0 !LDRAW_ORG Model
0 !LICENSE Redistributable under CCAL version 2.0 : see CAreadme.txt
1 71 0 0 0 -1 0 0 0 0 1 0 1 0 32184.dat
1 71 0 0 20 -1 0 0 0 0 1 0 1 0 44294.dat
1 71 0 0 -20 -1 0 0 0 0 1 0 1 0 4519.dat
0 STEP
1 71 -20 0 20 0 -1 0 0 0 -1 1 0 0 33299.dat
1 71 20 0 20 0 1 0 0 0 -1 -1 0 0 33299.dat
0 STEP
1 71 -15 0 -20 0 0 1 0 1 0 -1 0 0 32123a.dat
1 71 15 0 -20 0 0 1 0 1 0 -1 0 0 32123a.dat
1 71 -40 0 20 0 0 1 0 1 0 -1 0 0 3713.dat
1 71 40 0 20 0 0 -1 0 -1 0 -1 0 0 3713.dat
0 STEP
1 0 -60 0 20 0 0 1 0 1 0 -1 0 0 32039.dat
1 0 60 0 20 0 0 -1 0 -1 0 -1 0 0 32039.dat
0 STEP
1 72 0 -70 0 0 0 -1 1 0 0 0 -1 0 55013.dat
1 71 0 -15 0 -1 0 0 0 0 -1 0 -1 0 32123a.dat
0 STEP
1 71 0 -40 0 1 0 0 0 0 -1 0 1 0 4716.dat
1 71 0 -65 0 -1 0 0 0 0 -1 0 -1 0 32123a.dat
0 STEP
1 72 0 -80 0 -1 0 0 0 0 1 0 1 0 42032 - SG07.ldr
0 STEP
0 STEP
1 0 0 -40 -120 -1 0 0 0 -1 0 0 0 1 42032 - SG09.ldr
0 STEP
1 72 -25 -40 -20 0 1 0 1 0 0 0 0 -1 99773.dat
0 STEP
1 71 -80 0 -20 -1 0 0 0 1 0 0 0 -1 42032 - SG11.ldr
0 STEP
1 71 80 0 -20 -1 0 0 0 1 0 0 0 -1 42032 - SG12.ldr
0 STEP
1 15 0 0 40 0 0 -1 1 0 0 0 -1 0 32525.dat
1 71 -80 0 60 0 1 0 1 0 0 0 0 -1 3713.dat
1 71 80 0 60 0 1 0 1 0 0 0 0 -1 3713.dat
1 0 -100 0 40 0 1 0 0 0 1 1 0 0 32054.dat
1 0 100 0 40 0 1 0 0 0 1 1 0 0 32054.dat
0 STEP
1 0 70 0 100 -1 0 0 0 1 0 0 0 -1 42032 - SG14.ldr
1 0 -70 0 100 1 0 0 0 -1 0 0 0 -1 42032 - SG14.ldr
0 STEP
1 71 70 0 100 0 0 1 0 -1 0 1 0 0 87407.dat
1 71 -70 0 100 0 0 -1 0 -1 0 -1 0 0 87407.dat
0 STEP
1 72 -40 0 100 1 0 0 0 -1 0 0 0 -1 6536.dat
1 72 40 0 100 1 0 0 0 -1 0 0 0 -1 6536.dat
1 0 -40 -20 110 0 0 -1 0 -1 0 -1 0 0 2780.dat
1 0 40 -20 110 0 0 -1 0 -1 0 -1 0 0 2780.dat
1 15 0 -20 120 0 0 -1 -1 0 0 0 1 0 32316.dat
0 STEP
1 0 80 -16 -50 0 0 -1 0 1 0 1 0 0 42032 - Caterpillar.ldr
1 0 -80 -16 -50 0 0 -1 0 1 0 1 0 0 42032 - Caterpillar.ldr
0 STEP
1 0 20 -80 20 -1 0 0 0 -1 0 0 0 1 42032 - SG18.ldr
1 71 0 -80 20 -1 0 0 0 -1 0 0 0 1 32073.dat
0 STEP
1 71 0 -110 0 0 0 1 -1 0 0 0 -1 0 62462.dat
1 0 0 -150 0 1 0 0 0 0 1 0 -1 0 59443.dat
1 4 0 -170 0 0 0 -1 1 0 0 0 -1 0 32062.dat
1 0 0 -190 0 1 0 0 0 0 1 0 -1 0 59443.dat
0 STEP
1 25 40 -40 -20 0 -1 0 -1 0 0 0 0 -1 32009.dat
0 STEP
1 57 20 -100 -20 -1 0 0 0 0 1 0 1 0 42032 - SG21.ldr
0 STEP
1 25 -40 -40 -20 0 -1 0 -1 0 0 0 0 -1 32009.dat
0 STEP
1 0 0 -80 -100 1 0 0 0 1 0 0 0 1 42032 - SG23.ldr
0 STEP
1 72 45 -80 -60 0 1 0 0 0 -1 -1 0 0 32250.dat
1 0 55 -80 -60 0 1 0 -1 0 0 0 0 1 11478.dat
0 STEP
1 71 -40 -80 100 0 -1 0 1 0 0 0 0 1 42032 - SG Side.ldr
0 STEP
1 36 0 -80 160 1 0 0 0 -1 0 0 0 -1 42032 - SG26.ldr
0 STEP
1 36 40 -80 100 0 1 0 -1 0 0 0 0 1 42032 - SG Side.ldr
1 19 -40 -80 80 1 0 0 0 1 0 0 0 1 32556.dat
1 19 40 -80 80 -1 0 0 0 1 0 0 0 -1 32556.dat
0 STEP
1 0 60 -120 -20 1 0 0 0 1 0 0 0 1 42032 - SG Side 2.ldr
1 72 -10 -120 -20 1 0 0 0 1 0 0 0 1 55013.dat
0 STEP
1 0 -60 -120 -20 1 0 0 0 1 0 0 0 1 42032 - SG Side 2.ldr
1 71 -80 -120 -20 0 0 1 0 1 0 -1 0 0 3713.dat
0 STEP
1 71 -50 -80 -80 0 0 -1 0.259 0.966 0 0.966 -0.259 0 14682.dat
0 STEP
1 36 0 -100 140 1 0 0 0 1 0 0 0 1 42032 - SG31.ldr
0 STEP
1 15 0 0 -140 -1 0 0 0 1 0 0 0 -1 42032 - SG32.ldr


0 FILE 42032 - SG07.ldr
0 SG07
0 Name: 42032 - SG07.ldr
0 Author: Marc Giraudet [Mad_Marc]
0 !LDRAW_ORG Model
0 !LICENSE Redistributable under CCAL version 2.0 : see CAreadme.txt
1 71 0 0 0 1 0 0 0 1 0 0 0 1 32184.dat
1 0 0 -20 0 1 0 0 0 1 0 0 0 1 3706.dat
0 STEP
1 71 15 -20 0 0 0 1 0 1 0 -1 0 0 32123a.dat
1 71 -15 -20 0 0 0 1 0 1 0 -1 0 0 32123a.dat
1 72 -25 -20 40 0 1 0 0 0 -1 -1 0 0 99773.dat


0 FILE 42032 - SG09.ldr
0 SG09
0 Name: 42032 - SG09.ldr
0 Author: Marc Giraudet [Mad_Marc]
0 !LDRAW_ORG Model
0 !LICENSE Redistributable under CCAL version 2.0 : see CAreadme.txt
1 71 0 0 0 1 0 0 0 0 1 0 -1 0 63869.dat
1 71 0 0 0 1 0 0 0 0 1 0 -1 0 4519.dat
0 STEP
1 0 -15 0 40 0 1 0 1 0 0 0 0 -1 11478.dat
1 0 0 0 80 -1 0 0 0 1 0 0 0 -1 3705.dat
0 STEP
1 72 0 0 80 0 0 -1 0 1 0 1 0 0 3648b.dat
1 0 15 0 40 0 1 0 1 0 0 0 0 -1 11478.dat


0 FILE 42032 - SG11.ldr
0 SG11
0 Name: 42032 - SG11.ldr
0 Author: Marc Giraudet [Mad_Marc]
0 !LDRAW_ORG Model
0 !LICENSE Redistributable under CCAL version 2.0 : see CAreadme.txt
1 72 -10 -22.961 55.433 1 0 0 0 0.924 -0.383 0 0.383 0.924 87083.dat
1 71 10 -22.961 55.433 0 0 -1 -0.383 0.924 0 0.924 0.383 0 87407.dat
0 STEP
1 72 0 -22.961 55.433 -1 0 0 0 0.383 -0.924 0 -0.924 -0.383 6553.dat
1 15 0 0 0 1 0 0 0 1 0 0 0 1 32016.dat
0 STEP
1 71 -10 -22.961 55.433 0 0 1 -0.383 0.924 0 -0.924 -0.383 0 87407.dat
1 71 -35 -22.961 55.433 0 0 1 0.383 0.924 0 -0.924 0.383 0 32123a.dat
0 STEP
1 19 0 0 0 -1 0 0 0 1 0 0 0 -1 32556.dat
1 71 0 0 -60 0 0 -1 0 1 0 1 0 0 32073.dat
0 STEP
1 71 10 0 0 0 0 -1 0 1 0 1 0 0 87407.dat
1 71 -10 0 0 0 0 1 0 1 0 -1 0 0 87407.dat


0 FILE 42032 - SG12.ldr
0 SG12
0 Name: 42032 - SG12.ldr
0 Author: Marc Giraudet [Mad_Marc]
0 !LDRAW_ORG Model
0 !LICENSE Redistributable under CCAL version 2.0 : see CAreadme.txt
1 72 10 -22.961 55.433 -1 0 0 0 0.383 -0.924 0 -0.924 -0.383 87083.dat
1 71 -10 -22.961 55.433 0 0 1 -0.383 0.924 0 -0.924 -0.383 0 87407.dat
0 STEP
1 72 0 -22.961 55.433 -1 0 0 0 0.383 -0.924 0 -0.924 -0.383 6553.dat
1 15 0 0 0 1 0 0 0 1 0 0 0 1 32016.dat
0 STEP
1 71 10 -22.961 55.433 0 0 -1 -0.383 0.924 0 0.924 0.383 0 87407.dat
1 71 35 -22.961 55.433 0 0 1 0.383 0.924 0 -0.924 0.383 0 32123a.dat
0 STEP
1 19 0 0 0 -1 0 0 0 1 0 0 0 -1 32556.dat
1 71 0 0 -60 0 0 -1 0 1 0 1 0 0 32073.dat
0 STEP
1 71 10 0 0 0 0 -1 0 1 0 1 0 0 87407.dat
1 71 -10 0 0 0 0 1 0 1 0 -1 0 0 87407.dat


0 FILE 42032 - SG14.ldr
0 SG14
0 Name: 42032 - SG14.ldr
0 Author: Marc Giraudet [Mad_Marc]
0 !LDRAW_ORG Model
0 !LICENSE Redistributable under CCAL version 2.0 : see CAreadme.txt
1 72 0 0 0 -1 0 0 0 1 0 0 0 -1 87083.dat
1 71 -20 0 0 0 0 1 0 1 0 -1 0 0 87407.dat
0 STEP
1 0 -10 0 20 1 0 0 0 1 0 0 0 1 32039.dat


0 FILE 42032 - SG18.ldr
0 SG18
0 Name: 42032 - SG18.ldr
0 Author: Marc Giraudet [Mad_Marc]
0 !LDRAW_ORG Model
0 !LICENSE Redistributable under CCAL version 2.0 : see CAreadme.txt
1 72 0 0 0 0 1 0 -1 0 0 0 0 1 32526.dat
1 1 20 -20 80 1 0 0 0 1 0 0 0 1 6558.dat
1 0 -10 -40 80 1 0 0 0 1 0 0 0 1 2780.dat
1 0 -10 0 80 1 0 0 0 1 0 0 0 1 2780.dat
0 STEP
1 0 20 -40 80 0 0 1 0 1 0 -1 0 0 42003.dat
1 1 40 -40 80 1 0 0 0 1 0 0 0 1 6558.dat
1 1 20 -60 90 0 0 1 0 1 0 -1 0 0 43093.dat
0 STEP
1 72 40 0 0 0 1 0 -1 0 0 0 0 1 32526.dat
1 0 50 0 80 1 0 0 0 1 0 0 0 1 2780.dat
0 STEP


0 FILE 42032 - SG21.ldr
0 SG21
0 Name: 42032 - SG21.ldr
0 Author: Marc Giraudet [Mad_Marc]
0 !LDRAW_ORG Model
0 !LICENSE Redistributable under CCAL version 2.0 : see CAreadme.txt
1 71 0 0 0 0 -1 0 -1 0 0 0 0 -1 32140.dat
1 1 -10 0 0 1 0 0 0 -1 0 0 0 -1 43093.dat
1 19 -10 -20 -60 -1 0 0 0 -1 0 0 0 1 32002.dat
0 STEP
1 71 20 0 -40 -1 0 0 0 -1 0 0 0 1 87082.dat
1 72 -15 0 -60 0 1 0 0 0 -1 -1 0 0 6632.dat
0 STEP
1 0 20 -20 -60 1 0 0 0 0 -1 0 1 0 42032 - SG21S03.ldr
0 STEP
1 71 40 0 0 0 -1 0 -1 0 0 0 0 -1 32140.dat
1 19 50 -20 -60 1 0 0 0 -1 0 0 0 -1 32002.dat
0 STEP
1 72 55 0 -60 0 1 0 0 0 -1 -1 0 0 6632.dat
1 1 50 0 0 -1 0 0 0 -1 0 0 0 1 43093.dat
1 57 20 -20 -62 -1 0 0 0 0 1 0 1 0 58176.dat
0 STEP


0 FILE 42032 - SG21S03.ldr
0 SG21S03
0 Name: 42032 - SG21S03.ldr
0 Author: Marc Giraudet [Mad_Marc]
0 !LDRAW_ORG Model
0 !LICENSE Redistributable under CCAL version 2.0 : see CAreadme.txt
1 71 0 0 0 1 0 0 0 0 1 0 -1 0 32184.dat
1 71 0 -10 0 0 0 1 -1 0 0 0 -1 0 4274.dat
0 STEP
1 71 0 0 20 1 0 0 0 0 1 0 -1 0 32073.dat
1 0 0 0 -20 1 0 0 0 0 1 0 -1 0 3705.dat


0 FILE 42032 - SG23.ldr
0 SG23
0 Name: 42032 - SG23.ldr
0 Author: Marc Giraudet [Mad_Marc]
0 !LDRAW_ORG Model
0 !LICENSE Redistributable under CCAL version 2.0 : see CAreadme.txt
1 0 -55 0 40 0 -1 0 1 0 0 0 0 1 11478.dat
1 0 0 0 0 -1 0 0 0 -1 0 0 0 1 3706.dat
0 STEP
1 72 -45 0 40 0 1 0 0 0 -1 -1 0 0 32250.dat
0 STEP
1 0 -20 0 0 -1 0 0 0 0 1 0 1 0 41678.dat
1 0 20 0 0 -1 0 0 0 0 1 0 1 0 41678.dat
0 STEP
1 71 -30 -20 -10 0 -1 0 0 0 1 -1 0 0 4274.dat
1 71 -10 -20 -10 0 -1 0 0 0 1 -1 0 0 4274.dat
1 71 10 -20 -10 0 -1 0 0 0 1 -1 0 0 4274.dat
1 71 30 -20 -10 0 -1 0 0 0 1 -1 0 0 4274.dat
0 STEP
1 47 -30 -20 -10 1 0 0 0 0 -1 0 1 0 54200.dat
1 47 30 -20 -10 1 0 0 0 0 -1 0 1 0 54200.dat
1 0 0 -20 -10 1 0 0 0 0 -1 0 1 0 85984.dat


0 FILE 42032 - SG Side.ldr
0 SG Side
0 Name: 42032 - SG Side.ldr
0 Author: Marc Giraudet [Mad_Marc]
0 !LDRAW_ORG Model
0 !LICENSE Redistributable under CCAL version 2.0 : see CAreadme.txt
1 72 0 0 0 1 0 0 0 1 0 0 0 1 40490.dat
1 0 0 -10 60 0 1 0 -1 0 0 0 0 1 2780.dat
1 71 0 -10 20 0 1 0 -1 0 0 0 0 1 3673.dat
0 STEP
1 71 0 -20 40 1 0 0 0 1 0 0 0 1 32523.dat


0 FILE 42032 - SG26.ldr
0 SG26
0 Name: 42032 - SG26.ldr
0 Author: Marc Giraudet [Mad_Marc]
0 !LDRAW_ORG Model
0 !LICENSE Redistributable under CCAL version 2.0 : see CAreadme.txt
1 71 0 0 0 1 0 0 0 0 1 0 -1 0 32184.dat
1 0 0 0 20 1 0 0 0 0 1 0 -1 0 3705.dat
1 71 0 0 -20 1 0 0 0 0 1 0 -1 0 32073.dat
0 STEP
1 71 -20 0 -20 1 0 0 0 -1 0 0 0 -1 32291.dat
1 71 20 0 -20 1 0 0 0 -1 0 0 0 -1 32291.dat
0 STEP
1 71 -30 -20 -30 0 0 -1 0 -1 0 -1 0 0 4274.dat
1 71 30 -20 -30 0 0 -1 0 -1 0 -1 0 0 4274.dat
1 36 -30 -20 -38 0 0 -1 -1 0 0 0 1 0 6141.dat
1 36 30 -20 -38 0 0 -1 -1 0 0 0 1 0 6141.dat
0 STEP


0 FILE 42032 - SG Side 2.ldr
0 SG Side 2
0 Name: 42032 - SG Side 2.ldr
0 Author: Marc Giraudet [Mad_Marc]
0 !LDRAW_ORG Model
0 !LICENSE Redistributable under CCAL version 2.0 : see CAreadme.txt
1 0 0 0 0 1 0 0 0 -1 0 0 0 -1 32015.dat
1 72 0 0 67 0 0 1 0 -1 0 1 0 0 59426.dat
0 STEP
1 0 0 20 100 0 0 -1 0 1 0 1 0 0 42003.dat


0 FILE 42032 - SG31.ldr
0 SG31
0 Name: 42032 - SG31.ldr
0 Author: Marc Giraudet [Mad_Marc]
0 !LDRAW_ORG Model
0 !LICENSE Redistributable under CCAL version 2.0 : see CAreadme.txt
1 1 -20 -80 60 0 -1 0 0 0 1 -1 0 0 32526.dat
1 1 0 -80 60 1 0 0 0 0 1 0 -1 0 6558.dat
1 1 0 0 60 1 0 0 0 0 1 0 -1 0 6558.dat
1 1 0 0 40 1 0 0 0 0 1 0 -1 0 6558.dat
0 STEP
1 0 0 0 40 0 0 -1 -1 0 0 0 1 0 42003.dat
1 1 0 10 20 0 0 -1 -1 0 0 0 1 0 43093.dat
0 STEP
1 15 0 -80 -20 0 1 0 -1 0 0 0 0 1 32525.dat
1 0 10 -80 20 1 0 0 0 0 1 0 -1 0 2780.dat
1 0 10 -80 -120 1 0 0 0 0 1 0 -1 0 2780.dat
1 71 10 -80 -80 1 0 0 0 0 1 0 -1 0 3673.dat
0 STEP
1 0 10 -40 60 1 0 0 0 0 1 0 -1 0 3705.dat
1 71 0 -40 60 0 1 0 1 0 0 0 0 -1 33299.dat
0 STEP
1 1 20 -80 60 0 -1 0 0 0 1 -1 0 0 32526.dat
1 0 40 -40 60 0 0 1 0 1 0 -1 0 0 32270.dat
1 71 20 -60 20 0 -1 0 0 0 1 -1 0 0 32523.dat
0 STEP
1 71 20 -80 -60 0 1 0 1 0 0 0 0 -1 32140.dat
1 1 30 -80 -60 -1 0 0 0 1 0 0 0 -1 43093.dat
1 0 10 -60 -120 -1 0 0 0 1 0 0 0 -1 2780.dat
0 STEP
1 15 0 -60 -80 0 1 0 1 0 0 0 0 -1 32316.dat
1 71 10 -60 -80 -1 0 0 0 0 1 0 1 0 3673.dat
0 STEP
1 0 20 -60 -80 0 1 0 -0.184 0 0.983 0.983 0 0.184 15100.dat
1 71 20 -65.51 -50.51 0 1 0 0.184 0 -0.983 -0.983 0 -0.184 62462.dat
1 0 20 -71.021 -21.021 0 1 0 0.184 0 -0.983 -0.983 0 -0.184 15100.dat
0 STEP
1 0 40 -95 -36.021 0 1 0 -0.974 0 0.224 0.224 0 0.974 42032 - SG31S09.ldr
0 STEP
1 71 20 -20 -40 0 -1 0 0 0 -1 1 0 0 33299.dat
1 1 10 -20 -40 1 0 0 0 0 -1 0 1 0 43093.dat


0 FILE 42032 - SG31S09.ldr
0 SG31S09
0 Name: 42032 - SG31S09.ldr
0 Author: Marc Giraudet [Mad_Marc]
0 !LDRAW_ORG Model
0 !LICENSE Redistributable under CCAL version 2.0 : see CAreadme.txt
1 71 0 0 0 0 -1 0 0 0 1 -1 0 0 63869.dat
1 0 -20 -10 20 0 -1 0 1 0 0 0 0 1 2780.dat
0 STEP
1 0 0 0 -30 0 -1 0 0 0 1 -1 0 0 3705.dat


0 FILE 42032 - SG32.ldr
0 SG32
0 Name: 42032 - SG32.ldr
0 Author: Marc Giraudet [Mad_Marc]
0 !LDRAW_ORG Model
0 !LICENSE Redistributable under CCAL version 2.0 : see CAreadme.txt
1 15 0 0 0 0 0 1 0 1 0 -1 0 0 32278.dat
1 1 -20 -20 0 0 0 1 -1 0 0 0 -1 0 6558.dat
1 1 20 -20 0 0 0 1 -1 0 0 0 -1 0 6558.dat
0 STEP
1 15 0 -20 0 0 0 1 0 1 0 -1 0 0 32278.dat


0 FILE 42032 - Caterpillar.ldr
0 Caterpillar
0 Name: 42032 - Caterpillar.ldr
0 Author: Marc Giraudet [Mad_Marc]
0 !LDRAW_ORG Model
0 !LICENSE Redistributable under CCAL version 2.0 : see CAreadme.txt
0 !CATEGORY technic
0 !KEYWORDS flexible, chain
0 !LDCAD CONTENT [type=path] [addFallBack=default] [looped=true] [displayKind=links] [curveStep=16] [displayLenCor=0]

0 !LDCAD PATH_POINT [type=circle] [posOri=-25.433 -6.961 0 1 0 0 0 1 0 0 0 1] [prevCPDist=25] [nextCPDist=25] [cirR=25.1] [cirDir=xyCW] [prevYRoll=0] [nextYRoll=0]
0 !LDCAD PATH_POINT [type=circle] [posOri=150 16 0 1 0 0 0 1 0 0 0 1] [prevCPDist=25] [nextCPDist=25] [cirR=25.1] [cirDir=xyCW] [prevYRoll=0] [nextYRoll=0]
0 !LDCAD PATH_POINT [type=circle] [posOri=30 16 0 1 0 0 0 1 0 0 0 1] [prevCPDist=25] [nextCPDist=25] [cirR=25.1] [cirDir=xyCW] [prevYRoll=0] [nextYRoll=0]

0 !LDCAD PATH_SKIN [donCol=16] [donOri=0 1 0 0 0 1 1 0 0] [donPart=3873.dat] [donYSize=100%] [donCen=partCen] [donCenYOfs=0] [donFinScale=none] [donPlace=refsStat] [donYAlign=1] [donInline=false] [segSize=16] [segSizeTol=0] [segsCnt=0] [segsGrp=0] [segsMaxMerge=1] [segsMrgAng=0] [segsMrgRollAng=0] [segsEdgeDelKind=keepFirstLeft]

0 !LDCAD GENERATED [generator=LDCad 1.6c]
0 //This is the fallback LDraw content for above PATH configuration.
0 // Do not edit, any changes will be lost upon regeneration.
0 // The path is approx 204.80 mm (512.00) and exists out of 32 segments.

0 //Some general hints about the document.
0 UNOFFICIAL PART
0 BFC CERTIFY CCW

0 //Segments
1 16 -45.43307 -22.126445 0 0 0.94784 -0.318746 0 0.318746 0.94784 1 0 0 3873.dat
1 16 -32.206217 -31.129242 0 0 0.562675 -0.826678 0 0.826678 0.562675 1 0 0 3873.dat
1 16 -16.206842 -30.98782 0 0 -0.008839 -0.999961 0 0.999961 -0.008839 1 0 0 3873.dat
1 16 -0.332198 -28.9889 0 0 -0.124932 -0.992165 0 0.992165 -0.124932 1 0 0 3873.dat
1 16 15.532613 -26.913385 0 0 -0.12972 -0.991551 0 0.991551 -0.12972 1 0 0 3873.dat
1 16 31.397312 -24.83701 0 0 -0.129773 -0.991544 0 0.991544 -0.129773 1 0 0 3873.dat
1 16 47.262008 -22.760611 0 0 -0.129775 -0.991543 0 0.991543 -0.129775 1 0 0 3873.dat
1 16 63.126703 -20.684209 0 0 -0.129775 -0.991543 0 0.991543 -0.129775 1 0 0 3873.dat
1 16 78.991398 -18.607808 0 0 -0.129775 -0.991543 0 0.991543 -0.129775 1 0 0 3873.dat
1 16 94.856094 -16.531407 0 0 -0.129775 -0.991543 0 0.991543 -0.129775 1 0 0 3873.dat
1 16 110.720789 -14.455006 0 0 -0.129775 -0.991543 0 0.991543 -0.129775 1 0 0 3873.dat
1 16 126.585484 -12.378605 0 0 -0.129775 -0.991543 0 0.991543 -0.129775 1 0 0 3873.dat
1 16 142.45018 -10.302204 0 0 -0.129775 -0.991543 0 0.991543 -0.129775 1 0 0 3873.dat
1 16 158.23504 -7.687213 0 0 -0.163437 -0.986554 0 0.986554 -0.163437 1 0 0 3873.dat
1 16 170.88696 2.107118 0 0 -0.612146 -0.790745 0 0.790745 -0.612146 1 0 0 3873.dat
1 16 174.994238 17.570956 0 0 -0.96649 -0.256705 0 0.256705 -0.96649 1 0 0 3873.dat
1 16 168.974265 32.395258 0 0 -0.926519 0.376248 0 -0.376248 -0.926519 1 0 0 3873.dat
1 16 155.176246 40.495547 0 0 -0.506268 0.862376 0 -0.862376 -0.506268 1 0 0 3873.dat
1 16 139.186339 41.06375 0 0 -0.035513 0.999369 0 -0.999369 -0.035513 1 0 0 3873.dat
1 16 123.186379 41.099485 0 0 -0.002233 0.999998 0 -0.999998 -0.002233 1 0 0 3873.dat
1 16 107.186379 41.099992 0 0 -0.000032 1 0 -1 -0.000032 1 0 0 3873.dat
1 16 91.186379 41.099999 0 0 0 1 0 -1 0 1 0 0 3873.dat
1 16 75.186379 41.1 0 0 0 1 0 -1 0 1 0 0 3873.dat
1 16 59.186379 41.1 0 0 0 1 0 -1 0 1 0 0 3873.dat
1 16 43.186379 41.1 0 0 0 1 0 -1 0 1 0 0 3873.dat
1 16 27.187258 40.932221 0 0 0.010486 0.999945 0 -0.999945 0.010486 1 0 0 3873.dat
1 16 12.055467 35.73329 0 0 0.324933 0.945737 0 -0.945737 0.324933 1 0 0 3873.dat
1 16 -2.727278 29.611977 0 0 0.382582 0.923922 0 -0.923922 0.382582 1 0 0 3873.dat
1 16 -17.509369 23.489088 0 0 0.382681 0.923881 0 -0.923881 0.382681 1 0 0 3873.dat
1 16 -32.291451 17.366176 0 0 0.382682 0.92388 0 -0.92388 0.382682 1 0 0 3873.dat
1 16 -45.403598 8.197119 0 0 0.573066 0.819509 0 -0.819509 0.573066 1 0 0 3873.dat
1 16 -50.533 -6.961 0 0 0.947236 0.320538 0 -0.320538 0.947236 1 0 0 3873.dat



