0 FILE 42034 - Quad Bike.ldr
0 Quad Bike
0 Name: 42034 - Quad Bike.ldr
0 Author: Philippe Hurbain [Philo]
0 !LDRAW_ORG Model
0 !LICENSE Redistributable under CCAL version 2.0 : see CAreadme.txt

0 !THEME Technic

1 71 -40 0 0 0 -1 0 -1 0 0 0 0 -1 6629.dat
1 0 -50 0 -40 -1 0 0 0 1 0 0 0 -1 2780.dat
1 0 -50 0 -80 -1 0 0 0 1 0 0 0 -1 2780.dat
1 1 -50 0 0 1 0 0 0 -1 0 0 0 -1 43093.dat
0 STEP
1 71 -60 0 20 0 -1 0 -1 0 0 0 0 -1 32524.dat
1 0 -50 0 40 -1 0 0 0 1 0 0 0 -1 2780.dat
1 0 -50 0 80 -1 0 0 0 1 0 0 0 -1 2780.dat
0 STEP
1 0 -60 0 -20 1 0 0 0 -1 0 0 0 -1 32054.dat
1 1 -90 0 -20 1 0 0 0 -1 0 0 0 -1 43093.dat
0 STEP
1 71 -40 0 140 0 -1 0 -1 0 0 0 0 -1 32525.dat
1 0 -50 0 240 -1 0 0 0 1 0 0 0 -1 2780.dat
1 1 -30 0 100 1 0 0 0 -1 0 0 0 -1 43093.dat
1 71 -20 0 80 -1 0 0 0 0 1 0 1 0 32184.dat
1 71 -80 0 60 -1 0 0 0 0 1 0 1 0 44294.dat
1 0 -80 -20 60 -1 0 0 0 0 -1 0 -1 0 32039.dat
1 19 -20 -10 80 0 0 1 -1 0 0 0 -1 0 32002.dat
0 STEP
1 71 -60 -20 240 0 -1 0 0 0 1 -1 0 0 60483.dat
1 71 -80 -20 240 -1 0 0 0 0 1 0 1 0 4519.dat
1 72 -80 0 180 1 0 0 0 0 1 0 -1 0 12799.dat
1 1 -100 0 240 -1 0 0 0 0 -1 0 -1 0 6558.dat
1 71 -100 -20 240 0 -1 0 0 0 1 -1 0 0 60483.dat
0 STEP
1 0 -100 -5 130 -1 0 0 0 0 -1 0 -1 0 42034 - motor_support.ldr
0 STEP
1 0 -110 0 80 -1 0 0 0 1 0 0 0 -1 2780.dat
1 71 -100 0 20 0 -1 0 -1 0 0 0 0 -1 32524.dat
1 0 -110 0 40 -1 0 0 0 1 0 0 0 -1 2780.dat
1 71 -120 0 140 0 -1 0 -1 0 0 0 0 -1 32525.dat
1 1 -130 0 100 -1 0 0 0 -1 0 0 0 1 43093.dat
1 71 -140 0 80 -1 0 0 0 0 1 0 1 0 32184.dat
1 19 -140 -10 80 0 0 1 -1 0 0 0 -1 0 32002.dat
0 STEP
1 0 -80 -15 80 0 0 1 0 -1 0 1 0 0 32065.dat
1 1 -80 -100 160 1 0 0 0 -0.0092 -1 0 1 -0.0092 6558.dat
1 71 -80.0001 -40.0002 60 0 1 0 0.866 0 -0.5 -0.5 0 -0.866 57585.dat
1 71 -80.0001 -55.0002 34.0192 0 1 0 -0.866 0 0.5 0.5 0 0.866 55982.dat
1 71 -80.0001 -55.0004 85.9809 0 1 0 0.866 0 0.5 0.5 0 -0.866 55982.dat
0 STEP
1 71 -55 -48 -136 0 0 -1 0.6 -0.8 0 -0.8 -0.6 0 32123a.dat
1 71 -80 -48 -136 -1 0 0 0 -0.6 0.8 0 0.8 0.6 32073.dat
1 71 -80 -48 -136 -1 0 0 0 -0.1311 -0.9914 0 -0.9914 0.1311 62462.dat
1 71 -105 -48 -136 0 0 -1 0.6 -0.8 0 -0.8 -0.6 0 32123a.dat
0 STEP
1 71 -110 -117.977 -60.1746 0 0 -1 -1 -0.0092 0 -0.0092 1 0 42034 - hood.ldr
0 STEP
1 1 -110 0 0 -1 0 0 0 -1 0 0 0 1 43093.dat
1 0 -110 0 -40 -1 0 0 0 1 0 0 0 -1 2780.dat
1 0 -110 0.1798 -79.0985 -1 0 0 0 1 0 0 0 -1 2780.dat
1 71 -120 0 0 0 -1 0 -1 0 0 0 0 -1 6629.dat
0 STEP
1 0 -80 0 180 -1 0 0 0 0 1 0 1 0 3708.dat
1 71 -140 0 180 0 0 1 1 0 0 0 1 0 3713.dat
1 71 -20 0 180 0 0 -1 -1 0 0 0 1 0 3713.dat
0 STEP
1 0 -80 0 -60 -1 0 0 0 0 1 0 1 0 3708.dat
1 71 -25 0 -60 0 0 -1 -1 0 0 0 1 0 32123a.dat
1 71 -15 0 -60 0 0 -1 -1 0 0 0 1 0 32123a.dat
1 71 -135 0 -60 0 0 -1 -1 0 0 0 1 0 32123a.dat
1 71 -145 0 -60 0 0 -1 -1 0 0 0 1 0 32123a.dat
0 STEP
1 71 -60 -99.4485 100.003 1 0 0 0 1 -0.0092 0 0.0092 1 42034 - tank1.ldr
0 STEP
1 1 -80 -138.711 19.6382 1 0 0 0 -0.9485 -0.3169 0 0.3169 -0.9485 6558.dat
1 14 -80 -119.177 76.3693 0 1 0 0.9455 0 -0.3256 -0.3256 0 -0.9455 32140.dat
0 STEP
1 71 -100 -99.0808 60.0042 1 0 0 0 1 -0.0092 0 0.0092 1 42034 - tank2.ldr
0 STEP
1 72 -180 -118.528 -0.1771 1 0 0 0 -0.3912 -0.9203 0 0.9203 -0.3912 42034 - side1.ldr
0 STEP
1 72 20 -118.529 -0.1771 1 0 0 0 -0.3912 -0.9203 0 0.9203 -0.3912 42034 - side2.ldr
0 STEP
1 0 -40 -80 160 1 0 0 0 1 0 0 0 1 61071.dat
1 0 -120 -80 160 1 0 0 0 1 0 0 0 1 61070.dat
0 STEP
1 71 -80 -158.343 -20.5439 1 0 0 0 1 -0.0092 0 0.0092 1 42034 - steering.ldr
0 STEP
1 0 10 0 -60 0 0 1 0 1 0 -1 0 0 56145.dat
1 256 10 0 -60 0 0 1 0 1 0 -1 0 0 55976.dat
1 0 10 0 180 0 0 1 0 1 0 -1 0 0 56145.dat
1 256 10 0 180 0 0 1 0 1 0 -1 0 0 55976.dat
1 0 -170 0 180 0 0 -1 0 -1 0 -1 0 0 56145.dat
1 256 -170 0 180 0 0 -1 0 -1 0 -1 0 0 55976.dat
1 0 -170 0 -60 0 0 -1 0 -1 0 -1 0 0 56145.dat
1 256 -170 0 -60 0 0 -1 0 -1 0 -1 0 0 55976.dat
0 STEP
1 71 -180 0 180 0 0 -1 0 -1 0 -1 0 0 3713.dat
1 71 -180 0 -60 0 0 -1 0 -1 0 -1 0 0 3713.dat
1 71 20 0 180 0 0 -1 0 -1 0 -1 0 0 3713.dat
1 71 20 0 -60 0 0 -1 0 -1 0 -1 0 0 3713.dat


0 FILE 42034 - motor_support.ldr
0 motor_support
0 Name: 42034 - motor_support.ldr
0 Author: Philippe Hurbain [Philo]
0 !LDRAW_ORG Model
0 !LICENSE Redistributable under CCAL version 2.0 : see CAreadme.txt
0 !THEME Technic
1 0 0 10 -5 0 1 0 -1 0 0 0 0 1 32526.dat
1 71 -20 10 65 -1 0 0 0 0 1 0 1 0 32138.dat
0 STEP
1 0 0 10 -5 1 0 0 0 0 1 0 -1 0 32054.dat
1 72 -40 10 -5 1 0 0 0 0 1 0 -1 0 11214.dat
0 STEP
1 0 -40 10 -5 0 1 0 -1 0 0 0 0 1 32526.dat
0 STEP
1 1 0 -30 75 -1 0 0 0 -1 0 0 0 1 32556.dat
1 0 10 -10 75 -1 0 0 0 -1 0 0 0 1 2780.dat
1 0 -50 -30 75 -1 0 0 0 -1 0 0 0 1 2780.dat
1 0 -50 -10 75 -1 0 0 0 -1 0 0 0 1 2780.dat


0 FILE 42034 - hood.ldr
0 hood
0 Name: 42034 - hood.ldr
0 Author: Philippe Hurbain [Philo]
0 !LDRAW_ORG Model
0 !LICENSE Redistributable under CCAL version 2.0 : see CAreadme.txt
0 !THEME Technic
1 0 0 0 -10 1 0 0 0 1 0 0 0 1 87080.dat
1 1 -20 -40 -30 0 0 1 0 1 0 -1 0 0 6558.dat
1 1 -20 -20 -30 0 0 1 0 1 0 -1 0 0 6558.dat
1 0 -30 -40 10 -1 0 0 0 1 0 0 0 -1 2780.dat
1 0 0 10 30 0 1 0 1 0 0 0 0 -1 2780.dat
0 STEP
1 14 -20 80 -30 1 0 0 0 0 -1 0 1 0 41239.dat
1 1 -20 200 -30 0 0 1 0 1 0 -1 0 0 6558.dat
1 1 -20 120 -30 0 0 1 0 1 0 -1 0 0 6558.dat
0 STEP
1 0 -30 -40 -70 -1 0 0 0 1 0 0 0 -1 2780.dat
1 0 0 0 -50 -1 0 0 0 1 0 0 0 -1 87086.dat
1 0 0 10 -90 0 1 0 1 0 0 0 0 -1 2780.dat
0 STEP
1 0 0 20 -30 -1 0 0 0 1 0 0 0 -1 32525.dat
1 0 0 30 -70 0 1 0 1 0 0 0 0 -1 2780.dat
1 0 0 40 -50 1 0 0 0 0 1 0 -1 0 42003.dat
0 STEP
1 0 -40 -50 -30 0 0 -1 0 1 0 1 0 0 3894.dat
1 47 -40 -58 -70 0 0 -1 0 1 0 1 0 0 3069b.dat
1 47 -40 -58 10 0 0 -1 0 1 0 1 0 0 3069b.dat
1 14 -40 -58 -30 0 0 -1 0 1 0 1 0 0 2412b.dat
0 STEP
1 0 -20 0 0 0 0.9798 0.2001 0 0.2001 -0.9798 -1 0 0 2780.dat
1 14 -39.5955 -4.0019 10 -0.2001 0.9798 0 0.9798 0.2001 0 0 0 -1 42003.dat
1 0 -39.5955 -4.0019 0 0 0.9798 0.2001 0 0.2001 -0.9798 -1 0 0 2780.dat
0 STEP
1 0 -78.7866 -12.0056 -10 -0.2001 0 0.9798 0.9798 0 0.2001 0 1 0 32316.dat
1 179 -78.7866 -12.0056 -30 -0.2001 -0.9798 0 0.9798 -0.2001 0 0 0 1 48989.dat
0 STEP
1 0 -20 0 -60 0 0.9798 0.2001 0 0.2001 -0.9798 -1 0 0 2780.dat
1 14 -39.5955 -4.0019 -70 -0.2001 0.9798 0 0.9798 0.2001 0 0 0 -1 42003.dat
1 0 -39.5955 -4.0019 -60 0 0.9798 0.2001 0 0.2001 -0.9798 -1 0 0 2780.dat
1 0 -78.7866 -12.0056 -50 -0.2001 0 0.9798 0.9798 0 0.2001 0 1 0 32316.dat
0 STEP
1 0 -61.192 1.7941 -30 -0.2001 0.9798 0 0.9798 0.2001 0 0 0 -1 2780.dat
1 4 -61.192 1.7941 -70 -0.2001 0.9798 0 0.9798 0.2001 0 0 0 -1 32062.dat
1 4 -61.192 1.7941 10 -0.2001 0.9798 0 0.9798 0.2001 0 0 0 -1 32062.dat
1 71 -62.1925 6.6929 -30 -0.9798 -0.2001 0 -0.2001 0.9798 0 0 0 -1 11478.dat
1 71 -64.1934 16.4907 -30 -0.9798 -0.2001 0 -0.2001 0.9798 0 0 0 -1 11478.dat
0 STEP


0 FILE 42034 - tank1.ldr
0 tank1
0 Name: 42034 - tank1.ldr
0 Author: Philippe Hurbain [Philo]
0 !LDRAW_ORG Model
0 !LICENSE Redistributable under CCAL version 2.0 : see CAreadme.txt
0 !THEME Technic
1 14 20 0 -100 1 0 0 0 1 0 0 0 1 87080.dat
0 STEP
1 28 0 0 -80 0 0 1 0 1 0 -1 0 0 6587.dat
0 STEP
1 0 0 0 -85 1 0 0 0 0 -1 0 1 0 41677.dat
1 0 0 0 -75 1 0 0 0 0 -1 0 1 0 41677.dat
0 STEP
1 72 0 -20 -108 0 0 -1 0 1 0 1 0 0 87083.dat
0 STEP
1 4 0 0 -10 0 0 -1 0 1 0 1 0 0 32062.dat
1 0 0 0 -40 1 0 0 0 -1 0 0 0 -1 32034.dat
0 STEP
1 0 0 0 0 0 -1 0 1 0 0 0 0 1 11946.dat


0 FILE 42034 - tank2.ldr
0 tank2
0 Name: 42034 - tank2.ldr
0 Author: Philippe Hurbain [Philo]
0 !LDRAW_ORG Model
0 !LICENSE Redistributable under CCAL version 2.0 : see CAreadme.txt
0 !THEME Technic
1 0 0 0 40 0 1 0 -1 0 0 0 0 1 11947.dat
0 STEP
1 0 0 0 0 1 0 0 0 -1 0 0 0 -1 32034.dat
1 4 0 0 30 0 1 0 0 0 -1 -1 0 0 32062.dat
0 STEP
1 71 0 0 -40 1 0 0 0 0 -1 0 1 0 60483.dat
1 71 0 0 -40 0 0 -1 0 -1 0 -1 0 0 4519.dat
0 STEP
1 14 -20 0 -60 1 0 0 0 1 0 0 0 1 87086.dat
1 0 0 -20 -60 0 0 -1 0 1 0 1 0 0 32054.dat


0 FILE 42034 - side1.ldr
0 side1
0 Name: 42034 - side1.ldr
0 Author: Philippe Hurbain [Philo]
0 !LDRAW_ORG Model
0 !LICENSE Redistributable under CCAL version 2.0 : see CAreadme.txt
0 !THEME Technic
1 0 0 0 0 1 0 0 0 1 0 0 0 1 32015.dat
1 1 20 0 0 1 0 0 0 1 0 0 0 1 6558.dat
0 STEP
1 0 20 0 0 1 0 0 0 1 0 0 0 1 32015.dat
1 4 20 0 -30 0 0 1 0 1 0 -1 0 0 32062.dat
0 STEP
1 0 20 0 -40 0 1 0 1 0 0 0 0 -1 11947.dat
1 0 30 0 -80 -1 0 0 0 1 0 0 0 -1 2780.dat
0 STEP
1 0 40 0 -40 0 1 0 1 0 0 0 0 -1 32316.dat
0 STEP
1 1 0 -27.7164 11.4805 0 1 0 0.9239 0 -0.3827 -0.3827 0 -0.9239 43093.dat
1 72 20 -36.9552 15.3073 0 1 0 0.9239 0 -0.3827 -0.3827 0 -0.9239 11214.dat
0 STEP


0 FILE 42034 - side2.ldr
0 side2
0 Name: 42034 - side2.ldr
0 Author: Philippe Hurbain [Philo]
0 !LDRAW_ORG Model
0 !LICENSE Redistributable under CCAL version 2.0 : see CAreadme.txt
0 !THEME Technic
1 0 0 0 0 1 0 0 0 1 0 0 0 1 32015.dat
1 1 -20 0 0 -1 0 0 0 1 0 0 0 -1 6558.dat
0 STEP
1 0 -20 0 0 1 0 0 0 1 0 0 0 1 32015.dat
1 4 -20 0 -30 0 0 1 0 1 0 -1 0 0 32062.dat
0 STEP
1 0 -20 0 -40 0 -1 0 -1 0 0 0 0 -1 11946.dat
1 0 -30 0 -80 -1 0 0 0 1 0 0 0 -1 2780.dat
0 STEP
1 0 -40 0 -40 0 1 0 1 0 0 0 0 -1 32316.dat
0 STEP
1 1 0 -27.7164 11.4805 0 1 0 0.9239 0 -0.3827 -0.3827 0 -0.9239 43093.dat
1 72 -20 -36.9552 15.3073 0 1 0 0.9239 0 -0.3827 -0.3827 0 -0.9239 11214.dat


0 FILE 42034 - steering.ldr
0 steering
0 Name: 42034 - steering.ldr
0 Author: Philippe Hurbain [Philo]
0 !LDRAW_ORG Model
0 !LICENSE Redistributable under CCAL version 2.0 : see CAreadme.txt
0 !THEME Technic
1 71 0 0 0 1 0 0 0 1 0 0 0 1 6553.dat
1 71 0 0 0 1 0 0 0 1 0 0 0 1 4519.dat
0 STEP
1 71 40 0 0 0 0.3827 -0.9239 1 0 0 0 -0.9239 -0.3827 32016.dat
1 71 -40 0 0 0 0 -1 1 0 0 0 -1 0 32016.dat
0 STEP
1 4 67.717 0 11.481 0.9239 0.3827 0 0 0 1 0.3827 -0.9239 0 32062.dat
1 4 -67.7164 0 11.4805 0.9239 -0.3827 0 0 0 1 -0.3827 -0.9239 0 32062.dat
1 71 76.956 0 15.308 0 0.3827 -0.9239 1 -0.0001 0 -0.0001 -0.9239 -0.3827 3713.dat
1 71 -76.955 0 15.3073 0 0.3827 0.9239 1 -0.0001 0 0.0001 0.9239 -0.3827 3713.dat