0 FILE 42079 - main.ldr
0 main
0 Name: 42079 - main.ldr
0 Author: Max Martin Richter [MMR1988]
0 !LDRAW_ORG Model
0 !LICENSE Redistributable under CCAL version 2.0 : see CAreadme.txt

1 13 0 0 0 -1 0 0 0 1 0 0 0 -1 42079 - forklift.ldr
1 72 -4.873 9.341 -180.125 1.002 0 0 0 0.975 0.235 0 -0.235 0.973 42079 - Palette.ldr







0 FILE 42079 - forklift.ldr
0 forklift
0 Name: 42079 - forklift.ldr
0 Author: Max Martin Richter [MMR1988]
0 !LDRAW_ORG Model
0 !LICENSE Redistributable under CCAL version 2.0 : see CAreadme.txt
1 71 0 0 -20 1 0 0 0 1 0 0 0 1 44294.dat
1 14 0 20 -20 1 0 0 0 1 0 0 0 1 42003.dat
0 STEP
1 71 -15 20 -20 0 1 0 0 0 -1 -1 0 0 41677.dat
1 71 -25 20 -20 0 1 0 0 0 -1 -1 0 0 41677.dat
1 71 15 20 -20 0 1 0 0 0 -1 -1 0 0 41677.dat
1 71 25 20 -20 0 1 0 0 0 -1 -1 0 0 41677.dat
0 STEP
1 71 40 20 -20 -1 0 0 0 0 -1 0 -1 0 4519.dat
1 71 -40 20 -20 -1 0 0 0 0 -1 0 -1 0 4519.dat
0 STEP
1 0 -40 20 -20 0 -1 0 1 0 0 0 0 1 32140.dat
0 STEP
1 0 -60 20 -20 0 -1 0 0 0 1 -1 0 0 32140.dat
0 STEP
1 1 -50 20 40 0 0 -1 0 1 0 1 0 0 42079 - beam2x4bent90_with_pins-left.ldr
0 STEP
1 1 -20 -122.269 43.655 0 0 -1 -0.985 -0.174 0 -0.174 0.985 0 42079 - beam4x6bent53.14_with_pin.ldr
0 STEP
1 0 0 35.3 71.438 1 0 0 0 -0.174 -0.985 0 0.985 -0.174 42079 - double_universal_joint_connection.ldr
0 STEP
1 72 0 20 -30 1 0 0 0 1 0 0 0 1 42079 - axle4_with_8T_gear.ldr
0 STEP
1 72 0 -123.61 34.772 1 0 0 0 0.973 -0.235 0 0.235 0.973 27940.dat
0 STEP
1 14 0 -143.07 30.072 0 -1 0 0.973 0 -0.235 0.235 0 0.973 32073.dat
1 0 0 -191.72 18.322 -1 0 0 0 -0.235 0.973 0 0.973 0.235 59443.dat
0 STEP
1 0 20 -123.61 34.772 0 -1 0 0.235 0 0.973 -0.973 0 0.235 6629.dat
1 1 30 19.998 20.028 -1 0 0 0 0.771 -0.638 0 -0.638 -0.771 43093.dat
0 STEP
1 0 40 20 -20 0 -1 0 1 0 0 0 0 1 32140.dat
0 STEP
1 0 60 20 40 0 0 1 0 1 0 -1 0 0 42079 - beam2x4bent90_with_pins-right.ldr
1 0 60 20 -20 0 -1 0 0 0 1 -1 0 0 32140.dat
0 STEP
1 72 40 0 -20 0 -1 0 -1 0 0 0 0 -1 60483.dat
1 72 -40 0 -20 0 -1 0 -1 0 0 0 0 -1 60483.dat
0 STEP
1 0 30 -45.777 53.576 1 0 0 0 -0.235 -0.973 0 0.973 -0.235 2780.dat
1 0 30 -26.31 58.272 1 0 0 0 -0.235 -0.973 0 0.973 -0.235 2780.dat
1 0 -30 -26.31 58.272 1 0 0 0 -0.235 -0.973 0 0.973 -0.235 2780.dat
1 0 -30 -45.77 53.572 1 0 0 0 -0.235 -0.973 0 0.973 -0.235 2780.dat
0 STEP
1 72 40 32.093 72.356 0 1 0 0.235 0 -0.973 -0.973 0 -0.235 32526.dat
1 72 -40 32.07 72.372 0 1 0 0.235 0 -0.973 -0.973 0 -0.235 32526.dat
0 STEP
1 1 60 80 -40 -1 0 0 0 0 -1 0 -1 0 6558.dat
1 1 60 80 40 -1 0 0 0 0 -1 0 -1 0 6558.dat
1 1 -60 80 -40 1 0 0 0 0 -1 0 1 0 6558.dat
1 1 -60 80 40 1 0 0 0 0 -1 0 1 0 6558.dat
1 14 0 80 -170 -1 0 0 0 -1 0 0 0 1 42079 - Differential_Unit.ldr
0 STEP
1 72 0 80 -300 1 0 0 0 1 0 0 0 1 42079 - steering-module.ldr
0 STEP
1 0 80 80 -100 0 -1 0 1 0 0 0 0 1 32278.dat
1 0 -80 80 -100 0 -1 0 1 0 0 0 0 1 32278.dat
0 STEP
1 1 100 80 0 -1 0 0 0 -1 0 0 0 1 42079 - Beam3LwLongPins.ldr
1 1 -100 80 0 1 0 0 0 -1 0 0 0 -1 42079 - Beam3LwLongPins.ldr
0 STEP
1 1 -80 80 -220 1 0 0 0 -1 0 0 0 -1 6558.dat
1 1 80 80 -220 -1 0 0 0 -1 0 0 0 1 6558.dat
1 1 80 80 -160 -1 0 0 0 -1 0 0 0 1 6558.dat
1 1 -80 80 -160 1 0 0 0 -1 0 0 0 -1 6558.dat
0 STEP
1 71 0 60 -195 -1 0 0 0 1 0 0 0 -1 42079 - CenterConnection.ldr
0 STEP
0 STEP
1 0 110 80 -180 1 0 0 0 1 0 0 0 1 42079 - Beam7LwithPins.ldr
1 0 -110 80 -180 -1 0 0 0 -1 0 0 0 1 42079 - Beam7LwithPins.ldr
0 STEP
1 71 120 80 -180 -1 0 0 0 -1 0 0 0 1 42079 - Beam5LwithSticker.ldr
1 71 -120 80 -180 -1 0 0 0 -1 0 0 0 1 42079 - Beam5LwithSticker.ldr
0 STEP
1 0 20 20 -420 0 0 1 0 -1 0 1 0 0 32054.dat
1 0 -20 20 -420 0 0 1 0 -1 0 1 0 0 32054.dat
0 STEP
1 1 0 0 -380 -1 0 0 0 1 0 0 0 -1 42079 - FlexMechanism.ldr
0 STEP
1 0 -60 0 -80 0 -1 0 1 0 0 0 0 1 32524.dat
0 STEP
1 1 -60 0 -260 1 0 0 0 0 1 0 -1 0 6558.dat
1 1 60 0 -260 -1 0 0 0 0 1 0 1 0 6558.dat
1 0 40 -36.37 14.652 -1 0 0 0 -0.961 -0.276 0 -0.276 0.961 32054.dat
1 0 -40 -36.37 14.652 1 0 0 0 -0.973 0.235 0 -0.235 -0.973 32054.dat
0 STEP
1 0 -25 -30 -28.038 1 0 0 0 0.866 -0.5 0 0.5 0.866 42079 - MidConstruction-left.ldr
0 STEP
1 4 15 -30 -28.038 1 0 0 0 0.866 -0.5 0 0.5 0.866 42079 - MidConstruction-right.ldr
0 STEP
1 0 60 0 -80 0 -1 0 1 0 0 0 0 1 32524.dat
1 0 40 0 -320 -1 0 0 0 0 1 0 1 0 32054.dat
1 0 -40 0 -320 1 0 0 0 0 1 0 -1 0 32054.dat
0 STEP
1 71 0 -66 -250 -1 0 0 0 -1 0 0 0 1 42079 - Motor.ldr
0 STEP
0 STEP
1 4 60 0 -200 -1 0 0 0 -1 0 0 0 1 42079 - ConnectorwithPin+LongAxlePin.ldr
1 4 -60 0 -200 1 0 0 0 1 0 0 0 1 42079 - ConnectorwithPin+LongAxlePin.ldr
0 STEP
1 1 -20 -40 -140 1 0 0 0 1 0 0 0 1 42079 - Seat.ldr
0 STEP
1 71 0 -90 -160 0.924 0 -0.383 0 1 0 0.383 0 0.924 42079 - Axlewith2LongConnectors.ldr
0 STEP
1 72 0 -73.3 -53.038 1 0 0 0 0.866 -0.5 0 0.5 0.866 42079 - SteeringWheel.ldr
0 STEP
1 272 -60 -60 -160 0 -1 0 0 0 1 -1 0 0 32525.dat
0 STEP
1 1 20 -160 -100 1 0 0 0 1 0 0 0 1 42079 - CabinTop.ldr
0 STEP
1 272 60 -60 -160 0 -1 0 0 0 1 -1 0 0 32525.dat
0 STEP
1 0 60 -160 -140 1 0 0 0 1 0 0 0 1 42079 - CabinFlexAxleConnection.ldr
1 0 -60 -160 -140 1 0 0 0 1 0 0 0 1 42079 - CabinFlexAxleConnection.ldr
0 STEP
1 0 60 -95 -54.019 1 0 0 0 -0.371 -0.929 0 0.929 -0.371 42079 - CabinFrontEnd.ldr
1 0 -60 -95 -54.019 1 0 0 0 -0.371 -0.929 0 0.929 -0.371 42079 - CabinFrontEnd.ldr
0 STEP
1 47 0 -160 -60 -1 0 0 0 0 -1 0 -1 0 42079 - TopFrontLights.ldr
0 STEP
1 1 70 60 -260 1 0 0 0 0 1 0 -1 0 43093.dat
1 0 70 20 -260 1 0 0 0 0 1 0 -1 0 2780.dat
1 0 70 60 -100 1 0 0 0 0 1 0 -1 0 2780.dat
0 STEP
1 14 80 40 -180 0 -1 0 0 0 1 -1 0 0 15458.dat
0 STEP
1 14 95 0 -100 0 0 -1 0.448 -0.894 0 -0.894 -0.448 0 32123b.dat
1 272 80 0 -180 0 1 0 1 0 0 0 0 -1 32525.dat
0 STEP
1 0 70 0 -300 -1 0 0 0 1 0 0 0 -1 42079 - Connectorwith2AxlePins.ldr
1 0 111 0 -100 -1 0 0 0 -0.894 -0.448 0 -0.448 0.894 42079 - ForkTiltHandle.ldr
0 STEP
1 0 -60 -10 -200 0 1 0 -1 0 0 0 0 1 2780.dat
1 0 -60 -10 -360 0 1 0 -1 0 0 0 0 1 2780.dat
1 0 60 -10 -200 0 1 0 -1 0 0 0 0 1 2780.dat
1 0 60 -10 -360 0 1 0 -1 0 0 0 0 1 2780.dat
0 STEP
1 272 60 -20 -280 -1 0 0 0 1 0 0 0 -1 32525.dat
0 STEP
1 0 60 -40 -180 0 -1 0 1 0 0 0 0 1 42079 - RightPanelwithSticker.ldr
0 STEP
1 272 90 -16 12 1 0 0 0 1 0 0 0 1 42079 - WheelarchFrontRight.ldr
0 STEP
1 272 90 -16 -372 -1 0 0 0 1 0 0 0 -1 42079 - WheelarchRearRight.ldr
0 STEP
1 14 100 -46 -8 0.707 0.707 0 0 0 -1 -0.707 0.707 0 42079 - MirrorRight.ldr
0 STEP
1 14 0 80 -480 1 0 0 0 1 0 0 0 1 42079 - BackEnd.ldr
0 STEP
1 0 -70 60 -100 1 0 0 0 1 0 0 0 1 2780.dat
1 0 -70 20 -260 1 0 0 0 1 0 0 0 1 2780.dat
1 0 -70 60 -260 1 0 0 0 1 0 0 0 1 2780.dat
0 STEP
1 14 -80 40 -180 0 1 0 0 0 -1 -1 0 0 15458.dat
0 STEP
1 14 -95 0 -100 0 0 -1 0.448 -0.894 0 -0.894 -0.448 0 32123b.dat
1 272 -80 0 -180 0 1 0 1 0 0 0 0 -1 32525.dat
0 STEP
1 0 -111 0 -100 -1 0 0 0 -0.894 -0.448 0 -0.448 0.894 42079 - ForkTiltHandle.ldr
1 0 -70 0 -300 -1 0 0 0 1 0 0 0 -1 42079 - Connectorwith2AxlePins.ldr
0 STEP
1 272 -60 -20 -280 -1 0 0 0 1 0 0 0 -1 32525.dat
0 STEP
1 0 -60 -40 -300 0 1 0 1 0 0 0 0 -1 42079 - LeftPanelwithSticker.ldr
0 STEP
1 0 -90 -16 -372 -1 0 0 0 1 0 0 0 -1 42079 - WheelarchRearLeft.ldr
0 STEP
1 0 -90 -16 12 1 0 0 0 1 0 0 0 1 42079 - WheelarchFrontLeft.ldr
0 STEP
1 0 -100 -46 -8 -0.707 -0.707 0 0 0 1 -0.707 0.707 0 42079 - MirrorLeft.ldr
0 STEP
1 19 0 -170 -160 0 -0.924 -0.383 1 0 0 0 -0.383 0.924 99008.dat
0 STEP
1 72 0 -210 -160 -0.924 0 -0.383 0 -1 0 -0.383 0 0.924 42079 - FlashingLight.ldr
0 STEP
1 0 40 12.61 67.672 -1 0 0 0 -0.973 -0.235 0 -0.235 0.973 32054.dat
1 0 40 32.07 72.372 -1 0 0 0 -0.973 -0.235 0 -0.235 0.973 32054.dat
1 0 -40 12.61 67.672 1 0 0 0 -0.973 0.235 0 -0.235 -0.973 32054.dat
1 0 -40 32.07 72.372 1 0 0 0 -0.973 0.235 0 -0.235 -0.973 32054.dat
0 STEP
1 256 110 80 -400 1 0 0 0 1 0 0 0 1 42079 - Wheels.ldr
1 256 -110 80 -400 -1 0 0 0 1 0 0 0 -1 42079 - Wheels.ldr
1 256 120 80 0 1 0 0 0 0.944 -0.33 0 0.33 0.944 42079 - Wheels.ldr
1 256 -120 80 0 -1 0 0 0 0.944 0.33 0 0.33 -0.944 42079 - Wheels.ldr
0 STEP
1 72 128 80 -400 0 -1 0 1 0 0 0 0 1 42079 - Hubcap.ldr
1 72 -128 80 -400 0 1 0 1 0 0 0 0 -1 42079 - Hubcap.ldr
1 72 138 80 0 0 -1 0 0.944 0 -0.33 0.33 0 0.944 42079 - Hubcap.ldr
1 72 -138 80 0 0 1 0 0.944 0 0.33 0.33 0 -0.944 42079 - Hubcap.ldr
0 STEP
1 0 0 -118.25 97.852 -1 0 0 0 -0.235 0.973 0 0.973 0.235 42079 - LiftingMechanism.ldr
0 STEP
1 0 20 -318.21 -12.228 0 0 1 0.235 0.973 0 -0.973 0.235 0 42079 - LiftingMechanismInnerTop.ldr
0 STEP
1 0 0 -318.21 -12.228 -1 0 0 0 -0.973 -0.235 0 -0.235 0.973 42079 - Axle3LwithBush.ldr
1 0 -20 -318.21 -12.228 -1 0 0 0 0.973 0.235 0 0.235 -0.973 42079 - BeamwithPin.ldr
0 STEP
0 STEP
0 STEP
1 0 40 -254.47 64.952 0 -1 0 -0.235 0 -0.973 0.973 0 -0.235 42079 - LiftingMechanismSide.ldr
1 0 -40 -254.47 64.952 0 1 0 0.235 0 -0.973 -0.973 0 -0.235 42079 - LiftingMechanismSide.ldr
0 STEP
1 0 -0.137 -45.034 136.13 0 0 -1.002 -0.975 -0.235 0 -0.235 0.973 0 42079 - Fork.ldr
0 STEP
1 0 0 -255.13 -17.588 0 0 -1 -0.973 -0.235 0 -0.235 0.973 0 42079 - LongJoinerwith2Axles.ldr
0 STEP
1 0 40 -249.77 45.492 0 0 1 0.235 0.973 0 -0.973 0.235 0 42079 - beam2x4bent90_with_pin.ldr
0 STEP
1 0 -0.098 -375.93 56.212 -1.002 0 0 0 -0.975 -0.236 0 -0.235 0.977 42079 - Axle5LwithLeftSideBush.ldr
1 71 40.02 -375.93 56.212 0 0 1.006 0.975 -0.237 0 0.235 0.981 0 3713.dat
0 STEP
1 71 0 -54.541 -400 0 0 1.006 0 1.009 0 -1.003 0 0 42079 - Muffler.ldr





0 FILE 42079 - beam2x4bent90_with_pins-left.ldr
0 beam2x4bent90_with_pins-left
0 Name: 42079 - beam2x4bent90_with_pins-left.ldr
0 Author: Max Martin Richter [MMR1988]
0 !LDRAW_ORG Model
0 !LICENSE Redistributable under CCAL version 2.0 : see CAreadme.txt
1 0 0 0 10 -1 0 0 0 0 1 0 1 0 32140.dat
1 0 0 20 0 0 0 -1 0 1 0 1 0 0 2780.dat
1 1 0 0 0 0 -1 0 0 0 -1 1 0 0 43093.dat





0 FILE 42079 - beam4x6bent53.14_with_pin.ldr
0 beam4x6bent53.14_with_pin
0 Name: 42079 - beam4x6bent53.14_with_pin.ldr
0 Author: Max Martin Richter [MMR1988]
0 !LDRAW_ORG Model
0 !LICENSE Redistributable under CCAL version 2.0 : see CAreadme.txt
1 0 2.865 -8.512 0 -0.062 0 -0.999 -0.999 0 0.062 0 1 0 6629.dat
1 1 -135.999 -47.999 10 0 0.649 0.762 0 0.762 -0.649 -1 0 0 43093.dat





0 FILE 42079 - double_universal_joint_connection.ldr
0 double_universal_joint_connection
0 Name: 42079 - double_universal_joint_connection.ldr
0 Author: Max Martin Richter [MMR1988]
0 !LDRAW_ORG Model
0 !LICENSE Redistributable under CCAL version 2.0 : see CAreadme.txt
1 71 0 -47.952 24.006 1 0 0 0 0.649 0.762 0 -0.762 0.649 62520.dat
1 71 0 -47.952 24.006 0 -1 0 0.174 0 -0.985 0.985 0 0.174 62520.dat
1 71 0 -47.952 24.006 1 0 0 0 -0.174 0.985 0 -0.985 -0.174 62519.dat
1 4 0 -25.134 43.48 0 0 1 -0.762 0.649 0 -0.649 -0.762 0 32062.dat
1 71 0 -2.247 62.945 -1 0 0 0 0.649 -0.762 0 -0.762 -0.649 62520.dat
1 71 0 -2.247 62.945 0 1 0 -0.999 0 -0.062 -0.062 0 0.999 62520.dat
1 71 0 -2.247 62.945 -1 0 0 0 0.998 0.062 0 0.062 -0.998 62519.dat
0 STEP
1 71 0 -4.754 102.934 0 0 -1 -0.062 0.999 0 0.999 0.062 0 4519.dat
0 STEP
1 71 0 -4.733 102.897 1 0 0 0 0.062 0.999 0 -0.999 0.062 87082.dat
1 0 0 -6.597 132.861 0 -1 0 0.999 0 -0.062 0.062 0 0.999 59443.dat





0 FILE 42079 - axle4_with_8T_gear.ldr
0 axle4_with_8T_gear
0 Name: 42079 - axle4_with_8T_gear.ldr
0 Author: Max Martin Richter [MMR1988]
0 !LDRAW_ORG Model
0 !LICENSE Redistributable under CCAL version 2.0 : see CAreadme.txt
1 19 0 0 0 0 0 -1 0 1 0 1 0 0 99008.dat
1 72 0 0 -10 1 0 0 0 1 0 0 0 1 10928.dat





0 FILE 42079 - beam2x4bent90_with_pins-right.ldr
0 beam2x4bent90_with_pins-right
0 Name: 42079 - beam2x4bent90_with_pins-right.ldr
0 Author: Max Martin Richter [MMR1988]
0 !LDRAW_ORG Model
0 !LICENSE Redistributable under CCAL version 2.0 : see CAreadme.txt
1 0 0 0 0 1 0 0 0 0 1 0 -1 0 32140.dat
1 0 0 20 -10 0 0 -1 0 1 0 1 0 0 2780.dat
1 1 0 0 -10 0 -1 0 0 0 -1 1 0 0 43093.dat





0 FILE 42079 - Differential_Unit.ldr
0 Differential_Unit
0 Name: 42079 - Differential_Unit.ldr
0 Author: Max Martin Richter [MMR1988]
0 !LDRAW_ORG Model
0 !LICENSE Redistributable under CCAL version 2.0 : see CAreadme.txt
1 4 0 0 0 0 0 1 0 1 0 -1 0 0 3707.dat
1 0 0 0 80 -1 0 0 0 1 0 0 0 -1 59443.dat
1 71 0 0 110 0 0 -1 0 1 0 1 0 0 4519.dat
0 STEP
1 0 0 0 170 1 0 0 0 1 0 0 0 1 64179.dat
1 19 0 0 130 1 0 0 0 1 0 0 0 1 18575.dat
0 STEP
1 19 0 12.742 176.136 0 0 1 -0.33 0.944 0 -0.944 -0.33 0 42079 - Differential.ldr
1 71 80 0 170 1 0 0 0 0.944 0.33 0 -0.33 0.944 44294.dat
1 71 -80 0 170 1 0 0 0 0.944 0.33 0 -0.33 0.944 44294.dat
0 STEP
1 14 55 0 170 0 0 1 -0.33 0.944 0 -0.944 -0.33 0 32123b.dat
1 14 65 0 170 0 0 1 -0.33 0.944 0 -0.944 -0.33 0 32123b.dat
1 14 -55 0 170 0 0 1 -0.33 0.944 0 -0.944 -0.33 0 32123b.dat
1 14 -65 0 170 0 0 1 -0.33 0.944 0 -0.944 -0.33 0 32123b.dat





0 FILE 42079 - Differential.ldr
0 Differential
0 Name: 42079 - Differential.ldr
0 Author: Max Martin Richter [MMR1988]
0 !LDRAW_ORG Model
0 !LICENSE Redistributable under CCAL version 2.0 : see CAreadme.txt
1 72 10 -10 0 -1 0 0 0 -1 0 0 0 1 62821.dat
1 19 10 -10 -17 -1 0 0 0 -1 0 0 0 1 6589.dat
1 19 10 -10 17 1 0 0 0 -1 0 0 0 -1 6589.dat
1 19 10 7 0 0.966 0.259 0 0 0 -1 -0.259 0.966 0 6589.dat





0 FILE 42079 - steering-module.ldr
0 steering-module
0 Name: 42079 - steering-module.ldr
0 Author: Max Martin Richter [MMR1988]
0 !LDRAW_ORG Model
0 !LICENSE Redistributable under CCAL version 2.0 : see CAreadme.txt
1 14 0 0 0 0 0 -1 1 0 0 0 -1 0 32523.dat
1 1 20 0 0 0 0 -1 0 1 0 1 0 0 6558.dat
1 1 -20 0 0 0 0 -1 0 1 0 1 0 0 6558.dat
0 STEP
1 71 0 -40 -20 1 0 0 0 0 1 0 -1 0 60484.dat
0 STEP
1 71 0 0 -40 1 0 0 0 1 0 0 0 1 64178.dat
0 STEP
1 0 20 0 -30 1 0 0 0 1 0 0 0 1 42079 - Axle9L_with-Connector.ldr
1 71 0 0 -40 1 0 0 0 1 0 0 0 1 94925.dat
1 4 0 0 -70 0 0 -1 0 -1 0 -1 0 0 62462.dat
0 STEP
1 71 0 -40 -40 -0.981 0.195 0 -0.195 -0.981 0 0 0 1 42079 - Gear_W_Clutch_B_Sides_and_Pin.ldr
0 STEP
1 71 0 20 -100 1 0 0 0 1 0 0 0 1 42079 - Lower_Steering.ldr
0 STEP
1 72 0 -20 -100 0 0 1 0 1 0 -1 0 0 40490.dat
1 72 0 -20 -60 0 0 1 0 1 0 -1 0 0 40490.dat
0 STEP
1 0 0 -40 -100 -1 0 0 0 1 0 0 0 -1 42079 - SteeringDropArm.ldr
0 STEP
1 1 60 -40 -100 0 0 -1 1 0 0 0 -1 0 15100.dat
1 1 -60 -40 -100 0 0 -1 1 0 0 0 -1 0 15100.dat
0 STEP
1 0 -20 -40 -115 0 0 -1 0 1 0 1 0 0 42079 - TraingleswithPins-Left.ldr
0 STEP
1 0 20 -40 -125 -1 0 0 0 1 0 0 0 -1 42079 - TraingleswithPins-Right.ldr
0 STEP
1 1 60 0 60 1 0 0 0 1 0 0 0 1 32556.dat
1 1 -60 0 60 -1 0 0 0 1 0 0 0 -1 32556.dat
1 0 50 0 40 -1 0 0 0 1 0 0 0 -1 2780.dat
1 0 -50 0 40 -1 0 0 0 1 0 0 0 -1 2780.dat
0 STEP
1 72 60 -80 40 0 1 0 0 0 1 1 0 0 32526.dat
1 72 -60 -80 40 0 1 0 0 0 1 1 0 0 32526.dat





0 FILE 42079 - Axle9L_with-Connector.ldr
0 Axle9L_with-Connector
0 Name: 42079 - Axle9L_with-Connector.ldr
0 Author: Max Martin Richter [MMR1988]
0 !LDRAW_ORG Model
0 !LICENSE Redistributable under CCAL version 2.0 : see CAreadme.txt
1 14 -20 0 -10 0 0 -1 0 1 0 1 0 0 60485.dat
1 0 -20 0 80 1 0 0 0 1 0 0 0 1 59443.dat





0 FILE 42079 - Gear_W_Clutch_B_Sides_and_Pin.ldr
0 Gear_W_Clutch_B_Sides_and_Pin
0 Name: 42079 - Gear_W_Clutch_B_Sides_and_Pin.ldr
0 Author: Max Martin Richter [MMR1988]
0 !LDRAW_ORG Model
0 !LICENSE Redistributable under CCAL version 2.0 : see CAreadme.txt
1 4 0 0 0 1 0 0 0 1 0 0 0 1 18946.dat
1 71 0 0 10 0 0 1 0 1 0 -1 0 0 3673.dat





0 FILE 42079 - Lower_Steering.ldr
0 Lower_Steering
0 Name: 42079 - Lower_Steering.ldr
0 Author: Max Martin Richter [MMR1988]
0 !LDRAW_ORG Model
0 !LICENSE Redistributable under CCAL version 2.0 : see CAreadme.txt
1 72 0 0 0 0 0 1 0 1 0 -1 0 0 40490.dat
1 71 80 -20 20 -1 0 0 0 0 -1 0 -1 0 48989.dat
1 71 -80 -20 20 -1 0 0 0 0 -1 0 -1 0 48989.dat
0 STEP
1 72 110 -20 0 -1 0 0 0 0 -1 0 -1 0 87083.dat
1 72 -110 -20 0 1 0 0 0 0 -1 0 1 0 87083.dat
1 14 95 -20 0 0 0 1 1 0 0 0 1 0 32123b.dat
1 14 -95 -20 0 0 0 1 1 0 0 0 1 0 32123b.dat
0 STEP
1 0 60 -10 0 0 0 1 1 0 0 0 1 0 6628.dat
1 0 -60 -10 0 0 0 1 1 0 0 0 1 0 6628.dat
0 STEP
1 1 40 -20 0 0 0 -1 -1 0 0 0 1 0 6558.dat
1 1 -40 -20 0 0 0 -1 -1 0 0 0 1 0 6558.dat





0 FILE 42079 - SteeringDropArm.ldr
0 SteeringDropArm
0 Name: 42079 - SteeringDropArm.ldr
0 Author: Max Martin Richter [MMR1988]
0 !LDRAW_ORG Model
0 !LICENSE Redistributable under CCAL version 2.0 : see CAreadme.txt
1 71 0 0 0 -1 0 0 0 1 0 0 0 -1 42079 - 33299b.dat
1 0 0 0 0 0 0 -1 -1 0 0 0 1 0 18651.dat
0 STEP
1 0 0 -30 0 1 0 0 0 0 -1 0 1 0 59443.dat





0 FILE 42079 - TraingleswithPins-Left.ldr
0 TraingleswithPins-Left
0 Name: 42079 - TraingleswithPins-Left.ldr
0 Author: Max Martin Richter [MMR1988]
0 !LDRAW_ORG Model
0 !LICENSE Redistributable under CCAL version 2.0 : see CAreadme.txt
1 14 0 0 0 0 -1 0 1 0 0 0 0 1 99773.dat
1 1 5 40 0 -1 0 0 0 -1 0 0 0 1 43093.dat
0 STEP
1 14 -10 0 0 0 -1 0 1 0 0 0 0 1 99773.dat
0 STEP
1 0 5 0 40 -1 0 0 0 0 1 0 1 0 2780.dat





0 FILE 42079 - TraingleswithPins-Right.ldr
0 TraingleswithPins-Right
0 Name: 42079 - TraingleswithPins-Right.ldr
0 Author: Max Martin Richter [MMR1988]
0 !LDRAW_ORG Model
0 !LICENSE Redistributable under CCAL version 2.0 : see CAreadme.txt
1 1 0 40 -15 0 0 1 0 -1 0 1 0 0 43093.dat
1 14 0 0 -10 0 0 -1 1 0 0 0 -1 0 99773.dat
0 STEP
1 14 0 0 0 0 0 -1 1 0 0 0 -1 0 99773.dat
0 STEP
1 0 -40 0 -15 0 -1 0 0 0 1 -1 0 0 2780.dat





0 FILE 42079 - Beam3LwLongPins.ldr
0 Beam3LwLongPins
0 Name: 42079 - Beam3LwLongPins.ldr
0 Author: Max Martin Richter [MMR1988]
0 !LDRAW_ORG Model
0 !LICENSE Redistributable under CCAL version 2.0 : see CAreadme.txt
1 14 0 0 0 0 -1 0 1 0 0 0 0 1 32523.dat
1 1 20 0 20 1 0 0 0 1 0 0 0 1 6558.dat
1 1 20 0 -20 1 0 0 0 1 0 0 0 1 6558.dat





0 FILE 42079 - CenterConnection.ldr
0 CenterConnection
0 Name: 42079 - CenterConnection.ldr
0 Author: Max Martin Richter [MMR1988]
0 !LDRAW_ORG Model
0 !LICENSE Redistributable under CCAL version 2.0 : see CAreadme.txt
1 14 0 0 0 1 0 0 0 0 -1 0 1 0 99773.dat
1 4 40 0 -65 0 -1 0 0 0 -1 1 0 0 3707.dat
1 4 -40 0 -65 0 -1 0 0 0 -1 1 0 0 3707.dat
0 STEP
1 14 0 0 10 1 0 0 0 0 -1 0 1 0 99773.dat
0 STEP
1 71 40 0 -15 0 0 1 0 1 0 -1 0 0 6536.dat
1 71 -40 0 -15 0 0 1 0 1 0 -1 0 0 6536.dat
1 71 -40 0 -35 0 0 -1 0 -1 0 -1 0 0 6536.dat
1 71 40 0 -35 0 0 -1 0 -1 0 -1 0 0 6536.dat
0 STEP
1 71 40 0 -55 0 1 0 -1 0 0 0 0 1 3713.dat
1 71 -40 0 -55 0 1 0 -1 0 0 0 0 1 3713.dat
1 71 -40 0 -75 0 1 0 -1 0 0 0 0 1 3713.dat
1 71 40 0 -75 0 1 0 -1 0 0 0 0 1 3713.dat
0 STEP
1 14 -40 -20 -95 0 0 1 0 -1 0 1 0 0 42003.dat
1 14 40 -20 -95 0 0 1 0 -1 0 1 0 0 42003.dat
1 71 -40 0 -115 0 1 0 -1 0 0 0 0 1 3713.dat
1 71 40 0 -115 0 1 0 -1 0 0 0 0 1 3713.dat
0 STEP
1 19 0 -40 -5 0 0 1 0 1 0 -1 0 0 32002.dat
1 0 50 20 -15 -1 0 0 0 0 -1 0 -1 0 2780.dat
1 0 50 -20 -35 -1 0 0 0 0 -1 0 -1 0 2780.dat
1 0 50 -20 -95 -1 0 0 0 0 -1 0 -1 0 2780.dat
1 0 -50 -20 -95 -1 0 0 0 0 -1 0 -1 0 2780.dat
1 0 -50 20 -15 -1 0 0 0 0 -1 0 -1 0 2780.dat
1 0 -50 -20 -35 -1 0 0 0 0 -1 0 -1 0 2780.dat
0 STEP
1 72 60 20 -15 0 -1 0 -1 0 0 0 0 -1 32526.dat
1 72 -60 20 -15 0 -1 0 -1 0 0 0 0 -1 32526.dat
0 STEP
1 19 0 -70 -35 -1 0 0 0 -1 0 0 0 1 42079 - CenterGearBox.ldr
0 STEP
1 14 0 0 -140 1 0 0 0 0 -1 0 1 0 99773.dat
1 14 0 0 -130 1 0 0 0 0 -1 0 1 0 99773.dat
0 STEP
1 14 0 -20 -145 0.924 -0.383 0 0.383 0.924 0 0 0 1 42079 - axle4_with_8T_gear.ldr
0 STEP
1 14 0 -40 -95 1 0 0 0 1 0 0 0 1 60485.dat
1 71 60 -40 -95 0 0 -1 0 1 0 1 0 0 3713.dat
1 71 -60 -40 -95 0 0 -1 0 1 0 1 0 0 3713.dat





0 FILE 42079 - CenterGearBox.ldr
0 CenterGearBox
0 Name: 42079 - CenterGearBox.ldr
0 Author: Max Martin Richter [MMR1988]
0 !LDRAW_ORG Model
0 !LICENSE Redistributable under CCAL version 2.0 : see CAreadme.txt
1 19 0 0 0 0 0.924 0.383 -1 0 0 0 -0.383 0.924 99008.dat
1 0 0 -30 0 -0.383 0.923 0 0 0 -1 -0.923 -0.383 0 32270.dat
0 STEP
1 0 0 0 0 -1 0 0 0 1 0 0 0 -1 87408.dat
0 STEP
1 19 0 -50 17 -0.924 -0.383 0 -0.383 0.924 0 0 0 -1 6589.dat
1 19 0 -50 0 0.924 -0.383 0 0.383 0.924 0 0 0 1 42079 - Axle5L-with-Long-Connector.ldr





0 FILE 42079 - Axle5L-with-Long-Connector.ldr
0 Axle5L-with-Long-Connector
0 Name: 42079 - Axle5L-with-Long-Connector.ldr
0 Author: Max Martin Richter [MMR1988]
0 !LDRAW_ORG Model
0 !LICENSE Redistributable under CCAL version 2.0 : see CAreadme.txt
1 14 0 0 0 0 0 -1 0 1 0 1 0 0 32073.dat
1 71 0 0 -60 1 0 0 0 1 0 0 0 1 26287.dat





0 FILE 42079 - Beam7LwithPins.ldr
0 Beam7LwithPins
0 Name: 42079 - Beam7LwithPins.ldr
0 Author: Max Martin Richter [MMR1988]
0 !LDRAW_ORG Model
0 !LICENSE Redistributable under CCAL version 2.0 : see CAreadme.txt
1 14 -10 0 0 0 -1 0 1 0 0 0 0 1 32524.dat
1 0 0 0 -20 -1 0 0 0 -1 0 0 0 1 2780.dat
1 0 0 0 40 -1 0 0 0 -1 0 0 0 1 2780.dat





0 FILE 42079 - Beam5LwithSticker.ldr
0 Beam5LwithSticker
0 Name: 42079 - Beam5LwithSticker.ldr
0 Author: Max Martin Richter [MMR1988]
0 !LDRAW_ORG Model
0 !LICENSE Redistributable under CCAL version 2.0 : see CAreadme.txt
1 71 0 0 0 0 -1 0 1 0 0 0 0 1 32316.dat
0 STEP





0 FILE 42079 - FlexMechanism.ldr
0 FlexMechanism
0 Name: 42079 - FlexMechanism.ldr
0 Author: Max Martin Richter [MMR1988]
0 !LDRAW_ORG Model
0 !LICENSE Redistributable under CCAL version 2.0 : see CAreadme.txt
1 71 0 0 0 1 0 0 0 1 0 0 0 1 44294.dat
1 0 0 0 0 1 0 0 0 -1 0 0 0 -1 63869.dat
0 STEP
1 71 -15 0 0 0 1 0 1 0 0 0 0 -1 41677.dat
1 71 -25 0 0 0 1 0 1 0 0 0 0 -1 41677.dat
0 STEP
1 72 0 0 -20 -1 0 0 0 0 1 0 1 0 27940.dat
0 STEP
1 71 15 0 0 0 1 0 1 0 0 0 0 -1 41677.dat
1 71 25 0 0 0 1 0 1 0 0 0 0 -1 41677.dat
0 STEP
1 0 -60 0 -20 1 0 0 0 1 0 0 0 1 42079 - BeamAndConnector_left.ldr
0 STEP
1 14 67 0 -280 -1 0 0 0 -1 0 0 0 1 42079 - FlexMechanismCenter.ldr
0 STEP
1 0 60 0 -20 -1 0 0 0 -1 0 0 0 1 42079 - BeamAndConnector_right.ldr
0 STEP
1 1 -60 0 -260 -1 0 0 0 -1 0 0 0 1 6558.dat
1 1 60 0 -260 1 0 0 0 -1 0 0 0 -1 6558.dat
1 1 50 0 -240 1 0 0 0 -1 0 0 0 -1 43093.dat
1 1 50 0 -220 1 0 0 0 -1 0 0 0 -1 43093.dat
1 1 -50 0 -240 -1 0 0 0 -1 0 0 0 1 43093.dat
1 1 -50 0 -220 -1 0 0 0 -1 0 0 0 1 43093.dat
0 STEP
1 1 -20 -20 20 0 0 1 0 -1 0 1 0 0 6558.dat
1 1 20 -20 20 0 0 1 0 -1 0 1 0 0 6558.dat
1 71 0 -20 20 0 0 1 0 -1 0 1 0 0 87082.dat
0 STEP
1 272 -100 -20 20 0 0 1 1 0 0 0 1 0 32526.dat
1 272 100 -20 20 0 0 -1 1 0 0 0 -1 0 32526.dat
0 STEP
1 272 0 -20 40 0 0 -1 1 0 0 0 -1 0 32525.dat
0 STEP
1 1 -60 -20 40 0 0 -1 0 -1 0 -1 0 0 6558.dat
1 1 60 -20 40 0 0 -1 0 -1 0 -1 0 0 6558.dat





0 FILE 42079 - BeamAndConnector_left.ldr
0 BeamAndConnector_left
0 Name: 42079 - BeamAndConnector_left.ldr
0 Author: Max Martin Richter [MMR1988]
0 !LDRAW_ORG Model
0 !LICENSE Redistributable under CCAL version 2.0 : see CAreadme.txt
1 71 0 0 0 1 0 0 0 0 -1 0 1 0 32184.dat
1 1 10 0 -20 -1 0 0 0 0 -1 0 -1 0 43093.dat
0 STEP
1 0 20 0 -120 0 -1 0 -1 0 0 0 0 -1 32278.dat





0 FILE 42079 - FlexMechanismCenter.ldr
0 FlexMechanismCenter
0 Name: 42079 - FlexMechanismCenter.ldr
0 Author: Max Martin Richter [MMR1988]
0 !LDRAW_ORG Model
0 !LICENSE Redistributable under CCAL version 2.0 : see CAreadme.txt
1 72 0 0 0 -1 0 0 0 0.894 0.448 0 0.448 -0.894 59426.dat
1 71 42 -8.975 17.879 0 -1 0 -0.894 0 0.448 -0.448 0 -0.894 41677.dat
1 71 52 -8.975 17.879 0 -1 0 -0.894 0 0.448 -0.448 0 -0.894 41677.dat
0 STEP
1 71 67 -8.975 17.879 1 0 0 0 -0.894 0.448 0 -0.448 -0.894 4519.dat
0 STEP
1 72 67 16.909 -57.856 0 1 0 0.947 0 0.324 0.324 0 -0.947 40490.dat
0 STEP
1 71 82 -8.975 17.879 0 -1 0 -0.894 0 0.448 -0.448 0 -0.894 41677.dat
1 71 92 -8.975 17.879 0 -1 0 -0.894 0 0.448 -0.448 0 -0.894 41677.dat
0 STEP
1 72 134 0 0 1 0 0 0 0.894 -0.448 0 0.448 0.894 59426.dat
1 1 67 42.794 -133.591 -1 0 0 0 0.988 0.154 0 0.154 -0.988 6558.dat
1 1 67 29.851 -95.724 -1 0 0 0 0.988 0.154 0 0.154 -0.988 6558.dat
0 STEP
1 14 87 36.322 -114.658 0 -1 0 -0.947 0 0.324 -0.324 0 -0.947 32523.dat
1 14 47 36.322 -114.658 0 -1 0 -0.947 0 0.324 -0.324 0 -0.947 32523.dat





0 FILE 42079 - BeamAndConnector_right.ldr
0 BeamAndConnector_right
0 Name: 42079 - BeamAndConnector_right.ldr
0 Author: Max Martin Richter [MMR1988]
0 !LDRAW_ORG Model
0 !LICENSE Redistributable under CCAL version 2.0 : see CAreadme.txt
1 71 0 0 0 1 0 0 0 0 -1 0 1 0 32184.dat
1 1 10 0 -20 -1 0 0 0 0 -1 0 -1 0 43093.dat
0 STEP
1 0 20 0 -120 0 -1 0 -1 0 0 0 0 -1 32278.dat





0 FILE 42079 - MidConstruction-left.ldr
0 MidConstruction-left
0 Name: 42079 - MidConstruction-left.ldr
0 Author: Max Martin Richter [MMR1988]
0 !LDRAW_ORG Model
0 !LICENSE Redistributable under CCAL version 2.0 : see CAreadme.txt
1 72 0 0 0 0 1 0 0 0 -1 -1 0 0 6632.dat
1 72 10 0 0 0 1 0 0 0 -1 -1 0 0 6632.dat
1 4 -15 0 0 1 0 0 0 1 0 0 0 1 11214.dat
0 STEP
1 0 -5 -20 0 1 0 0 0 1 0 0 0 1 2780.dat
1 72 25 -40 0 1 0 0 0 1 0 0 0 1 27940.dat
0 STEP
1 0 -15 0 -60 0 1 0 -1 0 0 0 0 1 32140.dat
1 1 -25 0 -60 1 0 0 0 0 -1 0 1 0 43093.dat
1 0 -25 0 -20 1 0 0 0 -1 0 0 0 -1 2780.dat





0 FILE 42079 - MidConstruction-right.ldr
0 MidConstruction-right
0 Name: 42079 - MidConstruction-right.ldr
0 Author: Max Martin Richter [MMR1988]
0 !LDRAW_ORG Model
0 !LICENSE Redistributable under CCAL version 2.0 : see CAreadme.txt
1 72 0 0 0 0 1 0 0 0 -1 -1 0 0 6632.dat
1 72 10 0 0 0 1 0 0 0 -1 -1 0 0 6632.dat
1 4 25 0 0 -1 0 0 0 1 0 0 0 -1 11214.dat
0 STEP
1 0 15 -20 0 1 0 0 0 1 0 0 0 1 2780.dat
0 STEP
1 0 25 0 -60 0 1 0 -1 0 0 0 0 1 32140.dat
1 0 35 0 -20 1 0 0 0 -1 0 0 0 -1 2780.dat
1 4 35 0 -60 1 0 0 0 -1 0 0 0 -1 32062.dat





0 FILE 42079 - Motor.ldr
0 Motor
0 Name: 42079 - Motor.ldr
0 Author: Max Martin Richter [MMR1988]
0 !LDRAW_ORG Model
0 !LICENSE Redistributable under CCAL version 2.0 : see CAreadme.txt
1 71 0 0 0 -1 0 0 0 -1 0 0 0 1 2850b.dat
1 0 20 -26 -20 0 0 1 0 -1 0 1 0 0 2780.dat
1 0 -20 -26 -20 0 0 1 0 -1 0 1 0 0 2780.dat
1 71 0 0 -40 -1 0 0 0 -1 0 0 0 1 2850b.dat
0 STEP
1 0 -20 -26 -60 0 0 1 0 -1 0 1 0 0 2780.dat
1 0 20 -26 -60 0 0 1 0 -1 0 1 0 0 2780.dat
1 0 20 -26 20 0 0 1 0 -1 0 1 0 0 2780.dat
1 0 -20 -26 20 0 0 1 0 -1 0 1 0 0 2780.dat
0 STEP
1 72 0 -66 -70 1 0 0 0 1 0 0 0 1 42079 - Motor-SideConnector-back.ldr
0 STEP
1 14 10 -66 0 0 0 -1 0 1 0 1 0 0 42079 - MotorCrankshaft.ldr
1 71 0 -66 -80 0 0 -1 0 1 0 1 0 0 4519.dat
0 STEP
1 72 0 -66 30 -1 0 0 0 -1 0 0 0 1 42079 - Motor-SideConnector-front.ldr
0 STEP
1 71 0 -66 -90 -1 0 0 0 -1 0 0 0 1 94925.dat





0 FILE 42079 - Motor-SideConnector-back.ldr
0 Motor-SideConnector-back
0 Name: 42079 - Motor-SideConnector-back.ldr
0 Author: Max Martin Richter [MMR1988]
0 !LDRAW_ORG Model
0 !LICENSE Redistributable under CCAL version 2.0 : see CAreadme.txt
1 71 0 0 0 1 0 0 0 1 0 0 0 1 32184.dat
1 71 0 -20 0 1 0 0 0 1 0 0 0 1 4519.dat
1 71 0 20 0 1 0 0 0 1 0 0 0 1 4519.dat
0 STEP
1 71 20 20 0 1 0 0 0 1 0 0 0 1 6536.dat
1 71 -20 20 0 1 0 0 0 1 0 0 0 1 6536.dat
0 STEP
1 72 20 -20 0 0 -1 0 0 0 1 -1 0 0 60483.dat
1 72 -20 -20 0 0 -1 0 0 0 1 -1 0 0 60483.dat





0 FILE 42079 - MotorCrankshaft.ldr
0 MotorCrankshaft
0 Name: 42079 - MotorCrankshaft.ldr
0 Author: Max Martin Richter [MMR1988]
0 !LDRAW_ORG Model
0 !LICENSE Redistributable under CCAL version 2.0 : see CAreadme.txt
1 4 0 0 0 1 0 0 0 1 0 0 0 1 32062.dat
1 14 30 0 0 0 0 1 0 1 0 -1 0 0 2853.dat
0 STEP
1 19 -20 0 10 0 0 1 0 1 0 -1 0 0 2854.dat
1 71 0 0 0 0 0 -1 0.25 -0.968 0 -0.968 -0.25 0 2852.dat
0 STEP
1 14 -40 0 10 0 0 1 0 1 0 -1 0 0 2853.dat
1 71 -40 0 20 0 0 1 0.25 -0.968 0 0.968 0.25 0 2852.dat
0 STEP
1 14 -40 38.73 10 0 0 1 0 -1 0 1 0 0 2851.dat
1 14 0 38.73 10 0 0 -1 0 -1 0 -1 0 0 2851.dat





0 FILE 42079 - Motor-SideConnector-front.ldr
0 Motor-SideConnector-front
0 Name: 42079 - Motor-SideConnector-front.ldr
0 Author: Max Martin Richter [MMR1988]
0 !LDRAW_ORG Model
0 !LICENSE Redistributable under CCAL version 2.0 : see CAreadme.txt
1 71 0 0 0 -1 0 0 0 -1 0 0 0 1 32184.dat
1 71 0 20 0 -1 0 0 0 -1 0 0 0 1 4519.dat
1 71 0 -20 0 -1 0 0 0 -1 0 0 0 1 4519.dat
0 STEP
1 71 20 -20 0 -1 0 0 0 -1 0 0 0 1 6536.dat
1 71 -20 -20 0 -1 0 0 0 -1 0 0 0 1 6536.dat
0 STEP
1 72 20 20 0 0 1 0 0 0 -1 -1 0 0 60483.dat
1 72 -20 20 0 0 1 0 0 0 -1 -1 0 0 60483.dat





0 FILE 42079 - ConnectorwithPin+LongAxlePin.ldr
0 ConnectorwithPin+LongAxlePin
0 Name: 42079 - ConnectorwithPin+LongAxlePin.ldr
0 Author: Max Martin Richter [MMR1988]
0 !LDRAW_ORG Model
0 !LICENSE Redistributable under CCAL version 2.0 : see CAreadme.txt
1 71 0 0 0 1 0 0 0 0 1 0 -1 0 32184.dat
1 4 10 0 20 1 0 0 0 0 1 0 -1 0 32062.dat
1 4 20 0 -20 -1 0 0 0 0 1 0 1 0 11214.dat





0 FILE 42079 - Seat.ldr
0 Seat
0 Name: 42079 - Seat.ldr
0 Author: Max Martin Richter [MMR1988]
0 !LDRAW_ORG Model
0 !LICENSE Redistributable under CCAL version 2.0 : see CAreadme.txt
1 0 0 0 0 0 1 0 -1 0 0 0 0 1 32140.dat
1 1 20 -20 60 1 0 0 0 0 1 0 -1 0 6558.dat
1 0 -10 0 20 1 0 0 0 -1 0 0 0 -1 2780.dat
0 STEP
1 71 20 0 0 -1 0 0 0 -1 0 0 0 1 42079 - Axle5LwithCenteredBush.ldr
0 STEP
1 71 20 -100 0 1 0 0 0 0 -1 0 1 0 24116.dat
0 STEP
1 0 40 0 0 0 1 0 -1 0 0 0 0 1 32140.dat
1 0 50 0 20 1 0 0 0 -1 0 0 0 -1 2780.dat
0 STEP
1 71 -20 0 20 0 1 0 1 0 0 0 0 -1 60484.dat
0 STEP
1 4 20 20 -20 1 0 0 0 1 0 0 0 1 42079 - Connector#2withLongPins.ldr
0 STEP
1 71 60 0 20 0 1 0 1 0 0 0 0 -1 60484.dat
1 1 70 -20 -20 1 0 0 0 -1 0 0 0 -1 43093.dat
1 1 -30 -20 -20 -1 0 0 0 -1 0 0 0 1 43093.dat





0 FILE 42079 - Axle5LwithCenteredBush.ldr
0 Axle5LwithCenteredBush
0 Name: 42079 - Axle5LwithCenteredBush.ldr
0 Author: Max Martin Richter [MMR1988]
0 !LDRAW_ORG Model
0 !LICENSE Redistributable under CCAL version 2.0 : see CAreadme.txt
1 14 0 0 0 1 0 0 0 1 0 0 0 1 32073.dat
1 71 0 0 0 0 0 -1 -1 0 0 0 1 0 3713.dat





0 FILE 42079 - Connector#2withLongPins.ldr
0 Connector#2withLongPins
0 Name: 42079 - Connector#2withLongPins.ldr
0 Author: Max Martin Richter [MMR1988]
0 !LDRAW_ORG Model
0 !LICENSE Redistributable under CCAL version 2.0 : see CAreadme.txt
1 72 0 0 0 0 0 -1 -1 0 0 0 1 0 32034.dat
1 4 40 0 0 -1 0 0 0 -1 0 0 0 1 11214.dat
1 4 -40 0 0 1 0 0 0 -1 0 0 0 -1 11214.dat





0 FILE 42079 - Axlewith2LongConnectors.ldr
0 Axlewith2LongConnectors
0 Name: 42079 - Axlewith2LongConnectors.ldr
0 Author: Max Martin Richter [MMR1988]
0 !LDRAW_ORG Model
0 !LICENSE Redistributable under CCAL version 2.0 : see CAreadme.txt
1 4 0 0 0 0 -1 0 1 0 0 0 0 1 32062.dat
1 71 0 30 0 0 -1 0 0 0 1 -1 0 0 26287.dat
1 71 0 -30 0 0 -1 0 0 0 1 -1 0 0 26287.dat





0 FILE 42079 - SteeringWheel.ldr
0 SteeringWheel
0 Name: 42079 - SteeringWheel.ldr
0 Author: Max Martin Richter [MMR1988]
0 !LDRAW_ORG Model
0 !LICENSE Redistributable under CCAL version 2.0 : see CAreadme.txt
1 1 0 0 0 0 0 1 -1 0 0 0 -1 0 43093.dat
1 0 0 -24 0 -1 0 0 0 1 0 0 0 -1 2819.dat





0 FILE 42079 - CabinTop.ldr
0 CabinTop
0 Name: 42079 - CabinTop.ldr
0 Author: Max Martin Richter [MMR1988]
0 !LDRAW_ORG Model
0 !LICENSE Redistributable under CCAL version 2.0 : see CAreadme.txt
1 0 0 0 0 1 0 0 0 0 -1 0 1 0 32054.dat
1 4 -40 0 0 1 0 0 0 0 -1 0 1 0 11214.dat
0 STEP
1 72 0 0 0 1 0 0 0 1 0 0 0 1 32034.dat
1 72 -40 0 0 1 0 0 0 1 0 0 0 1 32034.dat
0 STEP
1 1 0 0 30 0 -1 0 0 0 1 -1 0 0 43093.dat
1 1 -40 0 30 0 -1 0 0 0 1 -1 0 0 43093.dat
1 71 0 0 -40 0 1 0 0 0 1 1 0 0 22961.dat
1 71 -40 0 -40 0 1 0 0 0 1 1 0 0 22961.dat
0 STEP
1 1 20 0 -40 1 0 0 0 1 0 0 0 1 6558.dat
1 1 -60 0 -40 -1 0 0 0 1 0 0 0 -1 6558.dat
0 STEP
1 72 -60 0 20 0 1 0 1 0 0 0 0 -1 32526.dat
0 STEP
1 72 -20 0 -60 -1 0 0 0 1 0 0 0 -1 42079 - Connector#2withLongPins.ldr
0 STEP
1 72 20 0 20 0 1 0 1 0 0 0 0 -1 32526.dat
0 STEP
1 0 30 0 20 -1 0 0 0 1 0 0 0 -1 2780.dat
1 0 -70 0 20 -1 0 0 0 1 0 0 0 -1 2780.dat
1 1 -70 40 -60 -1 0 0 0 1 0 0 0 -1 43093.dat
1 1 30 40 -60 1 0 0 0 1 0 0 0 1 43093.dat





0 FILE 42079 - CabinFlexAxle.ldr
0 CabinFlexAxle
0 Name: 42079 - CabinFlexAxle.ldr
0 Author: Max Martin Richter [MMR1988]
0 !LDRAW_ORG Model
0 !LICENSE Redistributable under CCAL version 2.0 : see CAreadme.txt
0 !CATEGORY technic
0 !KEYWORDS flexible
0 !LDCAD CONTENT [type=path] [addFallBack=default] [looped=false] [displayKind=mm] [curveStep=0] [displayLenCor=0]

0 !LDCAD PATH_POINT [type=bezier] [posOri=0 0.000001 2 1 0.000001 0 -0.000001 1 0 0 0 1] [prevCPDist=25] [nextCPDist=59.5] [cirR=20] [cirDir=xyCW] [prevYRoll=0] [nextYRoll=0]
0 !LDCAD PATH_POINT [type=bezier] [posOri=51.329791 -125.300791 2 0.615661 -0.788011 0 0.788011 0.615661 0 0 0 1] [prevCPDist=56] [nextCPDist=25] [cirR=20] [cirDir=xyCW] [prevYRoll=0] [nextYRoll=0]
0 !LDCAD PATH_POINT [type=bezier] [posOri=51.255374 -122.525366 2 0.642694 -0.766048 0.010745 0.765924 0.642783 0.013753 -0.017442 -0.000609 0.999848] [prevCPDist=30] [nextCPDist=25] [cirR=20] [cirDir=xyCW] [prevYRoll=0] [nextYRoll=0]

0 !LDCAD PATH_SKIN [donCol=0] [donOri=1 0 0 0 -1 0 0 0 -1] [donPart=ldcFlexAxleEndA.dat] [donYSize=100%] [donCen=absCen] [donCenYOfs=0] [donFinScale=fitDon2Seg] [donPlace=deform] [donYAlign=0] [donInline=false] [segSize=100%] [segSizeTol=0] [segsCnt=1] [segsGrp=0] [segsMaxMerge=1] [segsMrgAng=0] [segsMrgRollAng=0] [segsEdgeDelKind=keepFirstLeft]
0 !LDCAD PATH_SKIN [donCol=0] [donOri=1 0 0 0 1 0 0 0 1] [donPart=ldcFlexAxleEndB.dat] [donYSize=100%] [donCen=absCen] [donCenYOfs=0] [donFinScale=fitDon2Seg] [donPlace=deform] [donYAlign=0] [donInline=false] [segSize=100%] [segSizeTol=0] [segsCnt=4] [segsGrp=0] [segsMaxMerge=4] [segsMrgAng=0] [segsMrgRollAng=0] [segsEdgeDelKind=keepFirstLeft]
0 !LDCAD PATH_SKIN [donCol=0] [donOri=1 0 0 0 -1 0 0 0 -1] [donPart=ldcFlexAxleEndC.dat] [donYSize=100%] [donCen=absCen] [donCenYOfs=0] [donFinScale=fitDon2Seg] [donPlace=deform] [donYAlign=0] [donInline=false] [segSize=100%] [segSizeTol=5%] [segsCnt=1] [segsGrp=0] [segsMaxMerge=1] [segsMrgAng=0] [segsMrgRollAng=0] [segsEdgeDelKind=keepAll]
0 !LDCAD PATH_SKIN [donCol=0] [donOri=1 0 0 0 -1 0 0 0 -1] [donPart=ldcFlexAxleEndD.dat] [donYSize=100%] [donCen=absCen] [donCenYOfs=0] [donFinScale=fitDon2Seg] [donPlace=deform] [donYAlign=0] [donInline=false] [segSize=100%] [segSizeTol=5%] [segsCnt=1] [segsGrp=0] [segsMaxMerge=1] [segsMrgAng=0] [segsMrgRollAng=0] [segsEdgeDelKind=keepFirstLeft]
0 !LDCAD PATH_SKIN [donCol=0] [donOri=1 0 0 0 -1 0 0 0 -1] [donPart=ldcFlexAxleEndE.dat] [donYSize=100%] [donCen=absCen] [donCenYOfs=0] [donFinScale=fitDon2Seg] [donPlace=deform] [donYAlign=0] [donInline=false] [segSize=100%] [segSizeTol=5%] [segsCnt=1] [segsGrp=0] [segsMaxMerge=1] [segsMrgAng=0] [segsMrgRollAng=0] [segsEdgeDelKind=keepFirstLeft]
0 !LDCAD PATH_SKIN [donCol=0] [donOri=1 0 0 0 -1 0 0 0 -1] [donPart=ldcFlexAxleEndF.dat] [donYSize=100%] [donCen=absCen] [donCenYOfs=0] [donFinScale=fitDon2Seg] [donPlace=deform] [donYAlign=0] [donInline=false] [segSize=100%] [segSizeTol=5%] [segsCnt=1] [segsGrp=0] [segsMaxMerge=1] [segsMrgAng=0] [segsMrgRollAng=0] [segsEdgeDelKind=keepFirstLeft]
0 !LDCAD PATH_SKIN [donCol=0] [donOri=1 0 0 0 -1 0 0 0 -1] [donPart=ldcFlexAxleEndG.dat] [donYSize=100%] [donCen=absCen] [donCenYOfs=0] [donFinScale=fitDon2Seg] [donPlace=deform] [donYAlign=0] [donInline=false] [segSize=100%] [segSizeTol=5%] [segsCnt=1] [segsGrp=0] [segsMaxMerge=1] [segsMrgAng=0] [segsMrgRollAng=0] [segsEdgeDelKind=keepFirstLeft]
0 !LDCAD PATH_SKIN [donCol=0] [donOri=1 0 0 0 1 0 0 0 1] [donPart=ldcFlexAxleMid.dat] [donYSize=400%] [donCen=absCen] [donCenYOfs=0] [donFinScale=fitDon2Seg] [donPlace=deform] [donYAlign=0] [donInline=false] [segSize=100%] [segSizeTol=5%] [segsCnt=0] [segsGrp=0] [segsMaxMerge=5] [segsMrgAng=0] [segsMrgRollAng=0] [segsEdgeDelKind=keepFirstLeft]
0 !LDCAD PATH_SKIN [donCol=0] [donOri=1 0 0 0 1 0 0 0 1] [donPart=ldcFlexAxleEndG.dat] [donYSize=100%] [donCen=absCen] [donCenYOfs=0] [donFinScale=fitDon2Seg] [donPlace=deform] [donYAlign=0] [donInline=false] [segSize=100%] [segSizeTol=5%] [segsCnt=1] [segsGrp=0] [segsMaxMerge=1] [segsMrgAng=0] [segsMrgRollAng=0] [segsEdgeDelKind=keepFirstLeft]
0 !LDCAD PATH_SKIN [donCol=0] [donOri=1 0 0 0 1 0 0 0 1] [donPart=ldcFlexAxleEndF.dat] [donYSize=100%] [donCen=absCen] [donCenYOfs=0] [donFinScale=fitDon2Seg] [donPlace=deform] [donYAlign=0] [donInline=false] [segSize=100%] [segSizeTol=5%] [segsCnt=1] [segsGrp=0] [segsMaxMerge=1] [segsMrgAng=0] [segsMrgRollAng=0] [segsEdgeDelKind=keepFirstLeft]
0 !LDCAD PATH_SKIN [donCol=0] [donOri=1 0 0 0 1 0 0 0 1] [donPart=ldcFlexAxleEndE.dat] [donYSize=100%] [donCen=absCen] [donCenYOfs=0] [donFinScale=fitDon2Seg] [donPlace=deform] [donYAlign=0] [donInline=false] [segSize=100%] [segSizeTol=5%] [segsCnt=1] [segsGrp=0] [segsMaxMerge=1] [segsMrgAng=0] [segsMrgRollAng=0] [segsEdgeDelKind=keepFirstLeft]
0 !LDCAD PATH_SKIN [donCol=0] [donOri=1 0 0 0 1 0 0 0 1] [donPart=ldcFlexAxleEndD.dat] [donYSize=100%] [donCen=absCen] [donCenYOfs=0] [donFinScale=fitDon2Seg] [donPlace=deform] [donYAlign=0] [donInline=false] [segSize=100%] [segSizeTol=5%] [segsCnt=1] [segsGrp=0] [segsMaxMerge=1] [segsMrgAng=0] [segsMrgRollAng=0] [segsEdgeDelKind=keepFirstLeft]
0 !LDCAD PATH_SKIN [donCol=0] [donOri=1 0 0 0 1 0 0 0 1] [donPart=ldcFlexAxleEndC.dat] [donYSize=100%] [donCen=absCen] [donCenYOfs=0] [donFinScale=fitDon2Seg] [donPlace=deform] [donYAlign=0] [donInline=false] [segSize=100%] [segSizeTol=5%] [segsCnt=1] [segsGrp=0] [segsMaxMerge=1] [segsMrgAng=0] [segsMrgRollAng=0] [segsEdgeDelKind=keepFirstLeft]
0 !LDCAD PATH_SKIN [donCol=0] [donOri=1 0 0 0 1 0 0 0 1] [donPart=ldcFlexAxleEndB.dat] [donYSize=100%] [donCen=absCen] [donCenYOfs=0] [donFinScale=fitDon2Seg] [donPlace=deform] [donYAlign=0] [donInline=false] [segSize=100%] [segSizeTol=0] [segsCnt=4] [segsGrp=0] [segsMaxMerge=4] [segsMrgAng=0] [segsMrgRollAng=0] [segsEdgeDelKind=keepFirstLeft]
0 !LDCAD PATH_SKIN [donCol=0] [donOri=1 0 0 0 1 0 0 0 1] [donPart=ldcFlexAxleEndA.dat] [donYSize=100%] [donCen=absCen] [donCenYOfs=0] [donFinScale=fitDon2Seg] [donPlace=deform] [donYAlign=0] [donInline=false] [segSize=100%] [segSizeTol=5] [segsCnt=1] [segsGrp=0] [segsMaxMerge=1] [segsMrgAng=0] [segsMrgRollAng=0] [segsEdgeDelKind=keepFirstLeft]

0 !LDCAD PATH_LENGTH [lenTarget=140] [lenMargin=0]

0 !LDCAD GENERATED [generator=LDCad 1.6b]
0 //This is the fallback LDraw content for above PATH configuration.
0 // Do not edit, any changes will be lost upon regeneration.
0 // The path is approx 69.56 mm (173.90) and exists out of 33 segments.
0 // warning: the path could not be filled out completely resulting in 13.56 mm (33.90) dead space due to configuration induced constrains.

0 //Some general hints about the document.
0 UNOFFICIAL PART
0 BFC CERTIFY CCW

0 //Fixed color segments
0 // Skin meta #1, #2, #3, #4, #5, #6, #7, #8, #9, #10, #11, #12, #13, #14 and #15 is using a static color.
0 // To ensure correct edge colors those segments are placed in (a) subpart(s).
1 0 0 0 0 1 0 0 0 1 0 0 0 1 42079 - CabinFlexAxle_subPart1.ldr


0 FILE 42079 - CabinFlexAxle_subPart1.ldr
0 CabinFlexAxle_subPart1
0 Name: 42079 - CabinFlexAxle_subPart1.ldr
0 Author: Max Martin Richter [MMR1988]
0 !LDRAW_ORG Model
0 !LICENSE Redistributable under CCAL version 2.0 : see CAreadme.txt

0 !LDCAD GENERATED [generator=LDCad 1.6b] [master=42079CabinFlexAxle.ldr]
0 //This is additional fallback LDraw content for the "42079CabinFlexAxle.ldr" PATH configuration.
0 // Do not edit, any changes will be lost upon regeneration.
0 // The path is approx 69.56 mm (173.90) and exists out of 33 segments.
0 // warning: the path could not be filled out completely resulting in 13.56 mm (33.90) dead space due to configuration induced constrains.

0 //Some general hints about the document.
0 UNOFFICIAL PART
0 BFC CERTIFY CCW

0 //Some of this content has been generated from other LDraw files, many thanks to all involved.
0 // Credits for "ldcFlexAxleEndA.dat":
