0 FILE 42112 - main.ldr
0 main
0 Name: 42112 - main.ldr
0 Author: Philippe Hurbain [Philo]
0 !LDRAW_ORG Model
0 !LICENSE Redistributable under CCAL version 2.0 : see CAreadme.txt

1 71 0 0 -256 0 1 0 -1 0 0 0 0 1 40490.dat
1 4 20 0 -216 -1 0 0 0 0 1 0 1 0 87082.dat
1 4 20 0 -276 -1 0 0 0 0 1 0 1 0 87082.dat
1 71 40 0 -256 0 1 0 -1 0 0 0 0 1 40490.dat
1 0 -10 0 -196 -1 0 0 0 -1 0 0 0 1 2780.dat
1 0 50 0 -196 -1 0 0 0 -1 0 0 0 1 2780.dat
1 0 -10 0 -316 -1 0 0 0 -1 0 0 0 1 2780.dat
1 0 -10 0 -336 -1 0 0 0 -1 0 0 0 1 2780.dat
1 0 50 0 -316 -1 0 0 0 -1 0 0 0 1 2780.dat
1 0 50 0 -336 -1 0 0 0 -1 0 0 0 1 2780.dat
0 STEP
1 71 60 -80 -356 0 1 0 0 0 1 1 0 0 32526.dat
1 71 -20 -80 -356 0 1 0 0 0 1 1 0 0 32526.dat
0 STEP
1 1 20 0 -76 -1 0 0 0 1 0 0 0 -1 42112 - chassis.ldr
0 STEP
1 71 -20 0 -156 0 1 0 1 0 0 0 0 -1 32316.dat
1 71 20 0 -216 0 1 0 0 0 -1 -1 0 0 60485.dat
1 71 20 0 -316 0 1 0 -1 0 0 0 0 1 26287.dat
0 STEP
1 1 50 0 -296 1 0 0 0 1 0 0 0 1 43093.dat
1 14 60 0 -276 1 0 0 0 0 1 0 -1 0 32184.dat
1 0 60 0 -256 1 0 0 0 0 1 0 -1 0 18651.dat
1 71 80 -20 -256 1 0 0 0 -1 0 0 0 -1 42003.dat
1 1 50 0 -96 1 0 0 0 1 0 0 0 1 43093.dat
1 14 60 0 -76 1 0 0 0 0 1 0 -1 0 32184.dat
1 0 60 0 -56 1 0 0 0 0 1 0 -1 0 18651.dat
1 71 80 -20 -56 1 0 0 0 -1 0 0 0 -1 42003.dat
1 1 -10 0 -296 -1 0 0 0 1 0 0 0 -1 43093.dat
1 14 -20 0 -276 1 0 0 0 0 1 0 -1 0 32184.dat
1 0 -20 0 -256 -1 0 0 0 0 -1 0 -1 0 18651.dat
1 71 -40 -20 -256 1 0 0 0 -1 0 0 0 -1 42003.dat
1 1 -10 0 -96 -1 0 0 0 1 0 0 0 -1 43093.dat
1 14 -20 0 -76 1 0 0 0 0 1 0 -1 0 32184.dat
1 0 -20 0 -56 -1 0 0 0 0 -1 0 -1 0 18651.dat
1 71 -40 -20 -56 1 0 0 0 -1 0 0 0 -1 42003.dat
0 STEP
1 1 -20 0 -76 0 -1 0 -1 0 0 0 0 -1 6558.dat
1 1 60 0 -76 0 -1 0 -1 0 0 0 0 -1 6558.dat
1 71 20 20 -76 0 0 -1 0 1 0 1 0 0 40490.dat
1 0 80 10 -76 0 0 -1 1 0 0 0 -1 0 2780.dat
1 0 -40 10 -76 0 0 -1 1 0 0 0 -1 0 2780.dat
1 15 80 0 -76 0 0 -1 0 -1 0 -1 0 0 18654.dat
1 15 -40 0 -76 0 0 -1 0 -1 0 -1 0 0 18654.dat
1 1 -20 0 -276 0 -1 0 -1 0 0 0 0 -1 6558.dat
1 1 60 0 -276 0 -1 0 -1 0 0 0 0 -1 6558.dat
1 71 20 20 -276 0 0 -1 0 1 0 1 0 0 40490.dat
1 0 80 10 -276 0 0 -1 1 0 0 0 -1 0 2780.dat
1 0 -40 10 -276 0 0 -1 1 0 0 0 -1 0 2780.dat
1 15 80 0 -276 0 0 -1 0 -1 0 -1 0 0 18654.dat
1 15 -40 0 -276 0 0 -1 0 -1 0 -1 0 0 18654.dat
0 STEP
1 71 -60 0 -296 -1 0 0 0 0 1 0 1 0 48989.dat
1 15 -60 20 -316 0 0 1 0 -1 0 1 0 0 18654.dat
1 72 -90 0 -276 1 0 0 0 -1 0 0 0 -1 87083.dat
1 71 -80 0 -276 0 0 -1 0 -1 0 -1 0 0 3713.dat
1 71 100 0 -296 -1 0 0 0 0 1 0 1 0 48989.dat
1 15 100 20 -316 0 0 -1 0 -1 0 -1 0 0 18654.dat
1 72 130 0 -276 -1 0 0 0 -1 0 0 0 1 87083.dat
1 71 120 0 -276 0 0 1 0 -1 0 1 0 0 3713.dat
0 STEP
1 71 -60 0 -96 -1 0 0 0 0 1 0 1 0 48989.dat
1 15 -60 -20 -116 0 0 1 0 -1 0 1 0 0 18654.dat
1 72 -90 0 -76 1 0 0 0 -1 0 0 0 -1 87083.dat
1 71 -80 0 -76 0 0 -1 0 -1 0 -1 0 0 3713.dat
1 0 -60 10 -96 0 0 -1 -1 0 0 0 1 0 2780.dat
1 71 -60 20 -116 1 0 0 0 -1 0 0 0 -1 32523.dat
1 19 -60 0 -136 0 -1 0 -1 0 0 0 0 -1 32556.dat
1 15 -60 0 -136 1 0 0 0 -1 0 0 0 -1 18654.dat
0 STEP
1 71 100 0 -96 -1 0 0 0 0 1 0 1 0 48989.dat
1 15 100 -20 -116 0 0 -1 0 -1 0 -1 0 0 18654.dat
1 72 130 0 -76 -1 0 0 0 -1 0 0 0 1 87083.dat
1 71 120 0 -76 0 0 1 0 -1 0 1 0 0 3713.dat
1 0 100 10 -96 0 0 1 1 0 0 0 1 0 2780.dat
1 71 100 20 -116 1 0 0 0 -1 0 0 0 -1 32523.dat
1 19 100 0 -136 0 1 0 -1 0 0 0 0 1 32556.dat
1 15 100 0 -136 1 0 0 0 -1 0 0 0 -1 18654.dat
0 STEP
1 0 20 -20 -116 1 0 0 0 1 0 0 0 1 42112 - steerrack.ldr
1 0 20 -20 -296 1 0 0 0 1 0 0 0 1 42112 - steerrack.ldr
0 STEP
1 25 80 -40 -276 0 0 -1 0 1 0 1 0 0 32054.dat
1 25 -40 -40 -276 0 0 -1 0 1 0 1 0 0 32054.dat
1 0 80 -40 -276 0 0 1 1 0 0 0 1 0 15100.dat
1 0 -40 -40 -276 0 0 1 1 0 0 0 1 0 15100.dat
1 71 20 -20 -276 0 0 -1 0 1 0 1 0 0 40490.dat
0 STEP
1 1 80 -40 -76 0 0 -1 0 1 0 1 0 0 6558.dat
1 1 -40 -40 -76 0 0 -1 0 1 0 1 0 0 6558.dat
1 0 80 -40 -76 0 0 -1 1 0 0 0 -1 0 15100.dat
1 0 -40 -40 -76 0 0 -1 1 0 0 0 -1 0 15100.dat
1 71 20 -20 -76 0 0 -1 0 1 0 1 0 0 40490.dat
1 15 20 -40 -96 0 0 -1 -1 0 0 0 1 0 32524.dat
1 25 40 -40 -96 0 0 -1 0 -1 0 -1 0 0 32054.dat
1 25 0 -40 -96 0 0 -1 0 -1 0 -1 0 0 32054.dat
0 STEP
1 1 -20 -60 -356 1 0 0 0 -1 0 0 0 -1 6558.dat
1 1 -20 -20 -356 1 0 0 0 1 0 0 0 1 6558.dat
1 1 60 -60 -356 -1 0 0 0 -1 0 0 0 1 6558.dat
1 1 60 -20 -356 -1 0 0 0 -1 0 0 0 1 6558.dat
0 STEP
1 1 20 -80 -356 1 0 0 0 1 0 0 0 1 42112 - chassis3.ldr
0 STEP
1 0 -10 0 -236 1 0 0 0 1 0 0 0 1 2780.dat
1 0 -10 -40 -236 1 0 0 0 1 0 0 0 1 2780.dat
1 1 -20 -80 -236 -1 0 0 0 -1 0 0 0 1 6558.dat
1 71 -20 -80 -236 0 1 0 0 0 -1 -1 0 0 40490.dat
0 STEP
1 0 20 -120 -236 0 0 1 -1 0 0 0 -1 0 32034.dat
1 4 60 -120 -236 -1 0 0 0 0 -1 0 -1 0 11214.dat
1 4 -20 -120 -236 1 0 0 0 0 -1 0 1 0 11214.dat
1 0 50 0 -236 -1 0 0 0 1 0 0 0 -1 2780.dat
1 0 50 -40 -236 -1 0 0 0 1 0 0 0 -1 2780.dat
1 1 60 -80 -236 1 0 0 0 -1 0 0 0 -1 6558.dat
1 71 60 -80 -236 0 -1 0 0 0 -1 1 0 0 40490.dat
0 STEP
1 71 20 0 -376 -1 0 0 0 1 0 0 0 -1 94925.dat
1 14 20 0 -356 0 0 -1 0 1 0 1 0 0 4519.dat
1 14 20 -100 -356 -1 0 0 0 1 0 0 0 -1 44294.dat
1 71 60 -100 -356 0 1 0 0 0 -1 -1 0 0 32140.dat
1 25 80 -100 -356 0 1 0 1 0 0 0 0 -1 60483.dat
1 0 50 -120 -356 1 0 0 0 0 1 0 -1 0 2780.dat
1 0 20 -120 -356 -1 0 0 0 0 -1 0 -1 0 32039.dat
0 STEP
1 1 20 -140 -236 0 0 1 -1 0 0 0 -1 0 6558.dat
1 71 20 -140 -296 -1 0 0 0 1 0 0 0 -1 41239.dat
1 71 20 -150 -176 0 -1 0 -1 0 0 0 0 -1 4274.dat
1 14 20 -130 -256 0 -1 0 -1 0 0 0 0 -1 4519.dat
1 14 20 -155 -256 -1 0 0 0 0 1 0 1 0 32123b.dat
1 71 20 -110 -256 0 1 0 0 0 -1 -1 0 0 3713.dat
1 14 20 -130 -276 0 -1 0 -1 0 0 0 0 -1 4519.dat
1 14 20 -155 -276 -1 0 0 0 0 1 0 1 0 32123b.dat
1 71 20 -110 -276 0 1 0 0 0 -1 -1 0 0 3713.dat
1 14 20 -140 -296 0 -1 0 -1 0 0 0 0 -1 4519.dat
1 14 20 -165 -296 -1 0 0 0 0 1 0 1 0 32123b.dat
1 71 20 -120 -296 0 1 0 0 0 -1 -1 0 0 3713.dat
1 14 20 -130 -316 0 -1 0 -1 0 0 0 0 -1 4519.dat
1 14 20 -155 -316 -1 0 0 0 0 1 0 1 0 32123b.dat
1 71 20 -110 -316 0 1 0 0 0 -1 -1 0 0 3713.dat
0 STEP
1 0 20 -160 -236 0 0 -1 -1 0 0 0 1 0 32034.dat
1 0 -20 -160 -236 1 0 0 0 1 0 0 0 1 18651.dat
1 0 60 -160 -236 -1 0 0 0 1 0 0 0 -1 18651.dat
1 4 -20 -160 -356 1 0 0 0 0 -1 0 1 0 11214.dat
1 0 20 -160 -356 0 0 1 -1 0 0 0 -1 0 32034.dat
1 4 60 -160 -356 -1 0 0 0 0 -1 0 -1 0 11214.dat
1 70 20 -140 -356 0 0 1 -1 0 0 0 -1 0 24316.dat
0 STEP
1 71 -20 -100 -356 0 1 0 0 0 -1 -1 0 0 32140.dat
1 0 -10 -120 -356 -1 0 0 0 0 -1 0 -1 0 2780.dat
1 71 -40 -80 -356 0 -1 0 0 0 1 -1 0 0 32526.dat
1 1 -40 -80 -356 1 0 0 0 -1 0 0 0 -1 6558.dat
1 1 -40 0 -376 1 0 0 0 -1 0 0 0 -1 6558.dat
1 71 -20 0 -436 0 1 0 -1 0 0 0 0 1 32140.dat
0 STEP
1 0 20 -60 -396 1 0 0 0 0 1 0 -1 0 42112 - chassis4.ldr
1 1 -20 -160 -376 1 0 0 0 0 1 0 -1 0 6558.dat
1 1 60 -160 -376 -1 0 0 0 0 1 0 1 0 6558.dat
1 15 -40 -160 -376 0 -1 0 -1 0 0 0 0 -1 18654.dat
1 71 80 -80 -356 0 -1 0 0 0 1 -1 0 0 32526.dat
1 1 80 -80 -356 -1 0 0 0 -1 0 0 0 1 6558.dat
1 1 80 0 -376 -1 0 0 0 -1 0 0 0 1 6558.dat
1 71 60 0 -436 0 1 0 -1 0 0 0 0 1 32140.dat
0 STEP
1 1 -40 0 -356 1 0 0 0 -1 0 0 0 -1 6558.dat
1 1 80 0 -356 -1 0 0 0 -1 0 0 0 1 6558.dat
1 71 -60 0 -376 0 0 -1 -1 0 0 0 1 0 42003.dat
1 71 100 0 -376 0 0 -1 -1 0 0 0 1 0 42003.dat
1 71 -40 0 -436 -1 0 0 0 -1 0 0 0 1 32073.dat
1 71 80 0 -436 -1 0 0 0 -1 0 0 0 1 32073.dat
1 71 20 0 -436 0 0 1 -1 0 0 0 -1 0 26287.dat
0 STEP
1 71 -40 -20 -436 -1 0 0 0 -1 0 0 0 1 42003.dat
1 71 80 -20 -436 -1 0 0 0 -1 0 0 0 1 42003.dat
1 71 -60 0 -436 0 0 1 0 -1 0 1 0 0 3713.dat
1 71 100 0 -436 0 0 -1 0 -1 0 -1 0 0 3713.dat
0 STEP
1 0 -10 0 84 -1 0 0 0 0 1 0 1 0 2780.dat
1 1 -20 0 44 -1 0 0 0 0 1 0 1 0 6558.dat
1 1 -20 0 4 -1 0 0 0 0 1 0 1 0 6558.dat
1 15 -20 0 64 0 1 0 -1 0 0 0 0 1 32524.dat
1 0 50 0 84 1 0 0 0 0 -1 0 1 0 2780.dat
1 1 60 0 44 1 0 0 0 0 -1 0 1 0 6558.dat
1 1 60 0 4 1 0 0 0 0 -1 0 1 0 6558.dat
1 15 60 0 64 0 -1 0 1 0 0 0 0 1 32524.dat
1 71 20 0 124 0 1 0 -1 0 0 0 0 1 94925.dat
0 STEP
1 71 20 0 364 1 0 0 0 1 0 0 0 1 42112 - rearaxles.ldr
1 19 20 0 204 1 0 0 0 1 0 0 0 1 18575.dat
0 STEP
1 1 -40 0 124 -1 0 0 0 0 1 0 1 0 6558.dat
1 25 -40 0 144 1 0 0 0 0 -1 0 1 0 32054.dat
1 71 -40 -40 144 0 1 0 0 0 -1 -1 0 0 14720.dat
1 71 -50 0 164 -1 0 0 0 -1 0 0 0 1 4274.dat
1 1 80 0 124 1 0 0 0 0 -1 0 1 0 6558.dat
1 25 80 0 144 -1 0 0 0 0 1 0 1 0 32054.dat
1 71 80 -40 144 0 -1 0 0 0 -1 1 0 0 14720.dat
1 71 90 0 164 1 0 0 0 -1 0 0 0 -1 4274.dat
1 1 -70 0 144 1 0 0 0 0 -1 0 1 0 43093.dat
1 1 110 0 144 -1 0 0 0 0 1 0 1 0 43093.dat
0 STEP
1 0 80 -40 154 0 0 -1 0 1 0 1 0 0 2780.dat
1 0 -40 -40 154 0 0 -1 0 1 0 1 0 0 2780.dat
1 15 20 -40 164 0 0 -1 -1 0 0 0 1 0 32524.dat
0 STEP
1 1 20 -40 24 -1 0 0 0 1 0 0 0 -1 42112 - gearshift.ldr
0 STEP
1 4 0 -40 194 -1 0 0 0 1 0 0 0 -1 59443.dat
1 0 0 -40 234 0 0 -1 0 1 0 1 0 0 3705.dat
1 4 0 -40 274 -1 0 0 0 1 0 0 0 -1 59443.dat
1 14 0 -40 304 0 1 0 0 0 1 1 0 0 4519.dat
1 0 0 -40 304 0 -1 0 -1 0 0 0 0 -1 32270.dat
0 STEP
1 71 -40 -20 4 0 0 -1 0 1 0 1 0 0 42003.dat
1 71 -40 -20 44 0 0 -1 0 1 0 1 0 0 42003.dat
1 14 -40 -40 24 0 0 -1 0 1 0 1 0 0 4519.dat
1 71 80 -20 4 0 0 -1 0 1 0 1 0 0 42003.dat
1 71 80 -20 44 0 0 -1 0 1 0 1 0 0 42003.dat
1 14 80 -40 24 0 0 -1 0 1 0 1 0 0 4519.dat
1 71 80 0 84 0 0 1 1 0 0 0 1 0 48989.dat
1 71 100 0 84 0 1 0 1 0 0 0 0 -1 32316.dat
0 STEP
1 1 80 -80 124 -1 0 0 0 0 1 0 1 0 6558.dat
1 1 80 -80 164 -1 0 0 0 0 1 0 1 0 6558.dat
1 1 -40 -80 124 1 0 0 0 0 -1 0 1 0 6558.dat
1 1 -40 -80 164 1 0 0 0 0 -1 0 1 0 6558.dat
0 STEP
1 15 -40 -20 84 0 1 0 -1 0 0 0 0 1 42112 - gearshiftlever.ldr
0 STEP
1 14 20 -80 344 -1 0 0 0 1 0 0 0 -1 42112 - chassis5.ldr
0 STEP
1 71 -40 -80 324 0 1 0 1 0 0 0 0 -1 41239.dat
1 71 80 -80 324 0 1 0 1 0 0 0 0 -1 41239.dat
1 1 -40 -80 204 1 0 0 0 0 -1 0 1 0 6558.dat
1 1 80 -80 204 -1 0 0 0 0 1 0 1 0 6558.dat
0 STEP
1 71 -40 0 -176 0 1 0 0.6 0 -0.8 -0.8 0 -0.6 6629.dat
1 4 -20 0 -176 -1 0 0 0 -0.8 -0.6 0 -0.6 0.8 11214.dat
1 1 -50 -80 -256 -1 0 0 0 -1 0 0 0 1 43093.dat
1 1 -50 -80 -296 1 0 0 0 -1 0 0 0 -1 43093.dat
1 71 80 0 -176 0 1 0 0.6 0 -0.8 -0.8 0 -0.6 6629.dat
1 4 60 0 -176 1 0 0 0 -0.8 0.6 0 -0.6 -0.8 11214.dat
1 1 90 -80 -256 1 0 0 0 -1 0 0 0 -1 43093.dat
1 1 90 -80 -296 -1 0 0 0 -1 0 0 0 1 43093.dat
0 STEP
1 0 -40 -80 4 0 1 0 1 0 0 0 0 -1 32525.dat
1 0 -60 -80 -216 0 1 0 1 0 0 0 0 -1 32278.dat
1 0 -50 -80 -76 1 0 0 0 -1 0 0 0 -1 2780.dat
1 0 -50 -80 -96 1 0 0 0 -1 0 0 0 -1 2780.dat
1 71 -70 -80 -116 -1 0 0 0 -1 0 0 0 1 4274.dat
1 71 -50 -80 -56 -1 0 0 0 -1 0 0 0 1 4274.dat
1 25 -40 -80 -36 1 0 0 0 1 0 0 0 1 32054.dat
1 1 -60 -80 -136 1 0 0 0 1 0 0 0 1 6558.dat
0 STEP
1 71 0 -137.6 -52.8 -1 0 0 0 -0.28 0.96 0 0.96 0.28 42112 - mixersupport.ldr
0 STEP
1 0 80 -80 4 0 -1 0 -1 0 0 0 0 -1 32525.dat
1 0 100 -80 -216 0 -1 0 -1 0 0 0 0 -1 32278.dat
1 0 90 -80 -76 1 0 0 0 -1 0 0 0 -1 2780.dat
1 0 90 -80 -96 1 0 0 0 -1 0 0 0 -1 2780.dat
1 71 110 -80 -116 1 0 0 0 -1 0 0 0 -1 4274.dat
1 71 90 -80 -56 1 0 0 0 -1 0 0 0 -1 4274.dat
1 25 80 -80 -36 -1 0 0 0 1 0 0 0 -1 32054.dat
1 1 100 -80 -136 -1 0 0 0 1 0 0 0 -1 6558.dat
0 STEP
1 1 -70 -80 -216 -1 0 0 0 -1 0 0 0 1 43093.dat
1 0 -100 -80 -216 0 0 -1 -1 0 0 0 1 0 32013.dat
1 1 110 -80 -216 1 0 0 0 -1 0 0 0 -1 43093.dat
1 0 140 -80 -216 0 0 1 1 0 0 0 1 0 32013.dat
1 1 140 -100 -216 0 0 1 1 0 0 0 1 0 6558.dat
1 1 -100 -100 -216 0 0 1 1 0 0 0 1 0 6558.dat
1 71 20 -100 -216 0 0 1 0 1 0 -1 0 0 41239.dat
0 STEP
1 0 -60 -60 64 0 0 -1 0 -1 0 -1 0 0 6536.dat
1 0 -60 -60 104 0 0 -1 0 -1 0 -1 0 0 6536.dat
1 14 -60 -60 84 0 0 -1 0 -1 0 -1 0 0 4519.dat
1 0 -50 -20 4 1 0 0 0 -1 0 0 0 -1 2780.dat
1 0 -50 -80 4 1 0 0 0 -1 0 0 0 -1 2780.dat
1 71 -60 -20 4 0 1 0 0 0 -1 -1 0 0 32526.dat
1 0 90 -20 4 1 0 0 0 -1 0 0 0 -1 2780.dat
1 0 90 -80 4 1 0 0 0 -1 0 0 0 -1 2780.dat
1 71 100 -20 4 0 1 0 0 0 -1 -1 0 0 32526.dat
0 STEP
1 71 100 -80 24 0 -1 0 1 0 0 0 0 1 32526.dat
1 1 100 -80 24 -1 0 0 0 0 1 0 1 0 6558.dat
1 71 -60 0 84 0 -1 0 -1 0 0 0 0 -1 32316.dat
1 1 -60 -80 24 1 0 0 0 0 -1 0 1 0 6558.dat
1 15 -60 -80 24 0 1 0 0 0 -1 -1 0 0 18654.dat
0 STEP
1 71 -60 -80 164 0 -1 0 1 0 0 0 0 1 32316.dat
1 71 100 -80 164 0 -1 0 1 0 0 0 0 1 32316.dat
1 0 -70 -80 144 1 0 0 0 1 0 0 0 1 2780.dat
1 0 110 -80 144 1 0 0 0 1 0 0 0 1 2780.dat
1 1 -40 0 324 1 0 0 0 1 0 0 0 1 6558.dat
1 0 -50 -80 324 1 0 0 0 1 0 0 0 1 2780.dat
1 71 -60 -40 324 0 1 0 0 0 1 1 0 0 32316.dat
1 1 80 0 324 -1 0 0 0 1 0 0 0 -1 6558.dat
1 0 90 -80 324 -1 0 0 0 1 0 0 0 -1 2780.dat
1 71 100 -40 324 0 -1 0 0 0 1 -1 0 0 32316.dat
0 STEP
1 15 20 -20 444 -1 0 0 0 1 0 0 0 -1 42112 - chassisback.ldr
0 STEP
1 1 -40 0 404 1 0 0 0 1 0 0 0 1 6558.dat
1 71 -60 -80 444 0 -1 0 0 0 1 -1 0 0 32526.dat
1 1 -60 -80 444 1 0 0 0 1 0 0 0 1 6558.dat
1 0 -80 0 444 1 0 0 0 0 -1 0 1 0 15100.dat
1 1 80 0 404 -1 0 0 0 1 0 0 0 -1 6558.dat
1 71 100 -80 444 0 -1 0 0 0 1 -1 0 0 32526.dat
1 1 100 -80 444 -1 0 0 0 1 0 0 0 -1 6558.dat
1 0 120 0 444 -1 0 0 0 0 1 0 1 0 15100.dat
0 STEP
1 0 120 0 454 0 0 -1 0 1 0 1 0 0 2780.dat
1 0 -80 0 454 0 0 -1 0 1 0 1 0 0 2780.dat
1 0 20 0 464 0 0 -1 1 0 0 0 -1 0 32278.dat
1 71 160 0 474 0 0 -1 0 1 0 1 0 0 4274.dat
1 71 140 0 474 0 0 -1 0 1 0 1 0 0 4274.dat
1 71 100 0 474 0 0 -1 0 1 0 1 0 0 4274.dat
1 71 40 0 474 0 0 -1 0 1 0 1 0 0 4274.dat
1 71 0 0 474 0 0 -1 0 1 0 1 0 0 4274.dat
1 71 -60 0 474 0 0 -1 0 1 0 1 0 0 4274.dat
1 71 -100 0 474 0 0 -1 0 1 0 1 0 0 4274.dat
1 71 -120 0 474 0 0 -1 0 1 0 1 0 0 4274.dat
1 36 140 0 474 0 0 -1 -1 0 0 0 1 0 98138.dat
1 36 -100 0 474 0 0 -1 -1 0 0 0 1 0 98138.dat
1 57 160 0 474 0 0 -1 -1 0 0 0 1 0 98138.dat
1 57 -120 0 474 0 0 -1 -1 0 0 0 1 0 98138.dat
1 71 20 0 482 1 0 0 0 0 1 0 -1 0 2431.dat
1 47 -60 0 482 1 0 0 0 0 1 0 -1 0 6141.dat
1 47 100 0 482 1 0 0 0 0 1 0 -1 0 6141.dat
0 STEP
1 4 0 -71.716 520.569 -1 0 0 0 0.707 -0.707 0 -0.707 -0.707 42112 - chute.ldr
0 STEP
1 71 20 -80 304 -1 0 0 0 -0.966 -0.259 0 -0.259 0.966 42112 - mixerrollsupport.ldr
0 STEP
1 0 -60 -80 344 -1 0 0 0 -1 0 0 0 1 18651.dat
1 4 -60 -80 384 -1 0 0 0 -1 0 0 0 1 11214.dat
1 0 -58 -176 456 0 -1 0 -0.6 0 0.8 -0.8 0 -0.6 32271.dat
1 14 -80 -80 364 1 0 0 0 0 -1 0 1 0 32184.dat
1 4 -68 -176 456 1 0 0 0 0.6 -0.8 0 0.8 0.6 32062.dat
0 STEP
1 71 20 -232 548 -1 0 0 0 1 0 0 0 -1 42112 - loader.ldr
0 STEP
1 4 -60 -192 528 -1 0 0 0 1 0 0 0 -1 11214.dat
1 0 -70 -192 468 -1 0 0 0 1 0 0 0 -1 2780.dat
1 71 -78 -192 528 0 1 0 1 0 0 0 0 -1 32348.dat
1 1 -68 -144 432 -1 0 0 0 0.8 -0.6 0 -0.6 -0.8 43093.dat
0 STEP
1 0 120 -90 364 0 -1 0 -1 0 0 0 0 -1 2780.dat
1 0 -80 -90 364 0 -1 0 -1 0 0 0 0 -1 2780.dat
1 0 20 -100 364 0 0 -1 0 -1 0 -1 0 0 32525.dat
0 STEP
1 71 -100 0 364 0 0 -1 0 1 0 1 0 0 56145.dat
1 256 -100 0 364 0 0 -1 0 1 0 1 0 0 15413.dat
1 71 -100 0 224 0 0 -1 0 1 0 1 0 0 56145.dat
1 256 -100 0 224 0 0 -1 0 1 0 1 0 0 15413.dat
1 71 -110 0 -76 0 0 -1 0 1 0 1 0 0 56145.dat
1 256 -110 0 -76 0 0 -1 0 1 0 1 0 0 15413.dat
1 71 -110 0 -276 0 0 -1 0 1 0 1 0 0 56145.dat
1 256 -110 0 -276 0 0 -1 0 1 0 1 0 0 15413.dat
1 71 150 0 364 0 0 1 0 1 0 -1 0 0 56145.dat
1 256 150 0 364 0 0 1 0 1 0 -1 0 0 15413.dat
1 71 150 0 224 0 0 1 0 1 0 -1 0 0 56145.dat
1 256 150 0 224 0 0 1 0 1 0 -1 0 0 15413.dat
1 71 160 0 -76 0 0 1 0 1 0 -1 0 0 56145.dat
1 256 160 0 -76 0 0 1 0 1 0 -1 0 0 15413.dat
1 71 160 0 -276 0 0 1 0 1 0 -1 0 0 56145.dat
1 256 160 0 -276 0 0 1 0 1 0 -1 0 0 15413.dat
0 STEP
1 25 80 -120 -236 1 0 0 0 1 0 0 0 1 10197.dat
1 0 80 -160 -236 1 0 0 0 0 -1 0 1 0 32034.dat
1 1 80 -190 -236 0 0 1 1 0 0 0 1 0 43093.dat
1 25 -40 -120 -236 1 0 0 0 1 0 0 0 1 10197.dat
1 0 -40 -160 -236 1 0 0 0 0 -1 0 1 0 32034.dat
1 1 -40 -190 -236 0 0 1 1 0 0 0 1 0 43093.dat
1 72 100 -20 -396 0 1 0 -1 0 0 0 0 1 27940.dat
1 72 -60 -20 -396 0 1 0 -1 0 0 0 0 1 27940.dat
0 STEP
1 4 100 -50 -396 1 0 0 0 0 1 0 -1 0 59443.dat
1 71 100 -100 -396 0 0 1 -1 0 0 0 -1 0 32073.dat
1 1 100 -75 -396 1 0 0 0 -1 0 0 0 -1 32249.dat
1 1 100 -85 -396 1 0 0 0 -1 0 0 0 -1 32249.dat
1 0 100 -100 -396 0 0 -1 -1 0 0 0 1 0 6536.dat
1 25 100 -100 -376 -1 0 0 0 0 1 0 1 0 32054.dat
1 4 140 -90 -396 0 0 1 1 0 0 0 1 0 32062.dat
1 1 140 -100 -396 0 0 1 1 0 0 0 1 0 6536.dat
0 STEP
1 4 -60 -50 -396 1 0 0 0 0 1 0 -1 0 59443.dat
1 71 -60 -100 -396 0 0 -1 1 0 0 0 -1 0 32073.dat
1 1 -60 -75 -396 -1 0 0 0 1 0 0 0 -1 32249.dat
1 1 -60 -85 -396 -1 0 0 0 1 0 0 0 -1 32249.dat
1 0 -60 -100 -396 0 0 1 1 0 0 0 1 0 6536.dat
1 25 -60 -100 -376 1 0 0 0 0 -1 0 1 0 32054.dat
1 4 -100 -90 -396 0 0 -1 -1 0 0 0 1 0 32062.dat
1 1 -100 -100 -396 0 0 -1 -1 0 0 0 1 0 6536.dat
0 STEP
1 57 160 -70 -296 -1 0 0 0 1 0 0 0 -1 42112 - mudg1.ldr
1 57 -120 -70 -296 -1 0 0 0 1 0 0 0 -1 42112 - mudg2.ldr
0 STEP
1 71 140 0 -436 0 0 1 -1 0 0 0 -1 0 32015.dat
1 71 155.307 0 -399.045 -0.383 0 -0.924 0 -1 0 -0.924 0 0.383 22961.dat
1 0 140 -10 -436 0 -1 0 1 0 0 0 0 1 2780.dat
1 0 155.307 -10 -399.045 0 -1 0 1 0 0 0 0 1 2780.dat
1 71 147.654 -20 -417.522 -0.924 0 0.383 0 -1 0 0.383 0 0.924 32523.dat
0 STEP
1 71 -100 0 -436 0 0 -1 1 0 0 0 -1 0 32015.dat
1 71 -115.307 0 -399.045 0.383 0 -0.924 0 -1 0 -0.924 0 -0.383 22961.dat
1 0 -100 -10 -436 0 1 0 -1 0 0 0 0 1 2780.dat
1 0 -115.307 -10 -399.045 0 1 0 -1 0 0 0 0 1 2780.dat
1 71 -107.654 -20 -417.522 -0.924 0 -0.383 0 -1 0 -0.383 0 0.924 32523.dat
0 STEP
1 0 140 -110 -276 0 0 -1 1 0 0 0 -1 0 2780.dat
1 0 140 -110 -316 0 0 -1 1 0 0 0 -1 0 2780.dat
1 15 140 -120 -296 -1 0 0 0 -1 0 0 0 1 40490.dat
1 0 -100 -110 -276 0 0 -1 1 0 0 0 -1 0 2780.dat
1 0 -100 -110 -316 0 0 -1 1 0 0 0 -1 0 2780.dat
1 15 -100 -120 -296 -1 0 0 0 -1 0 0 0 1 40490.dat
0 STEP
1 0 140 -130 -256 0 0 -1 1 0 0 0 -1 0 2780.dat
1 0 -100 -130 -256 0 0 -1 1 0 0 0 -1 0 2780.dat
1 72 140 -140 -256 0 0 -1 0 -1 0 -1 0 0 27940.dat
1 72 -100 -140 -256 0 0 -1 0 -1 0 -1 0 0 27940.dat
0 STEP
1 272 20 -240 -236 1 0 0 0 0 -1 0 1 0 64782.dat
1 1 -60 -200 -236 0 -1 0 0 0 -1 1 0 0 6558.dat
1 1 100 -200 -236 0 -1 0 0 0 -1 1 0 0 6558.dat
1 1 -60 -280 -236 0 1 0 0 0 -1 -1 0 0 6558.dat
1 1 100 -280 -236 0 1 0 0 0 -1 -1 0 0 6558.dat
0 STEP
1 272 140 -200 -256 -1 0 0 0 0 -1 0 -1 0 32526.dat
1 1 140 -200 -256 0 0 1 0 1 0 -1 0 0 6558.dat
1 1 140 -220 -256 0 0 1 0 1 0 -1 0 0 6558.dat
1 1 140 -240 -256 0 0 1 0 1 0 -1 0 0 6558.dat
1 1 140 -280 -256 0 0 1 0 1 0 -1 0 0 6558.dat
1 272 140 -220 -236 -1 0 0 0 0 1 0 1 0 32526.dat
1 272 140 -260 -236 -1 0 0 0 0 1 0 1 0 32523.dat
1 272 60 -280 -276 0 0 1 1 0 0 0 1 0 32526.dat
0 STEP
1 272 -100 -200 -256 1 0 0 0 0 -1 0 1 0 32526.dat
1 1 -100 -200 -256 0 0 1 0 1 0 -1 0 0 6558.dat
1 1 -100 -220 -256 0 0 1 0 1 0 -1 0 0 6558.dat
1 1 -100 -240 -256 0 0 1 0 1 0 -1 0 0 6558.dat
1 1 -100 -280 -256 0 0 1 0 1 0 -1 0 0 6558.dat
1 272 -100 -220 -236 1 0 0 0 0 1 0 -1 0 32526.dat
1 272 -100 -260 -236 -1 0 0 0 0 1 0 1 0 32523.dat
1 272 -20 -280 -276 0 0 -1 1 0 0 0 -1 0 32526.dat
0 STEP
1 71 100 -200 -256 -1 0 0 0 0 1 0 1 0 32526.dat
1 1 100 -140 -256 0 1 0 0 0 1 1 0 0 6558.dat
1 71 -60 -200 -256 1 0 0 0 0 1 0 -1 0 32526.dat
1 1 -60 -140 -256 0 -1 0 0 0 -1 1 0 0 6558.dat
0 STEP
1 272 140 -220 -276 -1 0 0 0 0 1 0 1 0 32526.dat
1 272 -100 -220 -276 1 0 0 0 0 1 0 -1 0 32526.dat
1 0 -80 -140 -286 0 -1 0 0 0 1 -1 0 0 2780.dat
1 0 120 -140 -286 0 -1 0 0 0 1 -1 0 0 2780.dat
1 15 -80 -140 -296 -1 0 0 0 0 1 0 1 0 18654.dat
1 15 120 -140 -296 -1 0 0 0 0 1 0 1 0 18654.dat
0 STEP
1 71 80 -227.082 -281.838 -1 0 0 0 -0.191 -0.982 0 -0.982 0.191 24116.dat
1 71 -40 -227.082 -281.838 -1 0 0 0 -0.191 -0.982 0 -0.982 0.191 24116.dat
1 0 50 -140 -396 -1 0 0 0 0 -1 0 -1 0 2780.dat
1 0 50 -160 -396 -1 0 0 0 0 -1 0 -1 0 2780.dat
1 71 60 -160 -396 0 -1 0 0 0 -1 1 0 0 32523.dat
1 71 80 -160 -376 0 -1 0 -0.946 0 -0.326 0.326 0 -0.946 22961.dat
1 71 80 -192.148 -364.931 -1 0 0 0 0.946 -0.326 0 -0.326 -0.946 2819.dat
0 STEP
1 0 -40 -100 -406 0 -0.326 -0.946 0 0.946 -0.326 1 0 0 2780.dat
1 0 80 -100 -406 0 -0.326 -0.946 0 0.946 -0.326 1 0 0 2780.dat
1 1 20 -100 -416 0 0 1 -1 0 0 0 -1 0 41239.dat
1 71 -100 -100 -426 0 -1 0 0 0 1 -1 0 0 4274.dat
1 71 -80 -100 -426 0 -1 0 0 0 1 -1 0 0 4274.dat
1 71 120 -100 -426 0 -1 0 0 0 1 -1 0 0 4274.dat
1 71 140 -100 -426 0 -1 0 0 0 1 -1 0 0 4274.dat
1 47 -100 -100 -434 -1 0 0 0 0 1 0 1 0 6141.dat
1 47 -80 -100 -434 -1 0 0 0 0 1 0 1 0 6141.dat
1 47 120 -100 -434 -1 0 0 0 0 1 0 1 0 6141.dat
1 47 140 -100 -434 -1 0 0 0 0 1 0 1 0 6141.dat
0 STEP
1 0 20 -100 -436 1 0 0 0 -1 0 0 0 -1 42112 - front.ldr
1 19 100 -90 -436 0 0 -1 -1 0 0 0 1 0 99008.dat
1 19 -60 -90 -436 0 0 -1 -1 0 0 0 1 0 99008.dat
0 STEP
1 15 100 -115 -396 1 0 0 0 -1 0 0 0 -1 32249.dat
1 15 100 -125 -396 1 0 0 0 -1 0 0 0 -1 32249.dat
1 15 -60 -115 -396 0 0 -1 0 -1 0 -1 0 0 32249.dat
1 15 -60 -125 -396 0 0 -1 0 -1 0 -1 0 0 32249.dat
1 0 -40 -110 -436 0 -1 0 1 0 0 0 0 1 2780.dat
1 0 80 -110 -436 0 -1 0 1 0 0 0 0 1 2780.dat
1 15 20 -120 -436 0 0 1 0 -1 0 1 0 0 32524.dat
0 STEP
1 0 20 -130 -436 0 -1 0 1 0 0 0 0 1 2780.dat
1 272 20 -140 -436 0 0 1 0 -1 0 1 0 0 32316.dat
1 0 20 -150 -416 0 0 1 1 0 0 0 1 0 2780.dat
1 1 20 -160 -396 0 0 1 -1 0 0 0 -1 0 6558.dat
1 1 0 -160 -436 0 0 1 -1 0 0 0 -1 0 6558.dat
1 1 40 -160 -436 0 0 1 -1 0 0 0 -1 0 6558.dat
1 0 20 -160 -396 -1 0 0 0 1 0 0 0 -1 60484.dat
0 STEP
1 14 60 -180 -396 -1 0 0 0 1 0 0 0 -1 4519.dat
1 71 80 -180 -396 0 0 -1 0 1 0 1 0 0 3713.dat
1 71 20 -180 -396 0 0 -1 1 0 0 0 -1 0 32016.dat
1 4 -7.716 -180 -384.519 0.924 0.383 0 0 0 -1 -0.383 0.924 0 32062.dat
1 71 -35.433 -180 -373.039 0 0 1 1 0 0 0 1 0 32016.dat
0 STEP
1 0 100 -160 -396 -1 0 0 0 0 -1 0 -1 0 32034.dat
1 0 -60 -160 -396 -1 0 0 0 0 -1 0 -1 0 32034.dat
1 19 -60 -190 -396 0 0 1 1 0 0 0 1 0 3749.dat
1 19 100 -190 -396 0 0 1 1 0 0 0 1 0 3749.dat
0 STEP
1 57 20 -280 -396 1 0 0 0 1 0 0 0 1 42112 - roof.ldr
0 STEP
1 16 130 -280 -296 1 0 0 0 1 0 0 0 1 42112 - cabinside1.ldr
1 25 -90 -280 -296 1 0 0 0 1 0 0 0 1 42112 - cabinside2.ldr
0 STEP
1 272 140 -140 -336 1 0 0 0 1 0 0 0 1 42112 - door1.ldr
1 272 -100 -140 -336 1 0 0 0 1 0 0 0 1 42112 - door2.ldr
0 STEP
1 272 20 -180 -436 0 0 1 0 1 0 -1 0 0 32316.dat
1 0 -75.41 -200 -412.202 -0.956 0.292 0 0 0 1 0.292 0.956 0 32291.dat
1 0 115.41 -200 -412.202 -0.956 -0.292 0 0 0 1 -0.292 0.956 0 32291.dat
1 0 -84.974 -200 -409.279 -0.292 -0.956 0 0 0 1 -0.956 0.292 0 42112 - technicFlexAxle-studio-1.ldr
0 STEP
1 0 -80 -280 -216 0 1 0 1 0 0 0 0 -1 6536.dat
1 0 -80 -200 -216 0 1 0 1 0 0 0 0 -1 6536.dat
1 4 -80 -210 -216 0 1 0 1 0 0 0 0 -1 32062.dat
1 71 -80 -240 -216 0 1 0 0 0 1 1 0 0 26287.dat
1 14 -80 -280 -216 0 1 0 1 0 0 0 0 -1 4519.dat
1 71 -80 -320 -216 0 1 0 -1 0 0 0 0 1 25214.dat
1 0 120 -280 -216 0 -1 0 -1 0 0 0 0 -1 6536.dat
1 0 120 -200 -216 0 -1 0 -1 0 0 0 0 -1 6536.dat
1 4 120 -210 -216 0 -1 0 -1 0 0 0 0 -1 32062.dat
1 71 120 -240 -216 0 -1 0 0 0 1 -1 0 0 26287.dat
1 14 120 -280 -216 0 -1 0 -1 0 0 0 0 -1 4519.dat
1 71 120 -320 -216 0 -1 0 0 0 1 -1 0 0 25214.dat
0 STEP
1 0 0 -290 -236 0 -1 0 -1 0 0 0 0 -1 2780.dat
1 0 40 -290 -236 0 -1 0 -1 0 0 0 0 -1 2780.dat
1 0 20 -300 -196 1 0 0 0 -1 0 0 0 -1 60484.dat
1 14 20 -220 -196 0 -1 0 -1 0 0 0 0 -1 23948.dat
1 0 20 -320 -196 0 1 0 0 0 -1 -1 0 0 32270.dat
0 STEP
1 0 -40 -285.6 -116.8 0 0 -1 -0.96 -0.28 0 -0.28 0.96 0 42112 - tank.ldr
0 STEP
1 71 60 -252.8 -86.4 0 1 0 -0.28 0 0.96 0.96 0 0.28 32316.dat
1 0 80 -252.8 -86.4 0 1 0 -0.96 0 -0.28 -0.28 0 0.96 15100.dat
1 15 80 -285.6 -116.8 0 1 0 -0.96 0 -0.28 -0.28 0 0.96 39793.dat
0 STEP
1 15 10 -324 -128 0 0 -1 -0.96 -0.28 0 -0.28 0.96 0 24119.dat
1 0 -30 -326.8 -118.4 0 0 -1 -0.28 0.96 0 0.96 0.28 0 2780.dat
1 0 50 -326.8 -118.4 0 0 -1 -0.28 0.96 0 0.96 0.28 0 2780.dat
1 15 10 -296.8 -78.4 0 0 -1 -0.28 0.96 0 0.96 0.28 0 24119.dat
0 STEP
1 71 140 -40 84 -1 0 0 0 -1 0 0 0 1 42112 - chassisside1.ldr
1 0 150 -40 84 -1 0 0 0 -1 0 0 0 1 3705.dat
1 71 160 -40 84 0 0 1 0 -1 0 1 0 0 3713.dat
1 4 180 -40 84 0 1 0 0 0 1 1 0 0 42112 - 33299b.dat
1 15 200 0 84 0 1 0 0 0 1 1 0 0 18654.dat
0 STEP
1 1 140 -100 -76 1 0 0 0 1 0 0 0 1 42112 - mudg3.ldr
0 STEP
1 1 140 -100 284 -1 0 0 0 1 0 0 0 -1 42112 - mudg4.ldr
0 STEP
1 71 -80 -40 84 0 1 0 1 0 0 0 0 -1 64179.dat
1 71 -100 0 84 0 0 -1 1 0 0 0 -1 0 48989.dat
1 71 -100 -80 84 0 0 -1 1 0 0 0 -1 0 48989.dat
1 71 -120 -80 84 0 -1 0 1 0 0 0 0 1 32524.dat
1 71 -120 0 84 0 -1 0 1 0 0 0 0 1 32524.dat
0 STEP
1 1 -100 -100 -76 1 0 0 0 1 0 0 0 1 42112 - mudg5.ldr
1 1 -100 -100 284 -1 0 0 0 1 0 0 0 -1 42112 - mudg6.ldr
0 STEP
1 272 19.993 -251.594 195.202 -0.259 -0.966 0 -0.927 0.249 0.28 -0.27 0.073 -0.96 42112 - 65421p01.dat
1 0 -11.087 -337.677 76.344 -0.966 0 0.259 0.249 -0.28 0.927 0.073 0.96 0.27 2780.dat
1 0 -11.087 -388.077 249.144 -0.966 0 0.259 0.249 -0.28 0.927 0.073 0.96 0.27 2780.dat
1 0 51.073 -115.111 141.259 -0.966 0 0.259 0.249 -0.28 0.927 0.073 0.96 0.27 2780.dat
1 0 51.073 -165.511 314.059 -0.966 0 0.259 0.249 -0.28 0.927 0.073 0.96 0.27 2780.dat
1 272 19.999 -251.609 195.197 0.259 0.966 0 0.927 -0.249 0.28 0.27 -0.073 -0.96 42112 - 65421p01.dat
0 STEP
1 72 53.364 -128.135 65.384 -0.998 0.07 -0.004 0 0.052 0.999 0.07 0.996 -0.052 18654.dat
1 72 51.762 -129.338 42.471 -0.998 0.07 -0.004 0 0.052 0.999 0.07 0.996 -0.052 18654.dat
1 72 56 -126.15 100.082 -0.998 0.07 -0.004 0 0.052 0.999 0.07 0.996 -0.052 18654.dat
1 72 57.529 -124 121.947 -0.998 0.07 -0.004 0 0.052 0.999 0.07 0.996 -0.052 18654.dat
1 72 71.762 -135.338 40.471 0.093 0.793 0.602 -0.078 -0.597 0.798 0.993 -0.122 0.006 18654.dat
1 72 73.364 -132.135 60.384 -0.998 0.07 -0.004 0 0.052 0.999 0.07 0.996 -0.052 18654.dat
1 72 71.762 -137.338 119.471 0.093 0.793 0.602 -0.078 -0.597 0.798 0.993 -0.122 0.006 18654.dat
1 72 74 -130.15 98.082 -0.998 0.07 -0.004 0 0.052 0.999 0.07 0.996 -0.052 18654.dat
1 72 77.459 -142.947 179.815 0.841 0.024 0.541 -0.526 0.271 0.806 -0.127 -0.962 0.241 18654.dat
1 72 77.997 -136.179 159.288 0.841 0.024 0.541 -0.513 0.354 0.782 -0.172 -0.935 0.31 18654.dat
1 72 59.539 -137.671 181.801 0.947 -0.321 0.028 -0.313 -0.894 0.32 -0.078 -0.312 -0.947 18654.dat
1 72 59.782 -129.337 160.221 0.041 -0.95 0.309 0.266 0.308 0.913 -0.963 0.045 0.266 18654.dat
1 72 61 -154.15 241.082 0.014 -0.985 0.171 0.251 0.169 0.953 -0.968 0.03 0.249 18654.dat
1 72 61.111 -146.963 220.657 0.997 0.029 -0.072 0.058 0.324 0.944 0.051 -0.946 0.321 18654.dat
1 72 79.357 -162.843 239.056 0.945 -0.012 0.326 -0.313 0.251 0.916 -0.093 -0.968 0.233 18654.dat
1 72 76.335 -158.102 216.473 0.026 0.83 0.556 -0.26 -0.532 0.806 0.965 -0.166 0.202 18654.dat
1 72 62.352 -169.255 294.103 0.833 -0.006 0.553 -0.397 0.69 0.605 -0.385 -0.724 0.573 18654.dat
1 72 61.455 -161.822 273.689 0.041 -0.95 0.309 0.266 0.308 0.913 -0.963 0.045 0.266 18654.dat
1 72 80.752 -167.069 273.29 0.841 0.024 0.541 -0.513 0.354 0.782 -0.172 -0.935 0.31 18654.dat
1 72 91.744 -157.02 178.323 -0.022 0.592 -0.806 0.256 -0.776 -0.577 -0.966 -0.219 -0.135 18654.dat
1 72 87.524 -151.933 155.823 0.367 0.032 -0.93 -0.893 -0.269 -0.361 -0.262 0.963 -0.07 18654.dat
1 72 95.36 -171.744 214.699 0.018 -0.656 0.754 0.262 0.731 0.63 -0.965 0.187 0.185 18654.dat
1 72 89.33 -176.891 237.164 0.646 -0.763 0.035 -0.731 -0.605 0.315 -0.219 -0.229 -0.948 18654.dat
1 72 87.559 -145.852 98.718 -0.887 -0.443 0.131 0.1 0.093 0.991 -0.451 0.892 -0.038 18654.dat
1 72 89.088 -143.702 120.582 -0.998 0.07 -0.004 0 0.052 0.999 0.07 0.996 -0.052 18654.dat
1 72 56.359 -171.058 214.272 -0.905 -0.403 -0.134 0.422 -0.886 -0.189 -0.042 -0.228 0.973 18654.dat
1 72 52.968 -174.416 236.909 0.125 -0.915 0.383 0.245 0.402 0.882 -0.961 -0.017 0.275 18654.dat
1 72 73.428 -178.747 215.831 -0.785 -0.141 0.603 0.618 -0.238 0.749 0.038 0.961 0.274 18654.dat
1 72 70.465 -182.979 236.826 -0.778 -0.133 0.614 0.629 -0.153 0.762 -0.007 0.979 0.203 18654.dat
1 72 78.657 -199.436 233.217 -0.282 0.197 -0.939 0.944 0.233 -0.235 0.173 -0.952 -0.252 18654.dat
1 72 86.713 -193.36 212.048 0.188 0.515 -0.836 0.248 -0.849 -0.467 -0.95 -0.119 -0.287 18654.dat
1 72 100.359 -192.058 230.272 -0.905 -0.403 -0.134 0.422 -0.886 -0.189 -0.042 -0.228 0.973 18654.dat
1 72 59.782 -146.337 97.221 0.041 -0.95 0.309 -0.131 0.301 0.945 -0.99 -0.079 -0.112 18654.dat
1 72 77.997 -152.999 99.035 0.841 0.024 0.541 -0.539 -0.04 0.841 0.042 -0.999 -0.02 18654.dat
1 72 101.524 -159.855 93.001 0.367 0.032 -0.93 -0.924 0.129 -0.36 0.108 0.991 0.077 18654.dat
1 72 105.744 -155.747 115.701 -0.022 0.592 -0.806 -0.142 -0.8 -0.584 -0.99 0.102 0.101 18654.dat
1 72 77.459 -151.21 120.575 0.841 0.024 0.541 -0.534 -0.127 0.836 0.089 -0.992 -0.093 18654.dat
1 72 59.539 -145.577 120.342 0.947 -0.321 0.028 -0.318 -0.945 -0.075 0.05 0.063 -0.997 18654.dat
1 72 51.762 -146.338 159.471 -0.998 0.07 -0.004 -0.024 -0.292 0.956 0.066 0.954 0.292 18654.dat
1 72 71.762 -151.293 155.54 0.093 0.793 0.602 -0.413 -0.519 0.748 0.906 -0.319 0.279 18654.dat
1 72 53.364 -153.044 181.414 -0.998 0.07 -0.004 -0.024 -0.292 0.956 0.066 0.954 0.292 18654.dat
1 72 73.364 -155.092 175.347 -0.998 0.07 -0.004 -0.024 -0.292 0.956 0.066 0.954 0.292 18654.dat
1 72 103.762 -164.293 155.54 0.044 0.991 0.124 -0.326 -0.103 0.94 0.944 -0.081 0.318 18654.dat
1 72 102.029 -166.951 175.521 -0.868 -0.042 -0.495 -0.474 -0.228 0.85 -0.149 0.973 0.178 18654.dat
1 72 81.762 -178.293 167.54 0.018 -0.908 0.418 0.111 0.417 0.902 -0.994 0.03 0.109 18654.dat
1 72 83.494 -172.257 148.306 0.868 0.042 0.495 -0.493 0.204 0.846 -0.066 -0.978 0.198 18654.dat
1 72 46.494 -147.257 37.306 -0.066 -0.978 0.198 0.428 0.152 0.891 -0.901 0.143 0.409 18654.dat
1 72 65.728 -157.138 33.357 -0.994 0.03 0.109 0.079 -0.505 0.86 0.081 0.863 0.499 18654.dat
1 72 53.728 -149.843 61.209 0.906 -0.319 0.279 -0.16 0.352 0.922 -0.392 -0.88 0.267 18654.dat
1 72 73.535 -150.71 57.178 0.066 0.954 0.292 -0.831 -0.11 0.545 0.553 -0.279 0.785 18654.dat
1 72 25.447 -163.102 216.592 -0.981 -0.109 0.161 0.063 -0.962 -0.265 0.184 -0.25 0.951 18654.dat
1 72 27.799 -121.555 67.303 -0.874 0.104 0.475 0.482 0.043 0.875 0.071 0.994 -0.088 18654.dat
1 72 25.399 -122.553 44.45 -0.874 0.104 0.475 0.482 0.043 0.875 0.071 0.994 -0.088 18654.dat
1 72 31.33 -119.8 101.935 -0.874 0.104 0.475 0.482 0.043 0.875 0.071 0.994 -0.088 18654.dat
1 72 34.101 -117.97 123.705 -0.874 0.104 0.475 0.482 0.043 0.875 0.071 0.994 -0.088 18654.dat
1 72 4.92 -118.134 45.489 -0.021 -0.99 -0.137 0.06 -0.138 0.989 -0.998 0.012 0.062 18654.dat
1 72 7.86 -115.275 65.301 -0.874 0.104 0.475 0.482 0.043 0.875 0.071 0.994 -0.088 18654.dat
1 72 15.025 -122.735 123.73 -0.021 -0.99 -0.137 0.06 -0.138 0.989 -0.998 0.012 0.062 18654.dat
1 72 13.543 -114.589 102.621 -0.874 0.104 0.475 0.482 0.043 0.875 0.071 0.994 -0.088 18654.dat
1 72 15.851 -127.09 184.44 0.999 -0.026 -0.047 0.053 0.284 0.957 -0.011 -0.958 0.285 18654.dat
1 72 15.761 -120.16 163.96 0.999 0.018 -0.049 0.04 0.356 0.934 0.034 -0.934 0.354 18654.dat
1 72 34.18 -131.144 183.705 0.981 -0.195 -0.003 -0.183 -0.927 0.328 -0.067 -0.321 -0.945 18654.dat
1 72 34.949 -122.945 162.086 0.043 0.977 0.209 -0.288 -0.188 0.939 0.957 -0.1 0.273 18654.dat
1 72 33.304 -147.021 243.162 0.027 0.938 0.344 -0.261 -0.326 0.909 0.965 -0.115 0.236 18654.dat
1 72 33.798 -139.933 222.707 0.828 -0.002 0.56 -0.528 0.332 0.782 -0.188 -0.943 0.274 18654.dat
1 72 12.95 -145.751 244.041 0.982 -0.004 0.19 -0.183 0.249 0.951 -0.051 -0.969 0.243 18654.dat
1 72 14.68 -142.233 221.101 0.013 -0.998 -0.066 0.25 -0.061 0.966 -0.968 -0.029 0.249 18654.dat
1 72 32.306 -161.521 296.358 0.966 0.235 -0.108 -0.067 0.628 0.775 0.25 -0.742 0.622 18654.dat
1 72 33.792 -154.702 275.766 0.043 0.977 0.209 -0.288 -0.188 0.939 0.957 -0.1 0.273 18654.dat
1 72 14.508 -150.018 278.263 0.999 0.018 -0.049 0.04 0.356 0.934 0.034 -0.934 0.354 18654.dat
1 72 -3.486 -132.509 185.472 -0.006 -0.916 0.402 -0.249 -0.388 -0.888 0.969 -0.106 -0.225 18654.dat
1 72 -0.54 -129.266 162.434 0.783 -0.022 0.622 0.597 -0.255 -0.761 0.175 0.967 -0.186 18654.dat
1 72 -8.593 -144.988 222.503 0.025 0.946 -0.324 -0.273 0.319 0.908 0.962 0.066 0.266 18654.dat
1 72 -2.696 -153.204 244.072 0.941 0.338 -0.012 0.323 -0.888 0.327 0.1 -0.312 -0.945 18654.dat
1 72 -5.649 -121.861 105.716 -0.753 0.553 0.357 0.322 -0.163 0.932 0.574 0.817 -0.055 18654.dat
1 72 -2.878 -120.031 127.487 -0.874 0.104 0.475 0.482 0.043 0.875 0.071 0.994 -0.088 18654.dat
1 72 29.941 -168.489 238.638 0.126 0.983 0.131 -0.31 -0.086 0.947 0.943 -0.159 0.294 18654.dat
1 72 7.193 -161.698 220.804 -0.982 0.142 -0.124 -0.163 -0.311 0.936 0.095 0.94 0.329 18654.dat
1 72 10.667 -167.588 241.315 -0.974 0.179 -0.137 -0.178 -0.234 0.956 0.139 0.956 0.26 18654.dat
1 72 -4.835 -177.946 239.485 -0.722 -0.192 0.665 -0.685 0.334 -0.647 -0.098 -0.923 -0.372 18654.dat
1 72 -11.858 -167.989 219.448 0.177 -0.871 0.459 -0.342 -0.492 -0.801 0.923 -0.015 -0.384 18654.dat
1 72 -20.496 -160.951 239.345 -0.981 -0.109 0.161 0.063 -0.962 -0.265 0.184 -0.25 0.951 18654.dat
1 72 17.96 -135.572 100.361 0.237 0.956 0.171 0.06 -0.19 0.98 0.97 -0.222 -0.102 18654.dat
1 72 -0.757 -132.729 104.948 0.981 -0.18 -0.067 0.07 0.013 0.997 -0.179 -0.984 0.025 18654.dat
1 72 -25.266 -127.22 102.52 0.746 0.173 0.643 0.638 0.092 -0.765 -0.191 0.981 -0.041 18654.dat
1 72 -23.768 -122.411 125.423 0.188 -0.882 0.432 0.099 -0.42 -0.902 0.977 0.212 0.009 18654.dat
1 72 3.585 -132.195 126.121 0.972 -0.221 -0.08 0.067 -0.063 0.996 -0.225 -0.973 -0.047 18654.dat
1 72 21.774 -135.856 123.177 0.965 -0.167 -0.2 -0.174 -0.985 -0.017 -0.194 0.051 -0.98 18654.dat
1 72 33.623 -141.67 160.833 -0.861 -0.067 0.503 0.502 -0.256 0.826 0.074 0.964 0.254 18654.dat
1 72 13.376 -136.265 159.923 0.152 -0.981 -0.123 0.35 -0.063 0.935 -0.924 -0.185 0.333 18654.dat
1 72 32.089 -147.568 183.011 -0.861 -0.067 0.503 0.502 -0.256 0.826 0.074 0.964 0.254 18654.dat
1 72 12.938 -139.539 179.883 -0.861 -0.067 0.503 0.502 -0.256 0.826 0.074 0.964 0.254 18654.dat
1 72 -20.575 -132.289 164.874 0.062 -0.919 0.389 0.299 0.389 0.872 -0.952 0.062 0.298 18654.dat
1 72 -17.553 -136.172 184.499 -0.503 0.063 0.862 0.827 -0.255 0.501 0.252 0.965 0.076 18654.dat
1 72 -6.569 -155.557 174.171 0.102 0.991 0.086 -0.142 -0.072 0.987 0.985 -0.113 0.134 18654.dat
1 72 -7.865 -148.742 155.165 0.997 -0.075 0.005 0.013 0.235 0.972 -0.074 -0.969 0.235 18654.dat
1 72 20.63 -140.6 39.248 -0.136 0.94 0.314 -0.376 -0.342 0.861 0.916 -0.001 0.4 18654.dat
1 72 -1.322 -139.88 38.39 -0.909 -0.148 0.389 0.411 -0.459 0.788 0.062 0.876 0.478 18654.dat
1 72 16.474 -140.254 64.006 0.916 0.321 0.239 -0.309 0.187 0.933 0.255 -0.928 0.27 18654.dat
1 72 -1.658 -131.356 62.823 0.378 -0.918 0.119 0.717 0.372 0.59 -0.586 -0.138 0.798 18654.dat


0 FILE 42112 - chassis.ldr
0 chassis
0 Name: 42112 - chassis.ldr
0 Author: Philippe Hurbain [Philo]
0 !LDRAW_ORG Model
0 !LICENSE Redistributable under CCAL version 2.0 : see CAreadme.txt

1 71 -20 0 -60 0 1 0 -1 0 0 0 0 1 41239.dat
1 4 0 0 -180 1 0 0 0 0 1 0 -1 0 87082.dat
1 4 0 0 0 1 0 0 0 0 1 0 -1 0 87082.dat
1 4 0 0 -210 0 -1 0 0 0 -1 1 0 0 3706.dat
1 4 0 0 -150 0 -1 0 -1 0 0 0 0 -1 59443.dat
0 STEP
1 71 0 0 -60 0 -1 0 0 0 1 -1 0 0 60485.dat
1 71 0 0 40 0 -1 0 1 0 0 0 0 1 26287.dat
1 71 20 0 -60 0 1 0 -1 0 0 0 0 1 41239.dat
1 0 30 0 40 1 0 0 0 1 0 0 0 1 2780.dat
1 0 30 0 60 1 0 0 0 1 0 0 0 1 2780.dat
1 0 -30 0 60 1 0 0 0 1 0 0 0 1 2780.dat
1 0 -30 0 40 1 0 0 0 1 0 0 0 1 2780.dat
0 STEP
1 71 -40 0 80 0 -1 0 1 0 0 0 0 1 32316.dat
1 1 -30 0 80 1 0 0 0 1 0 0 0 1 43093.dat
1 0 0 0 80 0 0 1 0 -1 0 1 0 0 32034.dat
1 1 30 0 80 -1 0 0 0 -1 0 0 0 1 43093.dat


0 FILE 42112 - steerrack.ldr
0 steerrack
0 Name: 42112 - steerrack.ldr
0 Author: Philippe Hurbain [Philo]
0 !LDRAW_ORG Model
0 !LICENSE Redistributable under CCAL version 2.0 : see CAreadme.txt

1 71 0 0 0 0 0 -1 1 0 0 0 -1 0 32316.dat
1 0 40 0 -20 0 -1 0 0 0 1 -1 0 0 18651.dat
1 0 -40 0 -20 0 -1 0 0 0 1 -1 0 0 18651.dat
1 0 20 0 -10 0 -1 0 0 0 1 -1 0 0 2780.dat
1 0 -20 0 -10 0 -1 0 0 0 1 -1 0 0 2780.dat
1 15 20 0 -20 0 0 -1 1 0 0 0 -1 0 18654.dat
1 15 -20 0 -20 0 0 -1 1 0 0 0 -1 0 18654.dat
0 STEP
1 71 60 0 -20 0 1 0 0 0 -1 -1 0 0 42003.dat
1 71 -60 0 -20 0 -1 0 0 0 -1 1 0 0 42003.dat
1 0 0 0 -40 1 0 0 0 1 0 0 0 1 87761.dat


0 FILE 42112 - camshaft.ldr
0 camshaft
0 Name: 42112 - camshaft.ldr
0 Author: Philippe Hurbain [Philo]
0 !LDRAW_ORG Model
0 !LICENSE Redistributable under CCAL version 2.0 : see CAreadme.txt

1 15 0 0 0 -1 0 0 0 0 -1 0 -1 0 39793.dat
1 71 0 0 10 0 -1 0 0 0 -1 1 0 0 4274.dat
1 72 0 -20 -70 0 -1 0 0 0 -1 1 0 0 55013.dat
1 25 0 -20 -20 -1 0 0 0 0 1 0 1 0 60483.dat
0 STEP
1 25 0 -20 -40 0 0 -1 -1 0 0 0 1 0 60483.dat
1 25 0 -20 -60 1 0 0 0 0 -1 0 1 0 60483.dat
1 25 0 -20 -80 0 0 -1 -1 0 0 0 1 0 60483.dat
1 15 0 -20 -100 0 0 -1 -1 0 0 0 1 0 18654.dat
0 STEP


0 FILE 42112 - chassis3.ldr
0 chassis3
0 Name: 42112 - chassis3.ldr
0 Author: Philippe Hurbain [Philo]
0 !LDRAW_ORG Model
0 !LICENSE Redistributable under CCAL version 2.0 : see CAreadme.txt

1 15 20 20 0 0 1 0 0 0 -1 -1 0 0 32524.dat
1 4 0 0 0 -1 0 0 0 0 -1 0 -1 0 87082.dat
1 71 0 60 0 0 0 -1 0 1 0 1 0 0 48989.dat
1 15 -20 20 0 0 1 0 0 0 -1 -1 0 0 32524.dat
0 STEP
1 70 0 40 20 0 1 0 0 0 -1 -1 0 0 15462.dat
1 4 0 40 -20 -0.259 -0.966 0 0.966 -0.259 0 0 0 1 18946.dat
1 0 0 40 20 0 -1 0 1 0 0 0 0 1 32270.dat
0 STEP
1 25 0 40 40 -1 0 0 0 0 1 0 1 0 60483.dat
1 71 0 40 80 0 1 0 1 0 0 0 0 -1 26287.dat
0 STEP
1 71 0 20 120 1 0 0 0 1 0 0 0 1 42112 - camshaft.ldr
1 71 0 0 -20 0 -1 0 1 0 0 0 0 1 94925.dat
0 STEP
1 71 0 40 170 1 0 0 0 1 0 0 0 1 42112 - steergear.ldr


0 FILE 42112 - steergear.ldr
0 steergear
0 Name: 42112 - steergear.ldr
0 Author: Philippe Hurbain [Philo]
0 !LDRAW_ORG Model
0 !LICENSE Redistributable under CCAL version 2.0 : see CAreadme.txt

1 72 0 0 0 0 0 -1 0 1 0 1 0 0 55013.dat
1 71 0 0 70 0 0 1 -1 0 0 0 -1 0 32523.dat
1 25 0 0 50 -1 0 0 0 0 1 0 1 0 60483.dat
1 0 0 0 30 1 0 0 0 -1 0 0 0 -1 32270.dat
0 STEP
1 0 0 -50 -10 1 0 0 0 -1 0 0 0 -1 87408.dat
1 19 0 0 7 0 1 0 1 0 0 0 0 -1 6589.dat
1 14 0 -40 -10 0 -1 0 -1 0 0 0 0 -1 4519.dat
1 0 0 -20 -10 0 1 0 0 0 -1 -1 0 0 32270.dat
1 4 0 -70 -10 0 1 0 0 0 -1 -1 0 0 59443.dat


0 FILE 42112 - chassis4.ldr
0 chassis4
0 Name: 42112 - chassis4.ldr
0 Author: Philippe Hurbain [Philo]
0 !LDRAW_ORG Model
0 !LICENSE Redistributable under CCAL version 2.0 : see CAreadme.txt

1 15 0 0 0 0 1 0 -1 0 0 0 0 1 32524.dat
1 14 0 0 60 -1 0 0 0 0 -1 0 -1 0 4519.dat
1 25 40 0 60 1 0 0 0 0 -1 0 1 0 32054.dat
1 25 -40 0 60 -1 0 0 0 0 -1 0 -1 0 32054.dat
1 71 0 0 -40 -1 0 0 0 0 -1 0 -1 0 32073.dat
1 1 0 0 -60 -1 0 0 0 0 -1 0 -1 0 6558.dat
1 71 20 0 -40 0 -1 0 -1 0 0 0 0 -1 32140.dat
0 STEP
1 71 -20 0 -40 0 -1 0 -1 0 0 0 0 -1 32140.dat
1 0 -60 0 -40 0 0 -1 -1 0 0 0 1 0 32013.dat
1 0 60 0 -40 0 0 1 -1 0 0 0 -1 0 32013.dat


0 FILE 42112 - rearaxles.ldr
0 rearaxles
0 Name: 42112 - rearaxles.ldr
0 Author: Philippe Hurbain [Philo]
0 !LDRAW_ORG Model
0 !LICENSE Redistributable under CCAL version 2.0 : see CAreadme.txt

1 71 0 0 0 1 0 0 0 1 0 0 0 1 64179.dat
1 0 20 0 -70 0 0 1 0 1 0 -1 0 0 2780.dat
1 0 -20 0 -70 0 0 1 0 1 0 -1 0 0 2780.dat
1 71 0 0 -140 1 0 0 0 1 0 0 0 1 64179.dat
0 STEP
1 0 -40 10 -60 0 1 0 -1 0 0 0 0 1 2780.dat
1 1 -40 10 -80 0 -1 0 1 0 0 0 0 1 43093.dat
1 272 -40 20 -80 1 0 0 0 1 0 0 0 1 60483.dat
1 0 40 10 -60 0 1 0 -1 0 0 0 0 1 2780.dat
1 1 40 10 -80 0 -1 0 1 0 0 0 0 1 43093.dat
1 272 40 20 -80 1 0 0 0 1 0 0 0 1 60483.dat
0 STEP
1 0 20 0 50 0 0 1 0 -1 0 1 0 0 2780.dat
1 15 20 0 40 1 0 0 0 0 -1 0 1 0 18654.dat
1 0 0 0 -70 0 1 0 0 0 -1 -1 0 0 3705.dat
1 19 0 0 -40 0 -1 0 1 0 0 0 0 1 18575.dat
1 19 0 0 -100 0 -1 0 1 0 0 0 0 1 18575.dat
0 STEP
1 14 -40 0 0 1 0 0 0 0 -1 0 1 0 4519.dat
1 14 40 0 0 1 0 0 0 0 -1 0 1 0 4519.dat
1 72 0 0 0 0 0 -1 1 0 0 0 -1 0 62821.dat
1 19 0 0 17 1 0 0 0 -1 0 0 0 -1 6589.dat
1 19 17 0 0 0 0 -1 0 -1 0 -1 0 0 6589.dat
1 19 -17 0 0 0 0 1 0 -1 0 1 0 0 6589.dat
0 STEP
