0 FILE 42115 - 0-main.ldr
0 0-main
0 Name: 42115 - 0-main.ldr
0 Author: Jens Brühl [jb70]
0 !LDRAW_ORG Model
0 !LICENSE Redistributable under CCAL version 2.0 : see CAreadme.txt

0 !THEME Technic
0 !KEYWORDS set 42115, Lamborghini, Sian, FKP 37
0 !HISTORY 2021-10-22 [jb70] Initial submit
0 !HISTORY 2021-10-23 [jb70] Changed tire colors to 256 (rubber black)




1 0 0 0 0 0 0 -1 1 0 0 0 -1 0 32278.dat
1 1 120 0 -20 0 0 1 0 1 0 -1 0 0 6558.dat
1 1 -120 0 -20 0 0 1 0 1 0 -1 0 0 6558.dat
1 0 -140 0 -15 0 0 1 -1 0 0 0 -1 0 32056.dat
1 0 -140 0 -25 0 0 1 -1 0 0 0 -1 0 32056.dat
1 0 140 0 -25 -1 0 0 0 0 -1 0 -1 0 32056.dat
1 0 140 0 -15 -1 0 0 0 0 -1 0 -1 0 32056.dat
1 71 -100 0 -20 0 -1 0 0 0 -1 1 0 0 4519.dat
1 71 100 0 -20 0 -1 0 0 0 -1 1 0 0 4519.dat
0 STEP
1 1 140 -20 -10 0 0 1 0 -1 0 1 0 0 43093.dat
1 14 120 -20 0 0 -1 0 0 0 1 -1 0 0 32184.dat
1 71 100 -20 -20 0 -1 0 0 0 -1 1 0 0 4519.dat
1 4 100 -40 -20 0 0 -1 0 -1 0 -1 0 0 42003.dat
1 0 0 0 -40 0 0 -1 1 0 0 0 -1 0 32278.dat
1 71 -140 -20 -20 0 -1 0 0 0 -1 1 0 0 4519.dat
1 14 -120 -20 0 0 -1 0 0 0 1 -1 0 0 32184.dat
1 71 -100 -20 -20 0 -1 0 0 0 -1 1 0 0 4519.dat
1 4 -100 -40 -20 0 0 -1 0 -1 0 -1 0 0 42003.dat
0 STEP
1 0 -80 0 -50 0 0 -1 0 -1 0 -1 0 0 2780.dat
1 0 -60 0 -50 0 0 -1 0 -1 0 -1 0 0 2780.dat
1 14 -120 -20 -40 0 -1 0 0 0 1 -1 0 0 32184.dat
1 27 -80 -80 -60 1 0 0 0 0 1 0 -1 0 32526.dat
1 4 -40 0 -60 0 0 1 0 -1 0 1 0 0 32054.dat
1 4 -40 0 -90 0 0 1 0 -1 0 1 0 0 32062.dat
0 STEP
1 0 -140 -40 -10 0 0 1 0 -1 0 1 0 0 3706.dat
1 0 140 -40 -10 0 0 1 0 -1 0 1 0 0 3706.dat
1 72 -140 -40 -20 0 -0.259 0.966 0 -0.966 -0.259 1 0 0 57515.dat
1 72 140 -40 -20 0 0.259 -0.966 0 -0.966 -0.259 -1 0 0 57515.dat
1 71 -140 -80 -45 1 0 0 0 0 -1 0 1 0 11478.dat
1 71 140 -80 -45 1 0 0 0 0 -1 0 1 0 11478.dat
1 4 -140 -20 -60 0 0 1 0 1 0 -1 0 0 42003.dat
1 4 140 -20 -60 0 0 1 0 1 0 -1 0 0 42003.dat
1 0 -150 0 -60 -1 0 0 0 -1 0 0 0 1 2780.dat
1 0 150 0 -60 -1 0 0 0 -1 0 0 0 1 2780.dat
0 STEP
1 4 0 -60 -20 -1 0 0 0 1 0 0 0 -1 42115 - 1-1-1-rear-differential.ldr
1 71 -100 -60 -20 1 0 0 0 0 -1 0 1 0 4519.dat
1 71 100 -60 -20 1 0 0 0 0 -1 0 1 0 4519.dat
1 71 140 -60 -20 0 0 -1 -1 0 0 0 1 0 62520.dat
1 71 140 -60 -20 0 0 -1 -1 0 0 0 1 0 62519.dat
1 71 140 -60 -20 0 -0.07 0.998 0 0.998 0.07 -1 0 0 62520.dat
1 71 -140 -60 -20 0 0 1 1 0 0 0 1 0 62520.dat
1 71 -140 -60 -20 0 0 1 1 0 0 0 1 0 62519.dat
1 71 -140 -60 -20 0 -0.052 -0.999 0 -0.999 0.052 -1 0 0 62520.dat
1 71 179.903 -57.21 -20 0.998 0 0.07 0.07 0 -0.998 0 1 0 4519.dat
1 71 -179.945 -57.907 -20 0.999 0 -0.052 -0.052 0 -0.999 0 1 0 4519.dat
0 STEP
1 4 140 -120 -10 0 1 0 0 0 -1 -1 0 0 3705.dat
1 4 -140 -120 -10 0 1 0 0 0 -1 -1 0 0 3705.dat
1 72 -140 -120 -20 0 0.259 0.966 0 0.966 -0.259 -1 0 0 57515.dat
1 72 140 -120 -20 0 -0.259 -0.966 0 0.966 -0.259 1 0 0 57515.dat
1 71 140 -120 -25 0 0 -1 -1 0 0 0 1 0 6632.dat
1 71 140 -120 -15 0 0 -1 -1 0 0 0 1 0 6632.dat
1 71 -100 -120 -15 0 0 -1 -1 0 0 0 1 0 6632.dat
1 71 -100 -120 -25 0 0 -1 -1 0 0 0 1 0 6632.dat
1 1 120 -120 -20 0 0 -1 0 -1 0 -1 0 0 6558.dat
1 1 -120 -120 -20 0 0 -1 0 -1 0 -1 0 0 6558.dat
1 71 -100 -120 -20 0 -1 0 0 0 -1 1 0 0 4519.dat
1 71 100 -120 -20 0 -1 0 0 0 -1 1 0 0 4519.dat
1 71 0 -120 0 0 0 -1 1 0 0 0 -1 0 41239.dat
1 0 60 -120 10 0 0 -1 0 -1 0 -1 0 0 2780.dat
1 0 -60 -120 10 0 0 -1 0 -1 0 -1 0 0 2780.dat
0 STEP
1 71 -197.956 -84.471 5 0 0.259 0.966 0 0.966 -0.259 -1 0 0 42115 - 1-1-2-rear-whisbones.ldr
1 71 197.956 -84.471 -45 0 -0.259 -0.966 0 0.966 -0.259 1 0 0 42115 - 1-1-2-rear-whisbones.ldr
1 70 -140 -100 -20 0 0.259 0.966 0 0.966 -0.259 -1 0 0 24316.dat
1 70 140 -100 -20 0 -0.259 0.966 0 0.966 0.259 -1 0 0 24316.dat
0 STEP
1 71 -236.593 -54.118 -20 -0.07 0 0.998 -0.998 0 -0.07 0 -1 0 32494.dat
1 0 -236.593 -54.118 -20 0 0 1 0 1 0 -1 0 0 42115 - 23801.dat
1 72 -266.593 -54.118 -20 0 0 1 0 1 0 -1 0 0 35189.dat
1 4 -236.593 -84.118 -20 0 0 1 1 0 0 0 1 0 6628.dat
1 4 -236.593 -24.118 -20 0 0 1 -1 0 0 0 -1 0 6628.dat
1 71 -236.593 -44.118 20 0 0 1 1 0 0 0 1 0 2736.dat
1 70 -236.593 -52.118 -60 0 0 1 1 0 0 0 1 0 24316.dat
1 71 -236.593 -54.118 -60 1 0 0 0 0 -1 0 1 0 3713.dat
1 71 236.593 -54.118 -20 0.052 0 -0.999 -0.999 0 -0.052 0 1 0 32494.dat
1 0 236.593 -54.118 -20 0 0 -1 0 1 0 1 0 0 42115 - 23801.dat
1 72 266.593 -54.118 -20 0 0 -1 0 1 0 1 0 0 35189.dat
1 4 236.593 -84.118 -20 0 0 -1 1 0 0 0 -1 0 6628.dat
1 4 236.593 -24.118 -20 0 0 -1 -1 0 0 0 1 0 6628.dat
1 71 236.593 -44.118 20 0 0 -1 1 0 0 0 -1 0 2736.dat
1 70 236.593 -52.118 -60 0 0 -1 1 0 0 0 -1 0 24316.dat
1 71 236.593 -54.118 -60 -1 0 0 0 0 -1 0 -1 0 3713.dat
0 STEP
1 71 -140 -80 5 1 0 0 0 0 -1 0 1 0 11478.dat
1 71 140 -80 5 1 0 0 0 0 -1 0 1 0 11478.dat
1 4 -178.637 -109.647 -20 0 -0.259 0.966 0 -0.966 -0.259 1 0 0 32062.dat
1 4 178.637 -109.647 -20 0 0.259 0.966 0 -0.966 0.259 1 0 0 32062.dat
1 19 -217.274 -19.294 -20 0 0 1 0 1 0 -1 0 0 32556.dat
1 19 -217.274 -99.294 -20 0 0 1 0 1 0 -1 0 0 32556.dat
1 0 -217.274 -59.294 0 1 0 0 0 0 1 0 -1 0 32316.dat
1 0 -217.274 -59.294 -40 1 0 0 0 0 1 0 -1 0 32316.dat
1 70 -217.274 -79.294 -20 0 -0.259 0.966 0 -0.966 -0.259 1 0 0 24316.dat
1 19 217.274 -19.294 -20 0 0 1 0 1 0 -1 0 0 32556.dat
1 19 217.274 -99.294 -20 0 0 1 0 1 0 -1 0 0 32556.dat
1 0 217.274 -59.294 0 1 0 0 0 0 1 0 -1 0 32316.dat
1 0 217.274 -59.294 -40 1 0 0 0 0 1 0 -1 0 32316.dat
1 70 217.274 -79.294 -20 0 0.259 0.966 0 -0.966 0.259 1 0 0 24316.dat
0 STEP
1 0 100 -60 20 -1 0 0 0 0 -1 0 -1 0 64179.dat
1 0 -100 -60 20 -1 0 0 0 0 -1 0 -1 0 64179.dat
1 14 100 -20 20 0 0 1 1 0 0 0 1 0 15100.dat
1 14 -100 -20 20 0 0 1 1 0 0 0 1 0 15100.dat
1 4 60 -60 20 -1 0 0 0 1 0 0 0 -1 32054.dat
1 4 -60 -60 20 1 0 0 0 1 0 0 0 1 32054.dat
0 STEP
1 72 -140 0 -10 0 0 -1 0 1 0 1 0 0 87083.dat
1 72 140 0 -10 0 0 -1 0 1 0 1 0 0 87083.dat
1 1 -60 0 20 0 0 1 0 1 0 -1 0 0 6558.dat
1 1 60 0 20 0 0 1 0 1 0 -1 0 0 6558.dat
1 0 100 -20 28 0 0 1 0 1 0 -1 0 0 2780.dat
1 0 -100 -20 30 0 0 1 0 1 0 -1 0 0 2780.dat
1 0 -140 -80 30 0 0.259 0.966 0 0.966 -0.259 -1 0 0 2780.dat
1 71 -159.319 -74.824 40 -0.259 0 0.966 -0.966 0 -0.259 0 -1 0 32523.dat
1 0 -159.319 -74.824 30 0 0.259 0.966 0 0.966 -0.259 -1 0 0 2780.dat
1 0 -178.637 -69.647 30 0 0.259 0.966 0 0.966 -0.259 -1 0 0 2780.dat
1 71 -159.319 -74.824 20 0 0.259 0.966 0 0.966 -0.259 -1 0 0 15459.dat
1 0 178.637 -69.647 30 0 -0.259 0.966 0 0.966 0.259 -1 0 0 2780.dat
1 0 159.319 -74.824 30 0 -0.259 0.966 0 0.966 0.259 -1 0 0 2780.dat
1 0 140 -80 30 0 -0.259 0.966 0 0.966 0.259 -1 0 0 2780.dat
1 71 159.319 -74.824 40 0.259 0 0.966 -0.966 0 0.259 0 -1 0 32523.dat
1 71 159.319 -74.824 20 0 -0.259 -0.966 0 0.966 -0.259 1 0 0 15459.dat
0 STEP
1 71 0 -120 -20 -1 0 0 0 1 0 0 0 -1 42115 - 1-1-3-rear-suspension.ldr
1 1 169.671 -133.461 -20 0 0 -1 0 1 0 1 0 0 6558.dat
1 1 -169.671 -133.461 -20 0 0 -1 0 1 0 1 0 0 6558.dat
1 0 0 -60 -90 0 0 -1 0 -1 0 -1 0 0 2780.dat
1 71 100 -120 -40 0 0 -1 1 0 0 0 -1 0 32523.dat
1 71 -100 -120 -40 0 0 -1 1 0 0 0 -1 0 32523.dat
0 STEP
1 4 -70 -160 -40 0.259 -0.966 0 0.966 0.259 0 0 0 1 42115 - shock-06_5L-hard-1.ldr
1 4 -70 -160 0 0.259 -0.966 0 0.966 0.259 0 0 0 1 42115 - shock-06_5L-hard-1.ldr
1 4 70 -160 -40 -0.259 0.966 0 0.966 0.259 0 0 0 -1 42115 - shock-06_5L-hard-1.ldr
1 4 70 -160 0 -0.259 0.966 0 0.966 0.259 0 0 0 -1 42115 - shock-06_5L-hard-1.ldr
1 27 236.593 -74.118 -60 0 0 1 0 -1 0 1 0 0 60483.dat
1 4 256.593 -84.118 -60 0 1 0 1 0 0 0 0 -1 6628.dat
1 10 256.593 -80.118 -60 -1 0 0 0 1 0 0 0 -1 87994.dat
1 27 -236.593 -74.118 -60 0 0 -1 0 -1 0 -1 0 0 60483.dat
1 4 -256.593 -84.118 -60 0 -1 0 1 0 0 0 0 1 6628.dat
1 10 -256.593 -80.118 -60 1 0 0 0 1 0 0 0 1 87994.dat
0 STEP
1 0 0 0 -200 -1 0 0 0 1 0 0 0 -1 42115 - 1-2-0-gearbox.ldr
0 STEP
1 0 40 -20 70 0 0 1 0 1 0 -1 0 0 3706.dat
1 71 0 -20 60 0 0 1 0 1 0 -1 0 0 44294.dat
1 0 0 -20 20 -1 0 0 0 1 0 0 0 -1 32270.dat
0 STEP
1 27 0 -20 40 0 0 1 1 0 0 0 1 0 32525.dat
1 0 0 -20 60 -1 0 0 0 1 0 0 0 -1 32270.dat
1 71 40 -20 60 0 -1 0 -1 0 0 0 0 -1 3713.dat
1 1 80 -20 60 0 0 1 0 1 0 -1 0 0 6558.dat
1 27 80 -20 60 0 0 1 1 0 0 0 1 0 18654.dat
1 0 80 -20 80 0 0 -1 -1 0 0 0 1 0 32526.dat
1 72 0 -20 100 0 1 0 -1 0 0 0 0 1 10928.dat
1 72 40 -20 100 0 1 0 -1 0 0 0 0 1 24505.dat
0 STEP
1 4 60 0 40 0 0 -1 0 -1 0 -1 0 0 32013.dat
1 4 -60 0 40 0 0 1 0 -1 0 1 0 0 32013.dat
1 71 -100 0 40 -1 0 0 0 -1 0 0 0 1 4519.dat
1 71 100 0 40 -1 0 0 0 -1 0 0 0 1 4519.dat
1 0 100 0 120 0 1 0 -1 0 0 0 0 1 40490.dat
1 0 -100 0 120 0 1 0 -1 0 0 0 0 1 40490.dat
1 4 140 0 40 1 0 0 0 1 0 0 0 1 32054.dat
1 4 -140 0 40 -1 0 0 0 1 0 0 0 -1 32054.dat
1 4 -140 -20 40 0 0 1 0 1 0 -1 0 0 42003.dat
1 4 140 -20 40 0 0 1 0 1 0 -1 0 0 42003.dat
1 0 -110 0 80 -1 0 0 0 1 0 0 0 -1 2780.dat
1 0 -110 0 120 -1 0 0 0 1 0 0 0 -1 2780.dat
1 0 110 0 80 -1 0 0 0 1 0 0 0 -1 2780.dat
1 0 110 0 120 -1 0 0 0 1 0 0 0 -1 2780.dat
0 STEP
1 71 120 -20 100 0 0 -1 0 1 0 1 0 0 63869.dat
1 71 -120 -20 100 0 0 1 0 1 0 -1 0 0 63869.dat
1 4 -120 -20 120 0 1 0 0 0 -1 -1 0 0 11214.dat
1 4 120 -20 120 0 1 0 0 0 -1 -1 0 0 11214.dat
1 4 -120 0 100 -1 0 0 0 0 -1 0 -1 0 11214.dat
1 4 120 0 100 1 0 0 0 0 -1 0 1 0 11214.dat
1 4 -160 0 100 -1 0 0 0 1 0 0 0 -1 32054.dat
1 4 160 0 100 1 0 0 0 1 0 0 0 1 32054.dat
0 STEP
1 0 -160 0 -40 0 1 0 1 0 0 0 0 -1 32278.dat
1 0 160 0 -40 0 1 0 1 0 0 0 0 -1 32278.dat
1 0 -170 0 -140 -1 0 0 0 1 0 0 0 -1 2780.dat
1 0 170 0 -140 -1 0 0 0 1 0 0 0 -1 2780.dat
1 1 -160 0 -120 1 0 0 0 1 0 0 0 1 6558.dat
1 1 -160 0 -160 1 0 0 0 1 0 0 0 1 6558.dat
1 1 160 0 -120 -1 0 0 0 1 0 0 0 -1 6558.dat
1 1 160 0 -160 -1 0 0 0 1 0 0 0 -1 6558.dat
0 STEP
1 71 0 -20 120 0 0 1 1 0 0 0 1 0 41239.dat
1 0 120 0 140 -1 0 0 0 -1 0 0 0 1 6536.dat
1 0 -120 0 140 -1 0 0 0 -1 0 0 0 1 6536.dat
0 STEP
1 19 -60 -20 -330 0 0 -1 0 -1 0 -1 0 0 3749.dat
1 19 60 -20 -330 0 0 -1 0 -1 0 -1 0 0 3749.dat
1 71 -60 -20 -340 -1 0 0 0 0 -1 0 -1 0 2825.dat
1 71 60 -20 -340 -1 0 0 0 0 -1 0 -1 0 2825.dat
1 71 -60 -80 -340 0 1 0 0 0 -1 -1 0 0 2736.dat
1 71 60 -80 -340 0 1 0 0 0 -1 -1 0 0 2736.dat
1 19 0 -60 -310 0 -0.707 -0.707 0 -0.707 0.707 -1 0 0 3749.dat
1 4 0 -60 -340 0.707 -0.707 0 -0.707 -0.707 0 0 0 -1 26287.dat
1 14 -40 -80 -336 1 0 0 0 -1 0 0 0 -1 42115 - rubberBandRound-1.ldr
0 STEP
1 0 0 -60 -410 0 -0.707 0.707 0 -0.707 -0.707 1 0 0 3706.dat
1 0 -40 -60 -410 0 0 1 0 -1 0 1 0 0 3706.dat
1 4 40 -60 -390 0 0 1 0 -1 0 1 0 0 3705.dat
1 71 0 -20 -400 0 0 1 0 -1 0 1 0 0 4519.dat
1 0 0 -60 -380 0 0 1 -1 0 0 0 -1 0 32316.dat
1 71 -40 -60 -400 0 1 0 -1 0 0 0 0 1 3713.dat
0 STEP
1 14 40 -60 -400 0 1 0 -1 0 0 0 0 1 32072.dat
1 14 0 -60 -400 -0.707 0.707 0 -0.707 -0.707 0 0 0 1 32072.dat
1 14 -40 -60 -420 0 1 0 -1 0 0 0 0 1 32072.dat
1 71 -40 -60 -440 0 1 0 -1 0 0 0 0 1 3713.dat
1 71 0 -60 -420 0.707 0.707 0 -0.707 0.707 0 0 0 1 3713.dat
1 14 40 -60 -430 1 0 0 0 1 0 0 0 1 59443.dat
1 27 0 -60 -440 0.707 0 -0.707 0.707 0 0.707 0 -1 0 60483.dat
1 1 -14.142 -45.858 -430 0 -0.707 0.707 0 -0.707 -0.707 1 0 0 43093.dat
1 71 -14.142 -45.858 -420 0.707 0.707 0 -0.707 0.707 0 0 0 1 3713.dat
0 STEP
1 0 0 -20 -400 0 0 -1 1 0 0 0 -1 0 32278.dat
1 1 -140 -20 -390 0 0 -1 0 1 0 1 0 0 43093.dat
1 1 140 -20 -390 0 0 -1 0 1 0 1 0 0 43093.dat
1 1 100 -20 -410 0 0 1 0 1 0 -1 0 0 43093.dat
1 0 60 -20 -410 0 0 1 0 1 0 -1 0 0 2780.dat
1 27 100 -20 -420 0 0 -1 -1 0 0 0 1 0 32140.dat
1 0 40 -30 -440 0 0 -1 0 -1 0 -1 0 0 32138.dat
1 0 -40 -60 -460 0 0 1 1 0 0 0 1 0 32526.dat
0 STEP
1 4 0 -20 -440 1 0 0 0 -1 0 0 0 -1 26287.dat
1 4 0 -20 -470 0 -1 0 0 0 -1 1 0 0 32062.dat
1 4 0 -20 -500 1 0 0 0 -1 0 0 0 -1 26287.dat
1 14 0 -20 -560 0 0 -1 0 -1 0 -1 0 0 32073.dat
1 72 40 -60 -480 0 1 0 1 0 0 0 0 -1 92906.dat
1 71 40 -60 -480 0 1 0 0.98 0 -0.199 -0.199 0 -0.98 32494.dat
0 STEP
1 0 0 0 -460 -1 0 0 0 1 0 0 0 -1 42115 - 1-3-bottom-plate.ldr
0 STEP
1 1 -120 -10 -360 0 1 0 -1 0 0 0 0 1 43093.dat
1 4 -120 -40 -360 -1 0 0 0 0 -1 0 -1 0 32013.dat
1 4 120 -40 -360 -1 0 0 0 0 -1 0 -1 0 32013.dat
1 1 120 -10 -360 0 1 0 -1 0 0 0 0 1 43093.dat
1 1 -140 0 -380 1 0 0 0 -1 0 0 0 -1 6558.dat
1 0 -140 -20 -380 0 0 -1 0 1 0 1 0 0 6536.dat
1 0 140 -20 -380 0 0 1 0 1 0 -1 0 0 6536.dat
1 1 140 0 -380 -1 0 0 0 1 0 0 0 -1 6558.dat
1 72 -40 -20 -420 0 1 0 1 0 0 0 0 -1 92906.dat
1 71 -40 -20 -420 0 1 0 0.98 0 -0.199 -0.199 0 -0.98 32494.dat
1 71 0 -20 -560 0 1 0 -1 0 0 0 0 1 3713.dat
1 27 40 -20 -560 0 0 -1 -1 0 0 0 1 0 87082.dat
0 STEP
1 27 -40 -40 -540 -1 0 0 0 0 -1 0 -1 0 87082.dat
1 72 -40 -40 -520 0 1 0 -1 0 0 0 0 1 52730.dat
1 71 -40 -40 -520 0 1 0 -0.982 0 0.191 0.191 0 0.982 42115 - 52731.dat
1 4 -40 -30.46 -470.919 0 -1 0 0.191 0 -0.982 0.982 0 0.191 32062.dat
1 27 -60 -40 -540 0 1 0 1 0 0 0 0 -1 18654.dat
1 19 -40 -40 -560 0 1 0 1 0 0 0 0 -1 18575.dat
1 0 40 -20 -580 0 0 -1 -1 0 0 0 1 0 32526.dat
1 4 40 -20 -580 0 0 -1 0 1 0 1 0 0 32054.dat
0 STEP
1 27 -40 -20 -600 0 0 -1 -1 0 0 0 1 0 87082.dat
1 4 -40 -20 -600 0 0 -1 0 1 0 1 0 0 32054.dat
1 14 0 -20 -610 1 0 0 0 1 0 0 0 1 59443.dat
1 4 0 -20 -650 0 0 1 0 1 0 -1 0 0 3705.dat
1 71 0 -20 -640 -1 0 0 0 1 0 0 0 -1 94925.dat
0 STEP
1 4 0 -60 -560 -1 0 0 0 1 0 0 0 -1 18946.dat
1 15 0 -60 -600 -1 0 0 0 1 0 0 0 -1 18948.dat
1 72 0 -60 -600 -1 0 0 0 1 0 0 0 -1 18947.dat
1 19 0 -60 -650 0 0 -1 0 1 0 1 0 0 99008.dat
1 4 0 -60 -640 -1 0 0 0 1 0 0 0 -1 18946.dat
0 STEP
1 71 0 -40 -660 0 0 -1 0 1 0 1 0 0 48989.dat
1 0 -15 -50 -660 0 1 0 0 0 1 1 0 0 32063.dat
1 0 -25 -50 -660 0 1 0 0 0 1 1 0 0 32063.dat
1 0 15 -50 -660 0 1 0 0 0 1 1 0 0 32063.dat
1 0 25 -50 -660 0 1 0 0 0 1 1 0 0 32063.dat
1 14 0 -20 -690 1 0 0 0 1 0 0 0 1 59443.dat
1 71 0 -60 -680 1 0 0 0 1 0 0 0 1 3713.dat
0 STEP
1 0 -40 -10 -720 0 -1 0 1 0 0 0 0 1 2780.dat
1 0 -40 -10 -640 0 -1 0 1 0 0 0 0 1 2780.dat
1 1 -40 -20 -700 0 1 0 -1 0 0 0 0 1 6558.dat
1 0 -40 -20 -680 -1 0 0 0 -1 0 0 0 1 32316.dat
1 0 40 -10 -720 0 -1 0 1 0 0 0 0 1 2780.dat
1 0 40 -10 -640 0 -1 0 1 0 0 0 0 1 2780.dat
1 1 40 -20 -700 0 1 0 -1 0 0 0 0 1 6558.dat
1 0 40 -20 -680 -1 0 0 0 -1 0 0 0 1 32316.dat
0 STEP
1 0 40 -40 -640 1 0 0 0 1 0 0 0 1 40490.dat
1 27 -40 -40 -660 1 0 0 0 1 0 0 0 1 32524.dat
1 14 120 -40 -700 0 1 0 -1 0 0 0 0 1 32073.dat
1 72 120 -20 -700 -1 0 0 0 0 -1 0 -1 0 24505.dat
1 71 130 -30 -710 0 0 -1 1 0 0 0 -1 0 3673.dat
1 71 110 -30 -710 0 0 -1 1 0 0 0 -1 0 3673.dat
1 71 110 -30 -690 0 0 -1 1 0 0 0 -1 0 3673.dat
1 71 130 -30 -690 0 0 -1 1 0 0 0 -1 0 3673.dat
1 27 110 -40 -710 1 0 0 0 -1 0 0 0 -1 18654.dat
1 27 110 -40 -690 1 0 0 0 -1 0 0 0 -1 18654.dat
1 27 130 -40 -690 1 0 0 0 -1 0 0 0 -1 18654.dat
1 27 130 -40 -710 1 0 0 0 -1 0 0 0 -1 18654.dat
1 14 120 -60 -700 0 -1 0 0 0 -1 1 0 0 32072.dat
0 STEP
1 1 120 -80 -660 -1 0 0 0 -1 0 0 0 1 42115 - 1-4-paddle-shifter.ldr
0 STEP
1 1 40 -50 -600 0 1 0 -1 0 0 0 0 1 43093.dat
1 4 40 -80 -600 0 -1 0 0 0 -1 1 0 0 32013.dat
1 72 40 -80 -580 0 1 0 -1 0 0 0 0 1 92906.dat
1 14 40 -80 -630 1 0 0 0 1 0 0 0 1 59443.dat
1 71 40 -80 -580 0 1 0 -0.982 0 0.191 0.191 0 0.982 32494.dat
1 71 40 -70.46 -530.919 0 0 1 -0.191 0.982 0 -0.982 -0.191 0 4519.dat
0 STEP
1 71 40 -80 -660 0 0 1 0 1 0 -1 0 0 4519.dat
1 27 40 -80 -660 0 0 -1 -1 0 0 0 1 0 87082.dat
1 14 40 -80 -680 0 1 0 -1 0 0 0 0 1 32072.dat
0 STEP
1 1 -160 0 -280 -1 0 0 0 1 0 0 0 -1 6558.dat
1 1 -160 0 -240 -1 0 0 0 -1 0 0 0 1 6558.dat
1 1 160 0 -240 1 0 0 0 1 0 0 0 1 6558.dat
1 1 160 0 -280 1 0 0 0 -1 0 0 0 -1 6558.dat
1 1 -140 0 -660 -1 0 0 0 1 0 0 0 -1 6558.dat
1 1 140 0 -660 1 0 0 0 -1 0 0 0 -1 6558.dat
0 STEP
1 27 -140 0 -560 -1 0 0 0 -1 0 0 0 1 42115 - 2-1.ldr
1 27 140 0 -560 1 0 0 0 1 0 0 0 1 42115 - 2-1.ldr
0 STEP
1 0 -80 -130 20 0 0 -1 1 0 0 0 -1 0 2780.dat
1 0 80 -130 20 0 0 -1 1 0 0 0 -1 0 2780.dat
1 1 -120 -140 20 0 0 -1 -1 0 0 0 1 0 6558.dat
1 1 120 -140 20 0 0 -1 -1 0 0 0 1 0 6558.dat
1 0 0 -140 20 0 0 -1 0 1 0 1 0 0 32278.dat
1 27 140 -160 20 0 0 -1 0 1 0 1 0 0 32523.dat
1 27 -140 -160 20 0 0 -1 0 1 0 1 0 0 32523.dat
1 4 140 -160 20 0 1 0 -1 0 0 0 0 1 11214.dat
1 4 -140 -160 20 0 1 0 -1 0 0 0 0 1 11214.dat
1 0 140 -180 20 1 0 0 0 -1 0 0 0 -1 60483.dat
1 0 -140 -180 20 1 0 0 0 -1 0 0 0 -1 60483.dat
1 4 -160 -160 20 0 0 1 -1 0 0 0 -1 0 32054.dat
1 4 160 -160 20 0 0 1 -1 0 0 0 -1 0 32054.dat
0 STEP
1 1 0 -150 -60 -1 0 0 0 1 0 0 0 -1 42115 - 2-2-0-v12-engine.ldr
0 STEP
1 71 0 -20 -800 1 0 0 0 1 0 0 0 1 42115 - 2-3-front-axle.ldr
0 STEP
1 0 0 -20 -880 0 0 1 1 0 0 0 1 0 32525.dat
1 0 -20 -20 -870 0 0 1 0 1 0 -1 0 0 2780.dat
1 0 20 -20 -870 0 0 1 0 1 0 -1 0 0 2780.dat
1 0 0 -20 -890 0 0 1 0 1 0 -1 0 0 2780.dat
0 STEP
1 0 0 -60 -880 1 0 0 0 1 0 0 0 1 42115 - 2-4-steering-rack.ldr
1 0 0 -80 -900 1 0 0 0 0 -1 0 1 0 32524.dat
0 STEP
1 0 -40 -50 -620 0 1 0 -1 0 0 0 0 1 2780.dat
1 1 -40 -60 -640 0 -1 0 -1 0 0 0 0 -1 6558.dat
1 0 -120 -60 -660 0 0 1 0 -1 0 1 0 0 32526.dat
1 4 -40 -80 -640 1 0 0 0 0 1 0 -1 0 42003.dat
1 1 -50 -80 -620 1 0 0 0 -1 0 0 0 -1 43093.dat
0 STEP
1 71 80 -80 -700 1 0 0 0 -1 0 0 0 -1 14720.dat
1 71 -80 -80 -700 1 0 0 0 -1 0 0 0 -1 14720.dat
1 4 70 -80 -700 1 0 0 0 -0.707 -0.707 0 0.707 -0.707 3705.dat
1 14 100 -80 -700 0 0 1 0.707 -0.707 0 0.707 0.707 0 32072.dat
1 14 60 -80 -700 0 0 1 0.707 -0.707 0 0.707 0.707 0 32072.dat
1 14 30 -80 -700 0 0 1 -0.707 0.707 0 -0.707 -0.707 0 59443.dat
1 4 -10 -80 -700 1 0 0 0 -0.707 -0.707 0 0.707 -0.707 3705.dat
1 14 -50 -80 -700 0 0 1 -0.707 0.707 0 -0.707 -0.707 0 59443.dat
1 4 -70 -80 -700 1 0 0 0 -0.707 -0.707 0 0.707 -0.707 32062.dat
0 STEP
1 1 -120 -10 -680 0 -1 0 -1 0 0 0 0 -1 43093.dat
1 1 -120 -10 -740 0 -1 0 -1 0 0 0 0 -1 43093.dat
1 4 -120 -40 -740 0 -1 0 0 0 -1 1 0 0 26287.dat
1 4 -120 -40 -680 0 -1 0 0 0 -1 1 0 0 26287.dat
1 1 -120 -70 -680 0 1 0 1 0 0 0 0 -1 43093.dat
1 4 -120 -80 -740 0 0 -1 1 0 0 0 -1 0 11214.dat
1 71 -120 -80 -700 1 0 0 0 1 0 0 0 1 32316.dat
1 0 -120 -90 -700 0 1 0 1 0 0 0 0 -1 2780.dat
0 STEP
1 0 -40 -100 -740 0 0 -1 0 1 0 1 0 0 32526.dat
1 0 40 -100 -740 0 0 1 0 -1 0 1 0 0 32526.dat
1 1 -100 -100 -740 0 0 -1 1 0 0 0 -1 0 6558.dat
1 1 100 -100 -740 0 0 -1 1 0 0 0 -1 0 6558.dat
0 STEP
1 0 0 -120 -740 0 0 -1 0 1 0 1 0 0 32525.dat
1 27 20 -100 -740 0 1 0 -1 0 0 0 0 1 15100.dat
1 27 -20 -100 -740 0 1 0 -1 0 0 0 0 1 15100.dat
1 1 0 -100 -740 1 0 0 0 -1 0 0 0 -1 6558.dat
1 0 0 -100 -680 0 -1 0 -1 0 0 0 0 -1 32524.dat
1 1 0 -100 -620 1 0 0 0 -1 0 0 0 -1 6558.dat
1 70 0 -100 -660 -1 0 0 0 0 -1 0 -1 0 24316.dat
0 STEP
1 14 80 -140 -720 0 1 0 -1 0 0 0 0 1 32039.dat
1 71 80 -140 -710 0 0 -1 0 -1 0 -1 0 0 2736.dat
1 1 0 -130 -740 0 0 1 -1 0 0 0 -1 0 43093.dat
1 0 40 -140 -740 0 0 1 -1 0 0 0 -1 0 18651.dat
1 71 20 -140 -740 0 -1 0 -1 0 0 0 0 -1 32184.dat
1 4 20 -140 -730 0 1 0 0 0 -1 -1 0 0 6628.dat
1 1 -40 -80 -660 0 0 -1 1 0 0 0 -1 0 6558.dat
1 1 -60 -80 -660 0 0 -1 1 0 0 0 -1 0 6558.dat
1 1 -120 -80 -660 0 0 -1 1 0 0 0 -1 0 6558.dat
1 1 60 -80 -660 0 0 -1 1 0 0 0 -1 0 6558.dat
1 71 -60 -40 -620 0 1 0 0 0 -1 -1 0 0 32316.dat
1 15 80 -140 -705 0 1 0 -1 0 0 0 0 1 42115 - rubberBandRound-3.ldr
0 STEP
1 16 20 -100 -640 1 0 0 0 1 0 0 0 1 42115 - 2-5.ldr
1 1 0 -100 -580 1 0 0 0 -1 0 0 0 -1 6558.dat
1 27 0 -100 -580 0 -1 0 -1 0 0 0 0 -1 18654.dat
1 1 0 -100 -540 1 0 0 0 -1 0 0 0 -1 6558.dat
1 0 0 -80 -540 0 -1 0 0 0 -1 1 0 0 60484.dat
1 1 -20 -80 -540 1 0 0 0 -1 0 0 0 -1 6558.dat
1 27 -40 -80 -540 0 -1 0 -1 0 0 0 0 -1 18654.dat
1 4 0 -120 -600 1 0 0 0 0 -1 0 1 0 6641.dat
1 71 0 -127 -600 0 0 1 1 0 0 0 1 0 2736.dat
0 STEP
1 27 -20 -100 -420 0 1 0 1 0 0 0 0 -1 32524.dat
1 0 -30 -100 -380 -1 0 0 0 1 0 0 0 -1 2780.dat
1 0 -30 -100 -460 -1 0 0 0 1 0 0 0 -1 2780.dat
1 72 -40 -100 -500 0 1 0 1 0 0 0 0 -1 32278.dat
1 27 -20 -100 -580 0 1 0 1 0 0 0 0 -1 32524.dat
1 0 -30 -100 -560 -1 0 0 0 1 0 0 0 -1 2780.dat
1 0 -60 -100 -360 1 0 0 0 0 1 0 -1 0 15100.dat
1 0 -60 -100 -360 0 0 1 0 -1 0 1 0 0 32054.dat
1 0 -30 -100 -640 -1 0 0 0 1 0 0 0 -1 2780.dat
1 0 -80 -100 -350 0 0 -1 0 1 0 1 0 0 2780.dat
1 0 80 -100 -350 0 0 -1 0 1 0 1 0 0 2780.dat
0 STEP
1 71 -120 -80 -300 1 0 0 0 1 0 0 0 1 42115 - 2-6-1.ldr
0 STEP
1 0 -140 -70 -180 -0.966 0 -0.259 0 1 0 0.259 0 -0.966 42115 - 2-7-1.ldr
0 STEP
1 0 -160 -120 -220 -1 0 0 0 1 0 0 0 -1 42115 - 2-8-1.ldr
1 1 -140 -40 -360 1 0 0 0 1 0 0 0 1 6558.dat
1 4 -160 -60 -240 1 0 0 0 -0.914 0.407 0 -0.407 -0.914 32054.dat
0 STEP
1 71 120 -80 -300 1 0 0 0 1 0 0 0 1 42115 - 2-6-2.ldr
0 STEP
1 179 140 -70 -180 -0.966 0 0.259 0 1 0 -0.259 0 -0.966 42115 - 2-7-2.ldr
0 STEP
1 0 160 -120 -220 -1 0 0 0 1 0 0 0 -1 42115 - 2-8-2.ldr
1 4 160 -60 -240 -1 0 0 0 -0.914 -0.407 0 -0.407 0.914 32054.dat
1 1 140 -40 -360 -1 0 0 0 -1 0 0 0 1 6558.dat
0 STEP
1 1 0 -158 -190 1 0 0 0 1 0 0 0 1 42115 - 2-9-engine-cover.ldr
0 STEP
1 0 0 -140 -330 0 0 -1 0 1 0 1 0 0 2780.dat
1 0 0 -180 -330 0 0 -1 0 1 0 1 0 0 2780.dat
1 0 0 -160 -340 1 0 0 0 0 -1 0 1 0 32523.dat
1 4 -160 -180 -200 1 0 0 0 -1 0 0 0 -1 32054.dat
1 4 -190 -180 -200 1 0 0 0 -1 0 0 0 -1 32062.dat
1 4 190 -180 -200 -1 0 0 0 -1 0 0 0 1 32062.dat
1 4 160 -180 -200 -1 0 0 0 -1 0 0 0 1 32054.dat
0 STEP
1 0 160 -90 -600 0 1 0 0 0 1 1 0 0 59443.dat
1 0 80 -90 -600 0 1 0 0 0 1 1 0 0 59443.dat
1 71 160 -120 -600 0 -1 0 1 0 0 0 0 1 4519.dat
1 71 80 -120 -600 0 -1 0 1 0 0 0 0 1 4519.dat
1 0 120 -100 -600 1 0 0 0 -1 0 0 0 -1 32523.dat
1 0 120 -100 -580 0 1 0 1 0 0 0 0 -1 32054.dat
0 STEP
1 71 120 -110 -600 0 0 -1 -1 0 0 0 1 0 3673.dat
1 0 120 -115 -600 0 0 -1 0 -1 0 -1 0 0 11478.dat
1 0 120 -125 -600 0 0 -1 0 -1 0 -1 0 0 11478.dat
1 27 160 -100 -660 0 0 -1 0 1 0 1 0 0 41239.dat
1 27 -160 -100 -660 0 0 -1 0 1 0 1 0 0 41239.dat
1 1 100 -100 -660 0 0 -1 1 0 0 0 -1 0 6558.dat
1 1 -100 -100 -660 0 0 -1 1 0 0 0 -1 0 6558.dat
1 27 0 -120 -660 0 0 -1 0 1 0 1 0 0 41239.dat
0 STEP
1 0 120 -120 -830 0 0 -1 0 1 0 1 0 0 3706.dat
1 71 120 -120 -760 0 -1 0 -1 0 0 0 0 -1 62520.dat
1 71 120 -120 -760 0 -1 0 -1 0 0 0 0 -1 62519.dat
1 71 120 -120 -760 -1 0 0 0 -0.948 -0.317 0 -0.317 0.948 62520.dat
1 4 120 -129.519 -731.55 0 0 1 -0.317 -0.948 0 0.948 -0.317 0 32062.dat
1 27 120 -140 -660 0 0 -1 1 0 0 0 -1 0 87082.dat
1 4 120 -140 -650 0 -1 0 0 0 -1 1 0 0 3705.dat
1 71 120 -140 -700 -1 0 0 0 0.948 0.317 0 0.317 -0.948 62520.dat
1 71 120 -140 -700 0 -1 0 1 0 0 0 0 1 62519.dat
1 71 120 -140 -700 0 -1 0 1 0 0 0 0 1 62520.dat
1 71 120 -140 -640 0 -1 0 1 0 0 0 0 1 3713.dat
1 0 120 -140 -610 1 0 0 0 1 0 0 0 1 59443.dat
1 71 120 -120 -860 1 0 0 0 1 0 0 0 1 94925.dat
1 72 120 -140 -580 0 0 1 1 0 0 0 1 0 27940.dat
1 71 120 -140 -580 0 1 0 0 0 1 1 0 0 4519.dat
0 STEP
1 0 -20 -120 -520 -1 0 0 0 -1 0 0 0 1 42115 - 2-10-1.ldr
0 STEP
1 71 20 -120 -520 -1 0 0 0 -1 0 0 0 1 42115 - 2-10-2.ldr
0 STEP
1 0 120 -160 -740 -1 0 0 0 1 0 0 0 -1 32009.dat
1 0 80 -170 -740 0 0 -1 1 0 0 0 -1 0 2780.dat
1 15 90 -120 -875 0 0 -1 1 0 0 0 -1 0 32063.dat
1 15 90 -120 -885 0 0 -1 1 0 0 0 -1 0 32063.dat
0 STEP
1 0 0 -80 -920 1 0 0 0 1 0 0 0 1 42115 - 2-11.ldr
0 STEP
1 4 -140 -20 -860 0 0 -1 0 1 0 1 0 0 42003.dat
1 4 140 -20 -860 0 0 -1 0 1 0 1 0 0 42003.dat
1 1 -140 0 -860 1 0 0 0 1 0 0 0 1 6558.dat
1 1 140 0 -860 -1 0 0 0 1 0 0 0 -1 6558.dat
1 0 0 -140 -920 0 0 -1 0 1 0 1 0 0 32054.dat
0 STEP
1 0 0 -180 -720 1 0 0 0 1 0 0 0 1 42115 - 2-12.ldr
0 STEP
1 1 -100 -20 -920 1 0 0 0 1 0 0 0 1 6558.dat
1 0 -100 -20 -900 0 1 0 1 0 0 0 0 -1 60483.dat
1 0 -120 -180 -900 0 -1 0 0 0 -1 1 0 0 32009.dat
1 0 -120 -180 -820 1 0 0 0 -1 0 0 0 -1 18651.dat
1 0 -120 -20 -900 1 0 0 0 -1 0 0 0 -1 18651.dat
1 0 -130 -40 -900 1 0 0 0 1 0 0 0 1 2780.dat
1 4 -140 -40 -900 0 -1 0 0 0 1 -1 0 0 60484.dat
1 4 -140 0 -880 -1 0 0 0 0 1 0 1 0 11214.dat
1 1 -140 0 -900 1 0 0 0 1 0 0 0 1 6558.dat
0 STEP
1 1 100 -20 -920 -1 0 0 0 1 0 0 0 -1 6558.dat
1 0 100 -20 -900 0 -1 0 -1 0 0 0 0 -1 60483.dat
1 0 120 -180 -900 0 -1 0 0 0 -1 1 0 0 32009.dat
1 0 120 -180 -820 -1 0 0 0 -1 0 0 0 1 18651.dat
1 0 120 -20 -900 -1 0 0 0 -1 0 0 0 1 18651.dat
1 0 130 -40 -900 1 0 0 0 1 0 0 0 1 2780.dat
1 4 140 -40 -900 0 1 0 0 0 1 1 0 0 60484.dat
1 4 140 0 -880 1 0 0 0 0 -1 0 1 0 11214.dat
1 1 140 0 -900 -1 0 0 0 1 0 0 0 -1 6558.dat
0 STEP
1 71 -140 -120 -900 -1 0 0 0 1 0 0 0 -1 32184.dat
1 71 140 -120 -900 -1 0 0 0 1 0 0 0 -1 32184.dat
1 0 -140 -120 -900 0 0 -1 0 1 0 1 0 0 32054.dat
1 0 140 -120 -900 0 0 -1 0 1 0 1 0 0 32054.dat
0 STEP
1 4 160 0 -780 1 0 0 0 -1 0 0 0 -1 42115 - 2-13.ldr
1 4 -160 0 -780 -1 0 0 0 1 0 0 0 -1 42115 - 2-13.ldr
0 STEP
1 0 180 0 -560 0 1 0 1 0 0 0 0 -1 32278.dat
1 0 -180 0 -560 0 1 0 1 0 0 0 0 -1 32278.dat
1 1 180 0 -440 -1 0 0 0 1 0 0 0 -1 6558.dat
1 1 180 0 -600 -1 0 0 0 1 0 0 0 -1 6558.dat
1 1 -180 0 -600 1 0 0 0 -1 0 0 0 -1 6558.dat
1 1 -180 0 -440 1 0 0 0 -1 0 0 0 -1 6558.dat
0 STEP
1 0 140 -180 -760 0 1 0 1 0 0 0 0 -1 40490.dat
1 1 140 -180 -840 -1 0 0 0 1 0 0 0 -1 6558.dat
1 1 140 -180 -740 -1 0 0 0 1 0 0 0 -1 6558.dat
1 1 140 -180 -680 -1 0 0 0 1 0 0 0 -1 6558.dat
1 0 -140 -180 -760 0 -1 0 -1 0 0 0 0 -1 40490.dat
1 1 -140 -180 -840 1 0 0 0 -1 0 0 0 -1 6558.dat
1 1 -140 -180 -740 1 0 0 0 -1 0 0 0 -1 6558.dat
1 1 -140 -180 -680 1 0 0 0 -1 0 0 0 -1 6558.dat
0 STEP
1 4 130 -200 -320 -1 0 0 0 0 1 0 1 0 3705.dat
1 0 160 -200 -320 -1 0 0 0 0 1 0 1 0 6536.dat
1 4 -130 -200 -320 1 0 0 0 0 -1 0 1 0 3705.dat
1 0 -160 -200 -320 1 0 0 0 0 -1 0 1 0 6536.dat
1 1 190 -100 -320 -1 0 0 0 1 0 0 0 -1 43093.dat
1 1 190 -180 -320 -1 0 0 0 1 0 0 0 -1 43093.dat
1 1 -190 -100 -320 1 0 0 0 1 0 0 0 1 43093.dat
1 1 -190 -180 -320 1 0 0 0 1 0 0 0 1 43093.dat
0 STEP
1 0 160 -120 -330 0 0 -1 0 1 0 1 0 0 2780.dat
1 0 160 -80 -330 0 0 -1 0 1 0 1 0 0 2780.dat
1 72 160 -60 -340 1 0 0 0 0 -1 0 1 0 32140.dat
1 0 160 -100 -350 0 0 -1 0 1 0 1 0 0 2780.dat
1 1 180 -120 -330 0 0 -1 0 1 0 1 0 0 43093.dat
1 27 180 -120 -320 0 0 1 -1 0 0 0 -1 0 60483.dat
1 27 120 -100 -360 0 0 1 -1 0 0 0 -1 0 32316.dat
1 0 -160 -120 -330 0 0 1 0 1 0 -1 0 0 2780.dat
1 0 -160 -80 -330 0 0 1 0 1 0 -1 0 0 2780.dat
1 72 -160 -60 -340 -1 0 0 0 0 -1 0 -1 0 32140.dat
1 0 -160 -100 -350 0 0 1 0 1 0 -1 0 0 2780.dat
1 1 -180 -120 -330 0 0 -1 0 1 0 1 0 0 43093.dat
1 27 -180 -120 -320 0 0 -1 1 0 0 0 -1 0 60483.dat
1 27 -120 -100 -360 0 0 -1 1 0 0 0 -1 0 32316.dat
1 4 160 -40 -400 -1 0 0 0 0 1 0 1 0 11214.dat
1 4 -160 -40 -400 1 0 0 0 0 1 0 -1 0 11214.dat
0 STEP
1 1 -70 -60 -620 -1 0 0 0 -0.97 0.242 0 0.242 0.97 43093.dat
1 72 -90 -60 -620 0 0 1 0.242 -0.97 0 0.97 0.242 0 59443.dat
1 4 -130 -60 -620 1 0 0 0 -0.97 -0.242 0 0.242 -0.97 3705.dat
1 0 -115 -50.323 -581.188 0 -1 0 -0.97 0 -0.242 0.242 0 -0.97 32056.dat
1 0 -125 -50.323 -581.188 0 -1 0 -0.97 0 -0.242 0.242 0 -0.97 32056.dat
1 0 -140 -60 -620 0 -1 0 -0.242 0 0.97 -0.97 0 -0.242 42115 - 33299b.dat
0 STEP
1 4 -160 -21.188 -629.677 0 1 0 1 0 0 0 0 -1 2637.dat
1 71 -180 -60 -320 0 1 0 0.242 0 0.97 0.97 0 -0.242 42115 - 33299b.dat
1 1 -170 -60 -320 -1 0 0 0 -0.97 0.242 0 0.242 0.97 43093.dat
1 19 -170 -40.594 -324.838 -1 0 0 0 -0.97 0.242 0 0.242 0.97 3749.dat
1 0 -160 -40.594 -244.838 0 -1 0 1 0 0 0 0 1 40490.dat
1 1 -170 -60 -160 -1 0 0 0 -0.97 0.242 0 0.242 0.97 43093.dat
1 19 -170 -40.594 -164.838 -1 0 0 0 -0.97 0.242 0 0.242 0.97 3749.dat
1 71 -180 -60 -160 0 1 0 0.242 0 0.97 0.97 0 -0.242 42115 - 33299b.dat
1 4 -160 -21.188 -169.677 0 1 0 1 0 0 0 0 -1 2637.dat
1 72 -180 -60 -120 0 -1 0 0 0 1 -1 0 0 32140.dat
1 4 -160 -60 -120 -1 0 0 0 0 -1 0 -1 0 11214.dat
0 STEP
1 1 -180 -40 -680 1 0 0 0 1 0 0 0 1 42115 - 3-1-0-passenger-seat.ldr
0 STEP
1 71 180 -40 -680 1 0 0 0 1 0 0 0 1 42115 - 3-2-0-driver-seat.ldr
0 STEP
1 4 160 -60 -120 1 0 0 0 0 1 0 -1 0 11214.dat
1 72 180 -60 -120 0 -1 0 0 0 1 -1 0 0 32140.dat
0 STEP
1 1 140 -120 -660 0 0 1 1 0 0 0 1 0 6558.dat
1 1 -140 -120 -660 0 0 1 1 0 0 0 1 0 6558.dat
1 0 160 -120 -660 0 0 1 1 0 0 0 1 0 18651.dat
1 0 -160 -120 -660 0 0 1 1 0 0 0 1 0 18651.dat
1 27 160 -120 -660 0 0 1 0 1 0 -1 0 0 60483.dat
1 27 -160 -120 -660 0 0 -1 0 -1 0 -1 0 0 60483.dat
1 72 200 -140 -660 0 0 -1 0 -1 0 -1 0 0 32140.dat
1 72 -200 -140 -660 0 0 1 0 1 0 -1 0 0 32140.dat
1 4 180 -140 -660 0 0.917 -0.4 -1 0 0 0 0.4 0.917 11214.dat
1 4 -180 -140 -660 0 0.917 0.4 -1 0 0 0 -0.4 0.917 11214.dat
0 STEP
1 0 -280 0 -400 -1 0 0 0 1 0 0 0 -1 42115 - 3-3.ldr
1 14 -200 -100 -660 0 1 0 1 0 0 0 0 -1 32073.dat
0 STEP
1 14 -220 -60 -240 1 0 0 0 -0.914 0.407 0 -0.407 -0.914 32073.dat
1 0 -200 -60 -240 0 1 0 0.407 0 -0.914 -0.914 0 -0.407 42115 - 33299b.dat
1 0 -180 -175.86 -245.106 0 1 0 -0.14 0 -0.991 -0.991 0 0.14 40490.dat
1 1 -160 -255.124 -233.97 1 0 0 0 0.853 -0.523 0 0.523 0.853 6558.dat
1 1 -170 -235.308 -236.754 1 0 0 0 0.14 -0.991 0 0.991 0.14 43093.dat
1 0 -160 -235.308 -236.754 0 1 0 -0.14 0 -0.991 -0.991 0 0.14 60483.dat
1 0 -140 -255.124 -233.97 0 -1 0 0.623 0 0.783 -0.783 0 0.623 32526.dat
1 1 -130 -192.485 -184.139 1 0 0 0 0.783 -0.623 0 0.623 0.783 4274.dat
1 1 -130 -167.57 -215.459 1 0 0 0 0.783 -0.623 0 0.623 0.783 4274.dat
1 71 -220 -60 -240 0 0 1 0.914 -0.407 0 0.407 0.914 0 3713.dat
1 0 -240 -60 -240 0 1 0 0.914 0 0.407 0.407 0 -0.914 42115 - 33299b.dat
0 STEP
1 1 -230 -20 -220 -1 0 0 0 -1 0 0 0 1 43093.dat
1 4 -260 -20 -220 -1 0 0 0 1 0 0 0 -1 32054.dat
1 0 -260 -60 -240 0 1 0 0 0 1 1 0 0 60484.dat
1 0 -270 -20 -260 -1 0 0 0 1 0 0 0 -1 2780.dat
1 0 -280 -20 -300 0 1 0 1 0 0 0 0 -1 40490.dat
1 1 -280 -20 -280 1 0 0 0 1 0 0 0 1 6558.dat
1 1 -280 -20 -320 1 0 0 0 1 0 0 0 1 6558.dat
1 4 -260 -100 -660 0 1 0 1 0 0 0 0 -1 11214.dat
1 72 -260 -70 -660 1 0 0 0 0 1 0 -1 0 59443.dat
1 4 -260 -50 -660 0 1 0 1 0 0 0 0 -1 32062.dat
1 0 -260 -40 -660 -1 0 0 0 0 -1 0 -1 0 32039.dat
1 72 -243 -20 -660 1 0 0 0 0 1 0 -1 0 59426.dat
0 STEP
1 72 -160 -100 100 1 0 0 0 1 0 0 0 1 42115 - 3-4.ldr
0 STEP
1 0 280 0 -400 -1 0 0 0 1 0 0 0 -1 42115 - 3-5.ldr
1 14 200 -100 -660 0 1 0 1 0 0 0 0 -1 32073.dat
0 STEP
1 14 220 -60 -240 1 0 0 0 -0.914 0.407 0 -0.407 -0.914 32073.dat
1 0 200 -60 -240 0 -1 0 -0.407 0 -0.914 0.914 0 -0.407 42115 - 33299b.dat
1 0 180 -175.8 -245.097 0 -1 0 0.14 0 -0.991 0.991 0 0.14 40490.dat
1 1 160 -255.022 -233.962 -1 0 0 0 0.853 0.523 0 0.523 -0.853 6558.dat
1 1 170 -235.216 -236.746 -1 0 0 0 0.14 0.991 0 0.991 -0.14 43093.dat
1 0 160 -235.216 -236.746 0 -1 0 0.14 0 -0.991 0.991 0 0.14 60483.dat
1 0 140 -255.022 -233.962 0 -1 0 0.623 0 0.783 -0.783 0 0.623 32526.dat
1 1 130 -192.413 -184.161 -1 0 0 0 0.783 0.623 0 0.623 -0.783 4274.dat
1 1 130 -167.512 -215.466 -1 0 0 0 0.783 0.623 0 0.623 -0.783 4274.dat
1 71 220 -60 -240 0 0 -1 -0.914 -0.407 0 -0.407 0.914 0 3713.dat
1 0 240 -60 -240 0 -1 0 -0.914 0 0.407 -0.407 0 -0.914 42115 - 33299b.dat
0 STEP
1 1 230 -20 -220 1 0 0 0 -1 0 0 0 -1 43093.dat
1 4 260 -20 -220 1 0 0 0 1 0 0 0 1 32054.dat
1 0 260 -60 -240 0 -1 0 0 0 1 -1 0 0 60484.dat
1 0 270 -20 -260 -1 0 0 0 1 0 0 0 -1 2780.dat
1 0 280 -20 -300 0 -1 0 -1 0 0 0 0 -1 40490.dat
1 1 280 -20 -280 -1 0 0 0 1 0 0 0 -1 6558.dat
1 1 280 -20 -320 -1 0 0 0 1 0 0 0 -1 6558.dat
1 4 260 -100 -660 0 -1 0 1 0 0 0 0 1 11214.dat
1 72 260 -70 -660 1 0 0 0 0 1 0 -1 0 59443.dat
1 4 260 -50 -660 0 -1 0 -1 0 0 0 0 -1 32062.dat
1 0 260 -40 -660 -1 0 0 0 0 -1 0 -1 0 32039.dat
1 72 243 -20 -660 -1 0 0 0 0 -1 0 -1 0 59426.dat
0 STEP
1 0 188 -160 -678.33 0 0.4 0.917 -1 0 0 0 -0.917 0.4 42003.dat
1 1 197.165 -160 -674.33 0.917 0 -0.4 0 1 0 0.4 0 0.917 4274.dat
1 0 204.497 -160 -671.13 0 -0.917 -0.4 1 0 0 0 -0.4 0.917 98138.dat
1 0 -188 -160 -678.33 0 -0.4 0.917 -1 0 0 0 -0.917 -0.4 42003.dat
1 1 -197.165 -160 -674.33 -0.917 0 -0.4 0 1 0 0.4 0 -0.917 4274.dat
1 0 -204.497 -160 -671.13 0 0.917 -0.4 1 0 0 0 -0.4 -0.917 98138.dat
1 0 160 -140 -600 0 0 1 0 1 0 -1 0 0 60483.dat
1 0 80 -140 -600 0 0 -1 0 1 0 1 0 0 60483.dat
1 1 60 -180 -680 0 0 -1 0 -1 0 -1 0 0 6558.dat
1 0 100 -180 -670 0 0 -1 0 -1 0 -1 0 0 2780.dat
0 STEP
1 0 120 -200 -620 -1 0 0 0 1 0 0 0 -1 42115 - 3-6-cockpit.ldr
0 STEP
1 0 -100 -180 -670 0 0 -1 0 1 0 1 0 0 2780.dat
1 0 -80 -180 -670 0 0 -1 0 1 0 1 0 0 2780.dat
1 0 -120 -180 -660 0 0 1 -1 0 0 0 -1 0 24119.dat
1 0 -80 -150 -620 0 -1 0 1 0 0 0 0 1 2780.dat
1 0 -160 -150 -620 0 -1 0 1 0 0 0 0 1 2780.dat
1 72 -120 -140 -620 0 0 1 0 -1 0 1 0 0 24119.dat
1 0 120 -140 -558 -1 0 0 0 0 -1 0 -1 0 2741.dat
1 0 120 -140 -539 -1 0 0 0 0 -1 0 -1 0 42115 - 98138pt3.dat
0 STEP
1 0 160 -100 100 1 0 0 0 1 0 0 0 1 42115 - 3-7.ldr
0 STEP
1 0 0 -200 -300 -1 0 0 0 1 0 0 0 -1 42115 - 3-8-crossbars.ldr
0 STEP
1 1 -40 -80 40 0 0 1 -1 0 0 0 -1 0 6558.dat
1 1 40 -80 40 0 0 1 -1 0 0 0 -1 0 6558.dat
1 0 0 -80 40 0 0 1 0 -1 0 1 0 0 32316.dat
0 STEP
1 1 0 -120 120 1 0 0 0 1 0 0 0 1 42115 - 3-9.ldr
0 STEP
1 71 0 -100 40 0 0 1 0 1 0 -1 0 0 62531.dat
1 0 80 -140 70 0 0 1 0 1 0 -1 0 0 2780.dat
1 0 -80 -140 70 0 0 1 0 1 0 -1 0 0 2780.dat
1 71 0 -100 100 0 0 -1 0 1 0 1 0 0 62531.dat
0 STEP
1 0 -180 -60 140 0 1 0 0.242 0 0.97 0.97 0 -0.242 42115 - 33299b.dat
1 70 -162 -60 140 -1 0 0 0 0.242 0.97 0 0.97 -0.242 24316.dat
1 4 -120 -60 140 0 0 -1 0.97 -0.242 0 -0.242 -0.97 0 26287.dat
1 71 -80 -60 140 -1 0 0 0 0.242 0.97 0 0.97 -0.242 4519.dat
1 4 -40 -60 140 0 0 -1 0.97 -0.242 0 -0.242 -0.97 0 26287.dat
1 70 0 -60 140 1 0 0 0 -0.242 0.97 0 -0.97 -0.242 24316.dat
1 71 -5 -50.323 178.812 0 1 0 -0.97 0 0.242 0.242 0 0.97 11478.dat
1 71 5 -50.323 178.812 0 1 0 -0.97 0 0.242 0.242 0 0.97 11478.dat
1 0 20 -80.002 140 0 0 1 0 1 0 -1 0 0 6536.dat
1 1 20 -80 130 0 0 -1 0 1 0 1 0 0 43093.dat
1 1 10 -40.646 217.624 -1 0 0 0 0.97 -0.242 0 -0.242 -0.97 43093.dat
1 72 20 -99.987 208.755 0 -1 0 0.148 0 0.989 -0.989 0 0.148 32524.dat
0 STEP
1 72 0 0 140 1 0 0 0 1 0 0 0 1 42115 - 3-10.ldr
0 STEP
1 72 -110 0 140 -1 0 0 0 1 0 0 0 -1 87083.dat
1 0 -140 0 140 0 -1 0 0 0 -1 1 0 0 18654.dat
1 0 140 0 140 0 1 0 0 0 -1 -1 0 0 18654.dat
1 72 110 0 140 1 0 0 0 1 0 0 0 1 87083.dat
1 0 -100 0 200 1 0 0 0 -1 0 0 0 -1 32054.dat
1 0 100 0 200 -1 0 0 0 -1 0 0 0 1 32054.dat
0 STEP
1 1 0 -180 220 -1 0 0 0 1 0 0 0 -1 42115 - 3-11-spoiler-lift.ldr
0 STEP
1 72 -200 -100 -320 0 1 0 0 0 1 1 0 0 27940.dat
1 0 -200 -260 -340 1 0 0 0 0 -1 0 1 0 32009.dat
1 0 -200 -180 -320 0 -1 0 0 0 -1 1 0 0 87082.dat
1 1 -160 -260 -320 0 0 -1 0 1 0 1 0 0 6558.dat
1 71 -120 -260 -320 0 0 -1 0 1 0 1 0 0 4519.dat
1 1 -200 -120 -320 0 0 1 0 1 0 -1 0 0 6558.dat
0 STEP
1 72 200 -100 -320 0 -1 0 0 0 1 -1 0 0 27940.dat
1 0 200 -260 -340 -1 0 0 0 0 -1 0 -1 0 32009.dat
1 0 200 -180 -320 0 1 0 0 0 -1 -1 0 0 87082.dat
1 1 160 -260 -320 0 0 -1 0 1 0 1 0 0 6558.dat
1 71 120 -260 -320 0 0 1 0 1 0 -1 0 0 4519.dat
1 1 200 -120 -320 0 0 1 0 1 0 -1 0 0 6558.dat
0 STEP
1 72 100 -260 -320 0 0 -1 -1 0 0 0 1 0 32524.dat
1 72 -100 -260 -320 0 0 -1 -1 0 0 0 1 0 32524.dat
1 1 80 -260 -320 0 0 1 0 1 0 -1 0 0 6558.dat
1 1 40 -260 -320 0 0 1 0 1 0 -1 0 0 6558.dat
1 1 -40 -260 -320 0 0 1 0 1 0 -1 0 0 6558.dat
1 1 -80 -260 -320 0 0 1 0 1 0 -1 0 0 6558.dat
1 72 0 -260 -300 0 0 -1 -1 0 0 0 1 0 32525.dat
1 1 60 -260 -300 0 0 1 0 1 0 -1 0 0 6558.dat
1 1 -60 -260 -300 0 0 1 0 1 0 -1 0 0 6558.dat
1 0 200 -260 -300 -1 0 0 0 0 -1 0 -1 0 32009.dat
1 0 -200 -260 -300 1 0 0 0 0 -1 0 1 0 32009.dat
0 STEP
1 0 0 -260 -400 0 0 -1 0 1 0 1 0 0 39794.dat
1 4 100 -260 -360 1 0 0 0 0 -1 0 1 0 11214.dat
1 4 -100 -260 -360 -1 0 0 0 0 -1 0 -1 0 11214.dat
1 0 140 -260 -360 0 0 1 0 1 0 -1 0 0 32013.dat
1 0 -140 -260 -360 0 0 -1 0 -1 0 -1 0 0 32013.dat
1 0 140 -260 -360 0 0 1 0 -1 0 1 0 0 32054.dat
1 0 -140 -260 -360 0 0 1 0 -1 0 1 0 0 32054.dat
1 27 -80 -260 -400 0 1 0 1 0 0 0 0 -1 32316.dat
1 27 80 -260 -400 0 1 0 1 0 0 0 0 -1 32316.dat
1 0 -70 -260 -420 1 0 0 0 1 0 0 0 1 2780.dat
1 0 70 -260 -420 1 0 0 0 1 0 0 0 1 2780.dat
1 27 -60 -260 -440 0 -1 0 1 0 0 0 0 1 60483.dat
1 27 60 -260 -440 0 -1 0 1 0 0 0 0 1 60483.dat
0 STEP
1 72 92 -260 -400 1 0 0 0 -0.8 -0.6 0 0.6 -0.8 87083.dat
1 14 50 -260 -400 0 0 -1 0.8 -0.6 0 -0.6 -0.8 0 59443.dat
1 14 0 -260 -400 -1 0 0 0 0.8 -0.6 0 -0.6 -0.8 32073.dat
1 14 -50 -260 -400 0 0 -1 0.8 -0.6 0 -0.6 -0.8 0 59443.dat
1 72 -92 -260 -400 -1 0 0 0 0.6 0.8 0 0.8 -0.6 87083.dat
0 STEP
1 14 0 -260 -440 1 0 0 0 -1 0 0 0 -1 60485.dat
1 14 0 -281.678 -368.543 1 0 0 0 0.998 0.061 0 -0.061 0.998 42115 - 3-12-roof.ldr
1 0 -110 -260 -440 1 0 0 0 -1 0 0 0 -1 2780.dat
1 0 110 -260 -440 1 0 0 0 -1 0 0 0 -1 2780.dat
0 STEP
1 16 -80 -20 130 1 0 0 0 1 0 0 0 1 42115 - 4-1-1.ldr
1 0 80 -20 130 1 0 0 0 1 0 0 0 1 42115 - 4-1-2.ldr
0 STEP
1 0 100 -80 180 1 0 0 0 1 0 0 0 1 42115 - 4-2-exhaust.ldr
1 0 -100 -80 180 1 0 0 0 1 0 0 0 1 42115 - 4-2-exhaust.ldr
0 STEP
1 1 70 -120 220 1 0 0 0 1 0 0 0 1 43093.dat
1 27 80 -120 220 1 0 0 0 -1 0 0 0 -1 6536.dat
1 27 -80 -120 220 -1 0 0 0 -1 0 0 0 1 6536.dat
1 1 -70 -120 220 -1 0 0 0 1 0 0 0 -1 43093.dat
1 1 20 -120 270 0 0 1 0 -1 0 1 0 0 4274.dat
1 1 -20 -120 270 0 0 1 0 -1 0 1 0 0 4274.dat
0 STEP
1 16 -180 -80 150 1 0 0 0 1 0 0 0 1 42115 - 4-3-1.ldr
1 1 180 -80 150 1 0 0 0 1 0 0 0 1 42115 - 4-3-2.ldr
0 STEP
1 1 0 -120 278 -1 0 0 0 0 -1 0 -1 0 42115 - 4-4.ldr
0 STEP
1 15 -260 -96 182 -1 0 0 0 0 -1 0 -1 0 42115 - 4-5-1.ldr
1 0 260 -96 182 -1 0 0 0 0 -1 0 -1 0 42115 - 4-5-2.ldr
0 STEP
1 1 40 -140 140 0 0 1 -1 0 0 0 -1 0 6558.dat
1 1 -40 -140 140 0 0.383 0.924 -1 0 0 0 -0.924 0.383 6558.dat
1 0 0 -140 140 0 0 1 0 -1 0 1 0 0 40490.dat
1 0 80 -150 140 0 0 1 1 0 0 0 1 0 2780.dat
1 0 -80 -150 140 0 0 1 1 0 0 0 1 0 2780.dat
0 STEP
1 0 207.804 -140 179.231 -0.981 0 -0.195 0 1 0 0.195 0 -0.981 42115 - 4-6-1-back-lights.ldr
0 STEP
1 71 -207.804 -140 179.231 -0.981 0 0.195 0 1 0 -0.195 0 -0.981 42115 - 4-6-2-back-lights.ldr
0 STEP
1 1 200 -180 130 0 0 -1 0 1 0 1 0 0 43093.dat
1 27 200 -180 140 0 0 1 0 -1 0 1 0 0 6536.dat
1 4 180 -200 140 -1 0 0 0 0 1 0 1 0 11214.dat
1 27 180 -200 140 1 0 0 0 0.966 0.259 0 -0.259 0.966 32013.dat
1 1 140 -180 140 0 0 -1 1 0 0 0 -1 0 6558.dat
1 0 140 -180 120 1 0 0 0 0 -1 0 1 0 42003.dat
1 27 140 -200 140 0 0 -1 1 0 0 0 -1 0 32016.dat
1 27 180 -233.646 14.43 0 0 -1 0.259 0.966 0 0.966 -0.259 0 42115 - technicFlexAxle-2.ldr
0 STEP
1 1 -200 -180 130 0 0 -1 0 1 0 1 0 0 43093.dat
1 27 -200 -180 140 0 0 -1 0 -1 0 -1 0 0 6536.dat
1 4 -180 -200 140 1 0 0 0 0 -1 0 1 0 11214.dat
1 27 -180 -200 140 1 0 0 0 0.966 0.259 0 -0.259 0.966 32013.dat
1 1 -140 -180 140 0 0 -1 1 0 0 0 -1 0 6558.dat
1 0 -140 -180 120 1 0 0 0 0 -1 0 1 0 42003.dat
1 27 -140 -200 140 0 0 1 -1 0 0 0 -1 0 32016.dat
1 27 -180 -233.646 14.43 0 0 -1 0.259 0.966 0 0.966 -0.259 0 42115 - technicFlexAxle-2.ldr
0 STEP
1 27 0 -200 183 0 0 -1 1 0 0 0 -1 0 59443.dat
1 27 112.284 -200 151.481 -0.924 0.383 0 0 0 1 0.383 0.924 0 42115 - technicFlexAxle-3.ldr
1 27 -112.284 -200 151.481 0.924 -0.383 0 0 0 -1 0.383 0.924 0 42115 - technicFlexAxle-3.ldr
0 STEP
1 1 -260 0 -170 0 0 -1 0 1 0 1 0 0 43093.dat
1 0 -280 0 -170 0 0 -1 0 1 0 1 0 0 2780.dat
1 0 -300 0 -165 0 0 1 -1 0 0 0 -1 0 6632.dat
1 0 -300 0 -155 0 0 1 -1 0 0 0 -1 0 6632.dat
1 4 -300 0 -170 0 -1 0 0 0 -1 1 0 0 32062.dat
1 0 -300 0 -180 -1 0 0 0 1 0 0 0 -1 11947.dat
0 STEP
1 1 -280 -120 140 0 0 -1 0 1 0 1 0 0 6558.dat
1 1 -280 -80 140 0 0 -1 0 1 0 1 0 0 6558.dat
1 0 -280 -140 130 0 0 1 0 1 0 -1 0 0 2780.dat
1 0 -280 -100 140 1 0 0 0 0 1 0 -1 0 32524.dat
1 0 -280 -60 130 0 0 1 0 1 0 -1 0 0 2780.dat
1 1 -280 -40 130 0 0 1 0 1 0 -1 0 0 43093.dat
1 0 -280 -40 120 1 0 0 0 0 -1 0 1 0 60483.dat
1 0 -280 -160 130 0 0 1 0 1 0 -1 0 0 2780.dat
1 27 -220.406 -138.821 120 -0.616 0 -0.788 0.788 0 -0.616 0 -1 0 32140.dat
0 STEP
1 0 -220 -80 -160 1 0 0 0 0 -1 0 1 0 42115 - 4-7-1-air-intake.ldr
0 STEP
1 27 -260 -180 -220 1 0 0 0 1 0 0 0 1 42115 - 4-8-1.ldr
0 STEP
1 16 -300 -120 -20 1 0 0 0 1 0 0 0 1 42115 - 4-9-1-mudguard.ldr
0 STEP
1 1 -220 -200 100 -1 0 0 0 1 0 0 0 -1 6558.dat
1 27 -220 -200 -20 -1 0 0 0 1 0 0 0 -1 18944.dat
1 0 -210 -200 -140 -1 0 0 0 1 0 0 0 -1 2780.dat
1 27 -240 -219.319 105.176 0 0 -1 0.259 0.966 0 0.966 -0.259 0 6536.dat
