0 FILE 42125 - main.ldr
0 main
0 Name: 42125 - main.ldr
0 Author: Philippe Hurbain [Philo]
0 !LDRAW_ORG Model
0 !LICENSE Redistributable under CCAL version 2.0 : see CAreadme.txt

1 71 0 -122 400 1 0 0 0 1 -0.028 0 0.028 1 42125 - ferrari.ldr


0 FILE 42125 - chassisrear.ldr
0 chassisrear
0 Name: 42125 - chassisrear.ldr
0 Author: Philippe Hurbain [Philo]
0 !LDRAW_ORG Model
0 !LICENSE Redistributable under CCAL version 2.0 : see CAreadme.txt

1 71 0 0 0 1 0 0 0 1 0 0 0 1 64178.dat
1 19 0 0 -70 0 0 -1 0 1 0 1 0 0 99008.dat
1 19 0 0 -40 1 0 0 0 -1 0 0 0 -1 42125 - 18575.dat
1 71 0 0 -80 1 0 0 0 -1 0 0 0 -1 3713.dat
1 0 50 0 -100 1 0 0 0 -1 0 0 0 -1 2780.dat
1 0 50 0 -80 1 0 0 0 -1 0 0 0 -1 2780.dat
1 0 -50 0 -80 1 0 0 0 -1 0 0 0 -1 2780.dat
1 0 -50 0 -100 1 0 0 0 -1 0 0 0 -1 2780.dat
0 STEP
1 1 -20 0 -80 0 0 -1 0 1 0 1 0 0 42125 - 42924.dat
1 1 20 0 -80 0 0 -1 0 1 0 1 0 0 42125 - 42924.dat
1 0 -20 0 -80 0 0 -1 -1 0 0 0 1 0 18654.dat
1 0 20 0 -80 0 0 -1 -1 0 0 0 1 0 18654.dat
1 4 0 0 -100 0 0 -1 -1 0 0 0 1 0 42125 - 32523.dat
0 STEP
1 72 -60 0 0 0 0 -1 -1 0 0 0 1 0 92906.dat
1 72 60 0 0 0 0 1 -1 0 0 0 -1 0 92906.dat
1 72 0 0 0 0 0 -1 1 0 0 0 -1 0 62821.dat
1 19 17 0 0 0 0 -1 1 0 0 0 -1 0 6589.dat
1 19 -17 0 0 0 0 1 1 0 0 0 1 0 6589.dat
1 19 0 0 17 0 1 0 1 0 0 0 0 -1 6589.dat
0 STEP
1 1 40 0 20 0 0 -1 -1 0 0 0 1 0 42125 - 42924.dat
1 1 40 0 -20 0 0 -1 -1 0 0 0 1 0 42125 - 42924.dat
1 71 60 20 0 0 -1 0 0 0 1 -1 0 0 63869.dat
1 14 60 20 0 0 -1 0 0 0 1 -1 0 0 32073.dat
1 1 -40 0 -20 0 0 1 -1 0 0 0 -1 0 42125 - 42924.dat
1 1 -40 0 20 0 0 1 -1 0 0 0 -1 0 42125 - 42924.dat
1 71 -60 20 0 0 1 0 0 0 1 1 0 0 63869.dat
1 14 -60 20 0 0 1 0 0 0 1 1 0 0 32073.dat
0 STEP
1 71 60 -20 0 0 -1 0 0 0 1 -1 0 0 63869.dat
1 14 60 -20 0 0 -1 0 0 0 1 -1 0 0 32073.dat
1 71 -60 -20 0 0 1 0 0 0 -1 -1 0 0 63869.dat
1 14 -60 -20 0 0 1 0 0 0 -1 -1 0 0 32073.dat
0 STEP
1 71 60 0 0 0.298 0 0.955 -0.955 0 0.298 0 -1 0 32494.dat
1 71 -60 0 0 -0.298 0 -0.955 -0.955 0 0.298 0 1 0 32494.dat
1 72 117.281 37.859 20 0.298 0 -0.955 -0.955 0 -0.298 0 1 0 32524.dat
1 72 117.281 -2.141 20 0.298 0 -0.955 -0.955 0 -0.298 0 1 0 32524.dat
1 72 -117.281 -2.141 20 -0.298 0 -0.955 -0.955 0 0.298 0 1 0 32524.dat
1 72 -117.281 37.859 20 -0.298 0 -0.955 -0.955 0 0.298 0 1 0 32524.dat
0 STEP
1 71 60 -20 40 0 0 -1 0 -1 0 -1 0 0 6536.dat
1 71 60 20 40 0 0 -1 0 1 0 1 0 0 6536.dat
1 71 -60 20 40 0 0 -1 0 1 0 1 0 0 6536.dat
1 71 -60 -20 40 0 0 -1 0 -1 0 -1 0 0 6536.dat
0 STEP
1 1 174.561 15.718 0 0 -0.298 -0.955 0 0.955 -0.298 1 0 0 42125 - 42924.dat
1 1 174.561 55.718 0 0 -0.298 -0.955 0 0.955 -0.298 1 0 0 42125 - 42924.dat
1 71 174.561 35.718 0 0 0 -1 0 1 0 1 0 0 11950.dat
1 72 204.561 35.718 0 0 0 -1 0 1 0 1 0 0 42125 - 92909.dat
1 71 174.561 35.718 0 0.298 0 -0.955 -0.955 0 -0.298 0 1 0 32494.dat
1 0 117.281 17.859 0 -0.955 0.298 0 -0.298 -0.955 0 0 0 1 3705.dat
1 1 -174.561 15.718 0 0 0.298 -0.955 0 0.955 0.298 1 0 0 42125 - 42924.dat
1 1 -174.561 55.718 0 0 0.298 -0.955 0 0.955 0.298 1 0 0 42125 - 42924.dat
1 71 -174.561 35.718 0 0 0 1 0 1 0 -1 0 0 11950.dat
1 72 -204.561 35.718 0 0 0 1 0 1 0 -1 0 0 42125 - 92909.dat
1 71 -174.561 35.718 0 0.298 0 0.955 0.955 0 -0.298 0 1 0 32494.dat
1 0 -117.281 17.859 0 -0.955 -0.298 0 0.298 -0.955 0 0 0 1 3705.dat
0 STEP
1 1 136.374 3.812 0 0 -0.298 -0.955 0 0.955 -0.298 1 0 0 42125 - 42924.dat
1 14 100 -100 0 0.944 0.331 0 -0.331 0.944 0 0 0 1 76537.dat
1 1 100 -100 0 0 0.331 -0.944 0 0.944 0.331 1 0 0 42125 - 42924.dat
1 1 -136.374 3.812 0 0 0.298 -0.955 0 0.955 0.298 1 0 0 42125 - 42924.dat
1 14 -100 -100 0 0.944 -0.331 0 0.331 0.944 0 0 0 1 76537.dat
1 1 -100 -100 0 0 -0.331 -0.944 0 0.944 -0.331 1 0 0 42125 - 42924.dat
0 STEP
1 72 117.281 37.859 -20 0.298 0 -0.955 -0.955 0 -0.298 0 1 0 32524.dat
1 72 117.281 -2.141 -20 0.298 0 -0.955 -0.955 0 -0.298 0 1 0 32524.dat
1 72 -117.281 -2.141 -20 -0.298 0 -0.955 -0.955 0 0.298 0 1 0 32524.dat
1 72 -117.281 37.859 -20 -0.298 0 -0.955 -0.955 0 0.298 0 1 0 32524.dat
1 71 60 -20 -40 0 0 -1 0 -1 0 -1 0 0 6536.dat
1 71 60 20 -40 0 0 -1 0 1 0 1 0 0 6536.dat
1 71 -60 20 -40 0 0 -1 0 1 0 1 0 0 6536.dat
1 71 -60 -20 -40 0 0 -1 0 -1 0 -1 0 0 6536.dat
0 STEP
1 0 0 -80 0 0 0 -1 -1 0 0 0 1 0 40490.dat
1 1 80 -80 0 0 0 -1 0 1 0 1 0 0 42125 - 42924.dat
1 1 60 -80 0 0 0 -1 0 1 0 1 0 0 42125 - 42924.dat
1 1 -60 -80 0 0 0 -1 0 1 0 1 0 0 42125 - 42924.dat
1 1 -80 -80 0 0 0 -1 0 1 0 1 0 0 42125 - 42924.dat
1 0 -40 -80 20 0 0 -1 -1 0 0 0 1 0 32140.dat
1 0 40 -80 20 0 0 1 -1 0 0 0 -1 0 32140.dat
0 STEP
1 0 40 -80 -20 0 0 1 -1 0 0 0 -1 0 32140.dat
1 0 -40 -80 -20 0 0 -1 -1 0 0 0 1 0 32140.dat
1 0 70 -40 -40 -1 0 0 0 0 -1 0 -1 0 2780.dat
1 0 70 40 -40 -1 0 0 0 0 -1 0 -1 0 2780.dat
1 0 80 -20 -40 0 1 0 0 0 -1 -1 0 0 40490.dat
1 0 70 60 -40 -1 0 0 0 0 -1 0 -1 0 2780.dat
1 71 100 -80 -40 -1 0 0 0 0 -1 0 -1 0 42125 - 65487.dat
1 4 100 -80 -40 0 1 0 0 0 1 1 0 0 32054.dat
1 1 90 -60 -40 1 0 0 0 0 -1 0 1 0 4274.dat
0 STEP
1 0 70 40 40 1 0 0 0 0 -1 0 1 0 2780.dat
1 0 80 -20 40 0 1 0 0 0 -1 -1 0 0 40490.dat
1 0 70 60 40 1 0 0 0 0 -1 0 1 0 2780.dat
1 71 100 -80 40 -1 0 0 0 0 1 0 1 0 42125 - 65487.dat
1 4 100 -80 40 0 1 0 0 0 -1 -1 0 0 32054.dat
1 0 90 -60 40 1 0 0 0 0 -1 0 1 0 2780.dat
1 0 90 0 40 1 0 0 0 0 -1 0 1 0 2780.dat
1 1 80 -40 40 1 0 0 0 1 0 0 0 1 42125 - 42924.dat
1 0 70 -100 40 1 0 0 0 0 -1 0 1 0 2780.dat
0 STEP
1 0 0 60 0 1 0 0 0 -1 0 0 0 -1 39794.dat
1 4 60 60 0 -1 0 0 0 1 0 0 0 -1 32054.dat
1 4 -60 60 0 1 0 0 0 -1 0 0 0 -1 32054.dat
1 0 -40 60 -110 0 -1 0 0 0 -1 1 0 0 2780.dat
1 0 40 60 -110 0 1 0 0 0 -1 -1 0 0 2780.dat
1 0 0 60 -110 0 -1 0 0 0 -1 1 0 0 2780.dat
0 STEP
1 0 40 60 0 1 0 0 0 -1 0 0 0 -1 32013.dat
1 14 40 60 60 0 0 1 0 1 0 -1 0 0 32073.dat
1 71 40 60 35 1 0 0 0 -1 0 0 0 -1 32123b.dat
1 71 40 60 85 1 0 0 0 -1 0 0 0 -1 32123b.dat
1 71 40 60 60 1 0 0 0 -1 0 0 0 -1 3713.dat
1 4 40 60 45 1 0 0 0 0 -1 0 1 0 41677.dat
1 4 40 60 75 1 0 0 0 0 -1 0 1 0 41677.dat
1 0 -40 60 0 1 0 0 0 -1 0 0 0 -1 32013.dat
1 14 -40 60 60 0 0 1 0 1 0 -1 0 0 32073.dat
1 71 -40 60 35 1 0 0 0 -1 0 0 0 -1 32123b.dat
1 71 -40 60 85 1 0 0 0 -1 0 0 0 -1 32123b.dat
1 71 -40 60 60 1 0 0 0 -1 0 0 0 -1 3713.dat
1 4 -40 60 45 1 0 0 0 0 -1 0 1 0 41677.dat
1 4 -40 60 75 1 0 0 0 0 -1 0 1 0 41677.dat
0 STEP
1 0 -80 -20 -40 0 -1 0 0 0 -1 1 0 0 40490.dat
1 0 -80 -20 40 0 -1 0 0 0 -1 1 0 0 40490.dat
1 0 -70 -40 -40 -1 0 0 0 0 -1 0 -1 0 2780.dat
1 0 -70 40 -40 -1 0 0 0 0 -1 0 -1 0 2780.dat
1 0 -70 60 -40 -1 0 0 0 0 -1 0 -1 0 2780.dat
1 71 -100 -80 -40 1 0 0 0 0 1 0 -1 0 42125 - 65487.dat
1 4 -100 -80 -40 0 -1 0 0 0 -1 1 0 0 32054.dat
1 1 -90 -60 -40 -1 0 0 0 0 1 0 1 0 4274.dat
1 0 -70 40 40 1 0 0 0 0 -1 0 1 0 2780.dat
1 0 -70 60 40 1 0 0 0 0 -1 0 1 0 2780.dat
1 71 -100 -80 40 1 0 0 0 0 -1 0 1 0 42125 - 65487.dat
1 4 -100 -80 40 0 -1 0 0 0 1 -1 0 0 32054.dat
1 0 -90 -60 40 1 0 0 0 0 -1 0 1 0 2780.dat
1 0 -90 0 40 1 0 0 0 0 -1 0 1 0 2780.dat
1 1 -80 -40 40 -1 0 0 0 1 0 0 0 -1 42125 - 42924.dat
1 0 -70 -100 40 1 0 0 0 0 -1 0 1 0 2780.dat
0 STEP
1 1 60 50 -60 0 0 1 -1 0 0 0 -1 0 43093.dat
1 0 60 50 -100 0 1 0 1 0 0 0 0 -1 2780.dat
1 0 60 40 -60 -1 0 0 0 1 0 0 0 -1 32140.dat
1 4 60 40 -120 0 1 0 1 0 0 0 0 -1 32054.dat
1 1 -60 50 -60 0 0 1 -1 0 0 0 -1 0 43093.dat
1 0 -60 50 -100 0 -1 0 -1 0 0 0 0 -1 2780.dat
1 0 -60 40 -60 1 0 0 0 -1 0 0 0 -1 32140.dat
1 4 -60 40 -120 0 -1 0 1 0 0 0 0 1 32054.dat
0 STEP
1 0 0 60 -260 1 0 0 0 -1 0 0 0 -1 39790.dat
1 0 -80 60 -410 0 -1 0 0 0 -1 1 0 0 2780.dat
1 0 0 60 -410 0 -1 0 0 0 -1 1 0 0 2780.dat
1 0 80 60 -410 0 -1 0 0 0 -1 1 0 0 2780.dat
1 1 120 60 -380 1 0 0 0 0 -1 0 1 0 42125 - 42924.dat
1 1 -120 60 -380 -1 0 0 0 0 1 0 1 0 42125 - 42924.dat
1 0 110 60 -220 -1 0 0 0 0 1 0 1 0 2780.dat
1 0 -110 60 -220 -1 0 0 0 0 1 0 1 0 2780.dat
1 4 100 60 -140 -1 0 0 0 0 1 0 1 0 11214.dat
1 4 -100 60 -140 1 0 0 0 0 -1 0 1 0 11214.dat
1 0 80 60 -140 0 -1 0 0 0 -1 1 0 0 32140.dat
1 0 -80 60 -140 0 -1 0 0 0 -1 1 0 0 32140.dat
1 4 -80 0 -140 1 0 0 0 0 1 0 -1 0 32054.dat
1 4 80 0 -140 -1 0 0 0 -1 0 0 0 1 32054.dat
0 STEP
1 0 0 -90 -60 -1 0 0 0 1 0 0 0 -1 42125 - engine.ldr
0 STEP
1 0 -20 0 70 0 -1 0 0 0 -1 1 0 0 2780.dat
1 0 20 0 70 0 -1 0 0 0 -1 1 0 0 2780.dat
1 0 0 -40 80 -1 0 0 0 0 1 0 1 0 60484.dat
1 1 40 -80 30 0 0 -1 0 -1 0 -1 0 0 43093.dat
1 1 -40 -80 30 0 0 -1 0 -1 0 -1 0 0 43093.dat
1 0 0 -80 40 0 0 1 -1 0 0 0 -1 0 24119.dat
0 STEP
1 0 -20 -20 -260 -1 0 0 0 -1 0 0 0 1 42003.dat
1 0 20 -20 -260 -1 0 0 0 -1 0 0 0 1 42003.dat
1 14 0 0 -260 -1 0 0 0 -1 0 0 0 1 32073.dat
1 71 0 0 -260 0 0 1 0 -1 0 1 0 0 3713.dat
1 4 60 0 -260 1 0 0 0 1 0 0 0 1 32054.dat
1 4 -60 0 -260 -1 0 0 0 1 0 0 0 -1 32054.dat
0 STEP
1 4 60 0 -160 0 1 0 -1 0 0 0 0 1 32525.dat
1 4 -60 0 -160 0 1 0 -1 0 0 0 0 1 32525.dat
1 71 0 -60 -260 1 0 0 0 1 0 0 0 1 42125 - chassisrear2.ldr
0 STEP
1 0 80 -20 -260 0 1 0 0 0 -1 -1 0 0 40490.dat
1 0 90 -100 -260 -1 0 0 0 0 -1 0 -1 0 2780.dat
1 0 90 -40 -260 -1 0 0 0 0 -1 0 -1 0 2780.dat
1 0 90 20 -260 -1 0 0 0 0 -1 0 -1 0 2780.dat
1 0 -80 -20 -260 0 -1 0 0 0 -1 1 0 0 40490.dat
1 0 -90 -100 -260 1 0 0 0 0 -1 0 1 0 2780.dat
1 0 -90 -40 -260 1 0 0 0 0 -1 0 1 0 2780.dat
1 0 -90 20 -260 1 0 0 0 0 -1 0 1 0 2780.dat
0 STEP
1 1 100 60 -260 -1 0 0 0 0 1 0 1 0 42125 - 42924.dat
1 71 80 -60 -260 1 0 0 0 0 1 0 -1 0 4519.dat
1 71 -80 -60 -260 -1 0 0 0 0 1 0 1 0 4519.dat
1 1 -100 60 -260 1 0 0 0 0 1 0 -1 0 42125 - 42924.dat
0 STEP
1 1 80 0 -120 -1 0 0 0 0.383 0.924 0 0.924 -0.383 42125 - 42924.dat
1 72 100 -55.435 -97.045 0 1 0 0.383 0 0.924 0.924 0 -0.383 32524.dat
1 0 90 -110.871 -74.09 1 0 0 0 -0.383 0.924 0 -0.924 -0.383 2780.dat
1 0 80 -130.222 -69.037 0 0 1 -0.254 0.967 0 -0.967 -0.254 0 42003.dat
1 1 -80 0 -120 1 0 0 0 -0.358 0.934 0 -0.934 -0.358 42125 - 42924.dat
1 72 -100 -55.435 -97.045 0 -1 0 -0.383 0 0.924 -0.924 0 -0.383 32524.dat
1 0 -80 -130.222 -69.037 0 0 -1 0.254 0.967 0 0.967 -0.254 0 42003.dat
0 STEP
1 0 -80 -149.566 -63.957 0 0 -1 -0.254 -0.967 0 -0.967 0.254 0 18651.dat
1 0 80 -149.566 -63.957 0 0 -1 -0.254 -0.967 0 -0.967 0.254 0 18651.dat
1 0 -60 -100 40 1 0 0 0 1 0 0 0 1 32013.dat
1 0 60 -100 40 1 0 0 0 1 0 0 0 1 32013.dat
0 STEP
1 0 60 -100 0 0 1 0 1 0 0 0 0 -1 10197.dat
1 0 -60 -100 0 0 -1 0 -1 0 0 0 0 -1 10197.dat
1 179 -20 -100 0 1 0 0 0 -1 0 0 0 -1 25214.dat
1 179 20 -100 0 -1 0 0 0 1 0 0 0 -1 25214.dat
1 1 -20 -100 -30 0 -1 0 0 0 -1 1 0 0 43093.dat
1 1 20 -100 -30 0 -1 0 0 0 -1 1 0 0 43093.dat
1 0 0 -100 -40 0 0 1 -1 0 0 0 -1 0 42125 - 32523.dat
1 1 -60 -110 0 0 0 1 -1 0 0 0 -1 0 4274.dat
1 0 -60 -124 0 -0.707 0 0.707 0 1 0 -0.707 0 -0.707 48729b.dat
1 1 60 -110 0 0 1 0 -1 0 0 0 0 1 4274.dat
1 0 60 -124 0 0.707 0 0.707 0 1 0 -0.707 0 0.707 48729b.dat
0 STEP
1 4 -60 0 80 1 0 0 0 1 0 0 0 1 32054.dat
1 4 -60 0 100 1 0 0 0 1 0 0 0 1 32054.dat
1 0 -60 -60 100 0 -1 0 0 0 1 -1 0 0 32140.dat
1 0 -70 -40 100 1 0 0 0 0 -1 0 1 0 2780.dat
1 1 -90 0 80 1 0 0 0 0 -1 0 1 0 43093.dat
1 1 -88 0 100 1 0 0 0 0 -1 0 1 0 43093.dat
0 STEP
1 0 -70 -60 100 1 0 0 0 0 -1 0 1 0 3705.dat
1 71 -30 -60 100 0 0 1 1 0 0 0 1 0 59443.dat
1 71 0 -60 100 1 0 0 0 1 0 0 0 1 4519.dat
1 71 30 -60 100 0 0 1 1 0 0 0 1 0 59443.dat
1 0 70 -60 100 1 0 0 0 0 -1 0 1 0 3705.dat
0 STEP
1 4 60 0 80 -1 0 0 0 1 0 0 0 -1 32054.dat
1 4 60 0 100 -1 0 0 0 1 0 0 0 -1 32054.dat
1 0 60 -60 100 0 -1 0 0 0 1 -1 0 0 32140.dat
1 0 70 -40 100 1 0 0 0 0 -1 0 1 0 2780.dat
1 1 90 0 80 -1 0 0 0 0 1 0 1 0 43093.dat
1 1 88 0 100 -1 0 0 0 0 1 0 1 0 43093.dat


0 FILE 42125 - engine.ldr
0 engine
0 Name: 42125 - engine.ldr
0 Author: Philippe Hurbain [Philo]
0 !LDRAW_ORG Model
0 !LICENSE Redistributable under CCAL version 2.0 : see CAreadme.txt

1 71 52.8 10.4 150 0.6 -0.8 0 0.8 0.6 0 0 0 1 2850b.dat
1 0 44 42 130 0 0.6 0.8 0 0.8 -0.6 -1 0 0 2780.dat
1 0 20 10 130 0 0.6 0.8 0 0.8 -0.6 -1 0 0 2780.dat
1 71 52.8 10.4 110 0.6 -0.8 0 0.8 0.6 0 0 0 1 2850b.dat
1 0 20 10 90 0 -0.6 -0.8 0 -0.8 0.6 -1 0 0 2780.dat
1 0 44 42 90 0 -0.6 -0.8 0 -0.8 0.6 -1 0 0 2780.dat
0 STEP
1 71 52.8 10.4 70 0.6 -0.8 0 0.8 0.6 0 0 0 1 2850b.dat
1 0 20 10 50 0 -0.6 -0.8 0 -0.8 0.6 -1 0 0 2780.dat
1 0 44 42 50 0 -0.6 -0.8 0 -0.8 0.6 -1 0 0 2780.dat
1 71 52.8 10.4 30 0.6 -0.8 0 0.8 0.6 0 0 0 1 2850b.dat
0 STEP
1 1 44 42 12 0 0 -1 0 1 0 1 0 0 4274.dat
1 1 20 10 0 0 0 -1 0 1 0 1 0 0 42125 - 42924.dat
1 0 0 0 0 -1 0 0 0 1 0 0 0 -1 32333.dat
1 1 -20 10 0 0 0 -1 0 1 0 1 0 0 42125 - 42924.dat
1 1 -44 42 10 0 0 -1 0 1 0 1 0 0 4274.dat
0 STEP
1 16 10 50 180 1 0 0 0 1 0 0 0 1 42125 - camshaft.ldr
0 STEP
1 72 0 50 -33 0 1 0 0 0 1 1 0 0 59426.dat
1 0 0 50 -20 1 0 0 0 1 0 0 0 1 32270.dat
1 71 0 50 -40 1 0 0 0 1 0 0 0 1 3713.dat
1 71 0 50 -55 1 0 0 0 1 0 0 0 1 32123b.dat
1 71 -52.8 10.4 150 0.6 0.8 0 -0.8 0.6 0 0 0 1 2850b.dat
1 0 -44 42 130 0 -0.6 -0.8 0 0.8 -0.6 1 0 0 2780.dat
1 0 -20 10 130 0 -0.6 -0.8 0 0.8 -0.6 1 0 0 2780.dat
1 71 -52.8 10.4 110 0.6 0.8 0 -0.8 0.6 0 0 0 1 2850b.dat
1 0 -20 10 90 0 0.6 0.8 0 -0.8 0.6 1 0 0 2780.dat
1 0 -44 42 90 0 0.6 0.8 0 -0.8 0.6 1 0 0 2780.dat
0 STEP
1 71 -52.8 10.4 70 0.6 0.8 0 -0.8 0.6 0 0 0 1 2850b.dat
1 0 -20 10 50 0 0.6 0.8 0 -0.8 0.6 1 0 0 2780.dat
1 0 -44 42 50 0 0.6 0.8 0 -0.8 0.6 1 0 0 2780.dat
1 71 -52.8 10.4 30 0.6 0.8 0 -0.8 0.6 0 0 0 1 2850b.dat
0 STEP
1 0 -20 10 170 0 0 -1 0 -1 0 -1 0 0 2780.dat
1 0 -44 42 170 0 0 -1 0 -1 0 -1 0 0 2780.dat
1 0 20 10 170 0 0 -1 0 -1 0 -1 0 0 2780.dat
1 0 44 42 170 0 0 -1 0 -1 0 -1 0 0 2780.dat
1 0 0 0 180 -1 0 0 0 1 0 0 0 -1 32333.dat
1 0 20 50 190 0 0 -1 0 -1 0 -1 0 0 2780.dat
1 0 -20 50 190 0 0 -1 0 -1 0 -1 0 0 2780.dat
0 STEP
1 0 0 -8 90 0 0 1 0 1 0 -1 0 0 3832.dat
1 0 0 -16 0 1 0 0 0 1 0 0 0 1 3069b.dat
1 0 0 -16 180 1 0 0 0 1 0 0 0 1 3069b.dat
1 0 10 -16 90 0 0 1 0 1 0 -1 0 0 4162.dat
1 0 -10 -16 90 0 0 1 0 1 0 -1 0 0 4162.dat
1 4 0 50 -100 -1 0 0 0 -1 0 0 0 1 26287.dat
1 19 0 50 -130 0 1 0 0 0 1 1 0 0 3749.dat
1 0 20 10 -30 0 0 1 0 -1 0 1 0 0 42125 - 62462.dat
1 0 -20 10 -30 0 0 1 0 -1 0 1 0 0 42125 - 62462.dat
1 0 20 10 -50 0 0 1 0 -1 0 1 0 0 2780.dat
1 0 -20 10 -50 0 0 1 0 -1 0 1 0 0 2780.dat


0 FILE 42125 - camshaft.ldr
0 camshaft
0 Name: 42125 - camshaft.ldr
0 Author: Philippe Hurbain [Philo]
0 !LDRAW_ORG Model
0 !LICENSE Redistributable under CCAL version 2.0 : see CAreadme.txt

1 14 0 0 0 1 0 0 0 1 0 0 0 1 2853.dat
1 4 0 0 -30 0 0 1 0 -1 0 1 0 0 32062.dat
1 71 0 0 -30 -0.713 -0.701 0 -0.701 0.713 0 0 0 -1 2852.dat
1 71 0 0 -30 0.473 0.881 0 -0.881 0.473 0 0 0 1 2852.dat
1 19 -10 0 -50 1 0 0 0 1 0 0 0 1 2854.dat
0 STEP
1 19 -10 0 -90 -1 0 0 0 -1 0 0 0 1 2854.dat
1 4 -20 0 -70 0 0 -1 0 1 0 1 0 0 32062.dat
1 71 -20 0 -70 -0.473 -0.881 0 -0.881 0.473 0 0 0 -1 2852.dat
1 71 -20 0 -70 0.713 0.701 0 -0.701 0.713 0 0 0 1 2852.dat
1 4 0 0 -110 0 0 1 0 -1 0 1 0 0 32062.dat
1 71 0 0 -110 -0.713 -0.701 0 -0.701 0.713 0 0 0 -1 2852.dat
1 71 0 0 -110 0.473 0.881 0 -0.881 0.473 0 0 0 1 2852.dat
0 STEP
1 19 -10 0 -130 1 0 0 0 1 0 0 0 1 2854.dat
1 14 -10 0 -150 1 0 0 0 1 0 0 0 1 2853.dat
1 71 -20 0 -150 -0.473 -0.881 0 -0.881 0.473 0 0 0 -1 2852.dat
1 71 -20 0 -150 0.713 0.701 0 -0.701 0.713 0 0 0 1 2852.dat
1 14 28.038 -28.528 -30 0.6 -0.8 0 0.8 0.6 0 0 0 1 2851.dat
1 14 -35.238 -18.928 -30 0.6 0.8 0 -0.8 0.6 0 0 0 1 2851.dat
1 14 15.238 -18.928 -70 0.6 -0.8 0 0.8 0.6 0 0 0 1 2851.dat
1 14 -48.038 -28.528 -70 0.6 0.8 0 -0.8 0.6 0 0 0 1 2851.dat
1 14 28.038 -28.528 -110 0.6 -0.8 0 0.8 0.6 0 0 0 1 2851.dat
1 14 -35.238 -18.928 -110 0.6 0.8 0 -0.8 0.6 0 0 0 1 2851.dat
1 14 15.238 -18.928 -150 0.6 -0.8 0 0.8 0.6 0 0 0 1 2851.dat
1 14 -48.038 -28.528 -150 0.6 0.8 0 -0.8 0.6 0 0 0 1 2851.dat


0 FILE 42125 - chassisrear2.ldr
0 chassisrear2
0 Name: 42125 - chassisrear2.ldr
0 Author: Philippe Hurbain [Philo]
0 !LDRAW_ORG Model
0 !LICENSE Redistributable under CCAL version 2.0 : see CAreadme.txt

1 14 0 0 0 1 0 0 0 1 0 0 0 1 32073.dat
1 71 -50 0 0 0 0 1 0 1 0 -1 0 0 59443.dat
1 0 -20 0 -160 0 1 0 1 0 0 0 0 -1 32009.dat
1 71 0 0 0 -1 0 0 0 -1 0 0 0 1 6536.dat
1 0 0 -20 10 0 0 1 0 -1 0 1 0 0 2780.dat
1 1 0 0 -120 1 0 0 0 -1 0 0 0 -1 42125 - 42924.dat
1 0 0 0 -120 0 1 0 0 0 -1 -1 0 0 18654.dat
0 STEP
1 71 0 80 -160 -1 0 0 0 0 -1 0 -1 0 4519.dat
1 4 -5 100 -160 0 -1 0 0 0 -1 1 0 0 41677.dat
1 4 5 100 -160 0 -1 0 0 0 -1 1 0 0 41677.dat
1 71 0 100 -160 -1 0 0 0 0 -1 0 -1 0 4519.dat
1 71 -20 100 -160 -1 0 0 0 0 1 0 1 0 6536.dat
1 71 20 100 -160 -1 0 0 0 0 1 0 1 0 6536.dat
1 4 20 100 -140 0 0 1 1 0 0 0 1 0 32054.dat
1 4 -20 100 -140 0 0 1 1 0 0 0 1 0 32054.dat
0 STEP
1 0 20 0 -160 0 1 0 1 0 0 0 0 -1 32009.dat
1 71 50 0 0 0 0 1 0 1 0 -1 0 0 59443.dat


0 FILE 42125 - chassisfront.ldr
0 chassisfront
0 Name: 42125 - chassisfront.ldr
0 Author: Philippe Hurbain [Philo]
0 !LDRAW_ORG Model
0 !LICENSE Redistributable under CCAL version 2.0 : see CAreadme.txt

1 71 0 0 0 0 0 -1 1 0 0 0 -1 0 40490.dat
1 1 -60 0 0 0 0 -1 0 1 0 1 0 0 42125 - 42924.dat
1 1 -20 0 0 0 0 -1 0 1 0 1 0 0 42125 - 42924.dat
1 1 20 0 0 0 0 -1 0 1 0 1 0 0 42125 - 42924.dat
1 1 60 0 0 0 0 -1 0 1 0 1 0 0 42125 - 42924.dat
1 0 60 -80 20 -1 0 0 0 0 1 0 1 0 42125 - 32526.dat
1 0 -60 -80 20 1 0 0 0 0 1 0 -1 0 42125 - 32526.dat
0 STEP
1 1 -60 -80 0 0 0 -1 0 1 0 1 0 0 42125 - 42924.dat
1 1 60 -80 0 0 0 -1 0 1 0 1 0 0 42125 - 42924.dat
1 71 0 -80 0 0 0 -1 1 0 0 0 -1 0 40490.dat
1 1 -40 -80 0 0 0 -1 0 1 0 1 0 0 42125 - 42924.dat
1 1 40 -80 0 0 0 -1 0 1 0 1 0 0 42125 - 42924.dat
1 0 60 -80 -20 -1 0 0 0 0 1 0 1 0 42125 - 32526.dat
1 0 -60 -80 -20 1 0 0 0 0 1 0 -1 0 42125 - 32526.dat
0 STEP
1 14 80 0 0 0 -1 0 0 0 1 -1 0 0 32073.dat
1 72 80 0 0 0 0.174 -0.985 0 -0.985 -0.174 -1 0 0 57515.dat
1 4 80 -40 25 1 0 0 0 0 1 0 -1 0 11478.dat
1 4 80 0 60 0 1 0 0 0 1 1 0 0 32054.dat
0 STEP
1 0 80 -80 -30 0 1 0 0 0 1 1 0 0 3707.dat
1 72 80 -80 0 0 -0.174 -0.985 0 0.985 -0.174 1 0 0 57515.dat
1 71 80 -80 60 -1 0 0 0 -1 0 0 0 1 32034.dat
1 71 80 -80 -40 -1 0 0 0 -1 0 0 0 1 3713.dat
1 4 80 -40 -25 1 0 0 0 0 1 0 -1 0 11478.dat
0 STEP
1 72 -80 0 0 0 -0.174 0.985 0 -0.985 -0.174 1 0 0 57515.dat
1 72 -80 -80 0 0 0.174 0.985 0 0.985 -0.174 -1 0 0 57515.dat
1 4 -80 -40 -25 1 0 0 0 0 1 0 -1 0 11478.dat
1 4 -80 -40 25 1 0 0 0 0 1 0 -1 0 11478.dat
1 14 -80 0 0 0 1 0 0 0 1 1 0 0 32073.dat
1 4 -80 0 60 0 -1 0 0 0 -1 1 0 0 32054.dat
1 0 -80 -80 -30 0 -1 0 0 0 1 -1 0 0 3707.dat
1 71 -80 -80 60 -1 0 0 0 -1 0 0 0 1 32034.dat
1 71 -80 -80 -40 -1 0 0 0 -1 0 0 0 1 3713.dat
1 71 -80 0 -50 1 0 0 0 -1 0 0 0 -1 59443.dat
1 71 80 0 -50 1 0 0 0 -1 0 0 0 -1 59443.dat
0 STEP
1 4 178.481 7.365 0 0 0 -1 -1 0 0 0 1 0 6628.dat
1 4 178.481 -52.635 0 0 0 -1 1 0 0 0 -1 0 6628.dat
1 0 178.481 -22.635 0 0 0 -1 0 -1 0 -1 0 0 42125 - 23801.dat
1 72 208.481 -22.635 0 0 0 -1 0 -1 0 -1 0 0 42125 - 92909.dat
1 4 -178.481 7.365 0 0 0 1 -1 0 0 0 -1 0 6628.dat
1 4 -178.481 -52.635 0 0 0 1 1 0 0 0 1 0 6628.dat
1 0 -178.481 -22.635 0 0 0 1 0 -1 0 1 0 0 42125 - 23801.dat
1 72 -208.481 -22.635 0 0 0 1 0 -1 0 1 0 0 42125 - 92909.dat
0 STEP
1 1 0 -80 0 0 0 -1 0 -1 0 -1 0 0 42125 - 42924.dat
1 0 0 0 10 0 0 -1 0 -1 0 -1 0 0 2780.dat
1 4 0 -40 20 -1 0 0 0 0 1 0 1 0 32316.dat
0 STEP
1 71 0 0 60 0 0 -1 1 0 0 0 -1 0 40490.dat
1 0 60 0 50 0 0 -1 0 -1 0 -1 0 0 2780.dat
1 71 40 0 20 0 0 -1 0 -1 0 -1 0 0 44294.dat
1 71 40 0 80 0 0 -1 0 1 0 1 0 0 6536.dat
1 0 20 0 70 0 0 -1 0 -1 0 -1 0 0 2780.dat
1 15 40 0 40 0 0 1 -1 0 0 0 -1 0 42125 - 60483.dat
1 0 -60 0 50 0 0 1 0 -1 0 1 0 0 2780.dat
1 71 -40 0 20 0 0 1 0 -1 0 1 0 0 44294.dat
1 71 -40 0 80 0 0 1 0 1 0 -1 0 0 6536.dat
1 0 -20 0 70 0 0 1 0 -1 0 1 0 0 2780.dat
1 15 -40 0 40 0 0 -1 1 0 0 0 -1 0 42125 - 60483.dat
0 STEP
1 4 80 0 80 0 0 1 1 0 0 0 1 0 18654.dat
1 4 -80 0 80 0 0 1 1 0 0 0 1 0 18654.dat
1 71 178.481 -32.635 40 0 0 1 -1 0 0 0 -1 0 2736.dat
1 71 -178.481 -32.635 40 0 0 1 -1 0 0 0 -1 0 2736.dat
1 71 -40 0 -40 0 0 1 0 1 0 -1 0 0 6536.dat
1 71 40 0 -40 0 0 1 0 1 0 -1 0 0 6536.dat
0 STEP
1 1 -60 20 -40 1 0 0 0 1 0 0 0 1 42125 - 42924.dat
1 1 -60 20 80 1 0 0 0 1 0 0 0 1 42125 - 42924.dat
1 1 60 20 -40 -1 0 0 0 1 0 0 0 -1 42125 - 42924.dat
1 1 60 20 80 -1 0 0 0 1 0 0 0 -1 42125 - 42924.dat
1 0 0 20 0 -1 0 0 0 1 0 0 0 -1 39794.dat
1 0 -70 20 -80 -1 0 0 0 1 0 0 0 -1 2780.dat
1 0 70 20 -80 -1 0 0 0 1 0 0 0 -1 2780.dat
1 0 -70 20 40 -1 0 0 0 1 0 0 0 -1 2780.dat
1 0 70 20 40 -1 0 0 0 1 0 0 0 -1 2780.dat
1 0 -40 20 110 0 0 1 0 1 0 -1 0 0 2780.dat
1 0 0 20 110 0 0 1 0 1 0 -1 0 0 2780.dat
1 0 40 20 110 0 0 1 0 1 0 -1 0 0 2780.dat
0 STEP
1 0 80 20 -80 0 -1 0 -1 0 0 0 0 -1 40490.dat
1 0 70 20 -120 1 0 0 0 -1 0 0 0 -1 2780.dat
1 0 60 20 -180 0 1 0 1 0 0 0 0 -1 32524.dat
1 4 60 20 -160 -1 0 0 0 1 0 0 0 -1 11214.dat
1 71 40 20 -160 -1 0 0 0 -1 0 0 0 1 6536.dat
1 0 80 20 -240 -1 0 0 0 1 0 0 0 -1 42125 - 65487.dat
1 14 60 20 -220 -1 0 0 0 1 0 0 0 -1 32073.dat
1 0 50 20 -200 1 0 0 0 -1 0 0 0 -1 2780.dat
1 15 40 20 -220 0 -1 0 1 0 0 0 0 1 42125 - 60483.dat
1 4 0 20 -220 0 0 1 1 0 0 0 1 0 26287.dat
1 14 -60 20 -220 -1 0 0 0 1 0 0 0 -1 32073.dat
0 STEP
1 0 -80 20 -80 0 1 0 1 0 0 0 0 -1 40490.dat
1 0 -70 20 -120 -1 0 0 0 1 0 0 0 -1 2780.dat
1 0 -60 20 -180 0 -1 0 -1 0 0 0 0 -1 32524.dat
1 4 -60 20 -160 1 0 0 0 -1 0 0 0 -1 11214.dat
1 71 -40 20 -160 1 0 0 0 -1 0 0 0 -1 6536.dat
1 0 -80 20 -240 1 0 0 0 -1 0 0 0 -1 42125 - 65487.dat
1 0 -50 20 -200 -1 0 0 0 1 0 0 0 -1 2780.dat
1 15 -40 20 -220 0 -1 0 1 0 0 0 0 1 42125 - 60483.dat
0 STEP
1 0 -100 -100 20 0 0 1 1 0 0 0 1 0 32140.dat
1 1 -80 -100 0 0 0 -1 0 -1 0 -1 0 0 42125 - 42924.dat
1 1 -40 -100 0 0 0 -1 0 -1 0 -1 0 0 42125 - 42924.dat
1 0 100 -100 20 0 0 -1 1 0 0 0 -1 0 32140.dat
1 1 80 -100 0 0 0 -1 0 -1 0 -1 0 0 42125 - 42924.dat
1 1 40 -100 0 0 0 -1 0 -1 0 -1 0 0 42125 - 42924.dat
1 71 0 -100 0 0 0 -1 1 0 0 0 -1 0 40490.dat
0 STEP
1 0 80 20 20 0 1 0 -1 0 0 0 0 1 42125 - 32526.dat
1 0 -80 20 20 0 1 0 -1 0 0 0 0 1 42125 - 32526.dat
1 0 100 -100 -20 0 0 -1 1 0 0 0 -1 0 32140.dat
1 0 -100 -100 -20 0 0 1 1 0 0 0 1 0 32140.dat
0 STEP
1 72 119.392 6.946 -8 0 -0.174 -0.985 0 0.985 -0.174 1 0 0 87083.dat
1 4 119.392 6.946 25 0.985 0 0.174 0.174 0 -0.985 0 1 0 41677.dat
1 72 122.865 -12.75 -8 0 -0.174 -0.985 0 0.985 -0.174 1 0 0 87083.dat
1 71 122.865 -12.75 15 0.985 -0.174 0 0.174 0.985 0 0 0 1 32123b.dat
1 15 119.392 6.946 0 -0.985 0 -0.174 -0.174 0 0.985 0 1 0 42125 - 60483.dat
1 1 115.919 26.642 -10 0 -0.985 -0.174 0 -0.174 0.985 -1 0 0 4274.dat
0 STEP
1 0 122.865 -12.75 0 0.967 0.254 0 -0.254 0.967 0 0 0 1 4254.dat
1 14 100 -100 -1 0.967 0.254 0 -0.254 0.967 0 0 0 1 4255.dat
1 494 109.429 -64.019 0 0.967 0.254 0 -0.254 0.967 0 0 0 1 22977.dat
1 71 122.865 -12.75 -15 0.985 -0.174 0 0.174 0.985 0 0 0 1 32123b.dat
1 4 119.392 6.946 -25 0.985 0 0.174 0.174 0 -0.985 0 1 0 41677.dat
1 72 -119.392 6.946 -8 0 0.174 -0.985 0 0.985 0.174 1 0 0 87083.dat
1 4 -119.392 6.946 25 0.985 0 -0.174 -0.174 0 -0.985 0 1 0 41677.dat
1 72 -122.865 -12.75 -8 0 0.174 -0.985 0 0.985 0.174 1 0 0 87083.dat
1 71 -122.865 -12.75 15 0.985 0.174 0 -0.174 0.985 0 0 0 1 32123b.dat
1 15 -119.392 6.946 0 -0.985 0 0.174 0.174 0 0.985 0 1 0 42125 - 60483.dat
1 1 -115.919 26.642 -10 0 0.985 -0.174 0 -0.174 -0.985 -1 0 0 4274.dat
0 STEP
1 0 -122.865 -12.75 0 0.967 -0.254 0 0.254 0.967 0 0 0 1 4254.dat
1 14 -100 -100 -1 0.967 -0.254 0 0.254 0.967 0 0 0 1 4255.dat
1 494 -109.429 -64.019 0 0.967 -0.254 0 0.254 0.967 0 0 0 1 22977.dat
1 71 -122.865 -12.75 -15 0.985 0.174 0 -0.174 0.985 0 0 0 1 32123b.dat
1 4 -119.392 6.946 -25 0.985 0 -0.174 -0.174 0 -0.985 0 1 0 41677.dat
0 STEP
1 71 158.785 -66.108 0 0 0 -1 0 -1 0 -1 0 0 4519.dat
1 71 158.785 13.892 0 0 0 -1 0 -1 0 -1 0 0 4519.dat
1 4 158.785 -26.108 15 1 0 0 0 0 1 0 -1 0 11478.dat
1 4 158.785 -26.108 -15 1 0 0 0 0 1 0 -1 0 11478.dat
1 71 -158.785 13.892 0 0 0 -1 0 -1 0 -1 0 0 4519.dat
1 4 -158.785 -26.108 15 1 0 0 0 0 1 0 -1 0 11478.dat
1 4 -158.785 -26.108 -15 1 0 0 0 0 1 0 -1 0 11478.dat
1 71 -158.785 -66.108 0 0 0 -1 0 -1 0 -1 0 0 4519.dat
0 STEP
1 72 100 -100 12 0 0 1 0 -1 0 1 0 0 87083.dat
1 71 100 -100 40 0 -1 0 0 0 1 -1 0 0 6536.dat
1 71 -100 -100 40 0 1 0 0 0 -1 -1 0 0 6536.dat
1 72 -100 -100 12 0 0 -1 0 1 0 1 0 0 87083.dat
0 STEP
1 0 0 -20 60 -1 0 0 0 1 0 0 0 -1 87761.dat
1 4 -40 -20 50 0 -1 0 0 0 -1 1 0 0 32062.dat
1 4 40 -20 50 0 -1 0 0 0 -1 1 0 0 32062.dat
1 0 -60 -20 40 0 -1 0 0 0 -1 1 0 0 42003.dat
1 0 60 -20 40 0 1 0 0 0 1 1 0 0 42003.dat
1 4 80 -30 40 0 1 0 1 0 0 0 0 -1 6628.dat
1 4 -80 -30 40 0 1 0 1 0 0 0 0 -1 6628.dat
1 72 80 -40 40 0 0.174 0.985 0 -0.985 0.174 1 0 0 2739a.dat
1 72 -80 -40 40 0 -0.174 -0.985 0 -0.985 0.174 -1 0 0 2739a.dat
0 STEP
1 14 0 -60 0 0 0.985 0.174 0 -0.174 0.985 1 0 0 32073.dat
1 72 0 -60 40 0.985 0.174 0 -0.174 0.985 0 0 0 1 10928.dat
1 71 0 -60 0 0.985 0.174 0 -0.174 0.985 0 0 0 1 3713.dat
1 1 -20 -100 0 0 0 -1 0 -1 0 -1 0 0 42125 - 42924.dat
1 1 20 -100 0 0 0 -1 0 -1 0 -1 0 0 42125 - 42924.dat
1 71 0 -100 20 0 0 -1 -1 0 0 0 1 0 42125 - 32523.dat
1 0 0 -60 -20 1 0 0 0 0 -1 0 1 0 60484.dat
0 STEP
1 0 0 -40 80 1 0 0 0 0 1 0 -1 0 60484.dat
1 70 0 -40 40 0 0.94 0.342 0 -0.342 0.94 1 0 0 15462.dat
1 72 0 -40 40 0.94 0.342 0 -0.342 0.94 0 0 0 1 10928.dat
1 0 0 -40 60 0.94 0.342 0 -0.342 0.94 0 0 0 1 32270.dat
1 71 0 -40 0 0.94 0.342 0 -0.342 0.94 0 0 0 1 3713.dat
1 71 0 -60 -40 0.985 0.174 0 -0.174 0.985 0 0 0 1 94925.dat
0 STEP
1 14 0 -100 0 0 1 0 0 0 1 1 0 0 32073.dat
1 71 0 -100 -40 1 0 0 0 1 0 0 0 1 94925.dat
1 71 0 -100 60 -1 0 0 0 1 0 0 0 -1 62520.dat
1 71 0 -100 60 0 0.707 0.707 -1 0 0 0 -0.707 0.707 62520.dat
1 71 0 -100 60 -0.707 0 -0.707 0 1 0 0.707 0 -0.707 62519.dat
1 0 -60 -80 -60 0 1 0 0 0 1 1 0 0 42003.dat
1 0 60 -80 -60 0 -1 0 0 0 1 -1 0 0 42003.dat
1 71 80 -80 -80 -1 0 0 0 -1 0 0 0 1 3713.dat
1 71 -80 -80 -80 -1 0 0 0 -1 0 0 0 1 3713.dat
0 STEP
1 0 -60 -90 -60 0 0 1 -1 0 0 0 -1 0 2780.dat
1 0 60 -90 -60 0 0 1 -1 0 0 0 -1 0 2780.dat
1 1 -40 -100 -60 0 0 1 1 0 0 0 1 0 42125 - 42924.dat
1 1 40 -100 -60 0 0 1 1 0 0 0 1 0 42125 - 42924.dat
1 0 0 -100 -60 0 0 -1 0 -1 0 -1 0 0 32524.dat
0 STEP
1 0 0 20 180 0 0 -1 0 1 0 1 0 0 39794.dat
1 0 -110 20 220 -1 0 0 0 1 0 0 0 -1 2780.dat
1 0 110 20 220 -1 0 0 0 1 0 0 0 -1 2780.dat
1 0 -60 10 100 0 -1 0 -1 0 0 0 0 -1 2780.dat
1 0 -60 10 120 0 -1 0 -1 0 0 0 0 -1 2780.dat
1 0 60 10 100 0 -1 0 -1 0 0 0 0 -1 2780.dat
1 0 60 10 120 0 -1 0 -1 0 0 0 0 -1 2780.dat
1 4 -60 0 110 -1 0 0 0 1 0 0 0 -1 43857.dat
1 4 60 0 110 -1 0 0 0 1 0 0 0 -1 43857.dat
0 STEP
1 1 -80 -20 100 -1 0 0 0 1 0 0 0 -1 42125 - 42924.dat
1 4 -60 -20 100 0 -1 0 -1 0 0 0 0 -1 18654.dat
1 4 60 -20 100 0 1 0 -1 0 0 0 0 1 18654.dat
1 1 80 -20 100 1 0 0 0 1 0 0 0 1 42125 - 42924.dat
1 71 -80 -80 100 0 -1 0 0 0 1 -1 0 0 4519.dat
1 71 80 -80 100 0 -1 0 0 0 1 -1 0 0 4519.dat
0 STEP
1 4 80 -40 -95 1 0 0 0 0 1 0 -1 0 11478.dat
1 4 80 -40 -105 1 0 0 0 0 1 0 -1 0 11478.dat
1 0 80 0 -100 0 0 -1 0 1 0 1 0 0 18651.dat
1 71 80 0 -80 0 0 1 0 -1 0 1 0 0 6536.dat
1 4 -80 -40 -95 1 0 0 0 0 1 0 -1 0 11478.dat
1 4 -80 -40 -105 1 0 0 0 0 1 0 -1 0 11478.dat
1 0 -80 0 -100 0 0 -1 0 1 0 1 0 0 18651.dat
1 71 -80 0 -80 0 0 1 0 -1 0 1 0 0 6536.dat
0 STEP
1 4 0 0 -140 1 0 0 0 1 0 0 0 1 42125 - chassisfront2.ldr
0 STEP
1 4 -40 0 -160 0 0 1 0 -1 0 1 0 0 32054.dat
1 4 40 0 -160 0 0 1 0 -1 0 1 0 0 32054.dat
1 71 80 20 -220 1 0 0 0 0 -1 0 1 0 6536.dat
1 71 -80 20 -220 1 0 0 0 0 -1 0 1 0 6536.dat
0 STEP
1 0 -120 20 -220 0 0 -1 1 0 0 0 -1 0 32016.dat
1 0 -166.194 20 -200.866 0.924 0 0.383 0 1 0 -0.383 0 0.924 3705.dat
1 0 -186.522 20.007 -192.44 0.924 0.383 0 0 0 -1 -0.383 0.924 0 6536.dat
1 0 120 20 -220 0 0 1 -1 0 0 0 -1 0 32016.dat
1 0 166.194 20 -200.866 -0.924 0 -0.383 0 -1 0 -0.383 0 0.924 3705.dat
1 0 186.522 20 -192.44 -0.924 -0.383 0 0 0 1 -0.383 0.924 0 6536.dat
0 STEP


0 FILE 42125 - chassisfront2.ldr
0 chassisfront2
0 Name: 42125 - chassisfront2.ldr
0 Author: Philippe Hurbain [Philo]
0 !LDRAW_ORG Model
0 !LICENSE Redistributable under CCAL version 2.0 : see CAreadme.txt

1 0 0 0 0 0 0 -1 1 0 0 0 -1 0 32278.dat
1 1 -140 0 0 0 0 -1 0 1 0 1 0 0 42125 - 42924.dat
1 1 140 0 0 0 0 -1 0 1 0 1 0 0 42125 - 42924.dat
1 0 -120 0 -10 0 0 -1 0 1 0 1 0 0 2780.dat
1 0 120 0 -10 0 0 -1 0 1 0 1 0 0 2780.dat
1 0 -60 0 10 0 0 -1 0 1 0 1 0 0 2780.dat
1 0 60 0 10 0 0 -1 0 1 0 1 0 0 2780.dat
0 STEP
1 0 -120 -60 -20 -1 0 0 0 0 1 0 1 0 32140.dat
1 0 120 -60 -20 1 0 0 0 0 1 0 -1 0 32140.dat
1 71 -140 0 20 0 0 1 1 0 0 0 1 0 40490.dat
1 71 140 0 20 0 0 1 1 0 0 0 1 0 40490.dat
1 0 -220 0 10 0 0 -1 0 1 0 1 0 0 2780.dat
1 0 -200 0 10 0 0 -1 0 1 0 1 0 0 2780.dat
1 0 200 0 10 0 0 -1 0 1 0 1 0 0 2780.dat
1 0 220 0 10 0 0 -1 0 1 0 1 0 0 2780.dat
0 STEP
1 1 100 0 30 0 0 -1 0 1 0 1 0 0 43093.dat
1 71 100 0 40 0 0 -1 0 1 0 1 0 0 6536.dat
1 4 100 20 40 -1 0 0 0 1 0 0 0 -1 32054.dat
1 1 -100 0 30 0 0 -1 0 1 0 1 0 0 43093.dat
1 71 -100 0 40 0 0 1 0 1 0 -1 0 0 6536.dat
1 4 -100 20 40 1 0 0 0 1 0 0 0 1 32054.dat


0 FILE 42125 - ferrari.ldr
0 ferrari
0 Name: 42125 - ferrari.ldr
0 Author: Philippe Hurbain [Philo]
0 !LDRAW_ORG Model
0 !LICENSE Redistributable under CCAL version 2.0 : see CAreadme.txt

1 0 0 0 0 1 0 0 0 1 0 0 0 1 42125 - chassisrear.ldr
0 STEP
1 0 0 40 -660 1 0 0 0 1 0 0 0 1 42125 - chassisfront.ldr
0 STEP
1 0 60 50 -400 0 0 -1 -1 0 0 0 1 0 2780.dat
1 0 60 50 -420 0 0 -1 -1 0 0 0 1 0 2780.dat
1 72 60 35 -410 -1 0 0 0 -1 0 0 0 1 32449.dat
1 15 60 20 -380 0 1 0 1 0 0 0 0 -1 22961.dat
1 72 60 45 -410 -1 0 0 0 -1 0 0 0 1 32449.dat
1 15 60 20 -440 0 1 0 1 0 0 0 0 -1 22961.dat
1 0 -60 50 -400 0 0 -1 -1 0 0 0 1 0 2780.dat
1 0 -60 50 -420 0 0 -1 -1 0 0 0 1 0 2780.dat
1 72 -60 35 -410 -1 0 0 0 -1 0 0 0 1 32449.dat
1 15 -60 20 -380 0 1 0 1 0 0 0 0 -1 22961.dat
1 72 -60 45 -410 -1 0 0 0 -1 0 0 0 1 32449.dat
1 15 -60 20 -440 0 1 0 1 0 0 0 0 -1 22961.dat
0 STEP
1 1 100 60 -520 1 0 0 0 0 -1 0 1 0 42125 - 42924.dat
1 0 80 -20 -520 0 1 0 0 0 1 1 0 0 42125 - 32526.dat
1 0 90 60 -480 1 0 0 0 1 0 0 0 1 2780.dat
1 1 -100 60 -520 -1 0 0 0 0 1 0 1 0 42125 - 42924.dat
1 0 -80 -20 -520 0 1 0 0 0 1 1 0 0 42125 - 32526.dat
1 0 -90 60 -480 1 0 0 0 1 0 0 0 1 2780.dat
0 STEP
1 1 80 20 -380 -1 0 0 0 0 1 0 1 0 42125 - 42924.dat
1 1 80 20 -440 -1 0 0 0 0 1 0 1 0 42125 - 42924.dat
1 0 80 20 -440 0 -1 0 1 0 0 0 0 1 32524.dat
1 0 90 20 -420 -1 0 0 0 0 -1 0 -1 0 2780.dat
1 0 90 20 -500 -1 0 0 0 0 -1 0 -1 0 2780.dat
1 0 100 20 -500 0 -1 0 1 0 0 0 0 1 32524.dat
1 1 -80 20 -380 1 0 0 0 0 -1 0 1 0 42125 - 42924.dat
1 1 -80 20 -440 1 0 0 0 0 -1 0 1 0 42125 - 42924.dat
1 0 -80 20 -440 0 1 0 -1 0 0 0 0 1 32524.dat
1 0 -90 20 -420 1 0 0 0 0 1 0 -1 0 2780.dat
1 0 -90 20 -500 1 0 0 0 0 1 0 -1 0 2780.dat
1 0 -100 20 -500 0 1 0 -1 0 0 0 0 1 32524.dat
0 STEP
1 0 120 60 -400 0 -1 0 -1 0 0 0 0 -1 32278.dat
1 0 130 60 -500 1 0 0 0 -1 0 0 0 -1 2780.dat
1 0 130 60 -280 1 0 0 0 -1 0 0 0 -1 2780.dat
1 0 120 60 -180 0 -1 0 1 0 0 0 0 1 32524.dat
1 0 130 60 -160 1 0 0 0 -1 0 0 0 -1 2780.dat
0 STEP
1 0 160 60 -440 -1 0 0 0 1 0 0 0 -1 42125 - chassisside1.ldr
0 STEP
1 0 -120 60 -400 0 1 0 1 0 0 0 0 -1 32278.dat
1 0 -130 60 -500 1 0 0 0 -1 0 0 0 -1 2780.dat
1 0 -130 60 -280 1 0 0 0 -1 0 0 0 -1 2780.dat
1 0 -120 60 -180 0 1 0 -1 0 0 0 0 1 32524.dat
1 0 -130 60 -160 1 0 0 0 -1 0 0 0 -1 2780.dat
0 STEP
1 0 -160 60 -440 -1 0 0 0 1 0 0 0 -1 42125 - chassisside2.ldr
0 STEP
1 1 -140 40 -140 0 0 -1 -1 0 0 0 1 0 42125 - 42924.dat
1 0 -180 50 -140 0 0 -1 -1 0 0 0 1 0 2780.dat
1 0 -140 40 -140 0 0 -1 0 1 0 1 0 0 42125 - 32526.dat
1 0 -220 50 -140 0 0 -1 -1 0 0 0 1 0 2780.dat
1 0 -220 50 -100 0 0 -1 -1 0 0 0 1 0 2780.dat
1 4 -220 40 -120 0 0 -1 -1 0 0 0 1 0 11214.dat
1 4 -220 0 -120 0 -1 0 0 0 -1 1 0 0 32013.dat
1 0 -220 0 -130 0 0 -1 0 1 0 1 0 0 2780.dat
1 0 -220 60 -100 0 0 -1 0 1 0 1 0 0 18654.dat
0 STEP
1 0 80 20 -280 1 0 0 0 1 0 0 0 1 42125 - seat1.ldr
0 STEP
1 1 140 40 -140 0 0 -1 -1 0 0 0 1 0 42125 - 42924.dat
1 0 180 50 -140 0 0 1 1 0 0 0 1 0 2780.dat
1 0 140 40 -140 0 0 1 0 -1 0 1 0 0 42125 - 32526.dat
1 0 220 50 -140 0 0 1 1 0 0 0 1 0 2780.dat
1 0 220 50 -100 0 0 1 1 0 0 0 1 0 2780.dat
1 4 220 40 -120 0 0 -1 -1 0 0 0 1 0 11214.dat
1 4 220 0 -120 0 1 0 0 0 -1 -1 0 0 32013.dat
1 0 220 0 -130 0 0 1 0 1 0 -1 0 0 2780.dat
1 0 220 60 -100 0 0 1 0 1 0 -1 0 0 18654.dat
0 STEP
1 0 220 60 -140 -1 0 0 0 0 1 0 1 0 42125 - 65422.dat
1 0 -220 60 -140 1 0 0 0 0 -1 0 1 0 42125 - 65422.dat
0 STEP
1 71 0 -40 -560 0 0 -1 -1 0 0 0 1 0 40490.dat
1 71 80 -40 -520 -1 0 0 0 1 0 0 0 -1 32034.dat
1 4 -80 -40 -520 -1 0 0 0 -1 0 0 0 1 32013.dat
0 STEP
1 0 -90 -40 -600 -1 0 0 0 -1 0 0 0 1 2780.dat
1 0 -90 -40 -520 -1 0 0 0 -1 0 0 0 1 2780.dat
1 0 -100 -40 -600 0 -1 0 1 0 0 0 0 1 42125 - 32526.dat
1 0 -90 -20 -520 -1 0 0 0 -1 0 0 0 1 2780.dat
1 0 -90 0 -520 -1 0 0 0 -1 0 0 0 1 2780.dat
1 0 -110 -40 -580 -1 0 0 0 -1 0 0 0 1 2780.dat
1 0 -110 -40 -540 -1 0 0 0 -1 0 0 0 1 2780.dat
1 0 -120 -80 -560 0 1 0 0 0 1 1 0 0 60484.dat
0 STEP
1 4 80 -40 -460 1 0 0 0 0 1 0 -1 0 6553.dat
1 71 100 -40 -460 1 0 0 0 0 1 0 -1 0 4519.dat
1 71 100 -40 -460 1 0 0 0 -1 0 0 0 -1 6536.dat
0 STEP
1 0 90 -40 -600 -1 0 0 0 -1 0 0 0 1 2780.dat
1 0 100 -40 -600 0 -1 0 1 0 0 0 0 1 42125 - 32526.dat
1 0 90 0 -520 -1 0 0 0 -1 0 0 0 1 2780.dat
1 0 110 -40 -580 -1 0 0 0 -1 0 0 0 1 2780.dat
1 0 110 -40 -540 -1 0 0 0 -1 0 0 0 1 2780.dat
1 0 120 -80 -560 0 -1 0 0 0 1 -1 0 0 60484.dat
1 1 100 -40 -520 1 0 0 0 1 0 0 0 1 42125 - 42924.dat
1 1 100 -20 -520 1 0 0 0 1 0 0 0 1 42125 - 42924.dat
0 STEP
1 0 120 -40 -460 0 1 0 1 0 0 0 0 -1 32140.dat
1 71 100 -60 -460 0 1 0 0 0 1 1 0 0 4519.dat
1 71 100 -60 -500 0 0.707 -0.707 1 0 0 0 -0.707 -0.707 62520.dat
1 71 100 -60 -500 -1 0 0 0 -1 0 0 0 1 62520.dat
1 71 100 -60 -500 0 0.707 -0.707 1 0 0 0 -0.707 -0.707 62519.dat
1 4 50.503 -60 -549.497 0.707 0 -0.707 0 1 0 0.707 0 0.707 3706.dat
0 STEP
1 0 100 -60 -438 -1 0 0 0 0 -1 0 -1 0 2741.dat
1 0 100 -60 -419 -1 0 0 0 0 -1 0 -1 0 3068b.dat
0 STEP
1 1 -80 40 -860 0 -1 0 1 0 0 0 0 1 42125 - 42924.dat
1 1 -80 40 -900 0 -1 0 1 0 0 0 0 1 42125 - 42924.dat
1 1 80 40 -860 0 -1 0 1 0 0 0 0 1 42125 - 42924.dat
1 1 80 40 -900 0 -1 0 1 0 0 0 0 1 42125 - 42924.dat
1 1 0 40 -880 1 0 0 0 1 0 0 0 1 15458.dat
1 0 -40 40 -910 0 1 0 0 0 -1 -1 0 0 2780.dat
1 0 40 40 -910 0 1 0 0 0 -1 -1 0 0 2780.dat
0 STEP
1 0 -240 10 -710 0 0 -1 0 1 0 1 0 0 42125 - frontside1.ldr
0 STEP
1 4 -220 0 -820 1 0 0 0 1 0 0 0 1 42125 - frontside1b.ldr
0 STEP
1 4 240 10 -710 0 0 -1 0 1 0 1 0 0 42125 - frontside2.ldr
0 STEP
1 4 220 0 -820 1 0 0 0 1 0 0 0 1 42125 - frontside2b.ldr
0 STEP
1 0 40 20 -900 0 0 1 0 -1 0 1 0 0 42125 - 32526.dat
1 0 40 10 -900 0 1 0 1 0 0 0 0 -1 2780.dat
1 1 120 40 -880 0 -1 0 1 0 0 0 0 1 42125 - 42924.dat
1 0 120 40 -880 0 0 1 0 -1 0 1 0 0 18654.dat
1 1 119.07 40 -900.367 -0.367 0 0.93 0 -1 0 0.93 0 0.367 42125 - 32526.dat
1 4 178.862 40.002 -833.96 0 0 1 1 0 0 0 1 0 32054.dat
1 1 120 20 -900 0 -1 0 1 0 0 0 0 1 42125 - 42924.dat
0 STEP
1 0 -40 20 -900 0 0 -1 0 1 0 1 0 0 42125 - 32526.dat
1 0 -40 10 -900 0 -1 0 -1 0 0 0 0 -1 2780.dat
1 1 -120 40 -880 0 1 0 1 0 0 0 0 -1 42125 - 42924.dat
1 0 -120 40 -880 0 0 -1 0 -1 0 -1 0 0 18654.dat
1 1 -119.07 40 -900.367 0.367 0 -0.93 0 1 0 0.93 0 0.367 42125 - 32526.dat
1 4 -178.862 40.002 -833.96 0 0 1 1 0 0 0 1 0 32054.dat
1 1 -119.07 20 -900.367 0 -1 0 1 0 0 0 0 1 42125 - 42924.dat
0 STEP
1 0 80 0 -900 0 0 1 0 -1 0 1 0 0 32316.dat
1 0 -79.07 0 -900.367 0 0 1 0 -1 0 1 0 0 32316.dat
0 STEP
1 1 225.04 50 -869.297 0.93 0 -0.367 0 1 0 0.367 0 0.93 42125 - frontside2c.ldr
0 STEP
1 1 -76.24 50 -928.017 0.93 0 0.367 0 1 0 -0.367 0 0.93 42125 - frontside1c.ldr
0 STEP
1 4 120 -20 -830 0 0 1 0 1 0 -1 0 0 32062.dat
1 4 120 -20 -860 0 -1 0 -1 0 0 0 0 -1 32016.dat
1 4 142.961 -20 -915.433 -0.924 -0.383 0 0 0 1 -0.383 0.924 0 6553.dat
1 4 152.2 -20 -911.606 -0.924 -0.383 0 0 0 1 -0.383 0.924 0 32062.dat
1 4 161.439 -20 -907.779 0 -0.383 0.924 1 0 0 0 0.924 0.383 11946.dat
0 STEP
1 4 -120 -20 -830 0 0 -1 0 1 0 1 0 0 32062.dat
1 4 -120 -20 -860 0 1 0 1 0 0 0 0 -1 32016.dat
1 4 -142.961 -20 -915.433 -0.924 0.383 0 0 0 1 0.383 0.924 0 6553.dat
1 4 -152.2 -20 -911.606 -0.924 0.383 0 0 0 1 0.383 0.924 0 32062.dat
1 4 -161.439 -20 -907.779 0 0.383 -0.924 -1 0 0 0 0.924 0.383 11947.dat
0 STEP
1 71 0 20 -860 -1 0 0 0 -1 0 0 0 1 42125 - front1.ldr
0 STEP
1 0 0 -100 -680 1 0 0 0 1 0 0 0 1 42125 - front1c.ldr
0 STEP
1 71 -160 -70.657 -764.695 -1 0 0 0 0.971 0.237 0 0.237 -0.971 42125 - headlight1.ldr
0 STEP
1 4 160 -70.657 -764.695 -1 0 0 0 0.971 0.237 0 0.237 -0.971 42125 - headlight2.ldr
0 STEP
1 0 0 60 -920 1 0 0 0 1 0 0 0 1 42125 - frontbump.ldr
0 STEP
1 0 0 -80 -620 -1 0 0 0 1 0 0 0 -1 42125 - windscreenbase.ldr
0 STEP
1 0 200 -107.559 -553.637 -1 0 0 0 -0.53 0.848 0 0.848 0.53 42125 - frontwheelarch1.ldr
0 STEP
1 4 240 -20 -660 1 0 0 0 1 0 0 0 1 42125 - 69911.dat
1 0 210 -80 -760 1 0 0 0 0.94 -0.342 0 0.342 0.94 2780.dat
1 4 200 -80 -760 -1 0 0 0 0.94 0.342 0 0.342 -0.94 32013.dat
1 4 200 -90.261 -731.809 0 0 -1 0.342 -0.94 0 -0.94 -0.342 0 32062.dat
1 4 200 -97.101 -713.015 -1 0 0 0 0.94 0.342 0 0.342 -0.94 59443.dat
0 STEP
1 0 -200 -107.559 -553.637 -1 0 0 0 -0.53 0.848 0 0.848 0.53 42125 - frontwheelarch2.ldr
0 STEP
1 4 -240 -19.999 -659.997 -1 0 0 0 1 0 0 0 -1 42125 - 69911.dat
1 0 -210 -79.999 -759.997 1 0 0 0 0.94 -0.342 0 0.342 0.94 2780.dat
1 4 -200 -79.999 -759.997 -1 0 0 0 0.94 0.342 0 0.342 -0.94 32013.dat
1 4 -200 -90.26 -731.806 0 0 1 -0.342 -0.94 0 0.94 -0.342 0 32062.dat
1 4 -200 -97.1 -713.012 -1 0 0 0 0.94 0.342 0 0.342 -0.94 59443.dat
0 STEP
1 0 20 -100 -560 0 0 1 1 0 0 0 1 0 64391.dat
1 1 0 -80 -600 -1 0 0 0 1 0 0 0 -1 42125 - 42924.dat
1 1 0 -100 -560 -1 0 0 0 1 0 0 0 -1 42125 - 42924.dat
1 0 0 -80 -560 0 -1 0 -1 0 0 0 0 -1 42125 - 71708.dat
1 0 -20 -100 -560 0 0 -1 -1 0 0 0 1 0 64683.dat
0 STEP
1 0 10 -80 -540 -1 0 0 0 1 0 0 0 -1 42125 - dashboard.ldr
0 STEP
1 0 80 -90 -480 -1 0 0 0 1 0 0 0 -1 42125 - dashboard2.ldr
0 STEP
1 0 98 0 100 0 -1 0 -1 0 0 0 0 -1 32524.dat
1 0 -100 0 100 0 -1 0 -1 0 0 0 0 -1 32524.dat
1 0 0 -80 100 -1 0 0 0 1 0 0 0 -1 42125 - back1.ldr
0 STEP
1 0 53.827 -103.16 91.318 -0.924 -0.383 0 -0.131 0.316 0.94 -0.36 0.868 -0.342 42125 - technicFlexAxle-studio-7.ldr
1 0 -53.827 -103.16 91.318 -0.924 0.383 0 0.131 0.316 0.94 0.36 0.868 -0.342 42125 - technicFlexAxle-studio-9.ldr
0 STEP
1 1 0 -60 180 -1 0 0 0 1 0 0 0 -1 42125 - back2.ldr
1 4 80 -60 140 0 -1 0 -1 0 0 0 0 -1 14720.dat
1 0 80 -70 160 0 -1 0 -1 0 0 0 0 -1 2780.dat
0 STEP
1 0 100 -60 100 0 1 0 1 0 0 0 0 -1 32140.dat
1 0 -100 -60 100 0 1 0 1 0 0 0 0 -1 32140.dat
0 STEP
1 1 0 -20 200 -1 0 0 0 1 0 0 0 -1 42125 - back3.ldr
0 STEP
1 0 160 0 120 -1 0 0 0 1 0 0 0 -1 42125 - back4a.ldr
1 0 -160 0 120 -1 0 0 0 1 0 0 0 -1 42125 - back4b.ldr
0 STEP
1 71 0 -80 160 0 0 -1 0 -1 0 -1 0 0 41239.dat
1 0 100 -60 180 0 0 1 0 1 0 -1 0 0 11946.dat
1 0 -100 -60 180 0 0 -1 0 1 0 1 0 0 11947.dat
0 STEP
1 0 0 -80 140 -1 0 0 0 1 0 0 0 -1 42125 - rearlights.ldr
0 STEP
1 16 220 20 -140 -1 0 0 0 1 0 0 0 -1 42125 - mudg1.ldr
0 STEP
1 4 180 -100 -120 1 0 0 0 1 0 0 0 1 42125 - mudg1a.ldr
0 STEP
1 0 235.259 40 -183.815 0.977 0 0.214 0 1 0 -0.214 0 0.977 42125 - mudg1b.ldr
0 STEP
1 4 80 0 -200 -1 0 0 0 0 1 0 1 0 32054.dat
1 4 80 0 -180 -1 0 0 0 0 1 0 1 0 32054.dat
1 0 80 -60 -180 0 -1 0 0 0 1 -1 0 0 32140.dat
1 0 100 -40 -180 1 0 0 0 0 1 0 -1 0 18651.dat
1 71 100 -60 -180 1 0 0 0 0 1 0 -1 0 4519.dat
1 0 95 -60 -180 0 -1 0 0 0 1 -1 0 0 41677.dat
1 0 105 -60 -180 0 -1 0 0 0 1 -1 0 0 41677.dat
1 0 115 -60 -180 0 -1 0 1 0 0 0 0 1 41677.dat
1 0 125 -60 -180 0 -1 0 1 0 0 0 0 1 41677.dat
1 0 120 -40 -180 0 0 1 1 0 0 0 1 0 11946.dat
1 4 130 -60 -160 -1 0 0 0 0 1 0 1 0 32062.dat
1 0 140 -60 -160 0 0 1 1 0 0 0 1 0 11946.dat
0 STEP
