0 FILE 42123 - main.ldr
0 main
0 Name: 42123 - main.ldr
0 Author: Philippe Hurbain [Philo]
0 !LDRAW_ORG Model
0 !LICENSE Redistributable under CCAL version 2.0 : see CAreadme.txt

1 0 -40 -32 -350 1 0 0 0 1 -0.026 0 0.026 1 42123 - mclaren.ldr


0 FILE 42123 - mclaren.ldr
0 mclaren
0 Name: 42123 - mclaren.ldr
0 Author: Philippe Hurbain [Philo]
0 !LDRAW_ORG Model
0 !LICENSE Redistributable under CCAL version 2.0 : see CAreadme.txt

1 0 20 0 0 0 -1 0 -1 0 0 0 0 -1 32316.dat
1 0 10 0 40 1 0 0 0 -1 0 0 0 -1 2780.dat
1 1 20 0 20 1 0 0 0 -1 0 0 0 -1 42123 - 42924.dat
1 0 40 0 0 0 -1 0 -1 0 0 0 0 -1 32316.dat
1 1 40 0 0 -1 0 0 0 1 0 0 0 -1 42123 - 42924.dat
1 0 60 0 0 0 -1 0 -1 0 0 0 0 -1 32316.dat
1 0 70 0 20 1 0 0 0 -1 0 0 0 -1 2780.dat
1 1 60 0 40 -1 0 0 0 1 0 0 0 -1 42123 - 42924.dat
0 STEP
1 1 80 0 -40 1 0 0 0 -1 0 0 0 -1 42123 - 42924.dat
1 1 80 0 -20 1 0 0 0 -1 0 0 0 -1 42123 - 42924.dat
1 1 0 0 -20 -1 0 0 0 1 0 0 0 -1 42123 - 42924.dat
1 1 0 0 -40 -1 0 0 0 1 0 0 0 -1 42123 - 42924.dat
1 0 80 0 -20 0 0 -1 1 0 0 0 -1 0 42003.dat
1 0 0 0 -20 0 0 -1 1 0 0 0 -1 0 42003.dat
1 1 0 -10 0 0 0 -1 1 0 0 0 -1 0 43093.dat
1 1 80 -10 0 0 0 -1 1 0 0 0 -1 0 43093.dat
0 STEP
1 1 0 0 160 0 1 0 1 0 0 0 0 -1 32278.dat
1 72 0 0 300 1 0 0 0 -1 0 0 0 -1 11214.dat
1 4 40 0 300 0 0 -1 0 -1 0 -1 0 0 32034.dat
1 72 80 0 300 -1 0 0 0 1 0 0 0 -1 11214.dat
0 STEP
1 1 10 0 220 1 0 0 0 -1 0 0 0 -1 43093.dat
1 1 0 0 260 -1 0 0 0 1 0 0 0 -1 42123 - 42924.dat
1 71 20 0 220 0 1 0 -1 0 0 0 0 1 32140.dat
1 71 20 -20 280 -1 0 0 0 -1 0 0 0 1 32054.dat
1 72 60 -20 280 -1 0 0 0 -1 0 0 0 1 11214.dat
0 STEP
1 14 40 0 100 -1 0 0 0 -1 0 0 0 1 44294.dat
1 71 20 0 120 1 0 0 0 0 1 0 -1 0 32184.dat
1 71 40 0 140 1 0 0 0 1 0 0 0 1 60485.dat
1 0 40 -20 100 1 0 0 0 -1 0 0 0 -1 42003.dat
1 71 40 0 140 0 0 -1 1 0 0 0 -1 0 3713.dat
1 71 60 0 120 1 0 0 0 0 1 0 -1 0 32184.dat
0 STEP
1 1 80 0 160 0 -1 0 -1 0 0 0 0 -1 32278.dat
1 1 70 0 220 -1 0 0 0 -1 0 0 0 1 43093.dat
1 1 80 0 260 1 0 0 0 1 0 0 0 1 42123 - 42924.dat
1 71 60 0 220 0 1 0 -1 0 0 0 0 1 32140.dat
0 STEP
1 0 90 0 60 -1 0 0 0 1 0 0 0 -1 2780.dat
1 0 -10 0 60 -1 0 0 0 1 0 0 0 -1 2780.dat
1 0 100 0 100 0 -1 0 -1 0 0 0 0 -1 32140.dat
1 0 -20 0 100 0 -1 0 -1 0 0 0 0 -1 32140.dat
0 STEP
1 1 40 -40 320 1 0 0 0 1 0 0 0 1 42123 - hogsupport.ldr
0 STEP
1 0 100 0 360 0 1 0 1 0 0 0 0 -1 41239.dat
1 1 100 0 240 -1 0 0 0 -1 0 0 0 1 42123 - 42924.dat
1 1 100 0 340 -1 0 0 0 -1 0 0 0 1 42123 - 42924.dat
1 1 100 0 420 -1 0 0 0 -1 0 0 0 1 42123 - 42924.dat
1 0 110 0 480 -1 0 0 0 -1 0 0 0 1 2780.dat
1 1 110 0 380 1 0 0 0 1 0 0 0 1 4274.dat
1 0 110 0 400 -1 0 0 0 -1 0 0 0 1 2780.dat
1 0 -20 0 360 0 -1 0 -1 0 0 0 0 -1 41239.dat
1 1 -20 0 240 1 0 0 0 1 0 0 0 1 42123 - 42924.dat
1 1 -20 0 340 1 0 0 0 1 0 0 0 1 42123 - 42924.dat
1 1 -20 0 420 1 0 0 0 1 0 0 0 1 42123 - 42924.dat
1 0 -30 0 480 1 0 0 0 1 0 0 0 1 2780.dat
1 1 -30 0 380 -1 0 0 0 -1 0 0 0 1 4274.dat
1 0 -30 0 400 1 0 0 0 1 0 0 0 1 2780.dat
0 STEP
1 72 80 -100 340 -1 0 0 0 0 -1 0 -1 0 24116.dat
1 72 0 -100 340 -1 0 0 0 0 -1 0 -1 0 24116.dat
1 0 40 -40 230 0 -1 0 0 0 -1 1 0 0 3706.dat
1 72 40 -40 170 1 0 0 0 -1 0 0 0 -1 59443.dat
1 1 100 0 160 1 0 0 0 1 0 0 0 1 42123 - 42924.dat
1 1 100 0 180 1 0 0 0 1 0 0 0 1 42123 - 42924.dat
1 1 -20 0 160 -1 0 0 0 -1 0 0 0 1 42123 - 42924.dat
1 1 -20 0 180 -1 0 0 0 -1 0 0 0 1 42123 - 42924.dat
0 STEP
1 0 100 -80 180 0 -1 0 0 0 1 -1 0 0 42123 - 32526.dat
1 0 -20 -80 180 0 -1 0 0 0 1 -1 0 0 42123 - 32526.dat
1 71 140 0 140 0 0 1 -1 0 0 0 -1 0 32013.dat
1 71 -60 0 140 0 0 -1 -1 0 0 0 1 0 32013.dat
0 STEP
1 71 140 -20 120 -1 0 0 0 0 1 0 1 0 42123 - 65489.dat
1 70 160 -20 140 -1 0 0 0 0 1 0 1 0 24316.dat
1 71 160 -20 140 0 0 -1 1 0 0 0 -1 0 3713.dat
1 71 -60 -20 120 1 0 0 0 0 -1 0 1 0 42123 - 65489.dat
1 70 -80 -20 140 1 0 0 0 0 -1 0 1 0 24316.dat
1 71 -80 -20 140 0 0 1 -1 0 0 0 -1 0 3713.dat
0 STEP
1 71 120 -40 100 0 0 -1 0 1 0 1 0 0 42123 - 32523.dat
1 71 -40 -40 100 0 0 -1 0 1 0 1 0 0 42123 - 32523.dat
1 71 -40 -30 100 0 0 -1 -1 0 0 0 1 0 3673.dat
1 71 -20 -30 100 0 0 -1 -1 0 0 0 1 0 3673.dat
1 71 100 -30 100 0 0 -1 -1 0 0 0 1 0 3673.dat
1 71 120 -30 100 0 0 -1 -1 0 0 0 1 0 3673.dat
1 0 -20 -20 100 0 -1 0 0 0 -1 1 0 0 42003.dat
1 0 100 -20 100 0 1 0 0 0 -1 -1 0 0 42003.dat
1 4 80 -20 110 0 1 0 0 0 -1 -1 0 0 32062.dat
1 4 0 -20 110 0 1 0 0 0 -1 -1 0 0 32062.dat
1 0 40 -20 120 -1 0 0 0 1 0 0 0 -1 87761.dat
0 STEP
1 0 100 -40 140 0 0 -1 0 -1 0 -1 0 0 32316.dat
1 0 -20 -40 140 0 0 -1 0 -1 0 -1 0 0 32316.dat
1 71 60 -30 140 0 0 -1 -1 0 0 0 1 0 3673.dat
1 71 20 -30 140 0 0 -1 -1 0 0 0 1 0 3673.dat
1 19 120 -40 140 0 0 1 1 0 0 0 1 0 32556.dat
1 19 -40 -40 140 0 0 1 1 0 0 0 1 0 32556.dat
1 72 40 -20 140 0 0 1 0 1 0 -1 0 0 40490.dat
1 1 40 -40 140 0 0 1 1 0 0 0 1 0 42123 - 65487.dat
0 STEP
1 72 40 -40 130 0 1 0 0 0 -1 -1 0 0 87083.dat
1 0 40 -40 120 -1 0 0 0 1 0 0 0 -1 32270.dat
0 STEP
1 0 120 0 200 0 0 1 -1 0 0 0 -1 0 41678.dat
1 0 120 -40 200 0 0 1 -1 0 0 0 -1 0 3706.dat
1 0 120 0 180 0 0 1 -1 0 0 0 -1 0 42003.dat
1 0 120 -30 200 0 -1 0 -1 0 0 0 0 -1 6536.dat
1 0 100 -10 210 0 0 1 0 -1 0 1 0 0 2780.dat
1 0 100 -30 210 0 0 1 0 -1 0 1 0 0 2780.dat
1 0 100 -10 220 -1 0 0 0 -1 0 0 0 1 42003.dat
1 71 120 -45 200 -1 0 0 0 0 1 0 1 0 32123b.dat
1 72 120 10 220 -1 0 0 0 0 1 0 1 0 11214.dat
1 0 120 10 220 0 -1 0 0 0 1 -1 0 0 18654.dat
0 STEP
1 0 -40 0 200 0 0 -1 1 0 0 0 -1 0 41678.dat
1 0 -40 -40 200 0 0 -1 1 0 0 0 -1 0 3706.dat
1 0 -40 0 180 0 0 -1 1 0 0 0 -1 0 42003.dat
1 0 -40 -30 200 0 1 0 1 0 0 0 0 -1 6536.dat
1 0 -20 -10 210 0 0 -1 0 -1 0 -1 0 0 2780.dat
1 0 -20 -30 210 0 0 -1 0 -1 0 -1 0 0 2780.dat
1 0 -20 -10 220 -1 0 0 0 -1 0 0 0 1 42003.dat
1 71 -40 -45 200 -1 0 0 0 0 1 0 1 0 32123b.dat
1 72 -40 10 220 1 0 0 0 0 -1 0 1 0 11214.dat
1 0 -40 10 220 0 1 0 0 0 1 1 0 0 18654.dat
0 STEP
1 71 120 0 340 1 0 0 0 1 0 0 0 1 32013.dat
1 4 120 0 290 0 -1 0 0 0 -1 1 0 0 3705.dat
1 0 120 0 300 0 0 -1 -1 0 0 0 1 0 18654.dat
1 0 120 0 280 0 0 -1 -1 0 0 0 1 0 18654.dat
1 1 120 0 240 -1 0 0 0 1 0 0 0 -1 32015.dat
1 4 120 -27.716 228.519 0 -1 0 -0.924 0 0.383 -0.383 0 -0.924 32062.dat
1 0 120 -39.989 245.084 1 0 0 0 -0.924 0.383 0 -0.383 -0.924 41677.dat
1 0 120 -49.228 241.257 1 0 0 0 -0.924 0.383 0 -0.383 -0.924 41677.dat
1 71 -40 0 340 1 0 0 0 1 0 0 0 1 32013.dat
1 4 -40 0 290 0 -1 0 0 0 -1 1 0 0 3705.dat
1 0 -40 0 300 0 0 -1 -1 0 0 0 1 0 18654.dat
1 0 -40 0 280 0 0 -1 -1 0 0 0 1 0 18654.dat
1 1 -40 0 240 -1 0 0 0 1 0 0 0 -1 32015.dat
1 4 -40 -27.716 228.519 0 -1 0 -0.924 0 0.383 -0.383 0 -0.924 32062.dat
1 0 -40 -39.989 245.084 1 0 0 0 -0.924 0.383 0 -0.383 -0.924 41677.dat
1 0 -40 -49.228 241.257 1 0 0 0 -0.924 0.383 0 -0.383 -0.924 41677.dat
0 STEP
1 0 20 -1.818 400.083 -1 0 0 0 0.996 -0.091 0 -0.091 -0.996 42123 - engine.ldr
0 STEP
1 0 120 0 440 0 -1 0 -1 0 0 0 0 -1 41678.dat
1 0 120 0 420 0 0 1 -1 0 0 0 -1 0 42003.dat
1 4 120 0 440 0 0 1 -1 0 0 0 -1 0 32062.dat
1 0 -40 0 440 0 -1 0 -1 0 0 0 0 -1 41678.dat
1 0 -40 0 420 0 0 1 -1 0 0 0 -1 0 42003.dat
1 4 -40 0 440 0 0 1 -1 0 0 0 -1 0 32062.dat
0 STEP
1 0 80 -40.093 629.636 0 -1 0 -0.009 0 1 -1 0 -0.009 2780.dat
1 0 0 -40.093 629.636 0 -1 0 -0.009 0 1 -1 0 -0.009 2780.dat
1 0 40 -40.093 629.636 0 -1 0 -0.009 0 1 -1 0 -0.009 2780.dat
1 72 40 -40.184 619.637 0 0 -1 -1 0.009 0 0.009 1 0 40490.dat
1 0 100 -40.093 629.636 0 -1 0 -0.009 0 1 -1 0 -0.009 2780.dat
1 0 120 -40.093 629.636 0 -1 0 -0.009 0 1 -1 0 -0.009 2780.dat
1 0 -20 -40.093 629.636 0 -1 0 -0.009 0 1 -1 0 -0.009 2780.dat
1 0 -40 -40.093 629.636 0 -1 0 -0.009 0 1 -1 0 -0.009 2780.dat
1 0 100 -40.002 639.636 0 0 1 1 0.009 0 -0.009 1 0 42123 - 32526.dat
1 0 -20 -40.002 639.636 0 0 -1 1 -0.009 0 -0.009 -1 0 42123 - 32526.dat
0 STEP
1 0 0 -80 600 0 1 0 -1 0 0 0 0 1 32316.dat
1 0 -10 -80 560 -1 0 0 0 -1 0 0 0 1 2780.dat
1 1 -20 -80 580 1 0 0 0 1 0 0 0 1 42123 - 42924.dat
1 0 -20 -80 480 0 1 0 -1 0 0 0 0 1 41239.dat
1 0 -30 -80 480 -1 0 0 0 -1 0 0 0 1 2780.dat
1 0 -30 -80 440 -1 0 0 0 -1 0 0 0 1 2780.dat
0 STEP
1 0 40 -114.177 514.373 -1 0 0 0 -0.987 0.16 0 0.16 0.987 42123 - hood1.ldr
0 STEP
1 0 80 -80 600 0 -1 0 1 0 0 0 0 1 32316.dat
1 0 90 -80 560 1 0 0 0 1 0 0 0 1 2780.dat
1 1 100 -80 580 -1 0 0 0 -1 0 0 0 1 42123 - 42924.dat
1 0 100 -80 480 0 -1 0 1 0 0 0 0 1 41239.dat
1 0 110 -80 480 1 0 0 0 1 0 0 0 1 2780.dat
1 0 110 -80 440 1 0 0 0 1 0 0 0 1 2780.dat
0 STEP
1 0 -40 0 480 0 1 0 0 0 -1 -1 0 0 42123 - 32526.dat
1 0 120 0 480 0 1 0 0 0 -1 -1 0 0 42123 - 32526.dat
1 0 100 -20.003 639.454 1 0 0 0 0.009 -1 0 1 0.009 6536.dat
1 0 -20 -20.003 639.454 1 0 0 0 0.009 -1 0 1 0.009 6536.dat
0 STEP
1 0 -60 10 340 0 1 0 1 0 0 0 0 -1 41239.dat
1 1 -60 10 460 1 0 0 0 -1 0 0 0 -1 42123 - 42924.dat
1 0 -70 10 400 1 0 0 0 -1 0 0 0 -1 2780.dat
1 0 -70 10 320 1 0 0 0 -1 0 0 0 -1 2780.dat
1 0 -70 10 260 1 0 0 0 -1 0 0 0 -1 2780.dat
1 0 -70 10 240 1 0 0 0 -1 0 0 0 -1 2780.dat
1 0 -80 10 340.001 0 -1 0 1 0 0 0 0 1 32524.dat
1 0 -80 10 240 0 0 1 1 0 0 0 1 0 42003.dat
1 1 -90 10 360.002 -1 0 0 0 0 1 0 1 0 4274.dat
1 1 -90 10 340.001 -1 0 0 0 0 1 0 1 0 4274.dat
1 1 -90 10 299.999 -1 0 0 0 0 1 0 1 0 4274.dat
1 1 -90 10 279.998 -1 0 0 0 0 1 0 1 0 4274.dat
0 STEP
1 36 39.998 -19.643 679.453 0 0 -1 0.009 1 0 1 -0.009 0 42123 - frontbump.ldr
0 STEP
1 0 -40 -80 600 0 0 -1 1 0 0 0 -1 0 42003.dat
1 1 -40 -70 620 0 0 1 -1 0 0 0 -1 0 43093.dat
1 1 0 -60 620 0 0 -1 0 1 0 1 0 0 42123 - 32526.dat
1 1 -80 -60 660 0 -1 0 1 0 0 0 0 1 42123 - 42924.dat
1 0 120 -80 600 0 0 1 -1 0 0 0 -1 0 42003.dat
1 1 120 -70 620 0 0 1 -1 0 0 0 -1 0 43093.dat
1 1 80 -60 620 0 0 1 0 -1 0 1 0 0 42123 - 32526.dat
1 1 160 -60 660 0 1 0 1 0 0 0 0 -1 42123 - 42924.dat
0 STEP
1 0 40 11.698 657.96 -1 0 0 0 -0.091 -0.996 0 -0.996 0.091 3034.dat
1 0 -30.042 13.882 681.86 -0.004 0 -1 0.996 -0.091 -0.004 -0.091 -0.996 0 4865b.dat
1 0 -10.042 13.882 681.86 -0.004 0 -1 0.996 -0.091 -0.004 -0.091 -0.996 0 4865b.dat
1 0 9.958 13.882 681.86 -0.004 0 -1 0.996 -0.091 -0.004 -0.091 -0.996 0 4865b.dat
1 0 29.958 13.882 681.86 -0.004 0 -1 0.996 -0.091 -0.004 -0.091 -0.996 0 4865b.dat
1 0 109.958 13.882 681.86 0.004 0 1 -0.996 -0.091 0.004 0.091 -0.996 0 4865b.dat
1 0 89.958 13.882 681.86 0.004 0 1 -0.996 -0.091 0.004 0.091 -0.996 0 4865b.dat
1 0 69.958 13.882 681.86 0.004 0 1 -0.996 -0.091 0.004 0.091 -0.996 0 4865b.dat
1 0 49.958 13.882 681.86 0.004 0 1 -0.996 -0.091 0.004 0.091 -0.996 0 4865b.dat
0 STEP
1 0 0 -111.215 534.155 0 1 0 -0.986 0 0.164 0.164 0 0.986 11947.dat
1 0 80 -110.805 534.088 0 -1 0 0.988 0 0.156 -0.156 0 0.988 11946.dat
1 1 -30 -80 500 -1 0 0 0 -1 0 0 0 1 43093.dat
1 0 -30 -80 540 -1 0 0 0 -1 0 0 0 1 2780.dat
1 0 -40 -80 500 0 1 0 -1 0 0 0 0 1 32140.dat
1 0 -50 -100 560 -1 0 0 0 -1 0 0 0 1 2780.dat
1 1 110 -80 500 1 0 0 0 -1 0 0 0 -1 43093.dat
1 0 110 -80 540 -1 0 0 0 -1 0 0 0 1 2780.dat
1 0 120 -80 500 0 1 0 -1 0 0 0 0 1 32140.dat
1 0 130 -100 560 -1 0 0 0 -1 0 0 0 1 2780.dat
0 STEP
1 0 20 -133.426 395.927 0 -1 0 0.987 0 0.16 -0.16 0 0.987 41239.dat
1 1 20 -114.177 514.373 1 0 0 0 0.987 0.16 0 -0.16 0.987 42123 - 42924.dat
1 1 40 -130.226 415.667 1 0 0 0 0.987 0.16 0 -0.16 0.987 42123 - 42924.dat
1 1 40 -146.258 316.963 1 0 0 0 0.987 0.16 0 -0.16 0.987 42123 - 42924.dat
1 0 10 -139.842 356.445 1 0 0 0 0.985 0.174 0 -0.174 0.985 2780.dat
0 STEP
1 0 40 -149.466 297.222 0 1 0 -0.987 0 0.16 0.16 0 0.987 42123 - 32523.dat
1 0 40 -130.226 415.667 0 -1 0 0.16 0 -0.987 0.987 0 0.16 42123 - 65487.dat
1 0 40 -127.018 435.408 1 0 0 0 0.16 -0.987 0 0.987 0.16 60484.dat
1 0 60 -168.104 431.954 0 0 -1 0.16 0.987 0 0.987 -0.16 0 2780.dat
1 0 20 -168.104 431.954 0 0 -1 0.16 0.987 0 0.987 -0.16 0 2780.dat
1 1 40 -164.896 451.695 0 0 -1 0.16 0.987 0 0.987 -0.16 0 43093.dat
1 0 40 -169.708 422.083 0 0 1 -0.987 -0.16 0 0.16 -0.987 0 42123 - 32523.dat
1 0 40 -163.292 461.565 0 0 1 -0.987 -0.16 0 0.16 -0.987 0 42123 - 71682.dat
0 STEP
1 0 60 -133.426 395.927 0 -1 0 0.987 0 0.16 -0.16 0 0.987 41239.dat
1 0 70 -114.177 514.373 -1 0 0 0 0.16 0.987 0 0.987 -0.16 2780.dat
1 0 70 -139.842 356.445 -1 0 0 0 0.174 0.985 0 0.985 -0.174 2780.dat
0 STEP
1 0 -20 -100 350 0 1 0 -1 0 0 0 0 1 43857.dat
1 1 0 -100 360 1 0 0 0 1 0 0 0 1 42123 - 42924.dat
1 0 0 -119.921 358.223 0 1 0 0.089 0 -0.996 -0.996 0 -0.089 42123 - 32523.dat
1 0 100 -100 350 0 1 0 -1 0 0 0 0 1 43857.dat
1 0 80 -119.921 358.223 0 1 0 0.089 0 -0.996 -0.996 0 -0.089 42123 - 32523.dat
1 1 80 -100 360 -1 0 0 0 0 -1 0 -1 0 42123 - 42924.dat
0 STEP
1 4 -20 -69.991 639.95 0 -1 0 1 0 0.009 -0.009 0 1 32062.dat
1 0 -20 -79.991 640.041 1 0 0 0 0.009 -1 0 1 0.009 11946.dat
1 4 100 -69.991 639.95 0 1 0 -1 0 0.009 0.009 0 1 32062.dat
1 0 100 -79.991 640.041 1 0 0 0 0.009 -1 0 1 0.009 11947.dat
1 0 -30 -80 420 -1 0 0 0 0 -1 0 -1 0 2780.dat
1 0 -40 -90 420 0 -1 0 0 0 -1 1 0 0 43857.dat
1 0 -50 -100 420 -1 0 0 0 0 -1 0 -1 0 2780.dat
1 0 110 -80 420 1 0 0 0 0 -1 0 1 0 2780.dat
1 0 120 -90 420 0 1 0 0 0 -1 -1 0 0 43857.dat
1 0 130 -100 420 1 0 0 0 0 -1 0 1 0 2780.dat
0 STEP
1 0 -100 -10 460 -1 0 0 0 1 0 0 0 -1 11947.dat
1 0 -100 0 400 0 1 0 1 0 0 0 0 -1 2780.dat
1 0 -100 0 420 0 1 0 1 0 0 0 0 -1 2780.dat
1 0 -100 10 420 -1 0 0 0 1 0 0 0 -1 32316.dat
1 0 -100 -10 480 0 -1 0 1 0 0 0 0 1 10197.dat
1 0 -100 0 480 0 -1 0 1 0 0 0 0 1 2780.dat
1 0 -100 10 480 1 0 0 0 1 0 0 0 1 42123 - 65487.dat
1 0 -80 10 420 0 1 0 -1 0 0 0 0 1 32140.dat
1 1 -70 10 420 -1 0 0 0 -1 0 0 0 1 43093.dat
0 STEP
1 0 140 10 340 0 -1 0 -1 0 0 0 0 -1 41239.dat
1 1 140 10 460 -1 0 0 0 -1 0 0 0 1 42123 - 42924.dat
1 0 150 10 400 1 0 0 0 -1 0 0 0 -1 2780.dat
1 0 150 10 320 1 0 0 0 -1 0 0 0 -1 2780.dat
1 0 150 10 260 1 0 0 0 -1 0 0 0 -1 2780.dat
1 0 150 10 240 1 0 0 0 -1 0 0 0 -1 2780.dat
1 0 160 10 340.001 0 1 0 -1 0 0 0 0 1 32524.dat
1 0 160 10 240 0 0 -1 -1 0 0 0 1 0 42003.dat
1 1 170 10 360.002 1 0 0 0 0 -1 0 1 0 4274.dat
1 1 170 10 340.001 1 0 0 0 0 -1 0 1 0 4274.dat
1 1 170 10 299.999 1 0 0 0 0 -1 0 1 0 4274.dat
1 1 170 10 279.998 1 0 0 0 0 -1 0 1 0 4274.dat
0 STEP
1 0 180 -10 460 -1 0 0 0 1 0 0 0 -1 11946.dat
1 0 180 0 400 0 -1 0 -1 0 0 0 0 -1 2780.dat
1 0 180 0 420 0 -1 0 -1 0 0 0 0 -1 2780.dat
1 0 180 10 420 -1 0 0 0 1 0 0 0 -1 32316.dat
1 0 180 -10 480 0 1 0 -1 0 0 0 0 1 10197.dat
1 0 180 0 480 0 1 0 -1 0 0 0 0 1 2780.dat
1 0 180 10 480 -1 0 0 0 -1 0 0 0 1 42123 - 65487.dat
1 0 160 10 420 0 1 0 -1 0 0 0 0 1 32140.dat
1 1 150 10 420 1 0 0 0 -1 0 0 0 -1 43093.dat
0 STEP
1 1 160 -80 660 0 0 1 1 0 0 0 1 0 32015.dat
1 1 -80 -80 660 0 0 -1 -1 0 0 0 1 0 32015.dat
1 1 40 -80 660 1 0 0 0 1 0 0 0 1 42123 - 32199.dat
1 1 180 0 480 1 0 0 0 1 0 0 0 1 42123 - technicFlexAxle-studio-1.ldr
1 1 -100 0 480 1 0 0 0 1 0 0 0 1 42123 - technicFlexAxle-studio-2.ldr
0 STEP
1 0 -60 -100 480 1 0 0 0 1 0 0 0 1 42123 - mudg1.ldr
1 1 140 -100 480 1 0 0 0 1 0 0 0 1 42123 - mudg2.ldr
0 STEP
1 0 40 -139.639 680.175 1 0 0 0 1 0.009 0 -0.009 1 42123 - spoiler.ldr
0 STEP
1 0 -20 -50 140 0 1 0 -1 0 0 0 0 1 2780.dat
1 0 0 -50 140 0 1 0 -1 0 0 0 0 1 2780.dat
1 0 80 -50 140 0 1 0 -1 0 0 0 0 1 2780.dat
1 0 100 -50 140 0 1 0 -1 0 0 0 0 1 2780.dat
1 0 -20 0 -30 0 -1 0 1 0 0 0 0 1 43857.dat
1 0 100 0 -30 0 -1 0 1 0 0 0 0 1 43857.dat
0 STEP
1 0 -40 -60 200 1 0 0 0 -1 0 0 0 -1 32140.dat
1 0 120 -60 200 -1 0 0 0 1 0 0 0 -1 32140.dat
1 0 -40 -80 180 0 1 0 1 0 0 0 0 -1 42123 - 65487.dat
1 0 120 -80 180 0 1 0 1 0 0 0 0 -1 42123 - 65487.dat
1 1 -40 -80 180 1 0 0 0 -1 0 0 0 -1 42123 - 42924.dat
1 1 120 -80 180 -1 0 0 0 1 0 0 0 -1 42123 - 42924.dat
1 71 120 -75 200 -1 0 0 0 0 1 0 1 0 32123b.dat
1 71 -40 -75 200 -1 0 0 0 0 1 0 1 0 32123b.dat
1 1 -60 -90 200 0 0 -1 -1 0 0 0 1 0 42123 - 32039.dat
1 1 140 -90 200 0 0 1 -1 0 0 0 -1 0 42123 - 32039.dat
0 STEP
1 72 40 -64.668 213.207 -1 0 0 0 0.383 -0.924 0 -0.924 -0.383 42123 - dashboard.ldr
0 STEP
1 0 178 10 289.998 0 -1 0 0 0 -1 1 0 0 3460.dat
1 0 186 10 219.998 0 -1 0 0 0 -1 1 0 0 3024.dat
1 0 186 10 309.998 0 -1 0 0 0 -1 1 0 0 6636.dat
1 0 178 10 229.998 0 -1 0 -1 0 0 0 0 -1 11477.dat
1 0 -98 10 289.998 0 1 0 0 0 1 1 0 0 3460.dat
1 0 -106 10 219.998 0 1 0 0 0 1 1 0 0 3024.dat
1 0 -106 10 309.998 0 1 0 0 0 1 1 0 0 6636.dat
1 0 -98 10 229.998 0 1 0 1 0 0 0 0 -1 11477.dat
0 STEP
1 14 40 -149.466 297.222 1 0 0 0 0.966 -0.259 0 0.259 0.966 44294.dat
1 71 0 -149.466 297.222 0 0 1 0.966 -0.259 0 0.259 0.966 0 3713.dat
1 71 80 -149.466 297.222 0 0 -1 -0.966 -0.259 0 -0.259 0.966 0 3713.dat
1 0 40 -120.626 474.887 -1 0 0 0 -0.906 0.423 0 0.423 0.906 3706.dat
1 71 75 -120.626 474.887 0 0 1 -0.906 -0.423 0 0.423 -0.906 0 32123b.dat
1 71 5 -120.626 474.887 0 0 1 -0.906 -0.423 0 0.423 -0.906 0 32123b.dat
1 0 110 -120.626 474.887 0 0 1 -0.423 0.906 0 -0.906 -0.423 0 32013.dat
1 0 -30 -120.626 474.887 0 0 -1 0.423 0.906 0 0.906 -0.423 0 32013.dat
0 STEP
1 0 80 -133.377 395.933 1 0 0 0 0.987 0.16 0 -0.16 0.987 18944.dat
1 0 0 -133.377 395.933 1 0 0 0 0.987 0.16 0 -0.16 0.987 18944.dat
1 1 0 -152.577 277.493 1 0 0 0 0.987 0.16 0 -0.16 0.987 42123 - 42924.dat
1 1 80 -152.626 277.487 -1 0 0 0 -0.987 0.16 0 0.16 0.987 42123 - 42924.dat
1 0 100 -152.626 277.487 0 1 0 0 0 -1 -1 0 0 42123 - 65487.dat
1 0 -20 -152.577 277.493 0 1 0 0 0 -1 -1 0 0 42123 - 65487.dat
0 STEP
1 0 40 -152.577 257.493 0 0 -1 -1 0 0 0 1 0 32524.dat
1 4 160 0 220 0 0 -1 -1 0 0 0 1 0 32062.dat
1 4 -80 0 220 0 0 -1 -1 0 0 0 1 0 32062.dat
1 1 160 -10 220 -1 0 0 0 0 -1 0 -1 0 11946.dat
1 1 -80 -10 220 -1 0 0 0 0 -1 0 -1 0 11947.dat
0 STEP
1 72 -80 -90 200 1 0 0 0 0 1 0 -1 0 11214.dat
1 72 160 -90 200 -1 0 0 0 0 -1 0 -1 0 11214.dat
1 0 140 -80 180 0 -1 0 -0.866 0 0.5 -0.5 0 -0.866 42123 - 65487.dat
1 0 -60 -80 180 0 -1 0 -0.866 0 0.5 -0.5 0 -0.866 42123 - 65487.dat
0 STEP
1 1 120 -20 40 1 0 0 0 -1 0 0 0 -1 42123 - 42924.dat
1 1 120 0 40 1 0 0 0 -1 0 0 0 -1 42123 - 42924.dat
1 0 120 -10 60 0 0 1 -1 0 0 0 -1 0 32557.dat
1 0 120 -20 80 0 0 1 -1 0 0 0 -1 0 2780.dat
1 0 120 -20 60 0 0 1 -1 0 0 0 -1 0 2780.dat
1 1 -40 -20 40 1 0 0 0 -1 0 0 0 -1 42123 - 42924.dat
1 1 -40 0 40 1 0 0 0 -1 0 0 0 -1 42123 - 42924.dat
1 0 -40 -10 60 0 0 1 -1 0 0 0 -1 0 32557.dat
1 0 -40 -20 80 0 0 1 -1 0 0 0 -1 0 2780.dat
1 0 -40 -20 60 0 0 1 -1 0 0 0 -1 0 2780.dat
0 STEP
1 72 40 -30 80 0 0 -1 0 1 0 1 0 0 40490.dat
1 19 -20 -20 80 0 0 -1 1 0 0 0 -1 0 32002.dat
1 19 100 -20 80 0 0 -1 1 0 0 0 -1 0 32002.dat
1 15 40 -15 80 0 0 -1 0 1 0 1 0 0 32065.dat
1 1 0 -50 80 0 0 -1 -1 0 0 0 1 0 42123 - 42924.dat
1 1 80 -50 80 0 0 -1 -1 0 0 0 1 0 42123 - 42924.dat
1 0 0 -50 80 0 0 -1 0 -1 0 -1 0 0 18654.dat
1 0 80 -50 80 0 0 -1 0 -1 0 -1 0 0 18654.dat
0 STEP
1 0 -40 10 -40 0 1 0 -1 0 0 0 0 1 32140.dat
1 1 -50 10 -40 1 0 0 0 1 0 0 0 1 43093.dat
1 1 -60 10 -20 -1 0 0 0 -1 0 0 0 1 42123 - 42924.dat
1 1 -60 10 0 -1 0 0 0 -1 0 0 0 1 42123 - 42924.dat
1 0 -50 10 20 -1 0 0 0 -1 0 0 0 1 2780.dat
1 0 -60 10 -30 0 -1 0 1 0 0 0 0 1 43857.dat
1 0 -60 10 0 0 1 0 -1 0 0 0 0 1 42123 - 65487.dat
1 0 -60 10 20 0 1 0 -1 0 0 0 0 1 42123 - 65487.dat
1 0 -60 -10 20 0 0 -1 -1 0 0 0 1 0 32557.dat
1 0 -80 10 40 0 1 0 1 0 0 0 0 -1 11946.dat
0 STEP
1 0 120 10 -40 0 1 0 -1 0 0 0 0 1 32140.dat
1 1 130 10 -40 -1 0 0 0 1 0 0 0 -1 43093.dat
1 1 140 10 -20 1 0 0 0 -1 0 0 0 -1 42123 - 42924.dat
1 1 140 10 0 1 0 0 0 -1 0 0 0 -1 42123 - 42924.dat
1 0 130 10 20 -1 0 0 0 -1 0 0 0 1 2780.dat
1 0 140 10 -30 0 1 0 -1 0 0 0 0 1 43857.dat
1 0 140 10 0 0 -1 0 -1 0 0 0 0 -1 42123 - 65487.dat
1 0 140 10 20 0 -1 0 -1 0 0 0 0 -1 42123 - 65487.dat
1 0 140 -10 20 0 0 1 1 0 0 0 1 0 32557.dat
1 0 160 10 40 0 -1 0 -1 0 0 0 0 -1 11947.dat
0 STEP
1 1 0 -20 0 -1 0 0 0 1 0 0 0 -1 27940.dat
1 1 80 -20 0 -1 0 0 0 1 0 0 0 -1 27940.dat
1 0 40 -20 0 0 0 1 0 -1 0 1 0 0 26287.dat
1 0 -20 -20 -20 1 0 0 0 0 1 0 -1 0 42003.dat
1 0 100 -20 -20 1 0 0 0 0 1 0 -1 0 42003.dat
1 0 -20 -30 -40 0 0 -1 1 0 0 0 -1 0 2780.dat
1 0 100 -30 -40 0 0 -1 1 0 0 0 -1 0 2780.dat
0 STEP
1 0 0 -60 140 0 0 -1 0 1 0 1 0 0 42123 - 65487.dat
1 0 80 -60 140 0 0 -1 0 1 0 1 0 0 42123 - 65487.dat
1 0 40 -60 160 0 0 -1 -1 0 0 0 1 0 32524.dat
1 0 20 -60 170 0 0 -1 0 -1 0 -1 0 0 2780.dat
1 0 60 -60 170 0 0 -1 0 -1 0 -1 0 0 2780.dat
1 0 40 -60 180 0 0 -1 -1 0 0 0 1 0 32316.dat
0 STEP
1 0 40 -30 60 1 0 0 0 1 0 0 0 1 42123 - front1.ldr
0 STEP
1 71 100 -40 -40 0 0 1 -1 0 0 0 -1 0 32192.dat
1 71 -20 -40 -40 0 0 -1 1 0 0 0 -1 0 32192.dat
1 71 40 -40 -40 1 0 0 0 0 -1 0 1 0 32073.dat
1 71 20 -40 -40 0 -1 0 -1 0 0 0 0 -1 18654.dat
1 71 40 -40 -40 0 -1 0 -1 0 0 0 0 -1 18654.dat
1 71 60 -40 -40 0 -1 0 -1 0 0 0 0 -1 18654.dat
1 15 107.071 -40 -32.929 -0.707 0.707 0 0 0 1 0.707 0.707 0 30374.dat
1 15 -27.071 -40 -32.929 -0.707 -0.707 0 0 0 1 -0.707 0.707 0 30374.dat
0 STEP
1 0 40 -70 0 1 0 0 0 1 0 0 0 1 42123 - front2.ldr
0 STEP
1 1 180 -50 140 1 0 0 0 1 0 0 0 1 42123 - 42531p01.dat
1 72 180 -50 40 0 0 1 0 1 0 -1 0 0 11214.dat
1 1 180 -50 40 0 0 -1 -1 0 0 0 1 0 27940.dat
1 1 180 -50 0 0 -1 0 -1 0 0 0 0 -1 32013.dat
1 72 180 -30 0 0 1 0 1 0 0 0 0 -1 11214.dat
1 0 180 -30 20 -1 0 0 0 1 0 0 0 -1 42123 - 32523.dat
1 1 180 -70 40 1 0 0 0 1 0 0 0 1 41669.dat
0 STEP
1 1 -100 -50 140 -1 0 0 0 1 0 0 0 -1 42123 - 42531p02.dat
1 72 -100 -50 40 0 0 1 0 1 0 -1 0 0 11214.dat
1 1 -100 -50 40 0 0 1 1 0 0 0 1 0 27940.dat
1 1 -100 -50 0 0 1 0 1 0 0 0 0 -1 32013.dat
1 72 -100 -30 0 0 -1 0 1 0 0 0 0 1 11214.dat
1 0 -100 -30 20 -1 0 0 0 1 0 0 0 -1 42123 - 32523.dat
1 1 -100 -70 40 1 0 0 0 1 0 0 0 1 41669.dat
0 STEP
1 0 120 -41.526 297.826 -1 0 0 0 1 0 0 0 -1 42123 - doorlow1.ldr
1 0 -40 -41.526 297.826 -1 0 0 0 1 0 0 0 -1 42123 - doorlow2.ldr
0 STEP
1 0 140 -97.321 170 0 1 0 0.866 0 0.5 0.5 0 -0.866 32014.dat
1 0 -60 -97.321 170 0 0 -1 0.866 0.5 0 0.5 -0.866 0 32014.dat
1 0 130 -100 170 0 -1 0 -0.866 0 0.5 -0.5 0 -0.866 76324.dat
1 0 120 -149.466 297.222 0 0 1 -0.259 -0.966 0 0.966 -0.259 0 32013.dat
1 0 -40 -149.466 297.222 0 0 -1 -0.259 0.966 0 0.966 0.259 0 32013.dat
1 1 110 -124.852 465.824 0 0 -1 -0.423 -0.906 0 -0.906 0.423 0 4274.dat
1 1 -30 -124.852 465.824 0 0 -1 -0.423 -0.906 0 -0.906 0.423 0 4274.dat
1 0 140 -102.321 178.66 0 0 -1 0.866 0.5 0 0.5 -0.866 0 42123 - technicFlexAxle-studio-3.ldr
1 0 -60 -102.321 178.66 0 0 -1 0.866 0.5 0 0.5 -0.866 0 42123 - technicFlexAxle-studio-4.ldr
0 STEP
1 0 180 -90 200 0 -1 0 -1 0 0 0 0 -1 42123 - 65487.dat
1 0 193.927 -110 197.544 -0.819 -0.574 0 0 0 1 -0.574 0.819 0 18677.dat
1 0 190.324 -110 185.255 0 -0.574 0.819 1 0 0 0 0.819 0.574 3024.dat
1 0 193.927 -110 197.544 0 -0.574 -0.819 -1 0 0 0 0.819 -0.574 11477.dat
1 0 -113.927 -110 197.544 0 0.574 0.819 1 0 0 0 0.819 -0.574 11477.dat
1 0 -100 -90 200 0 1 0 1 0 0 0 0 -1 42123 - 65487.dat
1 0 -113.927 -110 197.544 0.819 0.574 0 0 0 -1 -0.574 0.819 0 18677.dat
1 0 -110.324 -110 185.255 0 0.574 -0.819 -1 0 0 0 0.819 0.574 3024.dat
0 STEP
1 0 159.997 -7.178 561.263 0 0 -1 0.088 0.996 0 0.996 -0.088 0 42123 - 56145.dat
1 0 169.997 -20 140 0 0 -1 0 1 0 1 0 0 56904.dat
1 256 169.997 -20 140 0 0 -1 0 1 0 1 0 0 30699.dat
1 256 159.997 -7.178 561.263 0 0 -1 0.088 0.996 0 0.996 -0.088 0 44309.dat
1 0 -89.997 -20 140 0 0 1 0 1 0 -1 0 0 56904.dat
1 256 -89.997 -20 140 0 0 1 0 1 0 -1 0 0 30699.dat
1 0 -79.997 -7.178 561.263 0 0 1 -0.089 0.996 0 -0.996 -0.089 0 42123 - 56145.dat
1 256 -79.997 -7.178 561.263 0 0 1 -0.089 0.996 0 -0.996 -0.089 0 44309.dat


0 FILE 42123 - engine.ldr
0 engine
0 Name: 42123 - engine.ldr
0 Author: Philippe Hurbain [Philo]
0 !LDRAW_ORG Model
0 !LICENSE Redistributable under CCAL version 2.0 : see CAreadme.txt

1 72 0 0 0 -1 0 0 0 1 0 0 0 -1 11214.dat
1 71 -40 0 0 -1 0 0 0 1 0 0 0 -1 32054.dat
1 71 0 -20 0 -1 0 0 0 -1 0 0 0 1 32557.dat
1 71 -20 -20 0 -1 0 0 0 0 -1 0 -1 0 42123 - 44874.dat
0 STEP
1 71 -40 -20 0 -1 0 0 0 -1 0 0 0 1 32557.dat
1 72 -20 -20 -70 0 0 1 0 -1 0 1 0 0 55013.dat
1 72 -20 -20 -20 1 0 0 0 0 1 0 -1 0 42123 - 60483.dat
1 72 -20 -20 -40 0 0 -1 1 0 0 0 -1 0 42123 - 60483.dat
1 72 -20 -20 -60 -1 0 0 0 0 -1 0 -1 0 42123 - 60483.dat
1 72 -20 -20 -80 0 0 1 -1 0 0 0 -1 0 42123 - 60483.dat
0 STEP
1 72 0 0 -100 -1 0 0 0 1 0 0 0 -1 11214.dat
1 71 -40 0 -100 -1 0 0 0 1 0 0 0 -1 32054.dat
1 71 0 -20 -100 -1 0 0 0 -1 0 0 0 1 32557.dat
1 71 -20 -20 -100 -1 0 0 0 0 -1 0 -1 0 42123 - 44874.dat
1 71 -40 -20 -100 -1 0 0 0 -1 0 0 0 1 32557.dat
0 STEP
1 0 -60 0 -120 0 1 0 1 0 0 0 0 -1 41239.dat
1 1 -60 0 -180 -1 0 0 0 1 0 0 0 -1 42123 - 42924.dat
1 14 -20 0 -200 -1 0 0 0 1 0 0 0 -1 44294.dat
1 4 -25 0 -200 0 1 0 1 0 0 0 0 -1 6632.dat
1 72 -40 0 -200 0 1 0 -1 0 0 0 0 1 42123 - 60483.dat
1 4 -15 0 -200 0 1 0 1 0 0 0 0 -1 6632.dat
1 72 0 0 -200 0 1 0 -1 0 0 0 0 1 42123 - 60483.dat
1 1 20 0 -180 1 0 0 0 1 0 0 0 1 42123 - 42924.dat
0 STEP
1 0 20 0 -120 0 1 0 1 0 0 0 0 -1 41239.dat
1 0 -30 -40 10 0 0.899 0.438 0 -0.438 0.899 1 0 0 2780.dat
1 0 -10 -40 10 0 0.899 -0.438 0 0.438 0.899 1 0 0 2780.dat
1 0 -30 -40 -110 0 1 0 0 0 1 1 0 0 2780.dat
1 0 -10 -40 -110 0 1 0 0 0 1 1 0 0 2780.dat
1 0 -70 0 -120 -1 0 0 0 0 -1 0 -1 0 2780.dat
1 0 30 0 -120 -1 0 0 0 0 -1 0 -1 0 2780.dat
0 STEP
1 71 -1.233 -57.976 20 0 0.899 0.438 0 0.438 -0.899 -1 0 0 44809.dat
1 0 -10.221 -62.36 20 0.899 0 -0.438 0.438 0 0.899 0 -1 0 2780.dat
1 0 -19.208 -66.743 20 0 -0.899 -0.438 0 -0.438 0.899 -1 0 0 18654.dat
1 71 -38.767 -57.976 20 0 0.899 -0.438 0 -0.438 -0.899 -1 0 0 44809.dat
1 71 -1.233 -57.976 -120 0 -0.899 0.438 0 -0.438 -0.899 1 0 0 44809.dat
1 0 -10.221 -62.36 -120 -0.899 0 -0.438 -0.438 0 0.899 0 1 0 2780.dat
1 0 -19.208 -66.743 -120 0 -0.899 -0.438 0 -0.438 0.899 -1 0 0 18654.dat
1 71 -38.767 -57.976 -120 0 -0.899 -0.438 0 0.438 -0.899 1 0 0 44809.dat
0 STEP
1 71 -80 0 -160 0 1 0 1 0 0 0 0 -1 32524.dat
1 71 40 0 -160 0 1 0 1 0 0 0 0 -1 32524.dat
1 0 -90 0 -100 -1 0 0 0 0 -1 0 -1 0 2780.dat
1 0 50 0 -100 -1 0 0 0 0 -1 0 -1 0 2780.dat
1 0 -100 -20 -100 0 0 -1 0 1 0 1 0 0 6536.dat
1 0 60 -20 -100 0 0 -1 0 1 0 1 0 0 6536.dat
1 14 60 -20 -120 0 0 -1 0 1 0 1 0 0 4519.dat
1 14 -100 -20 -120 0 0 -1 0 1 0 1 0 0 4519.dat
0 STEP
1 72 -20 -20 -120 0 0 -1 -1 0 0 0 1 0 40490.dat
1 0 -20 -20 -130 0 0 -1 -1 0 0 0 1 0 18171.dat
1 19 -20 -20 -143 1 0 0 0 -1 0 0 0 -1 6589.dat
1 72 -30 -20 -160 1 0 0 0 -1 0 0 0 -1 87083.dat
1 19 -3 -20 -160 0 0 -1 0 -1 0 -1 0 0 6589.dat
0 STEP
1 4 -100 -20 -160 1 0 0 0 1 0 0 0 1 32034.dat
1 72 -70 -20 -160 0 0 1 0 1 0 -1 0 0 59443.dat
1 71 -120 -20 -160 1 0 0 0 -1 0 0 0 -1 32073.dat
1 71 -120 -20 -160 0 0 1 0 1 0 -1 0 0 3713.dat
1 71 -135 -20 -160 0 0 1 0 1 0 -1 0 0 32123b.dat
1 72 -100 -20 -200 0 0 -1 0 1 0 1 0 0 11214.dat
0 STEP
1 1 20 -20 -130 0 0 1 0 1 0 -1 0 0 43093.dat
1 4 20 -20 -160 1 0 0 0 1 0 0 0 1 32034.dat
1 4 20 -20 -190 0 1 0 0 0 -1 -1 0 0 32062.dat
1 1 40 -20 -130 0 1 0 0 0 -1 -1 0 0 43093.dat
1 4 40 -20 -160 1 0 0 0 1 0 0 0 1 32034.dat
1 70 80 -20 -160 -1 0 0 0 -1 0 0 0 1 15462.dat
1 4 40 -20 -190 0 1 0 0 0 -1 -1 0 0 32062.dat
0 STEP
1 4 60 -20 -160 1 0 0 0 1 0 0 0 1 32034.dat
1 72 60 -20 -200 0 0 1 0 -1 0 1 0 0 11214.dat
1 71 80 -20 -160 0 0 -1 0 -1 0 -1 0 0 3713.dat
1 71 95 -20 -160 0 0 1 0 1 0 -1 0 0 32123b.dat
0 STEP
1 72 -20 -20 -200 0 0 -1 -1 0 0 0 1 0 40490.dat
1 0 -100 0 -220 1 0 0 0 -1 0 0 0 -1 6536.dat
1 0 60 0 -220 1 0 0 0 -1 0 0 0 -1 6536.dat
1 71 -20 0 -220 1 0 0 0 -1 0 0 0 -1 60485.dat
0 STEP
1 14 -20 0 -240 1 0 0 0 0 -1 0 1 0 44294.dat
1 0 5 -49.832 -235.909 0 -1 0 0.082 0 -0.997 0.997 0 0.082 32063.dat
1 0 -5 -49.832 -235.909 0 -1 0 0.082 0 -0.997 0.997 0 0.082 32063.dat
1 0 -35 -49.832 -235.909 0 -1 0 0.082 0 -0.997 0.997 0 0.082 32063.dat
1 0 -45 -49.832 -235.909 0 -1 0 0.082 0 -0.997 0.997 0 0.082 32063.dat
1 14 -20 -39.866 -236.727 1 0 0 0 0.082 -0.997 0 0.997 0.082 44294.dat
1 0 -60 -39.866 -236.727 1 0 0 0 -0.997 -0.082 0 0.082 -0.997 6536.dat
1 0 20 -39.866 -236.727 1 0 0 0 -0.997 -0.082 0 0.082 -0.997 6536.dat
1 71 -20 -59.799 -235.091 1 0 0 0 -0.997 -0.082 0 0.082 -0.997 32184.dat
1 71 -20 -79.732 -233.455 1 0 0 0 -0.997 -0.082 0 0.082 -0.997 32073.dat
1 72 -40 -99.665 -231.818 1 0 0 0 -0.997 -0.082 0 0.082 -0.997 11214.dat
1 71 0 -99.665 -231.818 1 0 0 0 -0.997 -0.082 0 0.082 -0.997 32054.dat
1 1 -60 -79.732 -233.455 0 0 1 -0.997 -0.082 0 0.082 -0.997 0 42123 - 32039.dat
1 1 20 -79.732 -233.455 0 0 -1 0.997 -0.082 0 -0.082 -0.997 0 42123 - 32039.dat
0 STEP
1 71 -80 0 -240 1 0 0 0 -1 0 0 0 -1 32291.dat
1 71 40 0 -240 1 0 0 0 -1 0 0 0 -1 32291.dat
1 1 -90 -20 -250 0 0.082 -0.997 0 -0.997 -0.082 -1 0 0 4274.dat
1 1 -70 -20 -250 0 0.082 -0.997 0 -0.997 -0.082 -1 0 0 4274.dat
1 1 30 -20 -250 0 0.082 -0.997 0 -0.997 -0.082 -1 0 0 4274.dat
1 1 50 -20 -250 0 0.082 -0.997 0 -0.997 -0.082 -1 0 0 4274.dat
0 STEP
1 0 3.151 -66.964 0 -0.438 0 -0.899 0.899 0 -0.438 0 -1 0 2780.dat
1 0 3.151 -66.964 -100 -0.438 0 -0.899 0.899 0 -0.438 0 -1 0 2780.dat
1 71 7.535 -75.952 -60 -0.899 -0.438 0 -0.438 0.899 0 0 0 -1 32524.dat
1 70 3.151 -66.964 -20 -0.438 0.899 0 0.899 0.438 0 0 0 -1 24316.dat
1 14 14.11 -89.434 -20 0.899 0 0.438 0.438 0 -0.899 0 1 0 32123b.dat
1 14 14.11 -89.434 -40 0.899 0 0.438 0.438 0 -0.899 0 1 0 32123b.dat
1 70 3.151 -66.964 -40 -0.438 0.899 0 0.899 0.438 0 0 0 -1 24316.dat
1 14 16.302 -93.928 -60 0.899 0 0.438 0.438 0 -0.899 0 1 0 32123b.dat
1 70 5.343 -71.458 -60 -0.438 0.899 0 0.899 0.438 0 0 0 -1 24316.dat
1 14 14.11 -89.434 -80 0.899 0 0.438 0.438 0 -0.899 0 1 0 32123b.dat
1 70 3.151 -66.964 -80 -0.438 0.899 0 0.899 0.438 0 0 0 -1 24316.dat
1 0 -43.151 -66.964 0 0.438 0 -0.899 0.899 0 0.438 0 -1 0 2780.dat
1 0 -43.151 -66.964 -100 0.438 0 -0.899 0.899 0 0.438 0 -1 0 2780.dat
1 71 -47.535 -75.952 -60 -0.899 0.438 0 0.438 0.899 0 0 0 -1 32524.dat
1 70 -43.151 -66.964 -20 0.438 0.899 0 0.899 -0.438 0 0 0 -1 24316.dat
1 14 -54.11 -89.434 -20 0.899 0 -0.438 -0.438 0 -0.899 0 1 0 32123b.dat
1 14 -54.11 -89.434 -40 0.899 0 -0.438 -0.438 0 -0.899 0 1 0 32123b.dat
1 70 -43.151 -66.964 -40 0.438 0.899 0 0.899 -0.438 0 0 0 -1 24316.dat
1 14 -56.302 -93.928 -60 0.899 0 -0.438 -0.438 0 -0.899 0 1 0 32123b.dat
1 70 -45.343 -71.458 -60 0.438 0.899 0 0.899 -0.438 0 0 0 -1 24316.dat
1 14 -54.11 -89.434 -80 0.899 0 -0.438 -0.438 0 -0.899 0 1 0 32123b.dat
1 70 -43.151 -66.964 -80 0.438 0.899 0 0.899 -0.438 0 0 0 -1 24316.dat
0 STEP


0 FILE 42123 - hogsupport.ldr
0 hogsupport
0 Name: 42123 - hogsupport.ldr
0 Author: Philippe Hurbain [Philo]
0 !LDRAW_ORG Model
0 !LICENSE Redistributable under CCAL version 2.0 : see CAreadme.txt

1 0 0 0 0 -1 0 0 0 0 -1 0 -1 0 32316.dat
1 0 0 0 10 -1 0 0 0 0 -1 0 -1 0 18171.dat
1 70 0 0 2 0 -1 0 0 0 -1 1 0 0 24316.dat
1 19 0 0 23 0 -1 0 1 0 0 0 0 1 6589.dat
1 72 0 0 -30 0 -1 0 1 0 0 0 0 1 59443.dat
0 STEP
1 0 0 -40 10 0 1 0 0 0 -1 -1 0 0 2780.dat
1 0 0 -60 20 1 0 0 0 1 0 0 0 1 6536.dat
1 14 0 -60 20 1 0 0 0 1 0 0 0 1 4519.dat
1 71 40 -60 20 1 0 0 0 1 0 0 0 1 32054.dat
1 71 -40 -60 20 -1 0 0 0 1 0 0 0 -1 32054.dat
0 STEP
1 72 0 -10 40 0 -1 0 1 0 0 0 0 1 87083.dat
1 19 0 17 40 0 1 0 0 0 -1 -1 0 0 6589.dat
1 72 0 -50 40 0 1 0 0 0 -1 -1 0 0 59443.dat
1 71 0 40 0 0 0 1 0 1 0 -1 0 0 32054.dat
1 1 0 40 30 0 0 1 0 1 0 -1 0 0 43093.dat
0 STEP
1 4 0 40 40 0 0 1 0 1 0 -1 0 0 32034.dat
1 72 40 40 40 -1 0 0 0 1 0 0 0 -1 11214.dat
1 72 -40 40 40 1 0 0 0 1 0 0 0 1 11214.dat
0 STEP
1 0 40 -40 40 0 -1 0 0 0 1 -1 0 0 42123 - 32526.dat
1 1 40 -40 40 1 0 0 0 0 1 0 -1 0 42123 - 42924.dat
1 0 30 0 40 1 0 0 0 0 1 0 -1 0 2780.dat
1 0 50 40 0 1 0 0 0 0 1 0 -1 0 2780.dat
1 0 20 -40 40 0 -1 0 0 0 -1 1 0 0 32316.dat
1 71 0 -80 40 1 0 0 0 1 0 0 0 1 42123 - 44874.dat
0 STEP
1 0 -40 -40 40 0 -1 0 0 0 1 -1 0 0 42123 - 32526.dat
1 1 -40 -40 40 -1 0 0 0 0 -1 0 -1 0 42123 - 42924.dat
1 0 -30 0 40 1 0 0 0 0 1 0 -1 0 2780.dat
1 0 -50 40 0 1 0 0 0 0 1 0 -1 0 2780.dat
1 0 -20 -40 40 0 1 0 0 0 -1 -1 0 0 32316.dat


0 FILE 42123 - hood1.ldr
0 hood1
0 Name: 42123 - hood1.ldr
0 Author: Philippe Hurbain [Philo]
0 !LDRAW_ORG Model
0 !LICENSE Redistributable under CCAL version 2.0 : see CAreadme.txt

1 0 -20 0 80 0 -1 0 -1 0 0 0 0 -1 32140.dat
1 1 -20 0 60 1 0 0 0 -1 0 0 0 -1 42123 - 42924.dat
1 71 0 0 80 1 0 0 0 -1 0 0 0 -1 32073.dat
1 0 0 -20 70 0 0 1 0 1 0 -1 0 0 32557.dat
1 1 0 -20 90 0 -1 0 -0.187 0 0.982 -0.982 0 -0.187 42123 - 65487.dat
0 STEP
1 1 0 0 40 1 0 0 0 -1 0 0 0 -1 42123 - 42924.dat
1 1 0 0 20 1 0 0 0 -1 0 0 0 -1 42123 - 42924.dat
1 0 0 0 0 0 1 0 1 0 0 0 0 -1 32316.dat
1 0 20 0 80 0 -1 0 -1 0 0 0 0 -1 32140.dat
1 0 30 0 60 1 0 0 0 -1 0 0 0 -1 2780.dat
0 STEP
1 1 0 0 -20 1 0 0 0 -1 0 0 0 -1 42123 - 42924.dat
1 71 0 -20 90 1 0 0 0 0.982 0.187 0 -0.187 0.982 60485.dat
1 0 0 -20 90 1 0 0 0 -0.982 -0.187 0 0.187 -0.982 41678.dat
1 1 -10 -6.439 107.779 0 1 0 0.982 0 -0.187 -0.187 0 -0.982 4274.dat
1 1 10 -6.439 107.779 0 1 0 0.982 0 -0.187 -0.187 0 -0.982 4274.dat
1 0 10 1.42 106.284 -1 0 0 0 0.982 -0.187 0 -0.187 -0.982 18654.dat
1 0 -10 1.42 106.284 -1 0 0 0 0.982 -0.187 0 -0.187 -0.982 18654.dat
1 0 25 -20 90 0 -1 0 -0.982 0 -0.187 0.187 0 -0.982 41677.dat
1 0 -25 -20 90 0 -1 0 -0.982 0 -0.187 0.187 0 -0.982 41677.dat


0 FILE 42123 - frontbump.ldr
0 frontbump
0 Name: 42123 - frontbump.ldr
0 Author: Philippe Hurbain [Philo]
0 !LDRAW_ORG Model
0 !LICENSE Redistributable under CCAL version 2.0 : see CAreadme.txt

1 0 0 0 0 1 0 0 0 1 0 0 0 1 26287.dat
1 4 0 0 30 0 0 1 0 1 0 -1 0 0 32062.dat
1 4 0 0 -30 0 0 1 0 1 0 -1 0 0 32062.dat
1 0 0 0 40 0 -1 0 1 0 0 0 0 1 11946.dat
1 0 0 0 -40 0 -1 0 -1 0 0 0 0 -1 11947.dat
0 STEP
1 0 -20 0 100 1 0 0 0 -1 0 0 0 -1 42123 - 65487.dat
1 0 -20 0 -100 1 0 0 0 -1 0 0 0 -1 42123 - 65487.dat
1 0 -20 -10 -100 0 1 0 1 0 0 0 0 -1 2780.dat
1 0 -20 -10 100 0 1 0 1 0 0 0 0 -1 2780.dat
0 STEP
1 0 -20 -20 0 -1 0 0 0 1 0 0 0 -1 41239.dat
1 0 -20 -10 60 0 1 0 1 0 0 0 0 -1 2780.dat
1 0 -20 -10 -60 0 1 0 1 0 0 0 0 -1 2780.dat
1 0 -20 -40 40 0 0 -1 1 0 0 0 -1 0 42123 - 65487.dat
1 0 -20 -40 30 0 0 -1 0 1 0 1 0 0 2780.dat
1 0 -20 -40 20 0 0 -1 1 0 0 0 -1 0 42123 - 65487.dat
1 0 -20 -40 -20 0 0 -1 1 0 0 0 -1 0 42123 - 65487.dat
1 0 -20 -40 -30 0 0 -1 0 1 0 1 0 0 2780.dat
1 0 -20 -40 -40 0 0 -1 1 0 0 0 -1 0 42123 - 65487.dat
1 36 -20 -40 -10 0 0 -1 1 0 0 0 -1 0 30374.dat
1 36 -20 -40 90 0 0 -1 1 0 0 0 -1 0 30374.dat


0 FILE 42123 - technicFlexAxle-studio-1.ldr
0 technicFlexAxle-studio-1
0 Name: 42123 - technicFlexAxle-studio-1.ldr
0 Author: Philippe Hurbain [Philo]
0 !LDRAW_ORG Model
0 !LICENSE Redistributable under CCAL version 2.0 : see CAreadme.txt

0 !CATEGORY technic
0 !KEYWORDS flexible

0 !LDCAD CONTENT [type=path] [addFallBack=default] [looped=false] [displayKind=mm] [curveStep=0] [displayLenCor=0]
0 !LDCAD PATH_POINT [type=bezier] [posOri=0 -1 0 1 0 0 0 1 0 0 0 1] [prevCPDist=25] [nextCPDist=1] [cirR=20] [cirDir=xyCW] [prevYRoll=0] [nextYRoll=0]
0 !LDCAD PATH_POINT [type=bezier] [posOri=0 -21 0 1 0 0 0 1 0 0 0 1] [prevCPDist=1] [nextCPDist=42] [cirR=20] [cirDir=xyCW] [prevYRoll=0] [nextYRoll=0]
0 !LDCAD PATH_POINT [type=bezier] [posOri=-8.519497 -80 152.283613 0.92388 0.382683 0 0 0 1 0.382683 -0.92388 0] [prevCPDist=56] [nextCPDist=1] [cirR=20] [cirDir=xyCW] [prevYRoll=0] [nextYRoll=0]
0 !LDCAD PATH_POINT [type=bezier] [posOri=-16.173166 -80 170.761204 0.92388 0.382683 0 0 0 1 0.382683 -0.92388 0] [prevCPDist=1] [nextCPDist=25] [cirR=20] [cirDir=xyCW] [prevYRoll=0] [nextYRoll=0]

0 !LDCAD PATH_SKIN [donCol=16] [donOri=1 0 0 0 -1 0 0 0 -1] [donPart=stud3a.dat] [donYSize=100%] [donCen=absCen] [donCenYOfs=0] [donFinScale=segMerge] [donPlace=refsStat] [donYAlign=0] [donInline=false] [segSize=100%] [segSizeTol=5%] [segsCnt=1] [segsGrp=0] [segsMaxMerge=1] [segsMrgAng=0] [segsMrgRollAng=0] [segsEdgeDelKind=keepFirstLeft]
0 !LDCAD PATH_SKIN [donCol=16] [donOri=1 0 0 0 1 0 0 0 1] [donPart=77.dat] [donYSize=100%] [donCen=absCen] [donCenYOfs=0] [donFinScale=segMerge] [donPlace=refsStat] [donYAlign=0] [donInline=false] [segSize=50%] [segSizeTol=5%] [segsCnt=32] [segsGrp=0] [segsMaxMerge=1] [segsMrgAng=0] [segsMrgRollAng=0] [segsEdgeDelKind=keepFirstLeft]
0 !LDCAD PATH_SKIN [donCol=16] [donOri=0 1 0 1 0 0 0 0 -1] [donPart=s\42123 - faxle1.dat] [donYSize=125%] [donCen=absCen] [donCenYOfs=0] [donFinScale=segMerge] [donPlace=refsStat] [donYAlign=0] [donInline=false] [segSize=80%] [segSizeTol=5%] [segsCnt=1] [segsGrp=0] [segsMaxMerge=1] [segsMrgAng=0] [segsMrgRollAng=0] [segsEdgeDelKind=keepAll]
0 !LDCAD PATH_SKIN [donCol=16] [donOri=0 1 0 1 0 0 0 0 -1] [donPart=s\42123 - faxle2.dat] [donYSize=125%] [donCen=absCen] [donCenYOfs=0] [donFinScale=segMerge] [donPlace=refsStat] [donYAlign=0] [donInline=false] [segSize=80%] [segSizeTol=5%] [segsCnt=1] [segsGrp=0] [segsMaxMerge=1] [segsMrgAng=0] [segsMrgRollAng=0] [segsEdgeDelKind=keepAll]
0 !LDCAD PATH_SKIN [donCol=16] [donOri=0 1 0 1 0 0 0 0 -1] [donPart=s\42123 - faxle3.dat] [donYSize=125%] [donCen=absCen] [donCenYOfs=0] [donFinScale=segMerge] [donPlace=refsStat] [donYAlign=0] [donInline=false] [segSize=80%] [segSizeTol=5%] [segsCnt=1] [segsGrp=0] [segsMaxMerge=1] [segsMrgAng=0] [segsMrgRollAng=0] [segsEdgeDelKind=keepAll]
0 !LDCAD PATH_SKIN [donCol=16] [donOri=0 1 0 1 0 0 0 0 -1] [donPart=s\42123 - faxle4.dat] [donYSize=125%] [donCen=absCen] [donCenYOfs=0] [donFinScale=segMerge] [donPlace=refsStat] [donYAlign=0] [donInline=false] [segSize=80%] [segSizeTol=5%] [segsCnt=1] [segsGrp=0] [segsMaxMerge=1] [segsMrgAng=0] [segsMrgRollAng=0] [segsEdgeDelKind=keepAll]
0 !LDCAD PATH_SKIN [donCol=16] [donOri=0 1 0 1 0 0 0 0 -1] [donPart=s\42123 - faxle5.dat] [donYSize=125%] [donCen=absCen] [donCenYOfs=0] [donFinScale=segMerge] [donPlace=refsStat] [donYAlign=0] [donInline=false] [segSize=80%] [segSizeTol=5%] [segsCnt=1] [segsGrp=0] [segsMaxMerge=1] [segsMrgAng=0] [segsMrgRollAng=0] [segsEdgeDelKind=keepAll]
0 !LDCAD PATH_SKIN [donCol=16] [donOri=1 0 0 0 1 0 0 0 1] [donPart=axlehol8.dat] [donYSize=100%] [donCen=absCen] [donCenYOfs=0] [donFinScale=segMerge] [donPlace=refsStat] [donYAlign=0] [donInline=false] [segSize=50%] [segSizeTol=5%] [segsCnt=0] [segsGrp=0] [segsMaxMerge=1] [segsMrgAng=0] [segsMrgRollAng=0] [segsEdgeDelKind=keepFirstLeft]
0 !LDCAD PATH_SKIN [donCol=16] [donOri=0 -1 0 -1 0 0 0 0 -1] [donPart=s\42123 - faxle5.dat] [donYSize=125%] [donCen=absCen] [donCenYOfs=0] [donFinScale=segMerge] [donPlace=refsStat] [donYAlign=0] [donInline=false] [segSize=80%] [segSizeTol=5%] [segsCnt=1] [segsGrp=0] [segsMaxMerge=1] [segsMrgAng=0] [segsMrgRollAng=0] [segsEdgeDelKind=keepAll]
0 !LDCAD PATH_SKIN [donCol=16] [donOri=0 -1 0 -1 0 0 0 0 -1] [donPart=s\42123 - faxle4.dat] [donYSize=125%] [donCen=absCen] [donCenYOfs=0] [donFinScale=segMerge] [donPlace=refsStat] [donYAlign=0] [donInline=false] [segSize=80%] [segSizeTol=5%] [segsCnt=1] [segsGrp=0] [segsMaxMerge=1] [segsMrgAng=0] [segsMrgRollAng=0] [segsEdgeDelKind=keepAll]
0 !LDCAD PATH_SKIN [donCol=16] [donOri=0 -1 0 -1 0 0 0 0 -1] [donPart=s\42123 - faxle3.dat] [donYSize=125%] [donCen=absCen] [donCenYOfs=0] [donFinScale=segMerge] [donPlace=refsStat] [donYAlign=0] [donInline=false] [segSize=80%] [segSizeTol=5%] [segsCnt=1] [segsGrp=0] [segsMaxMerge=1] [segsMrgAng=0] [segsMrgRollAng=0] [segsEdgeDelKind=keepAll]
0 !LDCAD PATH_SKIN [donCol=16] [donOri=0 -1 0 -1 0 0 0 0 -1] [donPart=s\42123 - faxle2.dat] [donYSize=125%] [donCen=absCen] [donCenYOfs=0] [donFinScale=segMerge] [donPlace=refsStat] [donYAlign=0] [donInline=false] [segSize=80%] [segSizeTol=5%] [segsCnt=1] [segsGrp=0] [segsMaxMerge=1] [segsMrgAng=0] [segsMrgRollAng=0] [segsEdgeDelKind=keepAll]
0 !LDCAD PATH_SKIN [donCol=16] [donOri=0 -1 0 -1 0 0 0 0 -1] [donPart=s\42123 - faxle1.dat] [donYSize=125%] [donCen=absCen] [donCenYOfs=0] [donFinScale=segMerge] [donPlace=refsStat] [donYAlign=0] [donInline=false] [segSize=80%] [segSizeTol=5%] [segsCnt=1] [segsGrp=0] [segsMaxMerge=1] [segsMrgAng=0] [segsMrgRollAng=0] [segsEdgeDelKind=keepAll]
