0 FILE 42120 - main.ldr
0 main
0 Name: 42120 - main.ldr
0 Author: Philippe Hurbain [Philo]
0 !LDRAW_ORG Model
0 !LICENSE Redistributable under CCAL version 2.0 : see CAreadme.txt

1 14 0 -18 140 1 0 0 0 1 0 0 0 1 4519.dat
1 4 40 -18 140 1 0 0 0 1 0 0 0 1 42120 - 65304.dat
1 4 -40 -18 140 -1 0 0 0 1 0 0 0 -1 42120 - 65304.dat
1 71 0 -18 140 -1 0 0 0 -1 0 0 0 1 63869.dat
0 STEP
1 0 -20 -38 130 0 0 1 0 -1 0 1 0 0 3705.dat
1 0 20 -38 130 0 0 1 0 -1 0 1 0 0 3705.dat
1 0 0 -38 150 0 0 1 -1 0 0 0 -1 0 87408.dat
1 4 0 -38 130 0 0 1 0 -1 0 1 0 0 3706.dat
1 0 0 -38 180 1 0 0 0 1 0 0 0 1 32270.dat
1 71 0 -38 120 1 0 0 0 1 0 0 0 1 3713.dat
0 STEP
1 0 40 -18 120 0 1 0 -1 0 0 0 0 1 42120 - 32526.dat
1 1 50 -58 200 1 0 0 0 -1 0 0 0 -1 43093.dat
1 1 50 -18 200 1 0 0 0 -1 0 0 0 -1 43093.dat
1 0 50 -38 200 0 -1 0 0 0 1 -1 0 0 87408.dat
1 0 50 -18 180 -1 0 0 0 0 1 0 1 0 42120 - 61332.dat
1 25 60 -18 160 0 -1 0 -1 0 0 0 0 -1 42120 - 32523.dat
0 STEP
1 0 50 -38 200 1 0 0 0 -1 0 0 0 -1 3705.dat
1 0 80 -38 200 0 0 1 0 1 0 -1 0 0 32270.dat
1 19 17 -38 200 0 0 -1 0 1 0 1 0 0 6589.dat
0 STEP
1 0 -40 -18 120 0 1 0 -1 0 0 0 0 1 42120 - 32526.dat
1 1 -50 -58 200 -1 0 0 0 -1 0 0 0 1 43093.dat
1 1 -50 -18 200 -1 0 0 0 -1 0 0 0 1 43093.dat
1 0 -50 -38 200 0 1 0 0 0 1 1 0 0 87408.dat
1 0 -50 -18 180 -1 0 0 0 0 1 0 1 0 42120 - 61332.dat
1 25 -60 -18 160 0 1 0 1 0 0 0 0 -1 42120 - 32523.dat
0 STEP
1 0 -50 -38 200 -1 0 0 0 -1 0 0 0 1 3705.dat
1 0 -80 -38 200 0 0 -1 0 1 0 1 0 0 32270.dat
1 19 -17 -38 200 0 0 1 0 1 0 -1 0 0 6589.dat
0 STEP
1 15 0 -58 140 -1 0 0 0 1 0 0 0 -1 42120 - chassis1.ldr
0 STEP
1 0 0 -38 110 0 0 -1 -1 0 0 0 1 0 87408.dat
1 19 0 -38 87 -1 0 0 0 1 0 0 0 -1 6589.dat
1 14 0 -38 60 -1 0 0 0 1 0 0 0 -1 44294.dat
1 27 -35 -38 60 0 0 -1 0 1 0 1 0 0 4185a.dat
1 27 35 -38 60 0 0 -1 0 1 0 1 0 0 4185a.dat
1 0 -35 -38 60 0 0 -1 0 1 0 1 0 0 2815.dat
1 0 35 -38 60 0 0 -1 0 1 0 1 0 0 2815.dat
1 14 -45 -38 60 0 0 -1 0 1 0 1 0 0 32123b.dat
1 14 45 -38 60 0 0 -1 0 1 0 1 0 0 32123b.dat
1 19 17 -38 60 0 0 1 0 1 0 -1 0 0 32198.dat
0 STEP
1 14 -80 -18 60 -1 0 0 0 1 0 0 0 -1 42120 - chassis2.ldr
0 STEP
1 25 -20 -38 -120 0 -1 0 -1 0 0 0 0 -1 41239.dat
1 27 0 -38 -20 -1 0 0 0 -1 0 0 0 1 42120 - 44874.dat
1 27 0 -38 -240 -1 0 0 0 -1 0 0 0 1 42120 - 44874.dat
1 71 0 -38 -200 0 0 1 -1 0 0 0 -1 0 42120 - 65489.dat
1 71 0 -38 -80 0 0 1 -1 0 0 0 -1 0 42120 - 65489.dat
1 1 0 -48 -60 0 0 1 -1 0 0 0 -1 0 4274.dat
1 25 20 -38 -120 0 -1 0 -1 0 0 0 0 -1 41239.dat
0 STEP
1 0 80 -18 60 -1 0 0 0 1 0 0 0 -1 42120 - chassis3.ldr
0 STEP
1 0 90 -18 -20 -1 0 0 0 1 0 0 0 -1 42120 - 61332.dat
1 0 90 -18 40 -1 0 0 0 1 0 0 0 -1 42120 - 61332.dat
1 0 -90 -18 -20 -1 0 0 0 1 0 0 0 -1 42120 - 61332.dat
1 0 -90 -18 40 -1 0 0 0 1 0 0 0 -1 42120 - 61332.dat
1 70 0 -78 -20 0 1 0 1 0 0 0 0 -1 15462.dat
1 0 0 -18 -10 0 1 0 0 0 -1 -1 0 0 42120 - 61332.dat
1 15 0 -18 -20 1 0 0 0 0 -1 0 1 0 18654.dat
0 STEP
1 0 0 -18 -80 1 0 0 0 1 0 0 0 1 42120 - steer1.ldr
0 STEP
1 4 0 -58 -100 -1 0 0 0 0 1 0 1 0 98585.dat
1 71 20 -68 -100 0 -1 0 1 0 0 0 0 1 3673.dat
1 0 0 -88 -100 0 -1 0 0 0 -1 1 0 0 59443.dat
0 STEP
1 0 0 -58 -20 0 0 1 0 -1 0 1 0 0 32524.dat
1 71 -60 -68 -20 0 -1 0 1 0 0 0 0 1 3673.dat
1 71 20 -68 -20 0 -1 0 1 0 0 0 0 1 3673.dat
1 71 60 -68 -20 0 -1 0 1 0 0 0 0 1 3673.dat
1 0 -20 -68 -20 0 -1 0 1 0 0 0 0 1 42120 - 61332.dat
1 15 0 -78 -20 0 0 -1 0 1 0 1 0 0 42120 - 60483.dat
0 STEP
1 4 20 -78 -60 1 0 0 0 1 0 0 0 1 32316.dat
1 4 0 -78 160 1 0 0 0 1 0 0 0 1 32062.dat
1 72 15 -78 160 0 1 0 -1 0 0 0 0 1 41677.dat
0 STEP
1 71 0 -78 200 -1 0 0 0 0 1 0 1 0 42003.dat
1 4 0 -78 180 1 0 0 0 1 0 0 0 1 32062.dat
1 71 0 -58 210 0 0 -1 -1 0 0 0 1 0 42120 - 65098.dat
1 0 0 -38 200 1 0 0 0 1 0 0 0 1 60484.dat
0 STEP
1 72 -15 -78 160 0 1 0 -1 0 0 0 0 1 41677.dat
1 72 -100 -88 200 0 1 0 1 0 0 0 0 -1 55013.dat
1 72 100 -88 200 0 1 0 1 0 0 0 0 -1 55013.dat
1 19 100 -21 200 0 1 0 0 0 -1 -1 0 0 6589.dat
1 19 -100 -21 200 0 1 0 0 0 -1 -1 0 0 6589.dat
0 STEP
1 71 100 -78 200 0 1 0 0 0 -1 -1 0 0 3713.dat
1 71 -100 -78 200 0 1 0 0 0 -1 -1 0 0 3713.dat
1 25 -60 -78 80 -1 0 0 0 1 0 0 0 -1 41239.dat
1 71 -60 -88 200 0 -1 0 1 0 0 0 0 1 3673.dat
1 0 -60 -68 -40 0 -1 0 1 0 0 0 0 1 42120 - 61332.dat
1 15 -60 -58 -40 1 0 0 0 1 0 0 0 1 18654.dat
1 0 -60 -98 200 0 0 -1 0 1 0 1 0 0 60484.dat
1 25 60 -78 80 -1 0 0 0 1 0 0 0 -1 41239.dat
1 71 60 -88 200 0 1 0 -1 0 0 0 0 1 3673.dat
1 0 60 -68 -40 0 1 0 -1 0 0 0 0 1 42120 - 61332.dat
1 15 60 -58 -40 1 0 0 0 1 0 0 0 1 18654.dat
1 0 60 -98 200 0 0 1 0 1 0 -1 0 0 60484.dat
0 STEP
1 71 -100 -108 180 0 -1 0 1 0 0 0 0 1 3673.dat
1 71 100 -108 180 0 -1 0 1 0 0 0 0 1 3673.dat
1 0 0 -118 180 0 0 1 0 1 0 -1 0 0 32525.dat
0 STEP
1 0 -120 -58 80 -1 0 0 0 -1 0 0 0 1 24119.dat
1 0 -100 -18 10 0 0 1 0 -1 0 1 0 0 42120 - 61332.dat
1 0 -120 -58 10 0 0 1 0 -1 0 1 0 0 42120 - 61332.dat
1 0 -120 -58 -60 -1 0 0 0 -1 0 0 0 1 24119.dat
1 0 120 -58 80 1 0 0 0 -1 0 0 0 -1 24119.dat
1 0 100 -18 10 0 0 -1 0 -1 0 -1 0 0 42120 - 61332.dat
1 0 120 -58 10 0 0 -1 0 -1 0 -1 0 0 42120 - 61332.dat
1 0 120 -58 -60 1 0 0 0 -1 0 0 0 -1 24119.dat
0 STEP
1 0 -120 -28 180 0 -1 0 -1 0 0 0 0 -1 42120 - 61332.dat
1 0 120 -28 180 0 -1 0 -1 0 0 0 0 -1 42120 - 61332.dat
1 0 -40 -38 240 0 0 1 -1 0 0 0 -1 0 24116.dat
1 0 40 -38 240 0 0 -1 1 0 0 0 -1 0 24116.dat
1 1 40 -38 240 0 0 -1 1 0 0 0 -1 0 42120 - 42924.dat
1 1 -40 -38 240 0 0 -1 1 0 0 0 -1 0 42120 - 42924.dat
1 1 -120 -58 160 0 0 -1 0 -1 0 -1 0 0 42120 - 42924.dat
1 0 -120 -58 180 0 0 -1 -1 0 0 0 1 0 18654.dat
1 1 120 -58 160 0 0 -1 0 -1 0 -1 0 0 42120 - 42924.dat
1 0 120 -58 180 0 0 -1 -1 0 0 0 1 0 18654.dat
0 STEP
1 1 -20 -38 240 0 0 -1 -1 0 0 0 1 0 42120 - 42924.dat
1 1 20 -38 240 0 0 -1 -1 0 0 0 1 0 42120 - 42924.dat
1 0 0 -18 240 0 0 -1 0 1 0 1 0 0 32316.dat
1 0 0 -58 240 0 0 -1 0 1 0 1 0 0 32316.dat
0 STEP
1 71 0 -58 -180 1 0 0 0 -1 0 0 0 -1 42120 - front.ldr
0 STEP
1 1 0 -38 -180 0 -1 0 -1 0 0 0 0 -1 42120 - 42924.dat
1 1 0 -38 -220 0 -1 0 -1 0 0 0 0 -1 42120 - 42924.dat
1 71 0 -18 -239 1 0 0 0 -1 0 0 0 -1 32524.dat
0 STEP
1 25 0 -58 -220 1 0 0 0 -1 0 0 0 -1 42120 - 32523.dat
1 1 0 -58 -240 0 1 0 1 0 0 0 0 -1 42120 - 42924.dat
1 0 0 -68 -200 0 0 1 -1 0 0 0 -1 0 42120 - 61332.dat
0 STEP
1 25 0 -98 -80 1 0 0 0 1 0 0 0 1 42120 - top.ldr
0 STEP
1 0 0 -128 -20 1 0 0 0 0 1 0 -1 0 59443.dat
1 1 20 -119.213 -127.071 0 1 0 -0.707 0 0.707 0.707 0 0.707 4274.dat
1 1 0 -119.213 -127.071 0 1 0 -0.707 0 0.707 0.707 0 0.707 4274.dat
1 1 -20 -119.213 -127.071 0 1 0 -0.707 0 0.707 0.707 0 0.707 4274.dat
1 0 0 -124.87 -121.414 1 0 0 0 0.707 0.707 0 -0.707 0.707 63864.dat
0 STEP
1 25 0 -158 -40 1 0 0 0 1 0 0 0 1 42120 - backtop.ldr
0 STEP
1 0 0 -158 60 0 0 1 1 0 0 0 1 0 18651.dat
1 0 0 -168 -20 0 0 1 1 0 0 0 1 0 3705.dat
1 71 0 -178 -20 0 1 0 0 0 -1 -1 0 0 3713.dat
1 0 0 -198 -20 0 1 0 0 0 -1 -1 0 0 32270.dat
0 STEP
1 0 -120 -78 160 0 -1 0 0 0 -1 1 0 0 18651.dat
1 0 120 -78 160 0 -1 0 0 0 -1 1 0 0 18651.dat
1 0 0 -68 240 0 -1 0 1 0 0 0 0 1 42120 - 61332.dat
1 0 0 -78 240 -1 0 0 0 1 0 0 0 -1 42120 - 44874.dat
1 0 -10 -78 240 -1 0 0 0 1 0 0 0 -1 42120 - technicRibHose-LQ-3.ldr
1 0 10 -78 240 1 0 0 0 -1 0 0 0 -1 42120 - technicRibHose-LQ-3.ldr
0 STEP
1 1 -60 -108 140 0 -1 0 -1 0 0 0 0 -1 43093.dat
1 0 -60 -118 140 0 -1 0 0 0 -1 1 0 0 24122.dat
1 0 -60 -118 120 1 0 0 0 0 1 0 -1 0 30374.dat
1 1 60 -108 140 0 -1 0 -1 0 0 0 0 -1 43093.dat
1 0 60 -118 140 0 -1 0 0 0 -1 1 0 0 24122.dat
1 0 60 -118 120 1 0 0 0 0 1 0 -1 0 30374.dat
0 STEP
1 1 20 -108 140 0 -1 0 -1 0 0 0 0 -1 4274.dat
1 1 -20 -108 140 0 -1 0 -1 0 0 0 0 -1 4274.dat
1 71 40 -158 70 0 -1 0 0 0 -1 1 0 0 4274.dat
1 71 40 -138 70 0 -1 0 0 0 -1 1 0 0 4274.dat
1 179 20 -111 140 0 0 -1 0 1 0 1 0 0 93550.dat
1 179 -20 -111 140 0 0 -1 0 1 0 1 0 0 93550.dat
1 15 40 -158 78 -1 0 0 0 0 -1 0 -1 0 30340.dat
0 STEP
1 72 0 -178 60 -1 0 0 0 -1 0 0 0 1 27940.dat
1 33 38 -178 60 0 -1 0 1 0 0 0 0 1 59900.dat
1 33 -38 -178 60 0 1 0 1 0 0 0 0 -1 59900.dat
1 19 100 -108 220 0 1 0 -1 0 0 0 0 1 32002.dat
1 19 -100 -108 220 0 1 0 -1 0 0 0 0 1 32002.dat
0 STEP
1 0 100 -138 250 1 0 0 0 0 -1 0 1 0 87408.dat
1 14 100 -138 240 0 1 0 0 0 -1 -1 0 0 4519.dat
1 0 100 -138 220 0 -1 0 1 0 0 0 0 1 32270.dat
1 19 100 -155 200 0 -1 0 0 0 1 -1 0 0 6589.dat
1 0 100 -138 280 0 1 0 0 0 1 1 0 0 32054.dat
1 0 -100 -138 250 1 0 0 0 0 -1 0 1 0 87408.dat
1 14 -100 -138 240 0 1 0 0 0 -1 -1 0 0 4519.dat
1 0 -100 -138 220 0 -1 0 1 0 0 0 0 1 32270.dat
1 19 -100 -155 200 0 -1 0 0 0 1 -1 0 0 6589.dat
1 0 -100 -138 280 0 1 0 0 0 1 1 0 0 32054.dat
0 STEP
1 1 100 -118 250 0 1 0 0 0 -1 -1 0 0 43093.dat
1 1 -100 -118 250 0 1 0 0 0 -1 -1 0 0 43093.dat
1 0 100 -118 260 0 -1 0 -1 0 0 0 0 -1 32184.dat
1 0 -100 -118 260 0 -1 0 -1 0 0 0 0 -1 32184.dat
0 STEP
1 0 80 -138 260 -1 0 0 0 -1 0 0 0 1 10197.dat
1 25 80 -138 240 -1 0 0 0 1 0 0 0 -1 11947.dat
1 0 -120 -138 260 -1 0 0 0 -1 0 0 0 1 10197.dat
1 25 -120 -138 240 -1 0 0 0 1 0 0 0 -1 11947.dat
1 0 120 -138 260 -1 0 0 0 -1 0 0 0 1 10197.dat
1 25 120 -138 240 -1 0 0 0 1 0 0 0 -1 11946.dat
1 0 -80 -138 260 -1 0 0 0 -1 0 0 0 1 10197.dat
1 25 -80 -138 240 -1 0 0 0 1 0 0 0 -1 11946.dat
0 STEP
1 72 100 -138 272 1 0 0 0 0 -1 0 1 0 15535.dat
1 72 100 -138 280 1 0 0 0 0 -1 0 1 0 4285b.dat
1 72 -100 -138 272 1 0 0 0 0 -1 0 1 0 15535.dat
1 72 -100 -138 280 1 0 0 0 0 -1 0 1 0 4285b.dat
1 0 100 -138 300 0 1 0 1 0 0 0 0 -1 42120 - 92842.dat
1 0 -100 -138 300 0 1 0 1 0 0 0 0 -1 42120 - 92842.dat
0 STEP
1 72 0 -78 -220 -1 0 0 0 0 1 0 1 0 60208.dat
1 0 0 -88 -220 -1 0 0 0 0 1 0 1 0 46667.dat
1 0 0 -119 -100 0 0 -1 0 1 0 1 0 0 48729b.dat
1 179 0 -119 -100 1 0 0 0 0.866 0.5 0 -0.5 0.866 30031.dat
0 STEP
1 0 40 -98 -180 -1 0 0 0 0 -1 0 -1 0 32192.dat
1 25 40 -158 -50 1 0 0 0 0 -1 0 1 0 42120 - technicFlexAxle-studio-1.ldr
1 0 -40 -98 -180 -1 0 0 0 0 -1 0 -1 0 32192.dat
1 25 -40 -158 -50 1 0 0 0 0 -1 0 1 0 42120 - technicFlexAxle-studio-1.ldr
0 STEP


0 FILE 42120 - chassis1.ldr
0 chassis1
0 Name: 42120 - chassis1.ldr
0 Author: Philippe Hurbain [Philo]
0 !LDRAW_ORG Model
0 !LICENSE Redistributable under CCAL version 2.0 : see CAreadme.txt

1 71 0 0 0 0 0 -1 1 0 0 0 -1 0 32525.dat
1 1 100 0 -20 0 0 -1 0 -1 0 -1 0 0 42120 - 42924.dat
1 1 60 0 -20 0 0 -1 0 -1 0 -1 0 0 42120 - 42924.dat
1 1 -60 0 -20 0 0 -1 0 -1 0 -1 0 0 42120 - 42924.dat
1 1 -100 0 -20 0 0 -1 0 -1 0 -1 0 0 42120 - 42924.dat
1 1 20 0 0 0 0 -1 0 -1 0 -1 0 0 42120 - 42924.dat
1 1 -20 0 0 0 0 -1 0 -1 0 -1 0 0 42120 - 42924.dat
1 0 40 0 -20 0 0 1 1 0 0 0 1 0 42120 - 32526.dat
1 0 -40 0 -20 0 0 -1 1 0 0 0 -1 0 42120 - 32526.dat
0 STEP
1 71 0 -20 -20 1 0 0 0 1 0 0 0 1 63869.dat
1 0 120 40 -40 0 0 -1 0 1 0 1 0 0 42120 - 65487.dat
1 0 -120 40 -40 0 0 -1 0 1 0 1 0 0 42120 - 65487.dat
1 1 -60 0 -40 0 0 1 0 1 0 -1 0 0 32013.dat
1 0 -100 0 -40 0 0 -1 0 -1 0 -1 0 0 10197.dat
1 1 60 0 -40 0 0 -1 0 1 0 1 0 0 32013.dat
1 0 100 0 -40 0 0 1 0 -1 0 1 0 0 10197.dat
0 STEP
1 15 -100 20 -40 -1 0 0 0 1 0 0 0 -1 42120 - 60483.dat
1 15 100 20 -40 -1 0 0 0 1 0 0 0 -1 42120 - 60483.dat
1 15 -20 20 20 -1 0 0 0 0 -1 0 -1 0 42120 - 60483.dat
1 15 20 20 20 -1 0 0 0 0 -1 0 -1 0 42120 - 60483.dat


0 FILE 42120 - chassis2.ldr
0 chassis2
0 Name: 42120 - chassis2.ldr
0 Author: Philippe Hurbain [Philo]
0 !LDRAW_ORG Model
0 !LICENSE Redistributable under CCAL version 2.0 : see CAreadme.txt

1 71 0 0 0 0 1 0 -1 0 0 0 0 1 32525.dat
1 0 -10 0 100 -1 0 0 0 -1 0 0 0 1 42120 - 61332.dat
1 0 -10 0 40 -1 0 0 0 -1 0 0 0 1 42120 - 61332.dat
1 0 -10 0 0 -1 0 0 0 -1 0 0 0 1 42120 - 61332.dat
1 0 -10 0 -100 -1 0 0 0 -1 0 0 0 1 42120 - 61332.dat
0 STEP
1 0 0 0 -60 1 0 0 0 1 0 0 0 1 32054.dat
1 1 -30 0 -60 1 0 0 0 1 0 0 0 1 43093.dat
1 15 -20 -20 100 0 -1 0 0 0 1 -1 0 0 42120 - 60483.dat
1 72 -20 0 60 0 -1 0 -1 0 0 0 0 -1 32140.dat
1 70 -38 0 60 1 0 0 0 -1 0 0 0 -1 24316.dat
0 STEP
1 0 -40 -20 60 0 -1 0 1 0 0 0 0 1 42120 - 71708.dat
1 4 -40 -20 100 1 0 0 0 1 0 0 0 1 11214.dat
1 1 -50 -20 60 1 0 0 0 1 0 0 0 1 43093.dat
1 14 -80 0 60 0 0 1 0 1 0 -1 0 0 32034.dat
0 STEP


0 FILE 42120 - chassis3.ldr
0 chassis3
0 Name: 42120 - chassis3.ldr
0 Author: Philippe Hurbain [Philo]
0 !LDRAW_ORG Model
0 !LICENSE Redistributable under CCAL version 2.0 : see CAreadme.txt

1 71 0 0 0 0 -1 0 1 0 0 0 0 1 32525.dat
1 0 10 0 100 -1 0 0 0 -1 0 0 0 1 42120 - 61332.dat
1 0 10 0 40 -1 0 0 0 -1 0 0 0 1 42120 - 61332.dat
1 0 10 0 0 -1 0 0 0 -1 0 0 0 1 42120 - 61332.dat
1 0 10 0 -100 -1 0 0 0 -1 0 0 0 1 42120 - 61332.dat
0 STEP
1 0 0 0 -60 -1 0 0 0 1 0 0 0 -1 32054.dat
1 1 30 0 -60 -1 0 0 0 1 0 0 0 -1 43093.dat
1 15 20 -20 100 0 1 0 0 0 1 1 0 0 42120 - 60483.dat
1 72 20 0 60 0 -1 0 -1 0 0 0 0 -1 32140.dat
1 70 38 0 60 -1 0 0 0 -1 0 0 0 1 24316.dat
0 STEP
1 0 40 -20 60 0 -1 0 1 0 0 0 0 1 42120 - 71708.dat
1 4 40 -20 100 -1 0 0 0 1 0 0 0 -1 11214.dat
1 1 50 -20 60 -1 0 0 0 1 0 0 0 -1 43093.dat
0 STEP


0 FILE 42120 - steer1.ldr
0 steer1
0 Name: 42120 - steer1.ldr
0 Author: Philippe Hurbain [Philo]
0 !LDRAW_ORG Model
0 !LICENSE Redistributable under CCAL version 2.0 : see CAreadme.txt

1 71 0 0 0 1 0 0 0 1 0 0 0 1 32073.dat
1 15 -40 0 0 0 1 0 1 0 0 0 0 -1 42120 - 60483.dat
1 4 -25 0 -30 0 1 0 1 0 0 0 0 -1 32449.dat
1 4 -15 0 -30 0 1 0 1 0 0 0 0 -1 32449.dat
1 14 0 0 -60 1 0 0 0 0 1 0 -1 0 4519.dat
1 1 0 0 -40 1 0 0 0 0 1 0 -1 0 42120 - 42924.dat
0 STEP
1 71 0 0 -40 0 0 1 -1 0 0 0 -1 0 42003.dat
1 71 0 0 0 0 0 1 -1 0 0 0 -1 0 3713.dat
1 4 25 0 -30 0 1 0 1 0 0 0 0 -1 32449.dat
1 4 15 0 -30 0 1 0 1 0 0 0 0 -1 32449.dat
1 15 40 0 0 0 1 0 1 0 0 0 0 -1 42120 - 60483.dat
0 STEP
1 19 0 -30 -20 0 1 0 1 0 0 0 0 -1 99008.dat
1 19 40 0 -20 -1 0 0 0 1 0 0 0 -1 32556.dat
1 19 -40 0 -20 1 0 0 0 1 0 0 0 1 32556.dat
1 71 60 0 -20 0 0 1 0 1 0 -1 0 0 42610.dat
1 71 -60 0 -20 0 0 1 0 1 0 -1 0 0 42610.dat
1 0 60 0 -20 0 0 1 0 1 0 -1 0 0 50951.dat
1 0 -60 0 -20 0 0 1 0 1 0 -1 0 0 50951.dat


0 FILE 42120 - front.ldr
0 front
0 Name: 42120 - front.ldr
0 Author: Philippe Hurbain [Philo]
0 !LDRAW_ORG Model
0 !LICENSE Redistributable under CCAL version 2.0 : see CAreadme.txt

1 25 0 0 0 0 0 1 0 1 0 -1 0 0 40490.dat
1 0 60 -10 0 0 0 1 1 0 0 0 1 0 42120 - 61332.dat
1 0 -60 -10 0 0 0 1 1 0 0 0 1 0 42120 - 61332.dat
1 0 40 -20 0 0 0 1 0 -1 0 1 0 0 60484.dat
1 0 -40 -20 0 0 0 -1 0 1 0 1 0 0 60484.dat
0 STEP
1 0 80 -30 20 0 0 1 1 0 0 0 1 0 42120 - 61332.dat
1 0 80 -30 -20 0 0 1 1 0 0 0 1 0 42120 - 61332.dat
1 0 -80 -30 20 0 0 1 1 0 0 0 1 0 42120 - 61332.dat
1 0 -80 -30 -20 0 0 1 1 0 0 0 1 0 42120 - 61332.dat
1 0 80 -40 40 1 0 0 0 -1 0 0 0 -1 42120 - 32526.dat
1 0 -80 -40 40 -1 0 0 0 1 0 0 0 -1 42120 - 32526.dat
0 STEP
1 4 -40 0 0 0 0 1 1 0 0 0 1 0 11214.dat
1 4 40 0 0 0 0 1 1 0 0 0 1 0 11214.dat
1 1 -120 -20 -40 0 0 1 1 0 0 0 1 0 42120 - 42924.dat
1 1 120 -20 -40 0 0 1 1 0 0 0 1 0 42120 - 42924.dat
0 STEP
1 0 70 -20 69.087 0 -0.909 -0.417 1 0 0 0 -0.417 0.909 18944.dat
1 0 -70 -20 69.087 0 0.909 -0.417 1 0 0 0 -0.417 -0.909 18944.dat
1 0 120 0 -40 0 0 -1 0 -1 0 -1 0 0 42120 - 65487.dat
1 0 -120 0 -40 0 0 -1 0 -1 0 -1 0 0 42120 - 65487.dat
0 STEP
1 15 0 -40 178.174 1 0 0 0 -1 0 0 0 -1 42120 - front2.ldr
0 STEP
1 0 0 0 138.174 1 0 0 0 1 0 0 0 1 60484.dat
1 1 0 10 178.174 0 0 1 1 0 0 0 1 0 4274.dat
1 71 0 10 138.174 0 0 1 1 0 0 0 1 0 61184.dat
0 STEP
1 34 0 0 98.174 1 0 0 0 -1 0 0 0 -1 42120 - frontlights.ldr
0 STEP
1 25 0 22 158.174 0 0 1 0 -1 0 1 0 0 3623.dat
1 25 0 30 138.174 0 0 1 0 -1 0 1 0 0 24866.dat
1 25 0 46 158.174 1 0 0 0 -1 0 0 0 -1 50950.dat
0 STEP


0 FILE 42120 - front2.ldr
0 front2
0 Name: 42120 - front2.ldr
0 Author: Philippe Hurbain [Philo]
0 !LDRAW_ORG Model
0 !LICENSE Redistributable under CCAL version 2.0 : see CAreadme.txt

1 1 0 0 0 1 0 0 0 1 0 0 0 1 42120 - 42924.dat
1 0 0 0 0 0 1 0 -1 0 0 0 0 1 42120 - 65487.dat
1 0 -20 0 0 1 0 0 0 0 1 0 -1 0 10197.dat
1 0 20 0 0 1 0 0 0 0 1 0 -1 0 10197.dat
0 STEP
1 0 0 0 20 0 -1 0 0 0 1 -1 0 0 32184.dat
0 STEP
1 0 0 -20 40 -1 0 0 0 -1 0 0 0 1 32316.dat
1 0 0 -10 59 0 -1 0 1 0 0 0 0 1 42120 - 61332.dat
1 0 0 -10 40 0 -1 0 1 0 0 0 0 1 42120 - 61332.dat
1 1 0 -20 20 0 -1 0 1 0 0 0 0 1 42120 - 42924.dat
1 15 0 0 40 1 0 0 0 1 0 0 0 1 18654.dat


0 FILE 42120 - frontlights.ldr
0 frontlights
0 Name: 42120 - frontlights.ldr
0 Author: Philippe Hurbain [Philo]
0 !LDRAW_ORG Model
0 !LICENSE Redistributable under CCAL version 2.0 : see CAreadme.txt

1 4 0 0 0 0 -1 0 0 0 1 -1 0 0 42120 - 42135.dat
1 4 0 -20 -10 0 -1 0 0 0 1 -1 0 0 32062.dat
1 4 0 20 0 0 -1 0 -1 0 0 0 0 -1 11214.dat
1 14 0 -20 -15 0 -1 0 -1 0 0 0 0 -1 32123b.dat
0 STEP
1 0 0 -20 -28 -1 0 0 0 0 1 0 1 0 32124.dat
1 47 -30 -20 -36 -1 0 0 0 0 1 0 1 0 42120 - 3023.dat
1 47 30 -20 -36 -1 0 0 0 0 1 0 1 0 42120 - 3023.dat
1 47 -20 -20 -60 0 0 1 1 0 0 0 1 0 3040b.dat
1 47 20 -20 -60 0 0 -1 -1 0 0 0 1 0 3040b.dat
1 36 20 -20 -60 0 0 -1 -1 0 0 0 1 0 42120 - 54200.dat
1 34 -20 -20 -60 0 0 1 1 0 0 0 1 0 42120 - 54200.dat


0 FILE 42120 - top.ldr
0 top
0 Name: 42120 - top.ldr
0 Author: Philippe Hurbain [Philo]
0 !LDRAW_ORG Model
0 !LICENSE Redistributable under CCAL version 2.0 : see CAreadme.txt

1 71 0 0 0 1 0 0 0 1 0 0 0 1 32073.dat
1 1 -45 0 40 0 -1 0 -1 0 0 0 0 -1 32056.dat
1 71 0 -40 40 1 0 0 0 1 0 0 0 1 32073.dat
1 0 -30 -40 40 0 1 0 0 0 1 1 0 0 42120 - 60483.dat
1 0 -30 0 0 0 1 0 -1 0 0 0 0 1 42120 - 60483.dat
0 STEP
1 1 -15 0 40 0 -1 0 -1 0 0 0 0 -1 32056.dat
1 4 0 0 40 -1 0 0 0 0 1 0 1 0 32062.dat
1 72 0 0 40 -1 0 0 0 0 1 0 1 0 6536.dat
0 STEP
1 1 45 0 40 0 -1 0 -1 0 0 0 0 -1 32056.dat
1 0 30 -40 40 0 1 0 0 0 1 1 0 0 42120 - 60483.dat
1 1 15 0 40 0 -1 0 -1 0 0 0 0 -1 32056.dat
1 0 30 0 0 0 1 0 -1 0 0 0 0 1 42120 - 60483.dat
0 STEP
1 0 60 0 40 -1 0 0 0 0 1 0 1 0 18651.dat
1 72 60 0 40 0 1 0 1 0 0 0 0 -1 32140.dat
1 1 50 0 20 -1 0 0 0 0 -1 0 -1 0 43093.dat
1 0 -60 0 40 1 0 0 0 0 -1 0 1 0 18651.dat
1 72 -60 0 40 0 1 0 1 0 0 0 0 -1 32140.dat
1 1 -50 0 20 1 0 0 0 0 1 0 -1 0 43093.dat
1 0 -70 0 -20 1 0 0 0 1 0 0 0 1 42120 - 61332.dat
1 0 70 0 -20 1 0 0 0 1 0 0 0 1 42120 - 61332.dat
0 STEP
1 25 80 0 20 0 -1 0 -1 0 0 0 0 -1 24119.dat
1 0 80 0 90 0 -1 0 0 0 1 -1 0 0 42120 - 61332.dat
1 0 120 20 90 0 -1 0 0 0 1 -1 0 0 42120 - 61332.dat
1 25 80 0 160 0 -1 0 -1 0 0 0 0 -1 24119.dat
1 1 70 0 60 -1 0 0 0 0 -1 0 -1 0 4274.dat
0 STEP
1 1 0 0 200 1 0 0 0 1 0 0 0 1 42120 - deck.ldr
0 STEP
1 25 -80 0 20 0 1 0 -1 0 0 0 0 1 24119.dat
1 0 -80 0 90 0 1 0 0 0 1 1 0 0 42120 - 61332.dat
1 0 -120 20 90 0 1 0 0 0 1 1 0 0 42120 - 61332.dat
1 25 -80 0 160 0 1 0 -1 0 0 0 0 1 24119.dat
1 1 -70 0 60 1 0 0 0 0 1 0 -1 0 4274.dat
0 STEP
1 1 80 0 230 0 1 0 0 0 1 1 0 0 43093.dat
1 1 -80 0 230 0 1 0 0 0 1 1 0 0 43093.dat
1 25 80 0 240 0 0 -1 1 0 0 0 -1 0 41669.dat
1 25 -80 0 240 0 0 1 -1 0 0 0 -1 0 41669.dat
0 STEP
1 0 120 30 -20 0 0 1 -1 0 0 0 -1 0 42120 - 61332.dat
1 0 120 30 60 0 0 1 -1 0 0 0 -1 0 42120 - 61332.dat
1 0 120 30 120 0 0 1 -1 0 0 0 -1 0 42120 - 61332.dat
1 0 120 30 200 0 0 1 -1 0 0 0 -1 0 42120 - 61332.dat
1 0 -120 30 -20 0 0 1 -1 0 0 0 -1 0 42120 - 61332.dat
1 0 -120 30 60 0 0 1 -1 0 0 0 -1 0 42120 - 61332.dat
1 0 -120 30 120 0 0 1 -1 0 0 0 -1 0 42120 - 61332.dat
1 0 -120 30 200 0 0 1 -1 0 0 0 -1 0 42120 - 61332.dat
0 STEP
1 0 -20 10 140 0 0 1 -1 0 0 0 -1 0 42120 - 61332.dat
1 0 20 10 140 0 0 1 -1 0 0 0 -1 0 42120 - 61332.dat
1 25 0 20 140 0 0 1 0 -1 0 1 0 0 42120 - 32523.dat
1 19 0 10 140 0 0 1 1 0 0 0 1 0 99008.dat
1 71 0 0 140 1 0 0 0 0 -1 0 1 0 3713.dat
1 0 0 -30 140 1 0 0 0 0 -1 0 1 0 59443.dat
1 19 0 33 140 1 0 0 0 0 1 0 -1 0 6589.dat
0 STEP
1 4 0 0 -40 1 0 0 0 0 -1 0 1 0 42120 - deckfront.ldr
0 STEP
1 1 -120 20 -50 0 1 0 0 0 -1 -1 0 0 43093.dat
1 1 120 20 -50 0 1 0 0 0 -1 -1 0 0 43093.dat
1 1 68.519 20 -127.716 0.383 -0.924 0 0 0 -1 0.924 0.383 0 43093.dat
1 1 68.519 0 -127.716 0.383 -0.924 0 0 0 -1 0.924 0.383 0 43093.dat
1 1 -68.519 0 -127.716 -0.383 -0.924 0 0 0 -1 0.924 -0.383 0 43093.dat
1 1 -68.519 20 -127.716 -0.383 -0.924 0 0 0 -1 0.924 -0.383 0 43093.dat
0 STEP
1 70 80 20 -20 -1 0 0 0 0 -1 0 -1 0 24316.dat
1 1 100 20 -20 -1 0 0 0 0 -1 0 -1 0 6553.dat
1 1 86.997 20 -135.37 0.383 -0.924 0 0 0 -1 0.924 0.383 0 43093.dat
1 25 100 20 -41 0 0 -1 0 -1 0 -1 0 0 42120 - technicRibHose-LQ-1.ldr
1 70 -80 20 -20 1 0 0 0 0 1 0 -1 0 24316.dat
1 1 -100 20 -20 1 0 0 0 0 1 0 -1 0 6553.dat
1 1 -86.997 20 -135.37 -0.383 0.924 0 0 0 1 0.924 0.383 0 43093.dat
1 25 -100 20 -41 0 0 1 0 1 0 -1 0 0 42120 - technicRibHose-LQ-1.ldr
0 STEP
1 25 -64.693 0 -136.955 0 0.924 0.383 1 0 0 0 0.383 -0.924 64391.dat
1 1 -32.493 0 -188.561 0.924 0.354 0.146 0 -0.383 0.924 0.383 -0.854 -0.354 4274.dat
1 1 -24.839 0 -207.039 0.924 0.354 0.146 0 -0.383 0.924 0.383 -0.854 -0.354 4274.dat
1 1 -93.994 10 -170.74 0 -0.383 0.924 -1 0 0 0 -0.924 -0.383 4274.dat
1 33 -93.994 2 -170.74 0 0 1 0 1 0 -1 0 0 98138.dat
1 72 -28.666 0 -197.8 0 -0.924 0.383 -1 0 0 0 -0.383 -0.924 61409.dat
0 STEP
1 25 64.693 0 -136.955 0 -0.924 -0.383 -1 0 0 0 0.383 -0.924 64683.dat
1 1 32.493 0 -188.561 -0.924 -0.354 0.146 0 -0.383 -0.924 0.383 -0.854 0.354 4274.dat
1 1 24.839 0 -207.039 -0.924 -0.354 0.146 0 -0.383 -0.924 0.383 -0.854 0.354 4274.dat
1 1 93.994 10 -170.74 0 0.383 0.924 -1 0 0 0 -0.924 0.383 4274.dat
1 33 93.994 2 -170.74 0 0 -1 0 1 0 1 0 0 98138.dat
1 72 28.666 0 -197.8 0 0.924 -0.383 1 0 0 0 -0.383 -0.924 61409.dat
1 1 105.475 20 -143.024 0.383 0.924 0 0 0 1 0.924 -0.383 0 43093.dat
1 1 -105.475 20 -143.024 -0.383 0.924 0 0 0 1 0.924 0.383 0 43093.dat
0 STEP
1 25 -120 20 -50 0 1 0 0 0 -1 -1 0 0 42120 - technicRibHose-LQ-2.ldr
1 25 120 20 -50 0 -1 0 0 0 1 -1 0 0 42120 - technicRibHose-LQ-2.ldr


0 FILE 42120 - deck.ldr
0 deck
0 Name: 42120 - deck.ldr
0 Author: Philippe Hurbain [Philo]
0 !LDRAW_ORG Model
0 !LICENSE Redistributable under CCAL version 2.0 : see CAreadme.txt

1 0 0 0 0 0 1 0 -1 0 0 0 0 1 32316.dat
1 1 0 0 0 1 0 0 0 0 1 0 -1 0 42120 - 42924.dat
1 1 0 0 -40 1 0 0 0 0 1 0 -1 0 42120 - 42924.dat
0 STEP
1 72 -40 0 -20 0 0 1 0 1 0 -1 0 0 42120 - 71709.dat
1 72 40 0 -20 0 0 1 0 1 0 -1 0 0 42120 - 71709.dat
1 0 -70 0 0 -1 0 0 0 0 -1 0 -1 0 42120 - 61332.dat
1 0 -70 0 -40 -1 0 0 0 0 -1 0 -1 0 42120 - 61332.dat
1 0 70 0 0 -1 0 0 0 0 -1 0 -1 0 42120 - 61332.dat
1 0 70 0 -40 -1 0 0 0 0 -1 0 -1 0 42120 - 61332.dat
1 0 -40 0 -90 0 -1 0 0 0 -1 1 0 0 42120 - 61332.dat
1 0 -20 0 -90 0 -1 0 0 0 -1 1 0 0 42120 - 61332.dat
1 0 20 0 -90 0 -1 0 0 0 -1 1 0 0 42120 - 61332.dat
1 0 40 0 -90 0 -1 0 0 0 -1 1 0 0 42120 - 61332.dat
0 STEP
1 71 40 0 -100 0 -1 0 -1 0 0 0 0 -1 42003.dat
1 71 -40 0 -100 0 1 0 -1 0 0 0 0 1 42003.dat
1 1 -60 -10 -100 0 1 0 1 0 0 0 0 -1 43093.dat
1 1 60 -10 -100 0 1 0 1 0 0 0 0 -1 43093.dat


0 FILE 42120 - deckfront.ldr
0 deckfront
0 Name: 42120 - deckfront.ldr
0 Author: Philippe Hurbain [Philo]
0 !LDRAW_ORG Model
0 !LICENSE Redistributable under CCAL version 2.0 : see CAreadme.txt

1 0 0 0 0 -1 0 0 0 -0.707 0.707 0 0.707 0.707 63869.dat
1 14 0 0 0 -1 0 0 0 -0.707 0.707 0 0.707 0.707 4519.dat
1 0 30 0 0 0 0 1 -0.707 -0.707 0 0.707 -0.707 0 59443.dat
1 0 -30 0 0 0 0 1 -0.707 -0.707 0 0.707 -0.707 0 59443.dat
1 1 -50 0 0 1 0 0 0 -0.707 0.707 0 -0.707 -0.707 43093.dat
1 1 50 0 0 -1 0 0 0 -0.707 -0.707 0 -0.707 0.707 43093.dat
0 STEP
1 72 -60 0 -20 0 0 1 1 0 0 0 1 0 6536.dat
1 72 60 0 -20 0 0 1 1 0 0 0 1 0 6536.dat
1 4 60 -20 -20 0 0 1 1 0 0 0 1 0 11214.dat
1 4 -60 -20 -20 0 0 1 1 0 0 0 1 0 11214.dat
0 STEP
1 25 -20 -20 -20 0 0 -1 0 1 0 1 0 0 32140.dat
1 25 20 -20 -20 0 0 1 0 -1 0 1 0 0 32140.dat
1 0 -40 -30 -20 0 0 1 -1 0 0 0 -1 0 42120 - 61332.dat
1 0 40 -30 -20 0 0 1 -1 0 0 0 -1 0 42120 - 61332.dat
1 1 20 -30 -20 0 0 1 1 0 0 0 1 0 43093.dat
1 1 -20 -30 -20 0 0 1 1 0 0 0 1 0 43093.dat
1 0 0 -40 -20 0 0 1 0 -1 0 1 0 0 32524.dat
0 STEP
1 4 80 -20 0 0 0 1 -1 0 0 0 -1 0 11214.dat
1 4 -80 -20 0 0 0 1 -1 0 0 0 -1 0 11214.dat
0 STEP
1 25 -80 -60 0 0 -1 0 0 0 -1 1 0 0 32016.dat
1 25 80 -60 0 0 1 0 0 0 -1 -1 0 0 32016.dat
1 4 80 -60 -20 0 0 1 0 1 0 -1 0 0 11214.dat
1 4 -80 -60 -20 0 0 1 0 1 0 -1 0 0 11214.dat
1 25 -80 -60 -20 0 -1 0 0 0 -1 1 0 0 32016.dat
1 25 80 -60 -20 0 1 0 0 0 -1 -1 0 0 32016.dat
0 STEP
1 14 80 -20 -20 0 0 1 1 0 0 0 1 0 4519.dat
1 14 -80 -20 -20 0 0 1 1 0 0 0 1 0 4519.dat
1 4 -80 0 -20 1 0 0 0 0 -1 0 1 0 42120 - 42135.dat
1 4 80 0 -20 1 0 0 0 0 -1 0 1 0 42120 - 42135.dat


0 FILE 42120 - technicRibHose-LQ-1.ldr
0 technicRibHose-LQ-1
0 Name: 42120 - technicRibHose-LQ-1.ldr
0 Author: Philippe Hurbain [Philo]
0 !LDRAW_ORG Model
0 !LICENSE Redistributable under CCAL version 2.0 : see CAreadme.txt

0 !CATEGORY technic
0 !KEYWORDS flexible

0 !LDCAD CONTENT [type=path] [addFallBack=default] [looped=false] [displayKind=L] [curveStep=0] [displayLenCor=0]
0 !LDCAD PATH_POINT [type=bezier] [posOri=0 0 0 0 -1 0 1 0 0 0 0 1] [prevCPDist=25] [nextCPDist=40] [cirR=20] [cirDir=xyCW] [prevYRoll=0] [nextYRoll=0]
0 !LDCAD PATH_POINT [type=bezier] [posOri=94.370055 0 13.002912 0.382683 -0.92388 0 0 0 1 -0.92388 -0.382683 0] [prevCPDist=40] [nextCPDist=25] [cirR=20] [cirDir=xyCW] [prevYRoll=0] [nextYRoll=0]

0 !LDCAD PATH_SKIN [donCol=16] [donOri=1 0 0 0 1 0 0 0 1] [donPart=71944k01.dat] [donYSize=100%] [donCen=absCen] [donCenYOfs=0] [donFinScale=none] [donPlace=refsStat] [donYAlign=0] [donInline=false] [segSize=80%] [segSizeTol=5%] [segsCnt=1] [segsGrp=0] [segsMaxMerge=1] [segsMrgAng=0] [segsMrgRollAng=0] [segsEdgeDelKind=keepFirstLeft]
0 !LDCAD PATH_SKIN [donCol=16] [donOri=1 0 0 0 1 0 0 0 1] [donPart=71944k02.dat] [donYSize=100%] [donCen=absCen] [donCenYOfs=0] [donFinScale=none] [donPlace=refsStat] [donYAlign=0] [donInline=false] [segSize=80%] [segSizeTol=5%] [segsCnt=0] [segsGrp=0] [segsMaxMerge=1] [segsMrgAng=0] [segsMrgRollAng=0] [segsEdgeDelKind=keepFirstLeft]
0 !LDCAD PATH_SKIN [donCol=16] [donOri=1 0 0 0 -1 0 0 0 -1] [donPart=71944k01.dat] [donYSize=100%] [donCen=absCen] [donCenYOfs=0] [donFinScale=none] [donPlace=refsStat] [donYAlign=0] [donInline=false] [segSize=80%] [segSizeTol=5%] [segsCnt=1] [segsGrp=0] [segsMaxMerge=1] [segsMrgAng=0] [segsMrgRollAng=0] [segsEdgeDelKind=keepFirstLeft]

0 !LDCAD GENERATED [generator=LDCad 1.7 Alpha 1]
0 //This is the fallback LDraw content for above PATH configuration.
0 // Do not edit, any changes will be lost upon regeneration.
0 // The path is approx 38.47 mm (96.19) and exists out of 18 segments.

0 //Some general hints about the document.
0 UNOFFICIAL PART
0 BFC CERTIFY CCW

0 //Segments
1 16 2.110018 0 -0.004757 0 -0.999997 0.002255 1 0 0 0 0.002255 0.999997 71944k01.dat
1 16 7.686569 0 -0.026698 -0.000288 -0.999983 0.00576 0.998751 0 0.049963 -0.049962 0.005767 0.998734 71944k02.dat
1 16 13.019611 0 -0.061813 -0.000836 -0.999973 0.007354 0.993604 0 0.112923 -0.11292 0.007401 0.993577 71944k02.dat
1 16 18.352646 0 -0.098029 -0.001129 -0.999981 0.006076 0.983158 0 0.182759 -0.182756 0.00618 0.983139 71944k02.dat
1 16 23.935745 0 -0.116694 -0.000194 -1 0.000724 0.96572 0 0.259585 -0.259585 0.000749 0.96572 71944k02.dat
1 16 29.518745 0 -0.09254 0.003388 -0.999951 -0.009278 0.939344 0 0.342975 -0.342958 -0.009878 0.939299 71944k02.dat
1 16 34.850804 0 0.003209 0.011236 -0.999661 -0.02348 0.902039 0 0.431654 -0.431507 -0.02603 0.901734 71944k02.dat
1 16 40.179776 0 0.202418 0.025475 -0.998815 -0.041479 0.852126 0 0.523336 -0.522716 -0.048677 0.851116 71944k02.dat
1 16 45.501521 0 0.539333 0.047739 -0.996979 -0.061273 0.788843 0 0.614595 -0.612738 -0.077675 0.78646 71944k02.dat
1 16 50.809442 0 1.04617 0.078825 -0.993662 -0.080136 0.712915 0 0.70125 -0.696806 -0.112406 0.708397 71944k02.dat
1 16 56.341373 0 1.789489 0.118519 -0.988364 -0.095341 0.626799 0 0.779181 -0.770114 -0.152107 0.619506 71944k02.dat
1 16 61.839599 0 2.750161 0.163892 -0.981017 -0.103655 0.534525 0 0.845152 -0.829109 -0.19392 0.524379 71944k02.dat
1 16 67.048568 0 3.888095 0.208995 -0.972515 -0.102647 0.440843 0 0.897584 -0.872914 -0.232841 0.428726 71944k02.dat
1 16 72.209872 0 5.226305 0.252049 -0.963132 -0.094062 0.349636 0 0.936886 -0.902345 -0.269028 0.336745 71944k02.dat
1 16 77.320698 0 6.746654 0.290478 -0.953578 -0.079447 0.263815 0 0.964573 -0.919796 -0.301147 0.251568 71944k02.dat
1 16 82.380705 0 8.428979 0.32408 -0.944061 -0.060999 0.184974 0 0.982743 -0.92777 -0.32977 0.174627 71944k02.dat
1 16 87.625173 0 10.342074 0.352153 -0.935073 -0.040324 0.113763 0 0.993508 -0.929003 -0.354455 0.106376 71944k02.dat
1 16 92.731936 0 12.33952 0.374888 0.926879 0.018805 0.050099 0 -0.998744 -0.925715 0.37536 -0.046436 71944k01.dat


0 FILE 42120 - technicRibHose-LQ-2.ldr
0 technicRibHose-LQ-2
0 Name: 42120 - technicRibHose-LQ-2.ldr
0 Author: Philippe Hurbain [Philo]
0 !LDRAW_ORG Model
0 !LICENSE Redistributable under CCAL version 2.0 : see CAreadme.txt

0 !CATEGORY technic
0 !KEYWORDS flexible

0 !LDCAD CONTENT [type=path] [addFallBack=default] [looped=false] [displayKind=L] [curveStep=0] [displayLenCor=0]
0 !LDCAD PATH_POINT [type=bezier] [posOri=0 0 0 0 -1 0 1 0 0 0 0 1] [prevCPDist=25] [nextCPDist=40] [cirR=20] [cirDir=xyCW] [prevYRoll=0] [nextYRoll=0]
0 !LDCAD PATH_POINT [type=bezier] [posOri=93.023724 14.525322 0 0.382683 -0.92388 0 -0.92388 -0.382683 0 0 0 -1] [prevCPDist=40] [nextCPDist=25] [cirR=20] [cirDir=xyCW] [prevYRoll=0] [nextYRoll=0]

0 !LDCAD PATH_SKIN [donCol=16] [donOri=1 0 0 0 1 0 0 0 1] [donPart=71944k01.dat] [donYSize=100%] [donCen=absCen] [donCenYOfs=0] [donFinScale=none] [donPlace=refsStat] [donYAlign=0] [donInline=false] [segSize=80%] [segSizeTol=5%] [segsCnt=1] [segsGrp=0] [segsMaxMerge=1] [segsMrgAng=0] [segsMrgRollAng=0] [segsEdgeDelKind=keepFirstLeft]
0 !LDCAD PATH_SKIN [donCol=16] [donOri=1 0 0 0 1 0 0 0 1] [donPart=71944k02.dat] [donYSize=100%] [donCen=absCen] [donCenYOfs=0] [donFinScale=none] [donPlace=refsStat] [donYAlign=0] [donInline=false] [segSize=80%] [segSizeTol=5%] [segsCnt=0] [segsGrp=0] [segsMaxMerge=1] [segsMrgAng=0] [segsMrgRollAng=0] [segsEdgeDelKind=keepFirstLeft]
0 !LDCAD PATH_SKIN [donCol=16] [donOri=1 0 0 0 -1 0 0 0 -1] [donPart=71944k01.dat] [donYSize=100%] [donCen=absCen] [donCenYOfs=0] [donFinScale=none] [donPlace=refsStat] [donYAlign=0] [donInline=false] [segSize=80%] [segSizeTol=5%] [segsCnt=1] [segsGrp=0] [segsMaxMerge=1] [segsMrgAng=0] [segsMrgRollAng=0] [segsEdgeDelKind=keepFirstLeft]

0 !LDCAD GENERATED [generator=LDCad 1.7 Alpha 1]
0 //This is the fallback LDraw content for above PATH configuration.
0 // Do not edit, any changes will be lost upon regeneration.
0 // The path is approx 38.02 mm (95.06) and exists out of 18 segments.

0 //Some general hints about the document.
0 UNOFFICIAL PART
0 BFC CERTIFY CCW

0 //Segments
1 16 2.054188 -0.001211 0 0.000589 -1 0 1 0.000589 0 0 0 1 71944k01.dat
1 16 7.511416 -0.004754 0 0.000715 -1 0 1 0.000715 0 0 0 1 71944k02.dat
1 16 12.967494 -0.002778 0 -0.001345 -0.999999 0 0.999999 -0.001345 0 0 0 1 71944k02.dat
1 16 18.423508 0.018708 0 -0.00678 -0.999977 0 0.999977 -0.00678 0 0 0 1 71944k02.dat
1 16 23.629194 0.077152 0 -0.015673 -0.999877 0 0.999877 -0.015673 0 0 0 1 71944k02.dat
1 16 29.083644 0.20295 0 -0.029794 -0.999556 0 0.999556 -0.029794 0 0 0 1 71944k02.dat
1 16 34.535007 0.420394 0 -0.050881 -0.998705 0 0.998705 -0.050881 0 0 0 1 71944k02.dat
1 16 39.730064 0.750424 0 -0.075909 -0.997115 0 0.997115 -0.075909 0 0 0 1 71944k02.dat
1 16 44.913509 1.226171 0 -0.106864 -0.994274 0 0.994274 -0.106864 0 0 0 1 71944k02.dat
1 16 50.324681 1.91476 0 -0.143867 -0.989597 0 0.989597 -0.143867 0 0 0 1 71944k02.dat
1 16 55.70675 2.801722 0 0.183077 -0.983098 0 -0.983098 -0.183077 0 0 0 -1 71944k02.dat
1 16 60.804387 3.852627 0 0.220667 -0.975349 0 -0.975349 -0.220667 0 0 0 -1 71944k02.dat
1 16 66.100435 5.15925 0 0.25667 -0.966499 0 -0.966499 -0.25667 0 0 0 -1 71944k02.dat
1 16 71.34854 6.647434 0 0.290412 -0.956902 0 -0.956902 -0.290412 0 0 0 -1 71944k02.dat
1 16 76.307728 8.229466 0 0.317368 -0.948302 0 -0.948302 -0.317368 0 0 0 -1 71944k02.dat
1 16 81.457551 10.029928 0 0.341527 -0.939872 0 -0.939872 -0.341527 0 0 0 -1 71944k02.dat
1 16 86.565645 11.946031 0 0.36179 -0.93226 0 -0.93226 -0.36179 0 0 0 -1 71944k02.dat
1 16 91.378613 13.85708 0 0.376336 0.926483 0 -0.926483 0.376336 0 0 0 1 71944k01.dat


0 FILE 42120 - backtop.ldr
0 backtop
0 Name: 42120 - backtop.ldr
0 Author: Philippe Hurbain [Philo]
0 !LDRAW_ORG Model
0 !LICENSE Redistributable under CCAL version 2.0 : see CAreadme.txt

1 71 0 0 0 1 0 0 0 1 0 0 0 1 32073.dat
1 0 -40 0 -20 -1 0 0 0 1 0 0 0 -1 42120 - 42135.dat
1 0 -20 0 0 -1 0 0 0 -1 0 0 0 1 32291.dat
1 0 0 0 20 -1 0 0 0 0 -1 0 -1 0 32184.dat
0 STEP
1 0 20 0 0 -1 0 0 0 -1 0 0 0 1 32291.dat
1 0 40 0 -20 -1 0 0 0 1 0 0 0 -1 42120 - 42135.dat
1 71 -30 -20 -10 0 0 1 0 1 0 -1 0 0 4274.dat
1 71 -10 -20 -10 0 0 1 0 1 0 -1 0 0 4274.dat
1 71 10 -20 -10 0 0 1 0 1 0 -1 0 0 4274.dat
1 71 30 -20 -10 0 0 1 0 1 0 -1 0 0 4274.dat
1 47 -30 -20 -18 0 0 1 1 0 0 0 1 0 98138.dat
1 47 -10 -20 -18 0 0 1 1 0 0 0 1 0 98138.dat
1 47 10 -20 -18 0 0 1 1 0 0 0 1 0 98138.dat
1 47 30 -20 -18 0 0 1 1 0 0 0 1 0 98138.dat
0 STEP
1 14 0 0 40 1 0 0 0 0 -1 0 1 0 4519.dat
1 25 -20 0 40 0 -1 0 1 0 0 0 0 1 32140.dat
1 14 0 0 60 1 0 0 0 0 -1 0 1 0 4519.dat
1 1 -20 0 80 -1 0 0 0 0 -1 0 -1 0 42120 - 42924.dat
1 0 0 0 60 0 1 0 0 0 1 1 0 0 42120 - 71708.dat
0 STEP
1 0 0 0 100 1 0 0 0 1 0 0 0 1 42120 - 44874.dat
1 25 20 0 40 0 -1 0 1 0 0 0 0 1 32140.dat
1 0 30 0 80 1 0 0 0 1 0 0 0 1 42120 - 61332.dat
0 STEP
1 70 2 40 60 1 0 0 0 1 0 0 0 1 24316.dat
1 70 2 20 60 1 0 0 0 1 0 0 0 1 24316.dat
1 71 0 40 40 -1 0 0 0 0 1 0 1 0 92907.dat
1 14 25 40 60 0 0 -1 1 0 0 0 -1 0 32123b.dat
1 14 25 20 60 0 0 -1 1 0 0 0 -1 0 32123b.dat
0 STEP
1 25 60 40 100 -1 0 0 0 1 0 0 0 -1 64391.dat
1 25 -60 40 100 -1 0 0 0 1 0 0 0 -1 64683.dat
1 0 -60 50 40 0 -1 0 -1 0 0 0 0 -1 42120 - 61332.dat
1 0 0 50 40 0 -1 0 -1 0 0 0 0 -1 42120 - 61332.dat
1 0 60 50 40 0 -1 0 -1 0 0 0 0 -1 42120 - 61332.dat
1 0 0 60 40 0 0 -1 0 -1 0 -1 0 0 32524.dat


0 FILE 42120 - technicRibHose-LQ-3.ldr
0 technicRibHose-LQ-3
0 Name: 42120 - technicRibHose-LQ-3.ldr
0 Author: Philippe Hurbain [Philo]
0 !LDRAW_ORG Model
0 !LICENSE Redistributable under CCAL version 2.0 : see CAreadme.txt

0 !CATEGORY technic
0 !KEYWORDS flexible

0 !LDCAD CONTENT [type=path] [addFallBack=default] [looped=false] [displayKind=L] [curveStep=0] [displayLenCor=0]
0 !LDCAD PATH_POINT [type=bezier] [posOri=0 0 0 0 -1 0 1 0 0 0 0 1] [prevCPDist=25] [nextCPDist=40] [cirR=20] [cirDir=xyCW] [prevYRoll=0] [nextYRoll=0]
0 !LDCAD PATH_POINT [type=bezier] [posOri=110 0 50 0 0 -1 1 0 0 0 -1 0] [prevCPDist=67] [nextCPDist=25] [cirR=20] [cirDir=xyCW] [prevYRoll=0] [nextYRoll=0]
0 !LDCAD PATH_POINT [type=bezier] [posOri=110 0 90 0 0 -1 1 0 0 0 -1 0] [prevCPDist=40] [nextCPDist=25] [cirR=20] [cirDir=xyCW] [prevYRoll=0] [nextYRoll=0]

0 !LDCAD PATH_SKIN [donCol=16] [donOri=1 0 0 0 1 0 0 0 1] [donPart=71944k01.dat] [donYSize=100%] [donCen=absCen] [donCenYOfs=0] [donFinScale=none] [donPlace=refsStat] [donYAlign=0] [donInline=false] [segSize=80%] [segSizeTol=5%] [segsCnt=1] [segsGrp=0] [segsMaxMerge=1] [segsMrgAng=0] [segsMrgRollAng=0] [segsEdgeDelKind=keepFirstLeft]
0 !LDCAD PATH_SKIN [donCol=16] [donOri=1 0 0 0 1 0 0 0 1] [donPart=71944k02.dat] [donYSize=100%] [donCen=absCen] [donCenYOfs=0] [donFinScale=none] [donPlace=refsStat] [donYAlign=0] [donInline=false] [segSize=80%] [segSizeTol=5%] [segsCnt=0] [segsGrp=0] [segsMaxMerge=1] [segsMrgAng=0] [segsMrgRollAng=0] [segsEdgeDelKind=keepFirstLeft]
0 !LDCAD PATH_SKIN [donCol=16] [donOri=1 0 0 0 -1 0 0 0 -1] [donPart=71944k01.dat] [donYSize=100%] [donCen=absCen] [donCenYOfs=0] [donFinScale=none] [donPlace=refsStat] [donYAlign=0] [donInline=false] [segSize=80%] [segSizeTol=5%] [segsCnt=1] [segsGrp=0] [segsMaxMerge=1] [segsMrgAng=0] [segsMrgRollAng=0] [segsEdgeDelKind=keepFirstLeft]

0 !LDCAD GENERATED [generator=LDCad 1.7 Alpha 1]
0 //This is the fallback LDraw content for above PATH configuration.
0 // Do not edit, any changes will be lost upon regeneration.
0 // The path is approx 72.49 mm (181.22) and exists out of 35 segments.

0 //Some general hints about the document.
0 UNOFFICIAL PART
0 BFC CERTIFY CCW

0 //Segments
1 16 1.931611 0 -0.028704 0 -0.99989 0.014859 1 0 0 0 0.014859 0.99989 71944k01.dat
1 16 7.375049 0 -0.171153 0 -0.999295 0.037533 1 0 0 0 0.037533 0.999295 71944k02.dat
1 16 12.547454 0 -0.401972 0 -0.998629 0.052341 1 0 0 0 0.052341 0.998629 71944k02.dat
1 16 17.717078 0 -0.691193 0 -0.998255 0.059052 1 0 0 0 0.059052 0.998255 71944k02.dat
1 16 23.135229 0 -1.013762 0 -0.99821 0.059807 1 0 0 0 0.059807 0.99821 71944k02.dat
1 16 28.30433 0 -1.312537 0 -0.998465 0.055387 1 0 0 0 0.055387 0.998465 71944k02.dat
1 16 33.475411 0 -1.573578 0 -0.998946 0.045903 1 0 0 0 0.045903 0.998946 71944k02.dat
1 16 38.649007 0 -1.776346 0 -0.999496 0.031737 1 0 0 0 0.031737 0.999496 71944k02.dat
1 16 43.825201 0 -1.889214 0 -0.999918 0.012777 1 0 0 0 0.012777 0.999918 71944k02.dat
1 16 49.002449 0 -1.896772 0 -0.999939 -0.011006 1 0 0 0 -0.011006 0.999939 71944k02.dat
1 16 54.177487 0 -1.756771 0 -0.999134 -0.041598 1 0 0 0 -0.041598 0.999134 71944k02.dat
1 16 59.593705 0 -1.425155 0 -0.996746 -0.080604 1 0 0 0 -0.080604 0.996746 71944k02.dat
1 16 64.742713 0 -0.897664 0 -0.992115 -0.125329 1 0 0 0 -0.125329 0.992115 71944k02.dat
1 16 69.856701 0 -0.104475 0 -0.983934 -0.178532 1 0 0 0 -0.178532 0.983934 71944k02.dat
1 16 74.91501 0 0.982769 0 -0.969596 -0.244709 1 0 0 0 -0.244709 0.969596 71944k02.dat
1 16 79.873975 0 2.452938 0 -0.947512 -0.319719 1 0 0 0 -0.319719 0.947512 71944k02.dat
1 16 84.692437 0 4.326346 0 -0.912762 -0.408492 1 0 0 0 -0.408492 0.912762 71944k02.dat
1 16 89.280066 0 6.704069 0 -0.862673 -0.505763 1 0 0 0 -0.505763 0.862673 71944k02.dat
1 16 93.761089 0 9.740082 0 -0.789563 -0.61367 1 0 0 0 -0.61367 0.789563 71944k02.dat
1 16 97.615652 0 13.173405 0 -0.695686 -0.718346 1 0 0 0 -0.718346 0.695686 71944k02.dat
1 16 100.933075 0 17.127924 0 -0.591727 -0.806139 1 0 0 0 -0.806139 0.591727 71944k02.dat
1 16 103.723006 0 21.471198 0 -0.481587 -0.876398 1 0 0 0 -0.876398 0.481587 71944k02.dat
1 16 105.914736 0 26.147695 0 -0.370925 -0.928663 1 0 0 0 -0.928663 0.370925 71944k02.dat
1 16 107.588586 0 31.0371 0 -0.271146 -0.962538 1 0 0 0 -0.962538 0.271146 71944k02.dat
1 16 108.754386 0 36.074706 0 -0.183554 -0.98301 1 0 0 0 -0.98301 0.183554 71944k02.dat
1 16 109.53089 0 41.440671 0 -0.102646 -0.994718 1 0 0 0 -0.994718 0.102646 71944k02.dat
1 16 109.898512 0 46.601668 0 -0.03617 -0.999346 1 0 0 0 -0.999346 0.03617 71944k02.dat
1 16 109.993811 0 51.777504 0 -0.002281 -0.999997 1 0 0 0 -0.999997 0.002281 71944k02.dat
1 16 110 0 56.955219 0 0 -1 1 0 0 0 -1 0 71944k02.dat
1 16 110 0 62.132966 0 0 -1 1 0 0 0 -1 0 71944k02.dat
1 16 110 0 67.560713 0 0 -1 1 0 0 0 -1 0 71944k02.dat
1 16 110 0 72.73846 0 0 -1 1 0 0 0 -1 0 71944k02.dat
1 16 110 0 77.916207 0 0 -1 1 0 0 0 -1 0 71944k02.dat
1 16 110 0 83.093955 0 0 -1 1 0 0 0 -1 0 71944k02.dat
1 16 110 0 88.178914 0 0 1 1 0 0 0 1 0 71944k01.dat


0 FILE 42120 - technicFlexAxle-studio-1.ldr
0 technicFlexAxle-studio-1
0 Name: 42120 - technicFlexAxle-studio-1.ldr
0 Author: Philippe Hurbain [Philo]
0 !LDRAW_ORG Model
0 !LICENSE Redistributable under CCAL version 2.0 : see CAreadme.txt

0 !CATEGORY technic
0 !KEYWORDS flexible

0 !LDCAD CONTENT [type=path] [addFallBack=default] [looped=false] [displayKind=mm] [curveStep=0] [displayLenCor=0]
0 !LDCAD PATH_POINT [type=bezier] [posOri=0 0 0 1 0 0 0 1 0 0 0 1] [prevCPDist=25] [nextCPDist=25] [cirR=20] [cirDir=xyCW] [prevYRoll=0] [nextYRoll=0]
0 !LDCAD PATH_POINT [type=bezier] [posOri=0 -20 0 1 0 0 0 1 0 0 0 1] [prevCPDist=25] [nextCPDist=36] [cirR=20] [cirDir=xyCW] [prevYRoll=0] [nextYRoll=0]
