0 FILE 42131 - main.ldr
0 main
0 Name: 42131 - main.ldr
0 Author: Philippe Hurbain [Philo]
0 !LDRAW_ORG Model
0 !LICENSE Redistributable under CCAL version 2.0 : see CAreadme.txt

1 70 0 -110 340 -1 0 0 0 1 0 0 0 -1 42131 - bull.ldr


0 FILE 42131 - bull.ldr
0 bull
0 Name: 42131 - bull.ldr
0 Author: Philippe Hurbain [Philo]
0 !LDRAW_ORG Model
0 !LICENSE Redistributable under CCAL version 2.0 : see CAreadme.txt

0 !LDCAD GROUP_DEF [topLevel=true] [LID=0] [GID=3rcdfsJfqt] [name=Group 1] [center=0 0 0]
1 71 0 0 0 -1 0 0 0 -1 0 0 0 1 64178.dat
1 1 20 0 -80 0 0 -1 0 -1 0 -1 0 0 42131 - 42924.dat
1 1 -20 0 -80 0 0 -1 0 -1 0 -1 0 0 42131 - 42924.dat
1 71 -40 0 0 1 0 0 0 -1 0 0 0 -1 4519.dat
1 71 40 0 0 1 0 0 0 -1 0 0 0 -1 4519.dat
1 72 0 0 0 0 0 -1 -1 0 0 0 1 0 62821.dat
1 19 17 0 0 0 0 -1 -1 0 0 0 1 0 6589.dat
1 19 -17 0 0 0 0 1 -1 0 0 0 -1 0 6589.dat
1 19 0 0 -17 0 1 0 -1 0 0 0 0 1 6589.dat
0 STEP
1 0 -50 0 -40 -1 0 0 0 -1 0 0 0 1 42131 - 61332.dat
1 0 -50 0 40 -1 0 0 0 -1 0 0 0 1 42131 - 61332.dat
1 0 50 0 40 -1 0 0 0 -1 0 0 0 1 42131 - 61332.dat
1 0 50 0 -40 -1 0 0 0 -1 0 0 0 1 42131 - 61332.dat
0 STEP
1 71 80 0 0 0 -1 0 0 0 -1 1 0 0 42131 - spikePrimeMotorL-LQ-1.ldr
1 71 -80 0 0 0 1 0 0 0 -1 -1 0 0 42131 - spikePrimeMotorL-LQ-2.ldr
0 STEP
1 0 -100 -20 50 0 -1 0 0 0 -1 1 0 0 42131 - 61332.dat
1 0 -60 -20 50 0 -1 0 0 0 -1 1 0 0 42131 - 61332.dat
1 0 60 -20 50 0 -1 0 0 0 -1 1 0 0 42131 - 61332.dat
1 0 100 -20 50 0 -1 0 0 0 -1 1 0 0 42131 - 61332.dat
1 0 0 -20 60 0 0 1 1 0 0 0 1 0 42131 - 73507.dat
1 1 -80 0 60 0 0 1 1 0 0 0 1 0 42131 - 42924.dat
1 1 80 0 60 0 0 1 1 0 0 0 1 0 42131 - 42924.dat
1 0 100 -20 -50 0 1 0 0 0 -1 -1 0 0 42131 - 61332.dat
1 0 60 -20 -50 0 1 0 0 0 -1 -1 0 0 42131 - 61332.dat
1 0 -60 -20 -50 0 1 0 0 0 -1 -1 0 0 42131 - 61332.dat
1 0 -100 -20 -50 0 1 0 0 0 -1 -1 0 0 42131 - 61332.dat
1 0 0 -20 -60 0 0 -1 1 0 0 0 -1 0 42131 - 73507.dat
1 1 80 0 -60 0 0 -1 1 0 0 0 -1 0 42131 - 42924.dat
1 1 -80 0 -60 0 0 -1 1 0 0 0 -1 0 42131 - 42924.dat
0 STEP
1 14 0 -40 -80 1 0 0 0 0 1 0 -1 0 60484.dat
1 0 0 -20 -90 0 1 0 0 0 1 1 0 0 42131 - 61332.dat
1 70 0 0 -60 0 -1 0 0 0 1 -1 0 0 24316.dat
1 19 0 0 -40 0 -1 0 -1 0 0 0 0 -1 42131 - 18575.dat
0 STEP
1 1 -40 0 -60 0 0 -1 -1 0 0 0 1 0 42131 - 42924.dat
1 1 40 0 -60 0 0 -1 -1 0 0 0 1 0 42131 - 42924.dat
1 1 40 0 60 0 0 -1 -1 0 0 0 1 0 42131 - 42924.dat
1 1 -40 0 60 0 0 -1 -1 0 0 0 1 0 42131 - 42924.dat
1 14 -60 0 -60 0 0 -1 0 1 0 1 0 0 32140.dat
1 14 60 0 60 0 0 1 0 1 0 -1 0 0 32140.dat
1 14 -60 0 60 0 0 -1 0 -1 0 -1 0 0 32140.dat
1 14 60 0 -60 0 0 1 0 -1 0 1 0 0 32140.dat
0 STEP
1 0 0 20 -60 0 0 -1 1 0 0 0 -1 0 42131 - 73507.dat
1 1 100 20 -60 0 0 -1 0 1 0 1 0 0 42131 - 42924.dat
1 1 60 20 -60 0 0 -1 0 1 0 1 0 0 42131 - 42924.dat
1 1 -60 20 -60 0 0 -1 0 1 0 1 0 0 42131 - 42924.dat
1 1 -100 20 -60 0 0 -1 0 1 0 1 0 0 42131 - 42924.dat
1 0 0 20 60 0 0 1 1 0 0 0 1 0 42131 - 73507.dat
1 1 -100 20 60 0 0 1 0 1 0 -1 0 0 42131 - 42924.dat
1 1 -60 20 60 0 0 1 0 1 0 -1 0 0 42131 - 42924.dat
1 1 60 20 60 0 0 1 0 1 0 -1 0 0 42131 - 42924.dat
1 1 100 20 60 0 0 1 0 1 0 -1 0 0 42131 - 42924.dat
0 STEP
1 0 0 30 60 0 1 0 -1 0 0 0 0 1 42131 - 61332.dat
1 0 0 30 -60 0 1 0 -1 0 0 0 0 1 42131 - 61332.dat
1 0 0 40 0 1 0 0 0 1 0 0 0 1 32524.dat
1 1 120 0 -60 0 0 -1 -1 0 0 0 1 0 42131 - 42924.dat
1 1 120 0 -40 0 0 -1 -1 0 0 0 1 0 42131 - 42924.dat
1 14 180 20 -40 0 0 -1 0 -1 0 -1 0 0 32140.dat
1 1 -120 0 60 0 0 1 -1 0 0 0 -1 0 42131 - 42924.dat
1 1 -120 0 40 0 0 1 -1 0 0 0 -1 0 42131 - 42924.dat
1 14 -180 20 40 0 0 1 0 -1 0 1 0 0 32140.dat
1 1 120 0 60 0 0 1 -1 0 0 0 -1 0 42131 - 42924.dat
1 1 120 0 40 0 0 1 -1 0 0 0 -1 0 42131 - 42924.dat
1 14 180 20 40 0 0 -1 0 1 0 1 0 0 32140.dat
1 1 -120 0 -60 0 0 -1 -1 0 0 0 1 0 42131 - 42924.dat
1 1 -120 0 -40 0 0 -1 -1 0 0 0 1 0 42131 - 42924.dat
1 14 -180 20 -40 0 0 1 0 1 0 -1 0 0 32140.dat
0 STEP
1 71 80 0 -80 1 0 0 0 1 0 0 0 1 63869.dat
1 71 -80 0 -80 1 0 0 0 1 0 0 0 1 63869.dat
1 14 0 -40 -60 0 0 1 1 0 0 0 1 0 42131 - 65487.dat
1 72 0 -40 -50 0 0 -1 0 -1 0 -1 0 0 87083.dat
1 0 0 -40 -40 -1 0 0 0 -1 0 0 0 1 32270.dat
0 STEP
1 4 130 0 0 -1 0 0 0 -1 0 0 0 1 32062.dat
1 71 180 0 0 0 0 -1 0 -1 0 -1 0 0 42131 - 52731.dat
1 4 -130 0 0 1 0 0 0 -1 0 0 0 -1 32062.dat
1 71 -180 0 0 0 0 1 0 -1 0 1 0 0 42131 - 52731.dat
0 STEP
1 1 160 0 -40 0 0 -1 1 0 0 0 -1 0 42131 - 42924.dat
1 1 160 0 40 0 0 -1 1 0 0 0 -1 0 42131 - 42924.dat
1 71 180 0 0 0 0 -1 0 -1 0 -1 0 0 46490c01.dat
1 1 -160 0 40 0 0 1 1 0 0 0 1 0 42131 - 42924.dat
1 1 -160 0 -40 0 0 1 1 0 0 0 1 0 42131 - 42924.dat
1 71 -180 0 0 0 0 1 0 -1 0 1 0 0 46490c01.dat
1 71 180 0 -40 0 0 1 1 0 0 0 1 0 4519.dat
0 STEP
1 71 -180 0 -40 0 0 1 1 0 0 0 1 0 4519.dat
1 0 180 -10 40 0 0 1 1 0 0 0 1 0 3705.dat
1 0 -180 -10 40 0 0 1 1 0 0 0 1 0 3705.dat
1 71 -180 0 -40 0 0 1 1 0 0 0 1 0 4519.dat
0 STEP
1 14 -180 -20 -40 0 0 1 0 1 0 -1 0 0 32140.dat
1 14 -180 -20 40 0 0 1 0 -1 0 1 0 0 32140.dat
1 14 180 -20 -40 0 0 -1 0 -1 0 -1 0 0 32140.dat
1 14 180 -20 40 0 0 -1 0 1 0 1 0 0 32140.dat
0 STEP
1 72 160 20 80 0 0 1 -1 0 0 0 -1 0 41239.dat
1 1 40 20 90 0 0 1 0 -1 0 1 0 0 4274.dat
1 4 280 20 80 0 0 1 0 -1 0 1 0 0 42131 - 65304.dat
1 72 -160 20 80 0 0 -1 1 0 0 0 -1 0 41239.dat
1 1 -40 20 90 0 0 -1 0 1 0 1 0 0 4274.dat
1 4 -280 20 80 0 0 -1 0 1 0 1 0 0 42131 - 65304.dat
0 STEP
1 1 -60 0 80 1 0 0 0 -1 0 0 0 -1 42131 - 42924.dat
1 0 -50 0 100 1 0 0 0 -1 0 0 0 -1 42131 - 61332.dat
1 71 -60 0 120 0 1 0 -1 0 0 0 0 1 32316.dat
1 1 -80 0 160 -1 0 0 0 -1 0 0 0 1 42131 - 42924.dat
1 0 -80 0 220 0 1 0 1 0 0 0 0 -1 42131 - 71710.dat
1 0 -90 0 120 -1 0 0 0 0 -1 0 -1 0 42131 - 61332.dat
1 0 -90 0 200 -1 0 0 0 0 -1 0 -1 0 42131 - 61332.dat
0 STEP
1 4 -80 0 280 -1 0 0 0 1 0 0 0 -1 42131 - 65304.dat
1 71 0 0 280 -1 0 0 0 1 0 0 0 -1 44294.dat
1 4 80 0 280 1 0 0 0 1 0 0 0 1 42131 - 65304.dat
1 1 60 0 80 -1 0 0 0 1 0 0 0 -1 42131 - 42924.dat
1 0 50 0 100 -1 0 0 0 1 0 0 0 -1 42131 - 61332.dat
1 71 60 0 120 0 -1 0 1 0 0 0 0 1 32316.dat
1 1 80 0 160 1 0 0 0 1 0 0 0 1 42131 - 42924.dat
1 0 80 0 220 0 -1 0 -1 0 0 0 0 -1 42131 - 71710.dat
1 0 90 0 120 1 0 0 0 0 1 0 -1 0 42131 - 61332.dat
1 0 90 0 200 1 0 0 0 0 1 0 -1 0 42131 - 61332.dat
0 STEP
1 0 0 20 240 -1 0 0 0 1 0 0 0 -1 42131 - chassis2.ldr
0 STEP
1 14 100 0 180 0 1 0 1 0 0 0 0 -1 32140.dat
1 14 -100 0 180 0 1 0 1 0 0 0 0 -1 32140.dat
1 72 100 0 320 0 -1 0 -1 0 0 0 0 -1 41239.dat
1 1 100 0 360 -1 0 0 0 1 0 0 0 -1 42131 - 42924.dat
1 72 -100 0 320 0 1 0 1 0 0 0 0 -1 41239.dat
1 1 -100 0 360 1 0 0 0 -1 0 0 0 -1 42131 - 42924.dat
1 1 100 0 400 -1 0 0 0 1 0 0 0 -1 42131 - 42924.dat
1 1 100 0 440 -1 0 0 0 1 0 0 0 -1 42131 - 42924.dat
1 1 -100 0 400 1 0 0 0 1 0 0 0 1 42131 - 42924.dat
1 1 -100 0 440 1 0 0 0 1 0 0 0 1 42131 - 42924.dat
0 STEP
1 72 0 20 360 -1 0 0 0 1 0 0 0 -1 42131 - hub.ldr
0 STEP
1 71 120 20 260 0 0 -1 0 -1 0 -1 0 0 6536.dat
1 4 120 0 260 -1 0 0 0 -1 0 0 0 1 42131 - 65304.dat
1 4 120 0 340 -1 0 0 0 -1 0 0 0 1 42131 - 65304.dat
1 71 120 20 340 0 0 -1 0 -1 0 -1 0 0 6536.dat
1 4 -120 0 260 1 0 0 0 -1 0 0 0 -1 42131 - 65304.dat
1 71 -120 20 260 0 0 1 0 -1 0 1 0 0 6536.dat
1 4 -120 0 340 1 0 0 0 -1 0 0 0 -1 42131 - 65304.dat
1 71 -120 20 340 0 0 1 0 -1 0 1 0 0 6536.dat
0 STEP
1 71 80 -80 500 0 1 0 1 0 0 0 0 -1 64178.dat
1 71 -80 -80 500 0 1 0 1 0 0 0 0 -1 64178.dat
1 1 100 -40 440 -1 0 0 0 1 0 0 0 -1 42131 - 42924.dat
1 15 100 -40 440 0 -1 0 -1 0 0 0 0 -1 18654.dat
1 1 -100 -40 440 1 0 0 0 -1 0 0 0 -1 42131 - 42924.dat
1 15 -100 -40 440 0 1 0 1 0 0 0 0 -1 18654.dat
0 STEP
1 71 120 0 360 0 1 0 -1 0 0 0 0 1 42131 - 32526.dat
1 71 -120 0 360 0 1 0 -1 0 0 0 0 1 42131 - 32526.dat
1 1 80 -60 580 0 0 -1 0 -1 0 -1 0 0 42131 - 42924.dat
1 15 80 -60 580 0 0 -1 1 0 0 0 -1 0 18654.dat
1 1 -80 -60 580 0 0 -1 0 -1 0 -1 0 0 42131 - 42924.dat
1 15 -80 -60 580 0 0 -1 1 0 0 0 -1 0 18654.dat
1 1 80 -80 580 0 0 1 0 -1 0 1 0 0 42131 - 42924.dat
1 71 0 -80 580 0 0 -1 1 0 0 0 -1 0 40490.dat
1 0 -80 -80 570 0 0 -1 0 -1 0 -1 0 0 42131 - 61332.dat
1 0 40 -80 590 0 0 -1 0 -1 0 -1 0 0 42131 - 61332.dat
0 STEP
1 14 40 -80 600 0 0 1 -1 0 0 0 -1 0 60484.dat
1 0 80 -100 506.5 0 -1 0 0 0 1 -1 0 0 3708.dat
1 19 80 -100 613 0 1 0 -1 0 0 0 0 1 6589.dat
1 72 80 -100 386.5 0 1 0 -1 0 0 0 0 1 59443.dat
1 4 80 -100 366.5 0 0 1 0 1 0 -1 0 0 32062.dat
0 STEP
1 0 100 0 520 1 0 0 0 1 0 0 0 1 18651.dat
1 1 100 0 560 -1 0 0 0 1 0 0 0 -1 42131 - 42924.dat
1 1 100 0 600 -1 0 0 0 1 0 0 0 -1 42131 - 42924.dat
1 0 90 0 640 -1 0 0 0 1 0 0 0 -1 42131 - 61332.dat
1 14 100 0 680 0 1 0 -1 0 0 0 0 1 32009.dat
1 71 80 -80 680 1 0 0 0 0 1 0 -1 0 4519.dat
1 0 80 -80 680 0 -1 0 0 0 -1 1 0 0 42131 - 60483.dat
1 71 120 0 520 -1 0 0 0 1 0 0 0 -1 6536.dat
1 4 120 20 520 0 0 1 0 1 0 -1 0 0 42131 - 65304.dat
0 STEP
1 1 80 -60 680 -1 0 0 0 1 0 0 0 -1 42131 - 42924.dat
1 14 80 -50 680 0 -1 0 0 0 1 -1 0 0 43857.dat
1 0 70 -40 680 -1 0 0 0 1 0 0 0 -1 42131 - 61332.dat
1 14 0 -60 680 -1 0 0 0 0 -1 0 -1 0 42131 - 71709.dat
1 1 -80 -60 680 -1 0 0 0 0 -1 0 -1 0 42131 - 42924.dat
1 0 -70 -40 680 -1 0 0 0 0 -1 0 -1 0 42131 - 61332.dat
1 0 20 -90 680 0 0 -1 1 0 0 0 -1 0 42131 - 61332.dat
1 0 -20 -90 680 0 0 -1 1 0 0 0 -1 0 42131 - 61332.dat
1 0 -80 -40 680 0 0 -1 0 -1 0 -1 0 0 42003.dat
1 14 0 -100 680 0 0 -1 0 -1 0 -1 0 0 32524.dat
0 STEP
1 0 -101 0 520 -1 0 0 0 1 0 0 0 -1 18651.dat
1 1 -101 0 560 1 0 0 0 1 0 0 0 1 42131 - 42924.dat
1 1 -101 0 600 1 0 0 0 1 0 0 0 1 42131 - 42924.dat
1 0 -91 0 640 -1 0 0 0 1 0 0 0 -1 42131 - 61332.dat
1 14 -101 0 680 0 1 0 -1 0 0 0 0 1 32009.dat
1 71 -81 -80 680 1 0 0 0 0 1 0 -1 0 4519.dat
1 0 -81 -80 680 0 1 0 0 0 -1 -1 0 0 42131 - 60483.dat
1 71 -121 0 520 -1 0 0 0 1 0 0 0 -1 6536.dat
1 4 -121 20 520 0 0 -1 0 1 0 1 0 0 42131 - 65304.dat
0 STEP
1 0 -90 20 480 -1 0 0 0 1 0 0 0 -1 42131 - 61332.dat
1 0 -90 0 480 -1 0 0 0 1 0 0 0 -1 42131 - 61332.dat
1 0 -90 -20 480 -1 0 0 0 1 0 0 0 -1 42131 - 61332.dat
1 72 -100 0 480 0 1 0 0 0 1 1 0 0 42131 - 32523.dat
1 0 90 0 480 1 0 0 0 1 0 0 0 1 42131 - 61332.dat
1 0 90 -20 480 1 0 0 0 1 0 0 0 1 42131 - 61332.dat
1 0 90 -40 480 1 0 0 0 1 0 0 0 1 42131 - 61332.dat
1 72 100 -20 480 0 -1 0 0 0 1 -1 0 0 42131 - 32523.dat
0 STEP
1 0 -40 -40 690 0 0 1 0 1 0 -1 0 0 42131 - 61332.dat
1 1 -80 -20 690 0 0 1 0 1 0 -1 0 0 43093.dat
1 14 -100 -20 700 0 0 1 -1 0 0 0 -1 0 32140.dat
1 71 -100 -20 710 0 0 1 0 1 0 -1 0 0 2736.dat
1 71 100 -100 680 -1 0 0 0 1 0 0 0 -1 42131 - 44874.dat
0 STEP
1 71 -101 -100 680 -1 0 0 0 1 0 0 0 -1 42131 - 44874.dat
1 0 100 -110 680 0 0 -1 1 0 0 0 -1 0 42131 - 61332.dat
1 0 60 -110 680 0 0 -1 1 0 0 0 -1 0 42131 - 61332.dat
1 0 -60 -110 680 0 0 -1 1 0 0 0 -1 0 42131 - 61332.dat
1 0 -101 -110 680 0 0 -1 1 0 0 0 -1 0 42131 - 61332.dat
1 72 -80 -120 680 0 0 -1 0 -1 0 -1 0 0 42131 - 32523.dat
1 72 80 -120 680 0 0 -1 0 -1 0 -1 0 0 42131 - 32523.dat
1 0 80 -130 680 0 0 -1 1 0 0 0 -1 0 42131 - 61332.dat
1 0 -80 -130 680 0 0 -1 1 0 0 0 -1 0 42131 - 61332.dat
0 STEP
1 4 80 -130 540 0 0 -1 1 0 0 0 -1 0 6628.dat
1 4 -80 -130 540 0 0 -1 1 0 0 0 -1 0 6628.dat
1 0 80 -130 580 0 0 -1 1 0 0 0 -1 0 42131 - 61332.dat
1 0 -80 -130 580 0 0 -1 1 0 0 0 -1 0 42131 - 61332.dat
0 STEP
1 0 -40 -40 300 1 0 0 0 1 0 0 0 1 42131 - gearbox.ldr
0 STEP
1 14 0 -40 -100 1 0 0 0 0 1 0 -1 0 60484.dat
1 1 80 -120 440 -1 0 0 0 0 1 0 1 0 42131 - 42924.dat
1 72 60 -120 460 0 1 0 -1 0 0 0 0 1 42131 - 32523.dat
0 STEP
1 4 0 -80.874 488.316 -1 0 0 0 0.978 0.208 0 0.208 -0.978 42131 - onswitch.ldr
1 0 70 -120 480 1 0 0 0 0.978 -0.208 0 0.208 0.978 3705.dat
0 STEP
1 14 100 -120 400 0 -1 0 -1 0 0 0 0 -1 32278.dat
1 1 100 -120 520 -1 0 0 0 1 0 0 0 -1 42131 - 42924.dat
1 0 110 -120 360 -1 0 0 0 1 0 0 0 -1 42131 - 61332.dat
1 4 110 -120 320 -1 0 0 0 0 -1 0 -1 0 6628.dat
0 STEP
1 1 -60 -130 120 0 0 1 -1 0 0 0 -1 0 43093.dat
1 4 -60 -140 120 0 1 0 0 0 1 1 0 0 49283.dat
1 1 -60 -130 240 0 0 1 -1 0 0 0 -1 0 43093.dat
1 4 -60 -140 240 0 1 0 0 0 1 1 0 0 49283.dat
1 1 60 -130 120 0 0 -1 -1 0 0 0 1 0 43093.dat
1 14 60 -140 120 0 -1 0 0 0 1 -1 0 0 49283.dat
1 14 60 -140 240 0 -1 0 0 0 1 -1 0 0 49283.dat
1 1 60 -130 240 0 0 -1 -1 0 0 0 1 0 43093.dat
0 STEP
1 0 120 -60 320 -1 0 0 0 1 0 0 0 -1 42131 - side1.ldr
0 STEP
1 14 20 -220 340 -1 0 0 0 1 0 0 0 -1 42131 - chassis3.ldr
0 STEP
1 14 -100 -120 400 0 1 0 1 0 0 0 0 -1 32278.dat
1 1 -100 -120 520 1 0 0 0 -1 0 0 0 -1 42131 - 42924.dat
1 0 -110 -120 360 1 0 0 0 -1 0 0 0 -1 42131 - 61332.dat
1 4 -110 -120 320 1 0 0 0 0 1 0 -1 0 6628.dat
1 0 -90 -120 440 1 0 0 0 -1 0 0 0 -1 42131 - 61332.dat
0 STEP
1 14 -120 -60 320 -1 0 0 0 1 0 0 0 -1 42131 - side2.ldr
0 STEP
1 0 -110 -120 40 -1 0 0 0 1 0 0 0 -1 42131 - 61332.dat
1 72 -120 -120 160 0 1 0 -1 0 0 0 0 1 41239.dat
1 0 -110 -120 280 -1 0 0 0 1 0 0 0 -1 42131 - 61332.dat
1 0 -110 -120 220 -1 0 0 0 1 0 0 0 -1 42131 - 61332.dat
1 0 -110 -120 140 -1 0 0 0 1 0 0 0 -1 42131 - 61332.dat
1 1 -120 -120 260 1 0 0 0 -1 0 0 0 -1 42131 - 42924.dat
1 1 -120 -120 180 1 0 0 0 -1 0 0 0 -1 42131 - 42924.dat
1 0 110 -120 40 1 0 0 0 -1 0 0 0 -1 42131 - 61332.dat
1 72 120 -120 160 0 -1 0 1 0 0 0 0 1 41239.dat
1 0 110 -120 280 1 0 0 0 -1 0 0 0 -1 42131 - 61332.dat
1 0 110 -120 220 1 0 0 0 -1 0 0 0 -1 42131 - 61332.dat
1 0 110 -120 140 1 0 0 0 -1 0 0 0 -1 42131 - 61332.dat
1 1 120 -120 260 -1 0 0 0 1 0 0 0 -1 42131 - 42924.dat
1 1 120 -120 180 -1 0 0 0 1 0 0 0 -1 42131 - 42924.dat
0 STEP
1 72 -190 -40 160 0 0 -1 0 -1 0 -1 0 0 59443.dat
1 14 -240 -40 160 -1 0 0 0 -1 0 0 0 1 32073.dat
1 72 -290 -40 160 0 0 -1 0 -1 0 -1 0 0 59443.dat
1 72 290 -40 160 0 0 -1 0 -1 0 -1 0 0 59443.dat
1 14 240 -40 160 -1 0 0 0 -1 0 0 0 1 32073.dat
1 72 190 -40 160 0 0 -1 0 -1 0 -1 0 0 59443.dat
0 STEP
1 0 -100 -130 120 0 1 0 1 0 0 0 0 -1 42131 - 61332.dat
1 0 -100 -130 160 0 1 0 1 0 0 0 0 -1 42131 - 61332.dat
1 0 -100 -130 200 0 1 0 1 0 0 0 0 -1 42131 - 61332.dat
1 0 -100 -130 240 0 1 0 1 0 0 0 0 -1 42131 - 61332.dat
1 0 100 -130 120 0 1 0 1 0 0 0 0 -1 42131 - 61332.dat
1 0 100 -130 160 0 1 0 1 0 0 0 0 -1 42131 - 61332.dat
1 0 100 -130 200 0 1 0 1 0 0 0 0 -1 42131 - 61332.dat
1 0 100 -130 240 0 1 0 1 0 0 0 0 -1 42131 - 61332.dat
0 STEP
1 71 180 -140 240 0 0 -1 0 -1 0 -1 0 0 42131 - 32526.dat
1 71 180 -140 120 0 0 -1 0 1 0 1 0 0 42131 - 32526.dat
1 71 -180 -140 240 0 0 1 0 1 0 -1 0 0 42131 - 32526.dat
1 71 -180 -140 120 0 0 1 0 -1 0 1 0 0 42131 - 32526.dat
0 STEP
1 70 -60 0 -80 -1 0 0 0 0 -1 0 -1 0 15462.dat
1 70 60 0 -80 1 0 0 0 0 -1 0 1 0 15462.dat
0 STEP
1 70 100 -27.196 -155.236 1 0 0 0 0.94 0.34 0 -0.34 0.94 42131 - chassis4.ldr
0 STEP
1 4 -140 -79.999 -242.481 1 0 0 0 -1 0 0 0 -1 42131 - 65304.dat
1 4 140 -79.999 -242.481 -1 0 0 0 -1 0 0 0 1 42131 - 65304.dat
0 STEP
1 14 230 0 0 0 0 -1 -1 0 0 0 1 0 42529.dat
1 71 240 0 0 1 0 0 0 0 -1 0 1 0 4519.dat
1 14 245 0 0 0 0 1 0 1 0 -1 0 0 4185a.dat
1 14 -230 0 0 0 0 1 -1 0 0 0 -1 0 42529.dat
1 71 -240 0 0 -1 0 0 0 0 -1 0 -1 0 4519.dat
1 14 -245 0 0 0 0 -1 0 1 0 1 0 0 4185a.dat
0 STEP
1 1 100 -180 60 1 0 0 0 -0.263 0.965 0 -0.965 -0.263 42131 - 42924.dat
1 1 -100 -180 60 -1 0 0 0 0.263 0.965 0 0.965 -0.263 42131 - 42924.dat
1 72 80 -211.572 -55.772 0 -1 0 -0.965 0 -0.263 0.263 0 -0.965 41239.dat
1 72 -80 -211.572 -55.772 0 -1 0 -0.965 0 -0.263 0.263 0 -0.965 41239.dat
1 4 100 -200 60 0 0 -1 0 1 0 1 0 0 42131 - 65304.dat
1 4 -100 -200 60 0 0 -1 0 1 0 1 0 0 42131 - 65304.dat
0 STEP
1 1 -80 -50 640 0 0 1 -1 0 0 0 -1 0 43093.dat
1 0 -80 -70 640 -1 0 0 0 0 -1 0 -1 0 59443.dat
1 4 -80 -90 640 0 0 -1 1 0 0 0 -1 0 32062.dat
1 0 -80 -110 640 -1 0 0 0 0 -1 0 -1 0 59443.dat
1 71 -80 -140 640 0 0 -1 1 0 0 0 -1 0 4519.dat
0 STEP
1 19 80 -50 640 0 0 1 -1 0 0 0 -1 0 3749.dat
1 71 80 -80 640 1 0 0 0 0 1 0 -1 0 42131 - 42195.dat
1 0 80 -130 640 0 0 -1 1 0 0 0 -1 0 3705.dat
1 0 80 -120 640 -1 0 0 0 0 -1 0 -1 0 42131 - 18575.dat
0 STEP
1 0 80 -140 620 1 0 0 0 -1 0 0 0 -1 32524.dat
1 0 80 -150 560 0 0 -1 1 0 0 0 -1 0 42131 - 61332.dat
1 1 80 -140 600 0 0 -1 1 0 0 0 -1 0 42131 - 42924.dat
1 0 -80 -140 620 1 0 0 0 -1 0 0 0 -1 32524.dat
1 0 -80 -150 560 0 0 -1 1 0 0 0 -1 0 42131 - 61332.dat
1 1 -80 -140 600 0 0 -1 1 0 0 0 -1 0 42131 - 42924.dat
0 STEP
1 71 100 -160 580 0 -1 0 0 0 -1 1 0 0 63869.dat
1 1 100 -160 590 0 -1 0 0 0 1 -1 0 0 43093.dat
1 1 -100 -160 590 0 1 0 0 0 -1 -1 0 0 43093.dat
1 71 -100 -160 580 0 1 0 0 0 1 1 0 0 63869.dat
0 STEP
1 14 0 -210 380 1 0 0 0 1 0 0 0 1 42131 - engine.ldr
0 STEP
1 14 0 -160 310 0 0 1 0 -1 0 1 0 0 42131 - 62462.dat
1 71 0 -160 280 1 0 0 0 -1 0 0 0 -1 94925.dat
0 STEP
1 0 -40 -160 270 0 -1 0 0 0 1 -1 0 0 42131 - 61332.dat
1 0 -40 -140 270 0 -1 0 0 0 1 -1 0 0 42131 - 61332.dat
1 0 40 -160 270 0 -1 0 0 0 1 -1 0 0 42131 - 61332.dat
1 0 40 -140 270 0 -1 0 0 0 1 -1 0 0 42131 - 61332.dat
1 0 40 -160 260 -1 0 0 0 1 0 0 0 -1 42003.dat
1 0 -40 -160 260 -1 0 0 0 1 0 0 0 -1 42003.dat
1 14 0 -180 260 -1 0 0 0 1 0 0 0 -1 32073.dat
1 0 20 -180 260 0 1 0 0 0 -1 -1 0 0 42131 - 60483.dat
1 0 -20 -180 260 0 1 0 0 0 -1 -1 0 0 42131 - 60483.dat
1 71 0 -180 260 -1 0 0 0 1 0 0 0 -1 6536.dat
1 0 -30 -200 260 -1 0 0 0 1 0 0 0 -1 42131 - 61332.dat
1 0 30 -200 260 -1 0 0 0 1 0 0 0 -1 42131 - 61332.dat
0 STEP
1 71 -40 -200 260 0 1 0 -1 0 0 0 0 1 42131 - 32526.dat
1 71 40 -200 260 0 1 0 -1 0 0 0 0 1 42131 - 32526.dat
1 0 -80 -170 640 -1 0 0 0 0 -1 0 -1 0 59443.dat
1 4 -80 -190 640 0 0 -1 1 0 0 0 -1 0 32062.dat
1 0 -80 -210 640 -1 0 0 0 0 -1 0 -1 0 59443.dat
1 0 80 -170 640 -1 0 0 0 0 -1 0 -1 0 59443.dat
1 4 80 -190 640 0 0 -1 1 0 0 0 -1 0 32062.dat
1 0 80 -210 640 -1 0 0 0 0 -1 0 -1 0 59443.dat
0 STEP
1 0 0 -260 520 -1 0 0 0 1 0 0 0 -1 42131 - exhaust.ldr
0 STEP
1 0 0 -280 360 -1 0 0 0 0 1 0 1 0 42003.dat
1 14 0 -280 340 -1 0 0 0 0 1 0 1 0 32073.dat
1 0 40 -380 340 0 1 0 0 0 1 1 0 0 42131 - 73507.dat
1 0 -40 -380 340 0 1 0 0 0 1 1 0 0 42131 - 73507.dat
0 STEP
1 1 0 -280 580 0 -1 0 -1 0 0 0 0 -1 42131 - 42924.dat
1 0 0 -280 580 0 0 1 -1 0 0 0 -1 0 42131 - 73507.dat
1 1 -100 -20 600 1 0 0 0 1 0 0 0 1 42131 - 42924.dat
1 0 -100 -160 600 0 1 0 0 0 -1 -1 0 0 42131 - 71710.dat
1 71 -100 -280 600 0 1 0 0 0 -1 -1 0 0 42131 - 65304.dat
1 0 -110 -100 600 -1 0 0 0 0 -1 0 -1 0 42131 - 61332.dat
1 1 100 -20 600 -1 0 0 0 1 0 0 0 -1 42131 - 42924.dat
1 0 100 -160 600 0 -1 0 0 0 -1 1 0 0 42131 - 71710.dat
1 71 100 -280 600 0 1 0 0 0 -1 -1 0 0 42131 - 65304.dat
1 0 110 -100 600 -1 0 0 0 0 -1 0 -1 0 42131 - 61332.dat
0 STEP
1 14 -121 -180 640 1 0 0 0 0 -1 0 1 0 42131 - side3.ldr
1 14 120 -180 640 1 0 0 0 0 -1 0 1 0 42131 - side4.ldr
0 STEP
1 71 100 -240 600 0 1 0 0 0 -1 -1 0 0 42131 - 65304.dat
1 1 100 -240 630 0 1 0 0 0 -1 -1 0 0 43093.dat
1 1 -101 -240 630 0 1 0 0 0 -1 -1 0 0 43093.dat
1 71 -101 -240 600 0 1 0 0 0 -1 -1 0 0 42131 - 65304.dat
0 STEP
1 14 -120 0 540 0 1 0 -1 0 0 0 0 1 32140.dat
1 14 120 0 540 0 1 0 -1 0 0 0 0 1 32140.dat
1 0 -1 -240 640 0 0 1 -1 0 0 0 -1 0 42131 - 73507.dat
1 14 79 -260 640 0 0 1 -1 0 0 0 -1 0 32073.dat
1 0 -81 -250 640 0 -1 0 1 0 0 0 0 1 3705.dat
0 STEP
1 1 39 -250 640 0 -1 0 -1 0 0 0 0 -1 43093.dat
1 14 39 -260 640 0 0 1 0 -1 0 1 0 0 32140.dat
1 0 99 -270 660 0 0 1 1 0 0 0 1 0 42131 - 61332.dat
1 1 99 -270 640 0 -1 0 -1 0 0 0 0 -1 43093.dat
1 1 59 -270 640 0 -1 0 -1 0 0 0 0 -1 43093.dat
1 0 79 -270 640 0 0 -1 0 1 0 1 0 0 87408.dat
0 STEP
1 1 -41 -250 640 0 1 0 -1 0 0 0 0 1 43093.dat
1 14 -41 -260 640 0 0 -1 0 1 0 1 0 0 32140.dat
1 0 -101 -270 660 0 0 -1 -1 0 0 0 1 0 42131 - 61332.dat
1 1 -101 -270 640 0 1 0 -1 0 0 0 0 1 43093.dat
1 1 -61 -270 640 0 1 0 -1 0 0 0 0 1 43093.dat
1 0 -81 -270 640 0 0 1 0 1 0 -1 0 0 87408.dat
0 STEP
1 72 -1 -280 660 0 0 1 0 -1 0 1 0 0 41239.dat
1 1 -1 -280 660 0 0 1 1 0 0 0 1 0 42131 - 42924.dat
1 0 79 -300 640 0 1 0 0 0 -1 -1 0 0 32270.dat
0 STEP
1 0 -80 -290 580 0 -1 0 1 0 0 0 0 1 42131 - 61332.dat
1 14 -120 -300 660 1 0 0 0 -1 0 0 0 -1 42131 - 32526.dat
1 0 -100 -310 580 0 -1 0 1 0 0 0 0 1 42131 - 61332.dat
1 1 -120 -320 580 0 -1 0 1 0 0 0 0 1 42131 - 42924.dat
1 14 -110 -320 580 0 0 -1 0 -1 0 -1 0 0 43857.dat
1 71 -121 -300 600 0 -1 0 1 0 0 0 0 1 42131 - 65304.dat
1 1 -120 -300 660 0 -1 0 1 0 0 0 0 1 42131 - 42924.dat
1 1 -121 -330 600 0 -1 0 1 0 0 0 0 1 43093.dat
0 STEP
1 0 80 -290 580 0 1 0 -1 0 0 0 0 1 42131 - 61332.dat
1 14 120 -300 660 -1 0 0 0 1 0 0 0 -1 42131 - 32526.dat
1 0 100 -310 580 0 1 0 -1 0 0 0 0 1 42131 - 61332.dat
1 1 120 -320 580 0 1 0 1 0 0 0 0 -1 42131 - 42924.dat
1 14 110 -320 580 0 0 1 0 -1 0 1 0 0 43857.dat
1 71 120 -300 600 0 -1 0 1 0 0 0 0 1 42131 - 65304.dat
1 1 120 -330 600 0 1 0 1 0 0 0 0 -1 43093.dat
1 1 120 -300 660 0 1 0 1 0 0 0 0 -1 42131 - 42924.dat
0 STEP
1 71 -140 -320 640 0 1 0 0 0 -1 -1 0 0 99009.dat
0 !LDCAD GROUP_NXT [ids=0] [nrs=-1]
1 0 -140 -320 640 0 1 0 0.399 0 -0.917 -0.917 0 -0.399 99010.dat
1 71 140 -320 640 0 -1 0 0 0 1 -1 0 0 99009.dat
0 !LDCAD GROUP_NXT [ids=0] [nrs=29]
1 0 140 -320 640 0 -1 0 0.399 0 0.917 -0.917 0 0.399 99010.dat
0 STEP
1 1 120 -320 620 0 -1 0 1 0 0 0 0 1 42131 - 42924.dat
1 1 -120 -320 620 0 -1 0 1 0 0 0 0 1 42131 - 42924.dat
1 0 -1 -300 600 -1 0 0 0 1 0 0 0 -1 32524.dat
1 0 -1 -310 600 0 0 -1 1 0 0 0 -1 0 42131 - 61332.dat
0 STEP
1 14 -1 -320 640 0 -1 0 1 0 0 0 0 1 42131 - 65487.dat
1 71 -1 -320 640 -1 0 0 0 1 0 0 0 -1 4519.dat
1 0 29 -320 640 0 0 -1 0 1 0 1 0 0 59443.dat
1 0 -31 -320 640 0 0 1 0 1 0 -1 0 0 59443.dat
0 STEP
1 14 80 -320 640 -1 0 0 0 1 0 0 0 -1 32073.dat
1 14 -80 -320 640 -1 0 0 0 1 0 0 0 -1 32073.dat
1 0 130 -320 640 0 0 -1 0 1 0 1 0 0 59443.dat
1 0 -130 -320 640 0 0 1 0 1 0 -1 0 0 59443.dat
1 19 97 -320 640 0 0 -1 0 1 0 1 0 0 6589.dat
0 STEP
1 14 120 -340 620 1 0 0 0 1 0 0 0 1 32316.dat
1 14 -121 -340 620 1 0 0 0 1 0 0 0 1 32316.dat
0 STEP
1 14 -88.233 -240 501.165 0.981 0 -0.196 0 1 0 0.196 0 0.981 42131 - engineside1.ldr
0 STEP
1 14 -67.845 -240 399.223 0.981 0 -0.196 0 1 0 0.196 0 0.981 42131 - engineside2.ldr
0 STEP
1 14 140 -180 220 0 1 0 0 0 1 1 0 0 64179.dat
1 14 -140 -180 220 0 1 0 0 0 1 1 0 0 64179.dat
1 14 88.233 -240 501.165 0.981 0 0.196 0 1 0 -0.196 0 0.981 42131 - engineside3.ldr
1 14 67.845 -240 399.223 0.981 0 0.196 0 1 0 -0.196 0 0.981 42131 - engineside4.ldr
0 STEP
1 72 0 -360 380 1 0 0 0 1 0 0 0 1 42131 - engineroof.ldr
0 STEP
1 72 -90 -260 600 -1 0 0 0 -1 0 0 0 1 87083.dat
1 72 90 -260 600 1 0 0 0 1 0 0 0 1 87083.dat
1 71 0 -360 340 1 0 0 0 1 0 0 0 1 44294.dat
0 STEP
1 71 30 -320.446 685.959 1 0 0 0 -0.989 0.149 0 -0.149 -0.989 42131 - grid.ldr
1 14 -100 -221.563 700.858 0 -1 0 -0.149 0 -0.989 0.989 0 -0.149 32278.dat
0 STEP
1 0 20 -360 670 0 -1 0 0 0 -1 1 0 0 42131 - 61332.dat
1 0 -20 -360 670 0 -1 0 0 0 -1 1 0 0 42131 - 61332.dat
1 14 0 -360 680 0 0 1 -1 0 0 0 -1 0 32524.dat
1 1 0 -360 690 0 0 1 0 -1 0 1 0 0 4274.dat
1 1 60 -360 690 0 0 1 0 -1 0 1 0 0 4274.dat
1 1 -60 -360 690 0 0 1 0 -1 0 1 0 0 4274.dat
1 0 0 -360 698 1 0 0 0 0 1 0 -1 0 4162.dat
0 STEP
1 0 -111 -40 680 1 0 0 0 -0.719 -0.695 0 0.695 -0.719 42131 - 61332.dat
1 14 -121 -54.375 693.905 0 -1 0 0.695 0 -0.719 0.719 0 0.695 32316.dat
1 0 -111 -83.125 721.716 1 0 0 0 -0.719 -0.695 0 0.695 -0.719 42131 - 61332.dat
1 1 -111 -25.625 666.095 1 0 0 0 -0.999 0.051 0 -0.051 -0.999 43093.dat
1 0 110 -40 680 1 0 0 0 -0.719 -0.695 0 0.695 -0.719 42131 - 61332.dat
1 14 120 -54.375 693.905 0 1 0 -0.695 0 -0.719 -0.719 0 0.695 32316.dat
1 0 110 -83.125 721.716 1 0 0 0 -0.719 -0.695 0 0.695 -0.719 42131 - 61332.dat
1 1 110 -25.625 666.095 -1 0 0 0 -0.999 -0.051 0 -0.051 0.999 43093.dat
0 STEP
1 0 0 -380 360 0 0 -1 -1 0 0 0 1 0 32316.dat
1 4 100 -360 560 0 0.243 -0.97 -1 0 0 0 0.97 0.243 11214.dat
1 4 -100 -360 560 0 -0.243 -0.97 -1 0 0 0 0.97 -0.243 11214.dat
1 0 40 -380 350 0 1 0 0 0 1 1 0 0 42131 - 61332.dat
1 0 -40 -380 350 0 1 0 0 0 1 1 0 0 42131 - 61332.dat
0 STEP
1 0 -40 -410 440 -1 0 0 0 1 0 0 0 -1 17485.dat
1 71 -40 -418 440 -1 0 0 0 1 0 0 0 -1 18674.dat
1 0 -40 -386 440 -1 0 0 0 1 0 0 0 -1 4032a.dat
1 0 -40 -378 440 -1 0 0 0 1 0 0 0 -1 4032a.dat
1 0 40 -410 440 -1 0 0 0 1 0 0 0 -1 17485.dat
1 71 40 -418 440 -1 0 0 0 1 0 0 0 -1 18674.dat
1 0 40 -386 440 -1 0 0 0 1 0 0 0 -1 4032a.dat
1 0 40 -378 440 -1 0 0 0 1 0 0 0 -1 4032a.dat
0 STEP
1 0 -95.149 -380 540.597 0 0.97 0.243 1 0 0 0 0.243 -0.97 42131 - 42135.dat
1 0 -78.172 -380 472.687 -0.243 0 -0.97 0 1 0 0.97 0 -0.243 3707.dat
1 0 95.149 -380 540.597 0 0.97 -0.243 1 0 0 0 -0.243 -0.97 42131 - 42135.dat
1 0 78.172 -380 472.687 0.243 0 -0.97 0 1 0 0.97 0 0.243 3707.dat
0 STEP
1 0 -60 -394 560 0 0 -1 0 1 0 1 0 0 3941.dat
1 0 -60 -418 560 0 0 -1 0 1 0 1 0 0 3941.dat
1 0 -60 -426 560 0 0 -1 0 1 0 1 0 0 15535.dat
1 0 60 -394 560 0 0 -1 0 1 0 1 0 0 3941.dat
1 0 60 -418 560 0 0 -1 0 1 0 1 0 0 3941.dat
1 0 60 -426 560 0 0 -1 0 1 0 1 0 0 15535.dat
0 STEP
1 0 40 -430 440 0 0 -1 0 1 0 1 0 0 43898.dat
1 0 -40 -430 440 0 0 -1 0 1 0 1 0 0 43898.dat
1 0 60 -426 560 0 0 -1 0 1 0 1 0 0 42131 - 65473.dat
1 0 -60 -426 560 0 0 -1 0 1 0 1 0 0 42131 - 65473.dat
0 STEP
0 !LDCAD GROUP_NXT [ids=0] [nrs=30]
1 0 200 -298.073 714.958 0 -1 0 -0.399 0 -0.917 0.917 0 -0.399 42131 - bladelift1.ldr
0 STEP
0 !LDCAD GROUP_NXT [ids=0] [nrs=31]
1 1 160 -312.025 621.659 0 1 0 0.917 0 0.399 0.399 0 -0.917 42131 - 42924.dat
1 71 160 -320 640 -1 0 0 0 0.866 0.5 0 0.5 -0.866 4519.dat
1 19 173 -320 640 0 0 1 0.5 0.866 0 -0.866 0.5 0 6589.dat
0 STEP
0 !LDCAD GROUP_NXT [ids=0] [nrs=32]
1 0 200 -327.975 658.341 -0.996 0.087 0 0.079 0.914 0.399 0.035 0.397 -0.917 42131 - 18575.dat
0 !LDCAD GROUP_NXT [ids=0] [nrs=33]
1 0 200 -316.013 630.83 -0.996 0.087 0 0.079 0.914 0.399 0.035 0.397 -0.917 59443.dat
0 !LDCAD GROUP_NXT [ids=0] [nrs=34]
1 19 200 -308.038 612.49 0 0.087 -0.996 -0.399 0.914 0.079 0.917 0.397 0.034 3749.dat
0 !LDCAD GROUP_NXT [ids=0] [nrs=35]
1 0 180.076 -302.456 604.013 -0.087 0.996 0 -0.914 -0.079 -0.399 -0.397 -0.034 0.917 42003.dat
0 !LDCAD GROUP_NXT [ids=0] [nrs=36]
1 14 160 -346.313 650.366 1 0 0 0 0.917 -0.399 0 0.399 0.917 32524.dat
0 !LDCAD GROUP_NXT [ids=0] [nrs=37]
1 70 160 -304.049 603.32 0 1 0 -0.917 0 -0.399 -0.399 0 0.917 24316.dat
0 STEP
0 !LDCAD GROUP_NXT [ids=0] [nrs=38]
1 71 180 -362.263 687.046 0 -1 0 0.399 0 0.917 -0.917 0 0.399 4519.dat
0 !LDCAD GROUP_NXT [ids=0] [nrs=39]
1 0 160.023 -380.624 679.063 0 1 0.001 0.399 0.001 -0.917 -0.917 0.001 -0.399 92907.dat
0 !LDCAD GROUP_NXT [ids=0] [nrs=40]
1 4 180.023 -380.603 679.071 0 1 0 0.399 0 -0.917 -0.917 0 -0.399 32062.dat
0 !LDCAD GROUP_NXT [ids=0] [nrs=41]
1 4 200.023 -408.114 667.109 0 0 1 -0.917 0.399 0 -0.399 -0.917 0 3706.dat
0 !LDCAD GROUP_NXT [ids=0] [nrs=42]
1 0 200.023 -371.433 683.059 1 0 0 0 -0.917 0.399 0 -0.399 -0.917 18654.dat
0 !LDCAD GROUP_NXT [ids=0] [nrs=43]
1 0 200.023 -371.433 683.059 0 0 1 0.917 -0.399 0 0.399 0.917 0 42131 - 69819.dat
0 STEP
0 !LDCAD GROUP_NXT [ids=0] [nrs=44]
1 0 200.023 -411.782 665.514 -1 0 0 0 0.917 0.399 0 0.399 -0.917 3941.dat
0 !LDCAD GROUP_NXT [ids=0] [nrs=45]
1 0 200.023 -433.789 655.945 -1 0 0 0 0.917 0.399 0 0.399 -0.917 3941.dat
0 !LDCAD GROUP_NXT [ids=0] [nrs=46]
1 0 200.023 -455.798 646.374 -1 0 0 0 0.917 0.399 0 0.399 -0.917 3941.dat
0 STEP
0 !LDCAD GROUP_NXT [ids=0] [nrs=47]
1 0 200.023 -463.134 643.184 -1 0 0 0 0.917 0.399 0 0.399 -0.917 4032a.dat
0 !LDCAD GROUP_NXT [ids=0] [nrs=48]
1 0 200.023 -485.142 633.615 -1 0 0 0 0.917 0.399 0 0.399 -0.917 17485.dat
0 !LDCAD GROUP_NXT [ids=0] [nrs=49]
1 0 200.023 -492.478 630.425 -1 0 0 0 0.917 0.399 0 0.399 -0.917 15535.dat
0 !LDCAD GROUP_NXT [ids=0] [nrs=50]
1 4 170.023 -475.967 637.589 -1 0 0 0 0.917 0.399 0 0.399 -0.917 11214.dat
0 !LDCAD GROUP_NXT [ids=0] [nrs=51]
1 0 170.023 -475.967 637.589 0 -1 -0.001 0.479 0.001 -0.878 0.878 0 0.479 18654.dat
0 !LDCAD GROUP_NXT [ids=0] [nrs=52]
1 0 150.023 -475.943 637.58 1 -0.001 0 -0.001 -0.88 -0.477 0 0.477 -0.88 32291.dat
0 !LDCAD GROUP_NXT [ids=0] [nrs=53]
1 1 159.999 -488.78 655.9 0 0 1 0.477 -0.88 0 0.88 0.477 0 4274.dat
0 !LDCAD GROUP_NXT [ids=0] [nrs=55]
1 1 139.999 -488.757 655.89 0 0 1 0.477 -0.88 0 0.88 0.477 0 4274.dat
0 !LDCAD GROUP_NXT [ids=0] [nrs=54]
1 47 160 -484.971 662.934 0 0 1 -0.88 -0.477 0 0.477 -0.88 0 98138.dat
0 !LDCAD GROUP_NXT [ids=0] [nrs=56]
1 47 140 -484.947 662.925 0 0 1 -0.88 -0.477 0 0.477 -0.88 0 98138.dat
0 STEP
1 0 200 -220 600 0 0 1 0 1 0 -1 0 0 42131 - footway1.ldr
0 STEP
0 !LDCAD GROUP_NXT [ids=0] [nrs=2]
1 0 -200 -298.074 714.956 0 1 0 0.399 0 -0.917 -0.917 0 -0.399 42131 - bladelift2.ldr
0 STEP
0 !LDCAD GROUP_NXT [ids=0] [nrs=3]
1 1 -160 -312.025 621.66 0 -1 0 0.917 0 -0.399 0.399 0 0.917 42131 - 42924.dat
1 71 -160 -320 640.001 -1 0 0 0 0.866 0.5 0 0.5 -0.866 4519.dat
0 STEP
1 19 -173 -320 640.001 0 0 -1 -0.5 0.866 0 0.866 0.5 0 6589.dat
0 !LDCAD GROUP_NXT [ids=0] [nrs=4]
1 0 -200 -327.976 658.34 -0.996 -0.087 0 -0.079 0.914 0.399 -0.035 0.397 -0.917 42131 - 18575.dat
0 !LDCAD GROUP_NXT [ids=0] [nrs=5]
1 0 -200 -316.014 630.829 -0.996 -0.087 0 -0.079 0.914 0.399 -0.035 0.397 -0.917 59443.dat
0 !LDCAD GROUP_NXT [ids=0] [nrs=6]
1 19 -200 -308.039 612.489 0 -0.087 -0.996 -0.399 0.914 -0.079 0.917 0.397 -0.034 3749.dat
0 !LDCAD GROUP_NXT [ids=0] [nrs=7]
1 0 -180.076 -302.457 604.012 -0.087 -0.996 0 0.914 -0.079 -0.399 0.397 -0.034 0.917 42003.dat
0 !LDCAD GROUP_NXT [ids=0] [nrs=8]
1 14 -160 -346.315 650.365 1 0 0 0 0.917 -0.399 0 0.399 0.917 32524.dat
0 !LDCAD GROUP_NXT [ids=0] [nrs=9]
1 70 -160 -304.05 603.319 0 -1 0 -0.917 0 0.399 -0.399 0 -0.917 24316.dat
0 STEP
0 !LDCAD GROUP_NXT [ids=0] [nrs=10]
1 71 -179.997 -362.261 687.046 0 1 -0.001 -0.399 0.001 0.917 0.917 0.001 0.399 4519.dat
0 !LDCAD GROUP_NXT [ids=0] [nrs=11]
1 0 -160 -380.604 679.07 0 -1 0 -0.399 0 -0.917 0.917 0 -0.399 92907.dat
0 !LDCAD GROUP_NXT [ids=0] [nrs=12]
1 4 -180 -380.601 679.071 0 -1 0.001 -0.399 -0.001 -0.917 0.917 -0.001 -0.399 32062.dat
0 !LDCAD GROUP_NXT [ids=0] [nrs=13]
1 4 -199.97 -408.131 667.101 -0.001 0 -1 0.917 0.399 -0.001 0.399 -0.917 -0.001 3706.dat
0 !LDCAD GROUP_NXT [ids=0] [nrs=14]
1 0 -200.01 -371.45 683.05 1 0.001 0 0.001 -0.917 0.399 0.001 -0.399 -0.917 18654.dat
0 !LDCAD GROUP_NXT [ids=0] [nrs=15]
1 0 -200.01 -371.45 683.05 0.001 0 -1 -0.917 -0.399 -0.001 -0.399 0.917 -0.001 42131 - 69819.dat
0 STEP
0 !LDCAD GROUP_NXT [ids=0] [nrs=16]
1 0 -199.89 -411.807 665.502 -1 -0.001 0 -0.001 0.917 0.399 -0.001 0.399 -0.917 3941.dat
0 !LDCAD GROUP_NXT [ids=0] [nrs=17]
1 0 -199.866 -433.815 655.933 -1 -0.001 0 -0.001 0.917 0.399 -0.001 0.399 -0.917 3941.dat
0 !LDCAD GROUP_NXT [ids=0] [nrs=18]
1 0 -199.842 -455.824 646.362 -1 -0.001 0 -0.001 0.917 0.399 -0.001 0.399 -0.917 3941.dat
0 STEP
0 !LDCAD GROUP_NXT [ids=0] [nrs=19]
1 0 -199.834 -463.16 643.172 -1 -0.001 0 -0.001 0.917 0.399 -0.001 0.399 -0.917 4032a.dat
0 !LDCAD GROUP_NXT [ids=0] [nrs=20]
1 0 -199.81 -485.168 633.602 -1 -0.001 0 -0.001 0.917 0.399 -0.001 0.399 -0.917 17485.dat
0 !LDCAD GROUP_NXT [ids=0] [nrs=21]
1 0 -199.802 -492.504 630.413 -1 -0.001 0 -0.001 0.917 0.399 -0.001 0.399 -0.917 15535.dat
0 !LDCAD GROUP_NXT [ids=0] [nrs=22]
1 4 -169.82 -475.965 637.589 1 -0.001 0 0.001 0.917 -0.399 0.001 0.399 0.917 11214.dat
0 !LDCAD GROUP_NXT [ids=0] [nrs=23]
1 0 -169.82 -475.965 637.589 0.001 1 0.002 -0.479 0.002 -0.878 -0.878 0.001 0.479 18654.dat
0 !LDCAD GROUP_NXT [ids=0] [nrs=24]
1 0 -149.82 -475.923 637.587 1 0.002 0.001 0.002 -0.88 -0.477 0.001 0.477 -0.88 32291.dat
0 !LDCAD GROUP_NXT [ids=0] [nrs=25]
1 1 -159.792 -488.769 655.904 -0.001 0.001 1 0.477 -0.88 0.001 0.88 0.477 0.001 4274.dat
0 !LDCAD GROUP_NXT [ids=0] [nrs=27]
1 1 -139.792 -488.727 655.902 -0.001 0.001 1 0.477 -0.88 0.001 0.88 0.477 0.001 4274.dat
0 !LDCAD GROUP_NXT [ids=0] [nrs=26]
1 47 -159.799 -484.96 662.938 -0.001 0.001 -1 0.88 -0.477 -0.001 -0.477 -0.88 -0.001 98138.dat
0 !LDCAD GROUP_NXT [ids=0] [nrs=28]
1 47 -139.799 -484.917 662.936 -0.001 0.001 -1 0.88 -0.477 -0.001 -0.477 -0.88 -0.001 98138.dat
0 STEP
1 4 -201 -220 600 0 0 1 0 1 0 -1 0 0 42131 - footway2.ldr
0 STEP
1 4 -193 -60.001 817.998 1 0 0 0 0.917 -0.399 0 0.399 0.917 42131 - 65304.dat
1 4 207 -60 818 -1 0 0 0 0.917 0.399 0 0.399 -0.917 42131 - 65304.dat
0 STEP
1 72 230 0 340 1 0 0 0 1 0 0 0 1 42131 - track1.ldr
0 STEP
1 1 180 -140 240 0 -1 0 1 0 0 0 0 1 42131 - 42924.dat
1 1 180 -140 120 0 -1 0 1 0 0 0 0 1 42131 - 42924.dat
1 14 180 -160 180 -1 0 0 0 -1 0 0 0 1 32524.dat
0 STEP
1 1 320 -40 140 0 1 0 -1 0 0 0 0 1 42131 - 42924.dat
1 1 320 -40 180 0 1 0 -1 0 0 0 0 1 42131 - 42924.dat
1 14 320 -20 180 1 0 0 0 1 0 0 0 1 32524.dat
1 71 320 -40 160 0 -1 0 1 0 0 0 0 1 42131 - 44874.dat
1 70 320 -40 120 0 -1 0 1 0 0 0 0 1 24316.dat
1 1 320 -30 220 0 1 0 -1 0 0 0 0 1 4274.dat
1 0 340 -40 120 0 1 0 -1 0 0 0 0 1 42003.dat
0 STEP
1 71 320 -40 160 1 0 0 0 0 1 0 -1 0 4519.dat
1 0 340 -40 160 0 0 -1 1 0 0 0 -1 0 32270.dat
1 71 320 -40 200 0 0 -1 1 0 0 0 -1 0 4519.dat
1 0 340 -40 200 0 1 0 -1 0 0 0 0 1 42003.dat
1 72 360 -40 220 0 1 0 -1 0 0 0 0 1 52730.dat
1 0 360 -40 180 0 1 0 -1 0 0 0 0 1 32270.dat
1 0 360 -40 150 0 1 0 -1 0 0 0 0 1 59443.dat
1 19 360 -40 130 0 -1 0 0 0 -1 1 0 0 3749.dat
1 14 320 -65 160 1 0 0 0 1 0 0 0 1 11478.dat
1 14 320 -55 160 1 0 0 0 1 0 0 0 1 11478.dat
0 STEP
1 0 -230 0 340 1 0 0 0 1 0 0 0 1 42131 - track2.ldr
0 STEP
1 1 -180 -140 120 0 -1 0 1 0 0 0 0 1 42131 - 42924.dat
1 1 -180 -140 240 0 -1 0 1 0 0 0 0 1 42131 - 42924.dat
1 14 -180 -160 180 1 0 0 0 1 0 0 0 1 32524.dat
0 STEP
1 1 -320 -40 140 0 -1 0 -1 0 0 0 0 -1 42131 - 42924.dat
1 1 -320 -40 180 0 -1 0 -1 0 0 0 0 -1 42131 - 42924.dat
1 14 -320 -20 180 1 0 0 0 1 0 0 0 1 32524.dat
1 71 -320 -40 160 0 1 0 -1 0 0 0 0 1 42131 - 44874.dat
1 70 -320 -40 120 0 1 0 1 0 0 0 0 -1 24316.dat
1 1 -320 -30 220 0 -1 0 -1 0 0 0 0 -1 4274.dat
1 0 -340 -40 120 0 -1 0 1 0 0 0 0 1 42003.dat
0 STEP
1 71 -320 -40 160 1 0 0 0 0 1 0 -1 0 4519.dat
1 0 -340 -40 160 0 0 1 -1 0 0 0 -1 0 32270.dat
1 71 -320 -40 200 0 0 1 -1 0 0 0 -1 0 4519.dat
1 0 -340 -40 200 0 -1 0 1 0 0 0 0 1 42003.dat
1 72 -360 -40 220 0 -1 0 1 0 0 0 0 1 52730.dat
1 0 -360 -40 180 0 -1 0 1 0 0 0 0 1 32270.dat
1 0 -360 -40 150 0 -1 0 1 0 0 0 0 1 59443.dat
1 19 -360 -40 130 0 1 0 0 0 1 1 0 0 3749.dat
1 14 -320 -65 160 1 0 0 0 1 0 0 0 1 11478.dat
1 14 -320 -55 160 1 0 0 0 1 0 0 0 1 11478.dat
0 STEP
1 14 0 -480 340 -1 0 0 0 -1 0 0 0 1 32073.dat
1 14 100 -200 180 0 0 1 0 1 0 -1 0 0 42131 - cabin1.ldr
0 STEP
1 14 0 -200 20 1 0 0 0 1 0 0 0 1 42131 - chassis5.ldr
0 STEP
1 4 -140 -180 280 0 0 1 0 1 0 -1 0 0 42131 - 65304.dat
1 4 140 -180 280 0 0 1 0 1 0 -1 0 0 42131 - 65304.dat
0 STEP
1 14 -180 -220 340 0 0 1 -1 0 0 0 -1 0 32316.dat
1 0 -200 -220 350 0 0 1 0 -1 0 1 0 0 42131 - 61332.dat
1 0 -160 -220 350 0 0 1 0 -1 0 1 0 0 42131 - 61332.dat
1 14 -180 -220 360 0 0 1 -1 0 0 0 -1 0 32316.dat
1 14 180 -220 340 0 0 1 -1 0 0 0 -1 0 32316.dat
1 0 160 -220 350 0 0 1 0 -1 0 1 0 0 42131 - 61332.dat
1 0 200 -220 350 0 0 1 0 -1 0 1 0 0 42131 - 61332.dat
1 14 180 -220 360 0 0 1 -1 0 0 0 -1 0 32316.dat
0 STEP
1 72 10 -67.989 -268.089 -1 0 0 0 -0.94 0.34 0 0.34 0.94 55013.dat
1 72 40 -184.53 -272.363 1 0 0 0 0.483 -0.876 0 0.876 0.483 42131 - ripper.ldr
1 4 80 -67.989 -268.089 0 0 1 0.34 -0.94 0 0.94 0.34 0 3713.dat
0 STEP
1 72 120 -211.572 -55.772 0 -1 0 -0.965 0 -0.263 0.263 0 -0.965 42131 - fakela.ldr
1 72 -120 -211.572 -55.772 0 -1 0 -0.965 0 -0.263 0.263 0 -0.965 42131 - fakela.ldr
0 STEP
1 72 320 -10 240 0 1 0 -1 0 0 0 0 1 87083.dat
1 72 386.052 -20 776.318 -0.996 0 -0.085 0 1 0 0.085 0 -0.996 42131 - bladesupport1.ldr
1 4 320 20 240 0 1 0 0 0 1 1 0 0 3713.dat
0 STEP
1 14 -372.721 -20 780.22 -0.998 0 0.061 0 1 0 -0.061 0 -0.998 42131 - bladesupport2.ldr
1 72 -320 -10 240 0 -0.998 0.061 -1 0 0 0 -0.061 -0.998 87083.dat
1 4 -320 20 240 -0.998 -0.061 0 0 0 1 -0.061 0.998 0 3713.dat
0 STEP
1 14 72.169 9.072 770.092 0.962 -0.052 -0.267 0.051 0.999 -0.014 0.267 0 0.964 42131 - panhard.ldr
0 STEP
1 14 -230 0 0 0 0 1 -0.156 -0.988 0 0.988 -0.156 0 42131 - technicChainTread38Closed-1.ldr
1 14 230 0 0 0 0 1 -0.156 -0.988 0 0.988 -0.156 0 42131 - technicChainTread38Closed-1.ldr
0 STEP
1 0 7 -180 918 -1 0 0 0 1 0 0 0 -1 42131 - blade.ldr
0 STEP
1 70 -354.989 -20 838.044 -1 0 0 0 1 0 0 0 -1 15462.dat
1 4 -392.989 -20 838.044 0 0 -1 1 0 0 0 -1 0 3713.dat
1 70 368.969 -20 838.042 1 0 0 0 1 0 0 0 1 15462.dat
1 4 406.969 -20 838.042 0 0 1 1 0 0 0 1 0 3713.dat


0 FILE 42131 - spikePrimeMotorL-LQ-1.ldr
0 spikePrimeMotorL-LQ-1
0 Name: 42131 - spikePrimeMotorL-LQ-1.ldr
0 Author: Philippe Hurbain [Philo]
0 !LDRAW_ORG Model
0 !LICENSE Redistributable under CCAL version 2.0 : see CAreadme.txt

0 !CATEGORY electric
0 !KEYWORDS flexible, power functions 2

0 !LDCAD CONTENT [type=path] [addFallBack=default] [looped=false] [displayKind=mm] [curveStep=0] [displayLenCor=0]
0 !LDCAD PATH_POINT [type=bezier] [posOri=0 14 143 1 0 0 0 0 1 0 -1 0] [prevCPDist=25] [nextCPDist=5.5] [cirR=20] [cirDir=xyCW] [prevYRoll=0] [nextYRoll=0]
0 !LDCAD PATH_POINT [type=bezier] [posOri=0 18.499875 148.467973 1 0 0 0 -1 0 0 0 -1] [prevCPDist=2.5] [nextCPDist=10] [cirR=20] [cirDir=xyCW] [prevYRoll=0] [nextYRoll=0]
0 !LDCAD PATH_POINT [type=bezier] [posOri=0 28.853047 132.249611 1 0 0 0 -0.34202 -0.939692 0 0.939692 -0.34202] [prevCPDist=4.5] [nextCPDist=25] [cirR=20] [cirDir=xyCW] [prevYRoll=0] [nextYRoll=0]
0 !LDCAD PATH_POINT [type=bezier] [posOri=64 26 132 -0.866026 -0.5 0 -0.321394 0.556671 -0.766044 0.383022 -0.663414 -0.642788] [prevCPDist=41] [nextCPDist=25] [cirR=20] [cirDir=xyCW] [prevYRoll=0] [nextYRoll=0]
0 !LDCAD PATH_POINT [type=bezier] [posOri=110 2 140 0 -1 0 -1 0 0 0 0 -1] [prevCPDist=25] [nextCPDist=25] [cirR=20] [cirDir=xyCW] [prevYRoll=0] [nextYRoll=0]
0 !LDCAD PATH_POINT [type=bezier] [posOri=250 2 140 0 -1 0 -1 0 0 0 0 -1] [prevCPDist=25] [nextCPDist=25] [cirR=20] [cirDir=xyCW] [prevYRoll=0] [nextYRoll=0]
0 !LDCAD PATH_POINT [type=bezier] [posOri=303.730647 -36.683539 113.736711 -0.930124 -0.357791 -0.082794 0.012885 -0.2571 0.966299 -0.367019 0.897711 0.243745] [prevCPDist=32] [nextCPDist=96.5] [cirR=20] [cirDir=xyCW] [prevYRoll=0] [nextYRoll=0]
0 !LDCAD PATH_POINT [type=bezier] [posOri=510 -5 52 0.866025 -0.5 0 -0.5 -0.866025 0 0 0 -1] [prevCPDist=25] [nextCPDist=13] [cirR=20] [cirDir=xyCW] [prevYRoll=0] [nextYRoll=0]
0 !LDCAD PATH_POINT [type=bezier] [posOri=520 16 60 1 0 0 0 -1 0 0 0 -1] [prevCPDist=14.5] [nextCPDist=25] [cirR=20] [cirDir=xyCW] [prevYRoll=0] [nextYRoll=0]

0 !LDCAD PATH_SKIN [donCol=0] [donOri=0 0 1 0 1 0 -1 0 0] [donPart=u9218.dat] [donYSize=100%] [donCen=absCen] [donCenYOfs=0] [donFinScale=segMerge] [donPlace=refsStat] [donYAlign=0] [donInline=false] [segSize=50%] [segSizeTol=5%] [segsCnt=0] [segsGrp=0] [segsMaxMerge=1] [segsMrgAng=0] [segsMrgRollAng=0] [segsEdgeDelKind=keepFirstLeft]

0 !LDCAD PATH_CAP [group=start] [color=71] [posOri=0 0 0 1 0 0 0 1 0 0 0 1] [part=42131 - 69730.dat] [extraLen=0mm] [inlineRef=false]
0 !LDCAD PATH_CAP [group=end] [color=47] [posOri=520 30 60 1 0 0 0 0 1 0 -1 0] [part=23816a.dat] [extraLen=0mm] [inlineRef=false]
0 !LDCAD PATH_CAP [group=end] [color=0] [posOri=520 30 60 0 0 1 0 -15 0 1 0 0] [part=u9218.dat] [extraLen=0mm] [inlineRef=false]

0 !LDCAD GENERATED [generator=LDCad 1.7 Alpha 1]
0 //This is the fallback LDraw content for above PATH configuration.
0 // Do not edit, any changes will be lost upon regeneration.
0 // The path is approx 260.62 mm (651.55) and exists out of 1303 segments.

0 //Some general hints about the document.
0 UNOFFICIAL PART
0 BFC CERTIFY CCW

0 //Start cap reference(s)
1 71 0 0 0 1 0 0 0 1 0 0 0 1 42131 - 69730.dat

0 //End cap reference(s)
1 47 520 30 60 1 0 0 0 0 1 0 -1 0 23816a.dat
1 0 520 30 60 0 0 1 0 -15 0 1 0 0 u9218.dat

0 //Fixed color segments
0 // Skin meta #1 is using a static color.
