0 FILE 4310 - Main.ldr
0 Main
0 Name: 4310 - Main.ldr
0 Author: Massimo Maso
0 !LDRAW_ORG Model
0 !LICENSE Redistributable under CCAL version 2.0 : see CAreadme.txt

0 !HISTORY 2019-01-19 [technicbasics] Build .mpd to OMRize file

1 0 0 0 0 1 0 0 0 1 0 0 0 1 4310 - 4310.ldr




0 FILE 4310 - 4310.ldr
0 4310
0 Name: 4310 - 4310.ldr
0 Author: Massimo Maso
0 !LDRAW_ORG Model
0 !LICENSE Redistributable under CCAL version 2.0 : see CAreadme.txt
0 ROTATION CENTER 0 0 0 1 "Custom"
0 ROTATION CONFIG 0 0
1 7 0 -7.945 49.258 1 0 0 0 0.988936 -0.148344 0 0.148344 0.988936 4600.dat
1 8 0 -1.022 -50.822 1 0 0 0 0.988936 -0.148344 0 0.148344 0.988936 6157.dat
0 STEP
1 8 0 -9.922 8.514 0 0 1 0.148344 0.988936 0 -0.988936 0.148344 0 3795.dat
1 4 -10 0.462 -60.711 1 0 0 0 0.988936 -0.148344 0 0.148344 0.988936 6141.dat
1 4 10 0.462 -60.711 1 0 0 0 0.988936 -0.148344 0 0.148344 0.988936 6141.dat
0 STEP
1 4 0 -20.801 27.106 0 0 1 0.148344 0.988936 0 -0.988936 0.148344 0 3020.dat
1 4 -10 -13.384 -22.341 1 0 0 0 0.988936 -0.148344 0 0.148344 0.988936 6141.dat
1 4 10 -13.384 -22.341 1 0 0 0 0.988936 -0.148344 0 0.148344 0.988936 6141.dat
1 25 0 -8.933 -52.009 1 0 0 0 0.988936 -0.148344 0 0.148344 0.988936 41854.dat
0 STEP
1 4 -10 -33.163 55.587 -1 0 0 0 0.988936 0.148344 0 0.148344 -0.988936 4081a.dat
1 4 10 -33.163 55.587 -1 0 0 0 0.988936 0.148344 0 0.148344 -0.988936 4081a.dat
1 25 0 -28.712 25.919 1 0 0 0 0.988936 -0.148344 0 0.148344 0.988936 3022.dat
1 25 0 -22.778 -13.638 -1 0 0 0 0.988936 0.148344 0 0.148344 -0.988936 44674.dat
1 0 0 -18.328 -43.306 1 0 0 0 0.988936 -0.148344 0 0.148344 0.988936 2412a.dat
0 STEP
1 0 0 -52.447 22.359 -1 0 0 0 0.988936 0.148344 0 0.148344 -0.988936 30603.dat
1 0 0 -22.778 -13.638 1 0 0 0 0.988936 -0.148344 0 0.148344 0.988936 30602.dat
0 STEP
1 4 -30 -3 50 0 0 1 0.148344 0.988936 0 -0.988936 0.148344 0 6014.dat
1 4 30 -3 50 0 0 -1 -0.148344 0.988936 0 0.988936 0.148344 0 6014.dat
1 4 -42 3.923 -50.08 0 0 1 0.148344 0.988936 0 -0.988936 0.148344 0 30027a.dat
1 4 42 3.923 -50.08 0 0 -1 -0.148344 0.988936 0 0.988936 0.148344 0 30027a.dat
0 STEP
1 256 -36 -3 50 0 0 1 0.148344 0.988936 0 -0.988936 0.148344 0 6015.dat
1 256 36 -3 50 0 0 1 0.148344 0.988936 0 -0.988936 0.148344 0 6015.dat
1 256 -47 3.923 -50.08 1 0 0 0 0.988936 -0.148344 0 0.148344 0.988936 30028.dat
1 256 37 3.923 -50.08 1 0 0 0 0.988936 -0.148344 0 0.148344 0.988936 30028.dat





