0 FILE 4347 - Main.ldr
0 Main
0 Name: 4347 - Main.ldr
0 Author: Ken Drew [Ken]
0 !LDRAW_ORG Model
0 !LICENSE Redistributable under CCAL version 2.0 : see CAreadme.txt

0 !HISTORY 2012-12-12 [Ken] Initial creation
0 !HISTORY 2019-01-19 [technicbasics] Build .mpd to OMRize file

0 ROTATION CENTER 0 0 0 1 "Custom" 
0 ROTATION CONFIG 0 0
1 0 0 0 0 1 0 0 0 1 0 0 0 1 4347 - Auto Pod - Cement Truck.ldr




0
0 FILE 4347 - Auto Pod - Cement Truck.ldr
0 Auto Pod - Cement Truck
0 Name: 4347 - Auto Pod - Cement Truck.ldr
0 Author: Ken Drew [Ken]
0 !LDRAW_ORG Model
0 !LICENSE Redistributable under CCAL version 2.0 : see CAreadme.txt
0 !THEME Designer
0 !HISTORY 2012-12-12 [Ken] Initial creation


0 ROTATION CENTER 0 0 0 1 "Custom" 
0 ROTATION CONFIG 0 0
1 7 0 0 0 0 0 1 0 1 0 -1 0 0 3020.dat
0 STEP
1 7 0 -8 40 -1 0 0 0 1 0 0 0 -1 4600.dat
1 7 0 -8 -20 -1 0 0 0 1 0 0 0 -1 4600.dat
0 STEP
1 1 0 -8 10 -1 0 0 0 1 0 0 0 -1 3023.dat
1 1 0 -16 -30 1 0 0 0 1 0 0 0 1 2436a.dat
0 STEP
1 1 0 -6 -52 1 0 0 0 0 -1 0 1 0 3023.dat
0 STEP
1 46 30 -6 -52 1 0 0 0 0 -1 0 1 0 6141.dat
1 46 -30 -6 -52 1 0 0 0 0 -1 0 1 0 6141.dat
0 STEP
1 1 -10 -16 20 0 0 -1 0 1 0 1 0 0 3710.dat
1 1 10 -16 20 0 0 -1 0 1 0 1 0 0 3710.dat
0 STEP
1 1 0 -24 -10 0 0 -1 0 1 0 1 0 0 3021.dat
0 STEP
1 9 -10 -24 40 0 0 -1 0 1 0 1 0 0 2412b.dat
1 9 10 -24 40 0 0 -1 0 1 0 1 0 0 2412b.dat
0 STEP
1 1 0 -48 -10 1 0 0 0 1 0 0 0 1 3004.dat
0 STEP
1 1 0 -48 10 -1 0 0 0 1 0 0 0 -1 3937.dat
0 STEP
1 7 0 -45.2374 17.3381 -1 0 0 0 0.707107 -0.707107 0 -0.707107 -0.707107 3938.dat
1 43 0 -48 -30 -1 0 0 0 1 0 0 0 -1 3004.dat
0 STEP
1 1 0 -43.8232 30.066 1 0 0 0 0.707107 0.707107 0 -0.707107 0.707107 3680c01.dat
0 STEP
1 15 0 -77.7643 64.0071 1 0 0 0 0.707107 0.707107 0 -0.707107 0.707107 3942b.dat
0 STEP
1 1 0 -64 -10 1 0 0 0 1 0 0 0 1 41855.dat
0 STEP
1 36 10 -72 -10 1 0 0 0 1 0 0 0 1 6141.dat
0 STEP
1 15 34 -3 -20 0 0 -1 0 1 0 1 0 0 30027a.dat
1 15 34 -3 40 0 0 -1 0 1 0 1 0 0 30027a.dat
1 15 -34 -3 40 0 0 1 0 1 0 -1 0 0 30027a.dat
1 15 -34 -3 -20 0 0 1 0 1 0 -1 0 0 30027a.dat
0 STEP
1 0 -29 -3 -20 -1 0 0 0 1 0 0 0 -1 30028.dat
1 0 39 -3 -20 -1 0 0 0 1 0 0 0 -1 30028.dat
1 0 39 -3 40 -1 0 0 0 1 0 0 0 -1 30028.dat
1 0 -29 -3 40 -1 0 0 0 1 0 0 0 -1 30028.dat
0 STEP





0
0
