0 FILE 4404 - Main.ldr
0 Main
0 Name: 4404 - Main.ldr
0 Author: Marc Giraudet [Mad_Marc]
0 !LDRAW_ORG Model
0 !LICENSE Redistributable under CCAL version 2.0 : see CAreadme.txt
1 38 0 -3.486 -120.099 1 0 0 0 1 -0.021 0 0.021 1 4404 - Bike.ldr


0 FILE 4404 - Bike.ldr
0 Bike
0 Name: 4404 - Bike.ldr
0 Author: Marc Giraudet [Mad_Marc]
0 !LDRAW_ORG Model
0 !LICENSE Redistributable under CCAL version 2.0 : see CAreadme.txt
1 0 0 0 0 0 0 1 0 1 0 -1 0 0 3020.dat
0 STEP
1 7 -10 -24 0 0 0 1 0 1 0 -1 0 0 3701.dat
1 7 10 -24 0 0 0 1 0 1 0 -1 0 0 3701.dat
0 STEP
1 0 -20 -14 0 -1 0 0 0 1 0 0 0 -1 2780.dat
1 0 20 -14 0 -1 0 0 0 1 0 0 0 -1 2780.dat
1 19 -20 -14 20 -1 0 0 0 1 0 0 0 -1 3749.dat
1 19 20 -14 20 1 0 0 0 1 0 0 0 1 3749.dat
1 7 -10 -32 -30 0 0 1 0 1 0 -1 0 0 6141.dat
1 7 10 -32 -30 0 0 1 0 1 0 -1 0 0 6141.dat
1 7 -10 -32 30 0 0 1 0 1 0 -1 0 0 6141.dat
1 7 10 -32 30 0 0 1 0 1 0 -1 0 0 6141.dat
0 STEP
1 0 0 -40 0 0 0 1 0 1 0 -1 0 0 3020.dat
1 8 50 -14 20 1 0 0 0 1 0 0 0 1 32054.dat
1 8 -50 -14 20 -1 0 0 0 1 0 0 0 -1 32054.dat
0 STEP
1 8 0 -64 0 -1 0 0 0 1 0 0 0 -1 30000.dat
1 0 0 -64 30 -1 0 0 0 1 0 0 0 -1 3660.dat
1 0 0 -64 -30 1 0 0 0 1 0 0 0 1 3660.dat
0 STEP
1 14 0 -72 20 0 0 1 0 1 0 -1 0 0 3034.dat
0 STEP
1 0 -30 -74 0 0 1 0 0 0 1 1 0 0 32526.dat
1 0 30 -74 0 0 1 0 0 0 1 1 0 0 32526.dat
0 STEP
1 0 0 -96 -50 1 0 0 0 1 0 0 0 1 3660.dat
1 0 -10 -96 20 0 0 1 0 1 0 -1 0 0 3894.dat
1 0 10 -96 20 0 0 1 0 1 0 -1 0 0 3894.dat
0 STEP
1 38 0 -80 160 1 0 0 0 1 0 0 0 1 4404 - Rear.ldr
0 STEP
1 14 0 -104 20 0 0 1 0 1 0 -1 0 0 3832.dat
1 0 0 -86 60 -1 0 0 0 1 0 0 0 -1 3706.dat
1 14 40 -86 60 0 0 -1 -0.545 0.838 0 0.838 0.545 0 76537.dat
1 7 25 -86 60 0 0 -1 0 1 0 1 0 0 32123a.dat
1 7 55 -86 60 0 0 -1 0 1 0 1 0 0 32123a.dat
1 7 -25 -86 60 0 0 -1 0 1 0 1 0 0 32123a.dat
0 STEP
1 8 0 -112 60 0 0 1 0 1 0 -1 0 0 3020.dat
1 8 0 -112 110 -1 0 0 0 1 0 0 0 -1 2540.dat
0 STEP
1 179 -30 -78.903 -46.222 0 0 1 -0.375 -0.927 0 0.927 -0.375 0 4404 - Engine RH.ldr
1 7 -50 -86 140 0 0 -1 -1 0 0 0 1 0 4404 - Tube.ldr
0 STEP
1 1 30 -78.903 -46.222 0 0 -1 0.375 -0.927 0 -0.927 -0.375 0 4404 - Engine LH.ldr
1 7 50 -86 140 0 0 -1 -1 0 0 0 1 0 4404 - Tube.ldr
1 179 50 -14 -20 0 -1 0 -0.927 0 0.375 -0.375 0 -0.927 41669.dat
0 STEP
1 0 -10 -128 60 0 0 1 0 1 0 -1 0 0 6081.dat
1 0 10 -128 60 0 0 -1 0 1 0 1 0 0 6081.dat
1 8 0 -122.931 147.798 -1 0 0 0 -0.588 0.809 0 0.809 0.588 4404 - Light Rear.ldr
0 STEP
1 4 0 -128 60 0 0 1 0 1 0 -1 0 0 3020.dat
1 0 0 -136 110 -1 0 0 0 1 0 0 0 -1 3660.dat
1 1 -48 -49.308 -12.695 0 1 0 -0.375 0 0.927 0.927 0 0.375 4404 - Engine side.ldr
1 1 48 -49.308 -12.695 0 -1 0 -0.375 0 -0.927 0.927 0 -0.375 4404 - Engine side.ldr
0 STEP
1 0 0 -128 -20 1 0 0 0 1 0 0 0 1 2904.dat
1 14 0 -128 10 1 0 0 0 1 0 0 0 1 3004.dat
0 STEP
1 14 10 -136 -20 0 0 -1 0 1 0 1 0 0 44728.dat
1 14 -10 -136 -20 0 0 1 0 1 0 -1 0 0 44728.dat
1 14 -10 -136 20 0 0 1 0 1 0 -1 0 0 3023.dat
1 14 10 -136 20 0 0 1 0 1 0 -1 0 0 3023.dat
1 0 0 -136 60 0 0 1 0 1 0 -1 0 0 3068b.dat
1 0 0 -136 90 -1 0 0 0 1 0 0 0 -1 3023.dat
0 STEP
1 14 32 -116 -40 0 -1 0 0 0 -1 1 0 0 4404 - Side LH.ldr
1 14 -32 -116 -40 0 1 0 0 0 1 1 0 0 4404 - Side RH.ldr
0 STEP
1 0 0 -144 100 -1 0 0 0 1 0 0 0 -1 3068b.dat
1 0 0 -144 130 -1 0 0 0 1 0 0 0 -1 2412b.dat
1 4 0 -144 -30 0 0 -1 0 1 0 1 0 0 3021.dat
0 STEP
1 0 0 -152 -50 0 0 -1 0 1 0 1 0 0 3021.dat
0 STEP
1 14 0 -160 -60 -1 0 0 0 1 0 0 0 -1 43712.dat
0 STEP
1 19 40 6.136 100 0 0 1 0.002 -1 0 1 0.002 0 4404 - Arm.ldr
0 STEP
1 0 0 6.195 120 -1 0 0 0 1 -0.002 0 -0.002 -1 3706.dat
1 7 55 6.195 120 0 0 -1 0.002 1 0 1 -0.002 0 32123a.dat
0 STEP
1 7 0 6.195 120 0 0 1 0.002 -1 0 1 0.002 0 44292.dat
1 256 0 6.195 120 0 0 1 0.002 -1 0 1 0.002 0 44308.dat
0 STEP
1 14 -40 6.136 100 0 0 -1 0.002 1 0 1 -0.002 0 4404 - Arm.ldr
0 STEP
1 14 -40 -86 60 0 0 -1 -0.545 0.838 0 0.838 0.545 0 76537.dat
0 STEP
1 7 -55 -86 60 0 0 -1 0 1 0 1 0 0 32123a.dat
1 7 -55 6.195 120 0 0 -1 0.002 1 0 1 -0.002 0 32123a.dat
1 0 -50 6 0 1 0 0 0 1 0 0 0 1 6558.dat
0 STEP
1 0 -70 6 0 0 1 0 0 0 1 1 0 0 4404 - Stand.ldr
0 STEP
1 7 0 -66.653 -136.573 1 0 0 0 0.268 -0.963 0 0.963 0.268 4404 - Front Wheel.ldr
1 8 0 -138.36 -95.853 0 -0.588 0.809 0.963 0.217 0.158 -0.268 0.779 0.566 32054.dat


0 FILE 4404 - Rear.ldr
0 Rear
0 Name: 4404 - Rear.ldr
0 Author: Marc Giraudet [Mad_Marc]
0 !LDRAW_ORG Model
0 !LICENSE Redistributable under CCAL version 2.0 : see CAreadme.txt
1 14 -10 11.633 -1.518 0 0 1 -0.383 0.924 0 -0.924 -0.383 0 44301.dat
1 14 10 11.633 -1.518 0 0 1 -0.383 0.924 0 -0.924 -0.383 0 44301.dat
0 STEP
1 14 0 4.242 1.543 0 0 1 -0.383 0.924 0 -0.924 -0.383 0 3068b.dat
0 STEP
1 14 -10 0 -60 0 0 -1 0 1 0 1 0 0 44302a.dat
1 14 10 0 -60 0 0 -1 0 1 0 1 0 0 44302a.dat
0 STEP
1 14 0 -8 -70 1 0 0 0 1 0 0 0 1 3023.dat
1 0 10 -8 -50 0 0 -1 0 1 0 1 0 0 4081b.dat
1 0 -10 -8 -50 0 0 1 0 1 0 -1 0 0 4081b.dat
0 STEP
1 14 0 -16 -60 0 0 1 0 1 0 -1 0 0 3022.dat
0 STEP
1 8 -30 -6 -38 0 0 1 -1 0 0 0 -1 0 4085c.dat
1 8 30 -6 -38 0 0 -1 1 0 0 0 -1 0 4085c.dat
1 38 -30 -6 -30 0 0 1 -1 0 0 0 -1 0 6141.dat
1 38 30 -6 -30 0 0 1 -1 0 0 0 -1 0 6141.dat


0 FILE 4404 - Engine RH.ldr
0 Engine RH
0 Name: 4404 - Engine RH.ldr
0 Author: Marc Giraudet [Mad_Marc]
0 !LDRAW_ORG Model
0 !LICENSE Redistributable under CCAL version 2.0 : see CAreadme.txt
1 0 0 0 0 1 0 0 0 1 0 0 0 1 3023.dat
0 STEP
1 0 10 -8 0 1 0 0 0 1 0 0 0 1 4081b.dat
1 7 -10 -8 0 1 0 0 0 1 0 0 0 1 6141.dat
0 STEP
1 0 0 -16 0 1 0 0 0 1 0 0 0 1 3023.dat
1 7 22 -6 -20 0 -1 0 1 0 0 0 0 1 6141.dat
0 STEP
1 7 0 -40 0 1 0 0 0 1 0 0 0 1 3700.dat
0 STEP
1 8 0 -48 0 1 0 0 0 1 0 0 0 1 32530.dat
0 STEP
1 1 0 -50 -10 0 0 1 0 1 0 -1 0 0 4274.dat
1 1 0 -30 -10 0 0 1 0 1 0 -1 0 0 4274.dat
0 STEP
1 0 0 -70 30 0 0 1 0 1 0 -1 0 0 3706.dat
1 179 0 -70 -20 0 0 -1 -1 0 0 0 1 0 41669.dat


0 FILE 4404 - Engine LH.ldr
0 Engine LH
0 Name: 4404 - Engine LH.ldr
0 Author: Marc Giraudet [Mad_Marc]
0 !LDRAW_ORG Model
0 !LICENSE Redistributable under CCAL version 2.0 : see CAreadme.txt
1 0 0 0 0 1 0 0 0 1 0 0 0 1 3023.dat
0 STEP
1 0 -10 -8 0 1 0 0 0 1 0 0 0 1 4081b.dat
1 7 10 -8 0 1 0 0 0 1 0 0 0 1 6141.dat
0 STEP
1 0 0 -16 0 1 0 0 0 1 0 0 0 1 3023.dat
1 7 -22 -6 -20 0 1 0 -1 0 0 0 0 1 6141.dat
0 STEP
1 7 0 -40 0 1 0 0 0 1 0 0 0 1 3700.dat
0 STEP
1 8 0 -48 0 1 0 0 0 1 0 0 0 1 32530.dat
0 STEP
1 1 0 -50 -10 0 0 1 0 1 0 -1 0 0 4274.dat
1 1 0 -30 -10 0 0 1 0 1 0 -1 0 0 4274.dat


0 FILE 4404 - Light Rear.ldr
0 Light Rear
0 Name: 4404 - Light Rear.ldr
0 Author: Marc Giraudet [Mad_Marc]
0 !LDRAW_ORG Model
0 !LICENSE Redistributable under CCAL version 2.0 : see CAreadme.txt
1 36 -10 0 0 1 0 0 0 1 0 0 0 1 6141.dat
1 36 10 0 0 1 0 0 0 1 0 0 0 1 6141.dat
1 14 0 -8 0 1 0 0 0 1 0 0 0 1 3794a.dat
0 STEP
1 0 0 -16 0 0 0 1 0 1 0 -1 0 0 2555.dat


0 FILE 4404 - Engine side.ldr
0 Engine side
0 Name: 4404 - Engine side.ldr
0 Author: Marc Giraudet [Mad_Marc]
0 !LDRAW_ORG Model
0 !LICENSE Redistributable under CCAL version 2.0 : see CAreadme.txt
1 7 0 0 0 1 0 0 0 1 0 0 0 1 3021.dat
1 8 30 0 0 0 0 -1 0 1 0 1 0 0 30602.dat
0 STEP
1 0 -10 -24 0 1 0 0 0 1 0 0 0 1 30165.dat
0 STEP
1 7 -10 -32 0 1 0 0 0 1 0 0 0 1 2412b.dat


0 FILE 4404 - Side RH.ldr
0 Side RH
0 Name: 4404 - Side RH.ldr
0 Author: Marc Giraudet [Mad_Marc]
0 !LDRAW_ORG Model
0 !LICENSE Redistributable under CCAL version 2.0 : see CAreadme.txt
1 14 0 0 0 0 0 1 0 1 0 -1 0 0 3176.dat
1 14 40 0 0 0 0 1 0 1 0 -1 0 0 3022.dat
0 STEP
1 14 20 -8 10 -1 0 0 0 1 0 0 0 -1 2431.dat
1 8 20 -8 -10 -1 0 0 0 1 0 0 0 -1 3069b.dat
1 14 -10 -8 -10 -1 0 0 0 1 0 0 0 -1 3070b.dat
1 14 50 -8 -10 -1 0 0 0 1 0 0 0 -1 3070b.dat


0 FILE 4404 - Side LH.ldr
0 Side LH
0 Name: 4404 - Side LH.ldr
0 Author: Marc Giraudet [Mad_Marc]
0 !LDRAW_ORG Model
0 !LICENSE Redistributable under CCAL version 2.0 : see CAreadme.txt
1 14 0 0 0 0 0 1 0 1 0 -1 0 0 3176.dat
1 14 40 0 0 0 0 1 0 1 0 -1 0 0 3022.dat
0 STEP
1 14 20 -8 -10 -1 0 0 0 1 0 0 0 -1 2431.dat
1 14 -10 -8 10 -1 0 0 0 1 0 0 0 -1 3070b.dat
1 14 50 -8 10 -1 0 0 0 1 0 0 0 -1 3070b.dat
1 8 20 -8 10 -1 0 0 0 1 0 0 0 -1 3069b.dat


0 FILE 4404 - Arm.ldr
0 Arm
0 Name: 4404 - Arm.ldr
0 Author: Marc Giraudet [Mad_Marc]
0 !LDRAW_ORG Model
0 !LICENSE Redistributable under CCAL version 2.0 : see CAreadme.txt
1 19 -60 0 0 0 0 -1 0 1 0 1 0 0 3749.dat
1 0 0 0 0 0 0 -1 -1 0 0 0 1 0 2825.dat
1 0 0 0 -10 0 0 -1 0 1 0 1 0 0 32062.dat
0 STEP
1 0 40 0 -15 0 0 -1 1 0 0 0 -1 0 6632.dat


0 FILE 4404 - Stand.ldr
0 Stand
0 Name: 4404 - Stand.ldr
0 Author: Marc Giraudet [Mad_Marc]
0 !LDRAW_ORG Model
0 !LICENSE Redistributable under CCAL version 2.0 : see CAreadme.txt
1 0 0 0 0 0 0 -1 1 0 0 0 -1 0 32013.dat
1 0 30 0 0 1 0 0 0 1 0 0 0 1 32062.dat
1 0 50 0 0 0 0 -1 0 1 0 1 0 0 30553.dat
0 STEP
1 8 70 6 0 -1 0 0 0 1 0 0 0 -1 30383.dat


0 FILE 4404 - Tube.ldr
0 Tube
0 Name: 4404 - Tube.ldr
0 Author: Marc Giraudet [Mad_Marc]
0 !LDRAW_ORG Model
0 !LICENSE Redistributable under CCAL version 2.0 : see CAreadme.txt
0 !CATEGORY hose
0 !KEYWORDS flexible

0 !LDCAD CONTENT [type=path] [addFallBack=default] [looped=false] [displayKind=mm] [curveStep=0] [displayLenCor=0]

0 !LDCAD PATH_POINT [type=bezier] [posOri=0 -22 0 0 0 1 0 1 0 -1 0 0] [prevCPDist=25] [nextCPDist=34] [cirR=20] [cirDir=xyCW] [prevYRoll=0] [nextYRoll=0]
0 !LDCAD PATH_POINT [type=bezier] [posOri=3.073244 -145.0331 0 0 0.374607 0.927184 0 0.927184 -0.374607 -1 0 0] [prevCPDist=74.5] [nextCPDist=25] [cirR=20] [cirDir=xyCW] [prevYRoll=0] [nextYRoll=0]

0 !LDCAD PATH_SKIN [donCol=16] [donOri=1 0 0 0 1 0 0 0 1] [donPart=754.dat] [donYSize=100%] [donCen=absCen] [donCenYOfs=0] [donFinScale=none] [donPlace=refsStat] [donYAlign=0] [donInline=false] [segSize=50%] [segSizeTol=5%] [segsCnt=0] [segsGrp=0] [segsMaxMerge=1] [segsMrgAng=0] [segsMrgRollAng=0] [segsEdgeDelKind=keepFirstLeft]
0 !LDCAD PATH_SKIN [donCol=16] [donOri=1 0 0 0 1 0 0 0 1] [donPart=756.dat] [donYSize=100%] [donCen=absCen] [donCenYOfs=0] [donFinScale=none] [donPlace=refsStat] [donYAlign=0] [donInline=false] [segSize=60%] [segSizeTol=5%] [segsCnt=1] [segsGrp=0] [segsMaxMerge=1] [segsMrgAng=0] [segsMrgRollAng=0] [segsEdgeDelKind=keepFirstLeft]
0 !LDCAD PATH_SKIN [donCol=16] [donOri=1 0 0 0 -1 0 0 0 -1] [donPart=754.dat] [donYSize=100%] [donCen=absCen] [donCenYOfs=0] [donFinScale=none] [donPlace=refsStat] [donYAlign=0] [donInline=false] [segSize=50%] [segSizeTol=5%] [segsCnt=0] [segsGrp=0] [segsMaxMerge=1] [segsMrgAng=0] [segsMrgRollAng=0] [segsEdgeDelKind=keepFirstLeft]

0 !LDCAD PATH_CAP [group=start] [color=16] [posOri=0 -18 0 0 0 1 0 1 0 -1 0 0] [part=750.dat] [extraLen=0mm] [inlineRef=false]
0 !LDCAD PATH_CAP [group=end] [color=16] [posOri=1.575 -148.742 0 0 -0.375 -0.927 0 -0.927 0.375 -1 0 0] [part=750.dat] [extraLen=0mm] [inlineRef=false]
0 !LDCAD PATH_CAP [group=start] [color=16] [posOri=0 -18 0 0 0 -1 0 -1 0 -1 0 0] [part=755.dat] [extraLen=0mm] [inlineRef=false]
0 !LDCAD PATH_CAP [group=end] [color=16] [posOri=1.575 -148.742 0 0 0.375 0.927 0 0.927 -0.375 -1 0 0] [part=755.dat] [extraLen=0mm] [inlineRef=false]

0 !LDCAD GENERATED [generator=LDCad 1.6c]
0 //This is the fallback LDraw content for above PATH configuration.
0 // Do not edit, any changes will be lost upon regeneration.
0 // The path is approx 50.61 mm (126.53) and exists out of 50 segments.

0 //Some general hints about the document.
0 UNOFFICIAL PART
0 BFC CERTIFY CCW

0 //Start cap reference(s)
1 16 0 -18 0 0 0 1 0 1 0 -1 0 0 750.dat
1 16 0 -18 0 0 0 -1 0 -1 0 -1 0 0 755.dat

0 //End cap reference(s)
1 16 1.574817 -148.741836 0 0 -0.374607 -0.927184 0 -0.927184 0.374607 -1 0 0 750.dat
1 16 1.574817 -148.741836 0 0 0.374607 0.927184 0 0.927184 -0.374607 -1 0 0 755.dat

0 //Segments
1 16 0.052648 -23.984052 0 0 -0.026526 0.999648 0 0.999648 0.026526 -1 0 0 754.dat
1 16 0.202572 -26.698886 0 0 -0.071362 0.99745 0 0.99745 0.071362 -1 0 0 754.dat
1 16 0.458168 -29.154905 0 0 -0.117094 0.993121 0 0.993121 0.117094 -1 0 0 754.dat
1 16 0.812647 -31.598835 0 0 -0.154717 0.987959 0 0.987959 0.154717 -1 0 0 754.dat
1 16 1.249247 -34.029435 0 0 -0.186123 0.982526 0 0.982526 0.186123 -1 0 0 754.dat
1 16 1.768835 -36.44359 0 0 -0.220655 0.975352 0 0.975352 0.220655 -1 0 0 754.dat
1 16 2.356575 -38.842238 0 0 -0.24531 0.969445 0 0.969445 0.24531 -1 0 0 754.dat
1 16 3.005889 -41.224947 0 0 -0.270358 0.96276 0 0.96276 0.270358 -1 0 0 754.dat
1 16 3.705345 -43.593525 0 0 -0.288647 0.957436 0 0.957436 0.288647 -1 0 0 754.dat
1 16 4.440338 -45.951367 0 0 -0.301383 0.953503 0 0.953503 0.301383 -1 0 0 754.dat
1 16 5.203263 -48.300341 0 0 -0.312087 0.950054 0 0.950054 0.312087 -1 0 0 754.dat
1 16 5.983412 -50.643683 0 0 -0.31748 0.948265 0 0.948265 0.31748 -1 0 0 754.dat
1 16 6.771113 -52.984507 0 0 -0.319547 0.94757 0 0.94757 0.319547 -1 0 0 754.dat
1 16 7.557341 -55.325828 0 0 -0.317823 0.94815 0 0.94815 0.317823 -1 0 0 754.dat
1 16 8.332659 -57.670771 0 0 -0.312265 0.949995 0 0.949995 0.312265 -1 0 0 754.dat
1 16 9.089735 -60.021652 0 0 -0.304106 0.952638 0 0.952638 0.304106 -1 0 0 754.dat
1 16 9.819829 -62.38102 0 0 -0.292011 0.956415 0 0.956415 0.292011 -1 0 0 754.dat
1 16 10.518535 -64.749849 0 0 -0.279044 0.960278 0 0.960278 0.279044 -1 0 0 754.dat
1 16 11.177483 -67.129996 0 0 -0.261622 0.96517 0 0.96517 0.261622 -1 0 0 754.dat
1 16 11.791749 -69.522065 0 0 -0.243246 0.969965 0 0.969965 0.243246 -1 0 0 754.dat
1 16 12.354685 -71.926679 0 0 -0.221445 0.975173 0 0.975173 0.221445 -1 0 0 754.dat
1 16 12.864693 -74.34306 0 0 -0.200174 0.97976 0 0.97976 0.200174 -1 0 0 754.dat
1 16 13.315515 -76.77113 0 0 -0.175068 0.984556 0 0.984556 0.175068 -1 0 0 754.dat
1 16 13.706754 -79.209522 0 0 -0.151359 0.988479 0 0.988479 0.151359 -1 0 0 754.dat
1 16 13.988074 -81.447073 0 0 -0.111852 0.993725 0 0.993725 0.111852 -1 0 0 756.dat
1 16 14.434727 -85.678636 0 0 0.071928 -0.99741 0 -0.99741 -0.071928 -1 0 0 754.dat
1 16 14.593633 -88.143063 0 0 0.046433 -0.998921 0 -0.998921 -0.046433 -1 0 0 754.dat
1 16 14.688367 -90.610765 0 0 0.019296 -0.999814 0 -0.999814 -0.019296 -1 0 0 754.dat
1 16 14.716922 -93.080149 0 0 -0.006698 -0.999978 0 -0.999978 0.006698 -1 0 0 754.dat
1 16 14.684237 -95.549542 0 0 -0.028666 -0.999589 0 -0.999589 0.028666 -1 0 0 754.dat
1 16 14.592604 -98.017411 0 0 -0.057016 -0.998373 0 -0.998373 0.057016 -1 0 0 754.dat
1 16 14.434582 -100.481998 0 0 -0.080429 -0.99676 0 -0.99676 0.080429 -1 0 0 754.dat
1 16 14.219759 -102.942253 0 0 -0.102453 -0.994738 0 -0.994738 0.102453 -1 0 0 754.dat
1 16 13.951207 -105.397224 0 0 -0.123572 -0.992336 0 -0.992336 0.123572 -1 0 0 754.dat
1 16 13.628706 -107.845689 0 0 -0.147123 -0.989118 0 -0.989118 0.147123 -1 0 0 754.dat
1 16 13.252831 -110.286586 0 0 -0.164157 -0.986434 0 -0.986434 0.164157 -1 0 0 754.dat
1 16 12.830561 -112.719821 0 0 -0.187078 -0.982345 0 -0.982345 0.187078 -1 0 0 754.dat
1 16 12.35668 -115.143631 0 0 -0.203191 -0.979139 0 -0.979139 0.203191 -1 0 0 754.dat
1 16 11.840058 -117.55865 0 0 -0.223313 -0.974747 0 -0.974747 0.223313 -1 0 0 754.dat
1 16 11.277733 -119.963475 0 0 -0.238005 -0.971264 0 -0.971264 0.238005 -1 0 0 754.dat
1 16 10.677242 -122.359039 0 0 -0.255253 -0.966874 0 -0.966874 0.255253 -1 0 0 754.dat
1 16 10.035726 -124.74397 0 0 -0.270359 -0.96276 0 -0.96276 0.270359 -1 0 0 754.dat
1 16 9.35706 -127.118604 0 0 -0.285247 -0.958454 0 -0.958454 0.285247 -1 0 0 754.dat
1 16 8.642586 -129.482727 0 0 -0.298822 -0.954309 0 -0.954309 0.298822 -1 0 0 754.dat
1 16 7.894415 -131.836397 0 0 -0.312631 -0.949874 0 -0.949874 0.312631 -1 0 0 754.dat
1 16 7.113256 -134.179334 0 0 -0.32492 -0.945741 0 -0.945741 0.32492 -1 0 0 754.dat
1 16 6.302146 -136.512076 0 0 -0.336664 -0.941625 0 -0.941625 0.336664 -1 0 0 754.dat
1 16 5.462743 -138.83479 0 0 -0.34744 -0.937702 0 -0.937702 0.34744 -1 0 0 754.dat
1 16 4.59597 -141.147428 0 0 -0.359244 -0.933244 0 -0.933244 0.359244 -1 0 0 754.dat
1 16 3.70741 -143.43506 0 0 -0.368857 -0.929486 0 -0.929486 0.368857 -1 0 0 754.dat


0 FILE 4404 - Front Wheel.ldr
0 Front Wheel
0 Name: 4404 - Front Wheel.ldr
0 Author: Marc Giraudet [Mad_Marc]
0 !LDRAW_ORG Model
0 !LICENSE Redistributable under CCAL version 2.0 : see CAreadme.txt
1 0 -40 0 0 0 0 -1 0 1 0 1 0 0 3706.dat
1 0 -40 0 50 -1 0 0 0 1 0 0 0 -1 32039.dat
0 STEP
1 14 -40 0 20 0 0 -1 0 1 0 1 0 0 75535.dat
1 179 -40 0 -20 0 0 -1 0 1 0 1 0 0 72504.dat
0 STEP
1 0 -40 0 -70 -1 0 0 0 1 0 0 0 -1 32013.dat
0 STEP
1 7 0 0 70 -1 0 0 0 1 0 0 0 -1 32073.dat
1 0 0 0 -70 -1 0 0 0 1 0 0 0 -1 3706.dat
1 7 -55 0 -70 0 0 -1 0 1 0 1 0 0 32123a.dat
0 STEP
1 7 -25 0 -70 0 0 -1 0 1 0 1 0 0 32123a.dat
1 7 -25 0 100 0 -1 0 1 0 0 0 0 1 32449.dat
0 STEP
1 0 0 0 20 1 0 0 0 0 1 0 -1 0 4404 - Front center.ldr
0 STEP
1 0 0 0 70 1 0 0 0 1 0 0 0 1 6536.dat
0 STEP
1 0 15 0 40 0 1 0 1 0 0 0 0 -1 32449.dat
1 0 0 0 130 1 0 0 0 0 1 0 -1 0 4404 - Handbar RH.ldr
0 STEP
1 0 0 -10 90 1 0 0 0 0 -1 0 1 0 4404 - Light.ldr
1 7 25 0 100 0 -1 0 1 0 0 0 0 1 32449.dat
0 STEP
1 7 60 0 130 1 0 0 0 0 1 0 -1 0 4404 - Handbar LH.ldr
0 STEP
1 0 0 -52.627 6.201 1 0 0 0 0.707 0.707 0 -0.707 0.707 4404 - Mudguard.ldr
0 STEP
1 7 0 0 -70 0 0 1 0 1 0 -1 0 0 44292.dat
1 256 0 0 -70 0 0 1 0 1 0 -1 0 0 44308.dat
1 7 25 0 -70 0 0 -1 0 1 0 1 0 0 32123a.dat
0 STEP
1 0 40 0 0 1 0 0 0 1 0 0 0 1 4404 - Front Arm.ldr
1 7 55 0 -70 0 0 -1 0 1 0 1 0 0 32123a.dat


0 FILE 4404 - Light.ldr
0 Light
0 Name: 4404 - Light.ldr
0 Author: Marc Giraudet [Mad_Marc]
0 !LDRAW_ORG Model
0 !LICENSE Redistributable under CCAL version 2.0 : see CAreadme.txt
1 0 -15 0 -10 0 -1 0 1 0 0 0 0 1 41677.dat
1 0 0 0 10 -1 0 0 0 -1 0 0 0 1 32062.dat
0 STEP
1 7 0 0 -10 -1 0 0 0 -1 0 0 0 1 4519.dat
0 STEP
1 8 0 0 12 0 0 1 1 0 0 0 1 0 32530.dat
0 STEP
1 0 15 0 -10 0 -1 0 1 0 0 0 0 1 41677.dat
0 STEP
1 14 0 10 20 0 0 1 1 0 0 0 1 0 30367a.dat
1 47 0 10 44 0 0 1 1 0 0 0 1 0 2654.dat


0 FILE 4404 - Handbar RH.ldr
0 Handbar RH
0 Name: 4404 - Handbar RH.ldr
0 Author: Marc Giraudet [Mad_Marc]
0 !LDRAW_ORG Model
0 !LICENSE Redistributable under CCAL version 2.0 : see CAreadme.txt
1 7 0 0 0 1 0 0 0 1 0 0 0 1 32073.dat
1 7 -60 0 0 0 0 -1 1 0 0 0 -1 0 32192.dat
1 0 -81.213 0 21.213 0.707 -0.707 0 0 0 1 -0.707 -0.707 0 32062.dat
0 STEP
1 0 -60 -10 0 0 -1 0 1 0 0 0 0 1 6628.dat


0 FILE 4404 - Handbar LH.ldr
0 Handbar LH
0 Name: 4404 - Handbar LH.ldr
0 Author: Marc Giraudet [Mad_Marc]
0 !LDRAW_ORG Model
0 !LICENSE Redistributable under CCAL version 2.0 : see CAreadme.txt
1 7 0 0 0 0 0 1 -1 0 0 0 -1 0 32192.dat
1 0 21.213 0 21.213 0.707 0.707 0 0 0 1 0.707 -0.707 0 32062.dat
0 STEP
1 0 0 -10 0 0 0 -1 1 0 0 0 -1 0 6628.dat


0 FILE 4404 - Mudguard.ldr
0 Mudguard
0 Name: 4404 - Mudguard.ldr
0 Author: Marc Giraudet [Mad_Marc]
0 !LDRAW_ORG Model
0 !LICENSE Redistributable under CCAL version 2.0 : see CAreadme.txt
1 14 0 0 -10 1 0 0 0 1 0 0 0 1 3023.dat
1 14 0 0 10 -1 0 0 0 1 0 0 0 -1 44567.dat
0 STEP
1 14 0 -8 0 -1 0 0 0 1 0 0 0 -1 3068b.dat


0 FILE 4404 - Front center.ldr
0 Front center
0 Name: 4404 - Front center.ldr
0 Author: Marc Giraudet [Mad_Marc]
0 !LDRAW_ORG Model
0 !LICENSE Redistributable under CCAL version 2.0 : see CAreadme.txt
1 14 0 0 0 0 0 1 0 1 0 -1 0 0 32064a.dat
1 0 0 10 0 -1 0 0 0 1 0 0 0 -1 32062.dat
0 STEP
1 14 0 -8 0 0 0 1 0 1 0 -1 0 0 44302a.dat
0 STEP
1 0 -15 -20 0 0 -1 0 0 0 1 -1 0 0 32449.dat


0 FILE 4404 - Front Arm.ldr
0 Front Arm
0 Name: 4404 - Front Arm.ldr
0 Author: Marc Giraudet [Mad_Marc]
0 !LDRAW_ORG Model
0 !LICENSE Redistributable under CCAL version 2.0 : see CAreadme.txt
1 0 0 0 0 0 0 -1 0 1 0 1 0 0 3706.dat
1 0 0 0 50 -1 0 0 0 1 0 0 0 -1 32039.dat
0 STEP
1 14 0 0 20 0 0 -1 0 1 0 1 0 0 75535.dat
1 179 0 0 -20 0 0 -1 0 1 0 1 0 0 72504.dat
0 STEP
1 0 0 0 -70 -1 0 0 0 1 0 0 0 -1 32013.dat



