0 FILE 4404 - Main.ldr
0 Main
0 Name: 4404 - Main.ldr
0 Author: Marc Giraudet [Mad_Marc]
0 !LDRAW_ORG Model
0 !LICENSE Redistributable under CCAL version 2.0 : see CAreadme.txt
1 0 0 30 1.292 1 0 0 0 0.999 -0.035 0 0.035 0.999 4404 - Dragster.ldr


0 FILE 4404 - Dragster.ldr
0 Dragster
0 Name: 4404 - Dragster.ldr
0 Author: Marc Giraudet [Mad_Marc]
0 !LDRAW_ORG Model
0 !LICENSE Redistributable under CCAL version 2.0 : see CAreadme.txt
1 0 0 0 -20 0 0 -1 0 1 0 1 0 0 3832.dat
1 0 0 0 200 0 0 -1 0 1 0 1 0 0 2445.dat
0 STEP
1 14 0 -8 -100 1 0 0 0 1 0 0 0 1 3832.dat
1 8 0 -8 40 0 0 1 0 1 0 -1 0 0 2445.dat
1 0 0 0 440 0 0 1 0 1 0 -1 0 0 2445.dat
1 8 0 -8 180 0 0 1 0 1 0 -1 0 0 3022.dat
0 STEP
1 8 0 -8 320 0 0 1 0 1 0 -1 0 0 2445.dat
1 0 0 0 660 0 0 1 0 1 0 -1 0 0 3030.dat
1 8 20 -8 470 1 0 0 0 1 0 0 0 1 43723.dat
1 8 -20 -8 470 1 0 0 0 1 0 0 0 1 43722.dat
0 STEP
1 0 0 -8 780 0 0 1 0 1 0 -1 0 0 3028.dat
1 8 0 -8 580 0 0 1 0 1 0 -1 0 0 3035.dat
1 0 -50 0 820 0 0 1 0 1 0 -1 0 0 4510.dat
1 0 50 0 820 0 0 -1 0 1 0 1 0 0 4510.dat
0 STEP
1 7 -60 -32 860 1 0 0 0 1 0 0 0 1 32531.dat
1 7 60 -32 860 1 0 0 0 1 0 0 0 1 32531.dat
1 0 0 -32 810 1 0 0 0 1 0 0 0 1 3894.dat
0 STEP
1 14 -40 -32 740 0 0 1 0 1 0 -1 0 0 2456.dat
1 14 40 -32 740 0 0 1 0 1 0 -1 0 0 2456.dat
1 14 40 -32 640 1 0 0 0 1 0 0 0 1 41768.dat
1 14 -40 -32 640 1 0 0 0 1 0 0 0 1 41767.dat
1 14 -30 -32 540 0 0 1 0 1 0 -1 0 0 3009.dat
1 14 30 -32 540 0 0 1 0 1 0 -1 0 0 3009.dat
1 7 -50 -32 860 -1 0 0 0 1 0 0 0 -1 3002.dat
1 7 50 -32 860 -1 0 0 0 1 0 0 0 -1 3002.dat
1 19 -120 -22 860 -1 0 0 0 1 0 0 0 -1 3749.dat
1 19 120 -22 860 1 0 0 0 1 0 0 0 1 3749.dat
0 STEP
1 0 -10 -32 600 0 0 1 0 1 0 -1 0 0 3895.dat
1 0 10 -32 600 0 0 1 0 1 0 -1 0 0 3895.dat
1 14 20 -32 440 1 0 0 0 1 0 0 0 1 41768.dat
1 14 -20 -32 440 1 0 0 0 1 0 0 0 1 41767.dat
1 0 0 -32 340 0 0 1 0 1 0 -1 0 0 2456.dat
1 0 0 -32 20 0 0 1 0 1 0 -1 0 0 2456.dat
1 14 10 -32 180 0 0 1 0 1 0 -1 0 0 6111.dat
1 14 -10 -32 180 0 0 1 0 1 0 -1 0 0 6111.dat
1 0 0 -32 -50 1 0 0 0 1 0 0 0 1 3298.dat
1 8 0 -16 -110 1 0 0 0 1 0 0 0 1 2540.dat
0 STEP
1 4 0 -40 460 0 0 1 0 1 0 -1 0 0 3020.dat
1 14 0 -40 600 0 0 1 0 1 0 -1 0 0 3030.dat
1 0 0 -40 780 0 0 1 0 1 0 -1 0 0 3035.dat
1 14 0 -56 890 -1 0 0 0 1 0 0 0 -1 3004.dat
1 14 0 -80 890 -1 0 0 0 1 0 0 0 -1 3660.dat
0 STEP
1 14 0 -48 560 0 0 -1 0 1 0 1 0 0 3832.dat
1 8 -30 -48 560 0 0 -1 0 1 0 1 0 0 6636.dat
1 8 30 -48 560 0 0 -1 0 1 0 1 0 0 6636.dat
1 14 0 -104 900 -1 0 0 0 1 0 0 0 -1 3003.dat
1 14 30 -104 890 -1 0 0 0 1 0 0 0 -1 2449.dat
1 14 -30 -104 890 -1 0 0 0 1 0 0 0 -1 2449.dat
1 4 -30 -48 790 0 0 -1 0 1 0 1 0 0 3623.dat
1 4 30 -48 790 0 0 -1 0 1 0 1 0 0 3623.dat
1 8 0 -48 780 0 0 -1 0 1 0 1 0 0 3022.dat
1 8 -10 -48 820 0 0 -1 0 1 0 1 0 0 30383.dat
1 8 10 -48 820 0 0 -1 0 1 0 1 0 0 30383.dat
0 STEP
1 14 50 -104 880 0 0 -1 0 1 0 1 0 0 3684a.dat
1 14 -50 -104 880 0 0 1 0 1 0 -1 0 0 3684a.dat
1 14 -50 -104 850 0 0 1 0 1 0 -1 0 0 4460a.dat
1 14 50 -104 850 0 0 -1 0 1 0 1 0 0 4460a.dat
1 14 -50 -56 780 0 0 -1 0 1 0 1 0 0 3009.dat
1 14 50 -56 780 0 0 -1 0 1 0 1 0 0 3009.dat
1 14 -50 -56 710 1 0 0 0 1 0 0 0 1 4286.dat
1 14 50 -56 710 1 0 0 0 1 0 0 0 1 4286.dat
1 8 0 -56 800 -1 0 0 0 1 0 0 0 -1 3020.dat
1 8 0 -56 770 -1 0 0 0 1 0 0 0 -1 3710.dat
0 STEP
1 14 0 -56 480 1 0 0 0 1 0 0 0 1 43712.dat
1 0 0 -56 560 0 0 1 0 1 0 -1 0 0 32001.dat
1 0 -50 -64 740 0 0 1 0 1 0 -1 0 0 3710.dat
1 0 -50 -64 810 0 0 1 0 1 0 -1 0 0 3623.dat
1 0 50 -64 810 0 0 1 0 1 0 -1 0 0 3623.dat
1 0 50 -64 740 0 0 1 0 1 0 -1 0 0 3710.dat
1 0 0 -112 910 -1 0 0 0 1 0 0 0 -1 3710.dat
1 0 0 -112 890 -1 0 0 0 1 0 0 0 -1 3666.dat
1 14 -10 -56 640 0 0 -1 0 1 0 1 0 0 44302a.dat
1 14 10 -56 640 0 0 -1 0 1 0 1 0 0 44302a.dat
0 STEP
1 14 60 -72 800 1 0 0 0 1 0 0 0 1 41770.dat
1 14 -60 -72 800 1 0 0 0 1 0 0 0 1 41769.dat
1 14 -50 -72 740 0 0 1 0 1 0 -1 0 0 3069b.dat
1 14 50 -72 740 0 0 1 0 1 0 -1 0 0 3069b.dat
1 8 20 -64 790 1 0 0 0 1 0 0 0 1 43723.dat
1 8 -20 -64 790 1 0 0 0 1 0 0 0 1 43722.dat
1 8 -10 -64 560 0 0 1 0 1 0 -1 0 0 4477.dat
1 8 10 -64 560 0 0 1 0 1 0 -1 0 0 4477.dat
1 0 -30 -136 890 0 0 1 0 1 0 -1 0 0 3040b.dat
1 0 30 -136 890 0 0 -1 0 1 0 1 0 0 3040b.dat
0 STEP
1 14 -50 -96 830 1 0 0 0 1 0 0 0 1 4286.dat
1 14 50 -96 830 1 0 0 0 1 0 0 0 1 4286.dat
1 14 -50 -104 830 1 0 0 0 1 0 0 0 1 6141.dat
1 14 50 -104 830 1 0 0 0 1 0 0 0 1 6141.dat
1 0 0 -72 640 1 0 0 0 1 0 0 0 1 3068b.dat
0 STEP
1 14 0 -144 890 1 0 0 0 1 0 0 0 1 2431.dat
1 0 -50 -112 850 0 0 1 0 1 0 -1 0 0 3623.dat
1 0 50 -112 850 0 0 1 0 1 0 -1 0 0 3623.dat
0 STEP
1 14 10 -40 300 0 0 1 0 1 0 -1 0 0 4162.dat
1 0 -10 -40 300 0 0 1 0 1 0 -1 0 0 4162.dat
1 14 -10 -40 160 0 0 1 0 1 0 -1 0 0 6636.dat
1 0 10 -40 160 0 0 1 0 1 0 -1 0 0 6636.dat
1 14 10 -40 20 0 0 1 0 1 0 -1 0 0 4162.dat
1 0 -10 -40 20 0 0 1 0 1 0 -1 0 0 4162.dat
1 7 90 -32 -100 0 0 1 0 1 0 -1 0 0 3700.dat
1 7 -90 -32 -100 0 0 1 0 1 0 -1 0 0 3700.dat
1 14 70 -32 -100 0 0 1 0 1 0 -1 0 0 3298.dat
1 14 -70 -32 -100 0 0 -1 0 1 0 1 0 0 3298.dat
0 STEP
1 0 -80 -40 -100 0 0 -1 0 1 0 1 0 0 3068b.dat
1 0 80 -40 -100 0 0 -1 0 1 0 1 0 0 3068b.dat
1 19 100 -22 -100 1 0 0 0 1 0 0 0 1 3749.dat
1 19 -100 -22 -100 -1 0 0 0 1 0 0 0 -1 3749.dat
0 STEP
1 0 0 -128 920 1 0 0 0 1 0 0 0 1 4404 - Back.ldr
1 14 -50 -120 860 0 0 1 0 1 0 -1 0 0 3794a.dat
1 14 50 -120 860 0 0 1 0 1 0 -1 0 0 3794a.dat
1 7 -50 -118 860 0 0 1 0 1 0 -1 0 0 4404 - Tube RH.ldr
1 7 50 -118 860 0 0 1 0 1 0 -1 0 0 4404 - Tube LH.ldr
0 STEP
1 8 0 -74.892 866.926 1 0 0 0 0.267 -0.964 0 0.964 0.267 4404 - Seat.ldr
0 STEP
1 14 0 -73.799 720.912 -1 0 0 0 0.707 0.707 0 0.707 -0.707 4404 - Steering.ldr
1 8 0 -88 600 -1 0 0 0 1 0 0 0 -1 30000.dat
1 0 -10 -88 520 0 0 -1 0 1 0 1 0 0 3894.dat
1 0 10 -88 520 0 0 -1 0 1 0 1 0 0 3894.dat
0 STEP
1 1 20 -78 560 1 0 0 0 1 0 0 0 1 4274.dat
1 1 20 -78 500 1 0 0 0 1 0 0 0 1 4274.dat
1 0 20 -78 540 1 0 0 0 1 0 0 0 1 2780.dat
1 0 -20 -78 540 1 0 0 0 1 0 0 0 1 2780.dat
1 1 -20 -78 500 -1 0 0 0 1 0 0 0 -1 4274.dat
1 1 -20 -78 560 -1 0 0 0 1 0 0 0 -1 4274.dat
0 STEP
1 8 40 -70.929 592.929 -1 0 0 0 -0.707 0.707 0 0.707 0.707 4404 - Exhaust LH.ldr
1 8 40 -70.929 532.929 -1 0 0 0 -0.707 0.707 0 0.707 0.707 4404 - Exhaust LH.ldr
0 STEP
1 8 -40 -70.929 532.929 1 0 0 0 -0.707 -0.707 0 0.707 -0.707 4404 - Exhaust RH.ldr
1 8 -40 -70.929 592.929 1 0 0 0 -0.707 -0.707 0 0.707 -0.707 4404 - Exhaust RH.ldr
0 STEP
1 0 0 -96 540 1 0 0 0 1 0 0 0 1 4404 - Engine.ldr
0 STEP
1 0 0 -160 450 1 0 0 0 1 0 0 0 1 4404 - Intake.ldr
1 7 140 -22 860 0 0 -1 0 1 0 1 0 0 41896.dat
1 7 -140 -22 860 0 0 1 0 1 0 -1 0 0 41896.dat
1 256 -140 -22 860 0 0 1 0 1 0 -1 0 0 41893.dat
1 256 140 -22 860 0 0 -1 0 1 0 1 0 0 41893.dat
1 7 120 -22 -100 0 0 1 0 1 0 -1 0 0 44292.dat
1 7 -120 -22 -100 0 0 -1 0 1 0 1 0 0 44292.dat
1 256 -120 -22 -100 0 0 -1 0 1 0 1 0 0 44308.dat
1 256 120 -22 -100 0 0 1 0 1 0 -1 0 0 44308.dat
0 STEP
1 0 0 -100 964 1 0 0 0 0 1 0 -1 0 4404 - Rear.ldr


0 FILE 4404 - Back.ldr
0 Back
0 Name: 4404 - Back.ldr
0 Author: Marc Giraudet [Mad_Marc]
0 !LDRAW_ORG Model
0 !LICENSE Redistributable under CCAL version 2.0 : see CAreadme.txt
1 0 0 0 0 1 0 0 0 1 0 0 0 1 3020.dat
0 STEP
1 8 30 -8 0 0 0 -1 0 1 0 1 0 0 2540.dat
1 8 -30 -8 0 0 0 1 0 1 0 -1 0 0 2540.dat
1 7 0 -8 10 -1 0 0 0 1 0 0 0 -1 2412b.dat
0 STEP
1 14 20 8 -10 -1 0 0 0 1 0 0 0 -1 44728.dat
1 14 -20 8 -10 -1 0 0 0 1 0 0 0 -1 44728.dat
1 8 0 28 12 -1 0 0 0 0 -1 0 -1 0 3020.dat


0 FILE 4404 - Tube RH.ldr
0 Tube RH
0 Name: 4404 - Tube RH.ldr
0 Author: Marc Giraudet [Mad_Marc]
0 !LDRAW_ORG Model
0 !LICENSE Redistributable under CCAL version 2.0 : see CAreadme.txt
0 !CATEGORY hose
0 !KEYWORDS flexible

0 !LDCAD CONTENT [type=path] [addFallBack=default] [looped=false] [displayKind=mm] [curveStep=0] [displayLenCor=0]

0 !LDCAD PATH_POINT [type=bezier] [posOri=0 -22 0 0 0 1 0 1 0 -1 0 0] [prevCPDist=25] [nextCPDist=50] [cirR=20] [cirDir=xyCW] [prevYRoll=0] [nextYRoll=0]
0 !LDCAD PATH_POINT [type=bezier] [posOri=-50 -30 40 0 0 -1 0 -1 0 -1 0 0] [prevCPDist=50] [nextCPDist=25] [cirR=20] [cirDir=xyCW] [prevYRoll=0] [nextYRoll=0]

0 !LDCAD PATH_SKIN [donCol=16] [donOri=1 0 0 0 1 0 0 0 1] [donPart=754.dat] [donYSize=100%] [donCen=absCen] [donCenYOfs=0] [donFinScale=none] [donPlace=refsStat] [donYAlign=0] [donInline=false] [segSize=50%] [segSizeTol=5%] [segsCnt=0] [segsGrp=0] [segsMaxMerge=1] [segsMrgAng=0] [segsMrgRollAng=0] [segsEdgeDelKind=keepFirstLeft]
0 !LDCAD PATH_SKIN [donCol=16] [donOri=1 0 0 0 1 0 0 0 1] [donPart=756.dat] [donYSize=100%] [donCen=absCen] [donCenYOfs=0] [donFinScale=none] [donPlace=refsStat] [donYAlign=0] [donInline=false] [segSize=60%] [segSizeTol=5%] [segsCnt=1] [segsGrp=0] [segsMaxMerge=1] [segsMrgAng=0] [segsMrgRollAng=0] [segsEdgeDelKind=keepFirstLeft]
0 !LDCAD PATH_SKIN [donCol=16] [donOri=1 0 0 0 -1 0 0 0 -1] [donPart=754.dat] [donYSize=100%] [donCen=absCen] [donCenYOfs=0] [donFinScale=none] [donPlace=refsStat] [donYAlign=0] [donInline=false] [segSize=50%] [segSizeTol=5%] [segsCnt=0] [segsGrp=0] [segsMaxMerge=1] [segsMrgAng=0] [segsMrgRollAng=0] [segsEdgeDelKind=keepFirstLeft]

0 !LDCAD PATH_CAP [group=start] [color=16] [posOri=0 -18 0 0 0 1 0 1 0 -1 0 0] [part=750.dat] [extraLen=0mm] [inlineRef=false]
0 !LDCAD PATH_CAP [group=end] [color=16] [posOri=-50 -26 40 0 0 1 0 1 0 -1 0 0] [part=750.dat] [extraLen=0mm] [inlineRef=false]
0 !LDCAD PATH_CAP [group=start] [color=16] [posOri=0 -18 0 0 0 -1 0 -1 0 -1 0 0] [part=755.dat] [extraLen=0mm] [inlineRef=false]
0 !LDCAD PATH_CAP [group=end] [color=16] [posOri=-50 -26 40 0 0 -1 0 -1 0 -1 0 0] [part=755.dat] [extraLen=0mm] [inlineRef=false]

0 !LDCAD GENERATED [generator=LDCad 1.6c]
0 //This is the fallback LDraw content for above PATH configuration.
0 // Do not edit, any changes will be lost upon regeneration.
0 // The path is approx 44.26 mm (110.64) and exists out of 43 segments.

0 //Some general hints about the document.
0 UNOFFICIAL PART
0 BFC CERTIFY CCW

0 //Start cap reference(s)
1 16 0 -18 0 0 0 1 0 1 0 -1 0 0 750.dat
1 16 0 -18 0 0 0 -1 0 -1 0 -1 0 0 755.dat

0 //End cap reference(s)
1 16 -50 -26 40 0 0 1 0 1 0 -1 0 0 750.dat
1 16 -50 -26 40 0 0 -1 0 -1 0 -1 0 0 755.dat

0 //Segments
1 16 -0.034539 -23.768572 0.027631 -0.000305 0.019523 0.999809 -0.015615 0.999687 -0.019525 -0.999878 -0.015618 0 754.dat
1 16 -0.144387 -26.302363 0.11551 -0.002301 0.053606 0.99856 -0.042823 0.997641 -0.053655 -0.99908 -0.042885 0 754.dat
1 16 -0.343764 -28.826978 0.275011 -0.006411 0.089402 0.995975 -0.071233 0.993424 -0.089631 -0.997439 -0.071521 0 754.dat
1 16 -0.641818 -31.335285 0.513455 -0.013516 0.12963 0.99147 -0.102819 0.986124 -0.130333 -0.994608 -0.103704 0 754.dat
1 16 -1.03711 -33.821555 0.829688 -0.022543 0.167109 0.985681 -0.131773 0.976833 -0.168623 -0.991024 -0.133687 0 754.dat
1 16 -1.539234 -36.275841 1.231387 -0.036204 0.211198 0.976773 -0.165034 0.96273 -0.214279 -0.985623 -0.168959 0 754.dat
1 16 -2.149816 -38.689544 1.719853 -0.052433 0.25334 0.965955 -0.195772 0.945908 -0.258709 -0.979247 -0.202672 0 754.dat
1 16 -2.86844 -41.053844 2.294752 -0.072195 0.296101 0.952424 -0.225611 0.925317 -0.304775 -0.971539 -0.236881 0 754.dat
1 16 -3.696245 -43.358724 2.956996 -0.095657 0.33924 0.935824 -0.253975 0.900701 -0.352468 -0.962469 -0.271392 0 754.dat
1 16 -4.637506 -45.590801 3.710004 -0.124389 0.384633 0.91465 -0.281444 0.870272 -0.404247 -0.951481 -0.307707 0 754.dat
1 16 -5.685046 -47.74386 4.548037 -0.153666 0.425016 0.892047 -0.303307 0.8389 -0.451942 -0.940421 -0.340012 0 754.dat
1 16 -6.838733 -49.805913 5.470986 -0.188472 0.467438 0.863702 -0.322981 0.801039 -0.504004 -0.927449 -0.37395 0 754.dat
1 16 -8.100833 -51.76094 6.480667 -0.228177 0.510269 0.829193 -0.338489 0.756958 -0.558963 -0.912886 -0.408215 0 754.dat
1 16 -9.462946 -53.602642 7.570357 -0.267541 0.548222 0.792385 -0.347522 0.712112 -0.610021 -0.898693 -0.438577 0 754.dat
1 16 -10.916246 -55.326178 8.732997 -0.307755 0.583302 0.751695 -0.350772 0.664834 -0.659511 -0.884447 -0.466641 0 754.dat
1 16 -12.463222 -56.909739 9.970578 -0.355491 0.621005 0.698555 -0.347045 0.60625 -0.715556 -0.867863 -0.496804 0 754.dat
1 16 -14.092557 -58.352324 11.274046 -0.397348 0.651135 0.646636 -0.336838 0.551977 -0.762799 -0.853613 -0.520908 0 754.dat
1 16 -15.799576 -59.638539 12.639661 -0.443916 0.681941 0.581287 -0.317123 0.487163 -0.813699 -0.838076 -0.545553 0 754.dat
1 16 -17.571887 -60.771341 14.057509 -0.482351 0.705498 0.51924 -0.293058 0.428634 -0.854628 -0.825503 -0.564398 0 754.dat
1 16 -19.403066 -61.73751 15.522453 -0.52256 0.728548 0.442888 -0.258132 0.359885 -0.896577 -0.812588 -0.582838 0 754.dat
1 16 -21.28821 -62.514805 17.030568 -0.560498 0.748957 0.353421 -0.211758 0.282958 -0.935464 -0.800625 -0.599165 0 754.dat
1 16 -22.890307 -62.968582 18.312246 -0.599178 0.768555 0.224296 -0.137907 0.176891 -0.974521 -0.788649 -0.614844 0 756.dat
1 16 -26.052639 -63.607793 20.842111 -0.621315 -0.779265 -0.08194 -0.051082 -0.064068 0.996637 -0.781894 0.623412 0 754.dat
1 16 -28.031252 -63.708695 22.425002 -0.62448 -0.780767 0.020691 0.012924 0.016158 0.999786 -0.780934 0.624613 0 754.dat
1 16 -30.009151 -63.597941 24.007321 -0.615313 -0.776395 0.136385 0.084711 0.106887 0.990656 -0.783718 0.621116 0 754.dat
1 16 -31.970914 -63.256798 25.576731 -0.592873 -0.765439 0.25021 0.153216 0.197812 0.968192 -0.790586 0.612351 0 754.dat
1 16 -33.901067 -62.691404 27.120854 -0.561656 -0.74956 0.350288 0.21005 0.280323 0.936642 -0.800264 0.599648 0 754.dat
1 16 -35.782984 -61.906003 28.626387 -0.513273 -0.72336 0.461845 0.267264 0.376657 0.886961 -0.815549 0.578688 0 754.dat
1 16 -37.593375 -60.880817 30.0747 -0.457645 -0.690538 0.560105 0.309419 0.466881 0.828421 -0.833559 0.55243 0 754.dat
1 16 -39.318323 -59.636386 31.454658 -0.40291 -0.654956 0.639293 0.334967 0.544512 0.768963 -0.85174 0.523965 0 754.dat
1 16 -40.942222 -58.187452 32.753777 -0.334984 -0.605281 0.722095 0.349656 0.631792 0.691794 -0.874944 0.484225 0 754.dat
1 16 -42.442346 -56.532537 33.953876 -0.278954 -0.558524 0.781176 0.349044 0.698859 0.624311 -0.894624 0.446819 0 754.dat
1 16 -43.813264 -54.703953 35.050611 -0.216279 -0.497966 0.839794 0.334551 0.770279 0.542905 -0.917224 0.398372 0 754.dat
1 16 -45.037306 -52.710219 36.029845 -0.170504 -0.446195 0.878543 0.313601 0.820666 0.477662 -0.934121 0.356956 0 754.dat
1 16 -46.119986 -50.587292 36.895989 -0.122208 -0.381412 0.916292 0.279587 0.872595 0.400512 -0.952311 0.305129 0 754.dat
1 16 -46.968878 -48.574809 37.575102 -0.093441 -0.335435 0.937418 0.251554 0.903035 0.348207 -0.963322 0.268348 0 754.dat
1 16 -47.696486 -46.486772 38.157189 -0.06609 -0.283651 0.956647 0.217083 0.931692 0.291248 -0.973913 0.226921 0 754.dat
1 16 -48.376238 -44.104559 38.700991 -0.043651 -0.23156 0.971841 0.180031 0.95502 0.235638 -0.982692 0.185248 0 754.dat
1 16 -48.925283 -41.667456 39.140226 -0.026602 -0.181384 0.983053 0.142648 0.972648 0.183324 -0.989416 0.145107 0 754.dat
1 16 -49.350475 -39.189578 39.48038 -0.014813 -0.135674 0.990643 0.107523 0.98479 0.13648 -0.994092 0.108539 0 754.dat
1 16 -49.660553 -36.683746 39.728442 -0.00666 -0.091119 0.995818 0.072591 0.993168 0.091363 -0.99734 0.072896 0 754.dat
1 16 -49.861878 -34.159586 39.889502 -0.002181 -0.052195 0.998635 0.041699 0.997764 0.05224 -0.999128 0.041756 0 754.dat
1 16 -49.967547 -31.697123 39.974037 -0.000292 -0.019117 0.999817 0.015291 0.9997 0.019119 -0.999883 0.015293 0 754.dat


0 FILE 4404 - Tube LH.ldr
0 Tube LH
0 Name: 4404 - Tube LH.ldr
0 Author: Marc Giraudet [Mad_Marc]
0 !LDRAW_ORG Model
0 !LICENSE Redistributable under CCAL version 2.0 : see CAreadme.txt
0 !CATEGORY hose
0 !KEYWORDS flexible

0 !LDCAD CONTENT [type=path] [addFallBack=default] [looped=false] [displayKind=mm] [curveStep=0] [displayLenCor=0]

0 !LDCAD PATH_POINT [type=bezier] [posOri=0 -22 0 0 0 1 0 1 0 -1 0 0] [prevCPDist=25] [nextCPDist=50] [cirR=20] [cirDir=xyCW] [prevYRoll=0] [nextYRoll=0]
0 !LDCAD PATH_POINT [type=bezier] [posOri=-50 -30 -40 0 0 -1 0 -1 0 -1 0 0] [prevCPDist=50] [nextCPDist=25] [cirR=20] [cirDir=xyCW] [prevYRoll=0] [nextYRoll=0]

0 !LDCAD PATH_SKIN [donCol=16] [donOri=1 0 0 0 1 0 0 0 1] [donPart=754.dat] [donYSize=100%] [donCen=absCen] [donCenYOfs=0] [donFinScale=none] [donPlace=refsStat] [donYAlign=0] [donInline=false] [segSize=50%] [segSizeTol=5%] [segsCnt=0] [segsGrp=0] [segsMaxMerge=1] [segsMrgAng=0] [segsMrgRollAng=0] [segsEdgeDelKind=keepFirstLeft]
0 !LDCAD PATH_SKIN [donCol=16] [donOri=1 0 0 0 1 0 0 0 1] [donPart=756.dat] [donYSize=100%] [donCen=absCen] [donCenYOfs=0] [donFinScale=none] [donPlace=refsStat] [donYAlign=0] [donInline=false] [segSize=60%] [segSizeTol=5%] [segsCnt=1] [segsGrp=0] [segsMaxMerge=1] [segsMrgAng=0] [segsMrgRollAng=0] [segsEdgeDelKind=keepFirstLeft]
0 !LDCAD PATH_SKIN [donCol=16] [donOri=1 0 0 0 -1 0 0 0 -1] [donPart=754.dat] [donYSize=100%] [donCen=absCen] [donCenYOfs=0] [donFinScale=none] [donPlace=refsStat] [donYAlign=0] [donInline=false] [segSize=50%] [segSizeTol=5%] [segsCnt=0] [segsGrp=0] [segsMaxMerge=1] [segsMrgAng=0] [segsMrgRollAng=0] [segsEdgeDelKind=keepFirstLeft]

0 !LDCAD PATH_CAP [group=start] [color=16] [posOri=0 -18 0 0 0 1 0 1 0 -1 0 0] [part=750.dat] [extraLen=0mm] [inlineRef=false]
0 !LDCAD PATH_CAP [group=end] [color=16] [posOri=-50 -26 -40 0 0 1 0 1 0 -1 0 0] [part=750.dat] [extraLen=0mm] [inlineRef=false]
0 !LDCAD PATH_CAP [group=start] [color=16] [posOri=0 -18 0 0 0 -1 0 -1 0 -1 0 0] [part=755.dat] [extraLen=0mm] [inlineRef=false]
0 !LDCAD PATH_CAP [group=end] [color=16] [posOri=-50 -26 -40 0 0 -1 0 -1 0 -1 0 0] [part=755.dat] [extraLen=0mm] [inlineRef=false]

0 !LDCAD GENERATED [generator=LDCad 1.6c]
0 //This is the fallback LDraw content for above PATH configuration.
0 // Do not edit, any changes will be lost upon regeneration.
0 // The path is approx 44.26 mm (110.64) and exists out of 43 segments.

0 //Some general hints about the document.
0 UNOFFICIAL PART
0 BFC CERTIFY CCW

0 //Start cap reference(s)
1 16 0 -18 0 0 0 1 0 1 0 -1 0 0 750.dat
1 16 0 -18 0 0 0 -1 0 -1 0 -1 0 0 755.dat

0 //End cap reference(s)
1 16 -50 -26 -40 0 0 1 0 1 0 -1 0 0 750.dat
1 16 -50 -26 -40 0 0 -1 0 -1 0 -1 0 0 755.dat

0 //Segments
1 16 -0.034539 -23.768572 -0.027631 0.000305 0.019523 0.999809 0.015615 0.999687 -0.019525 -0.999878 0.015618 0 754.dat
1 16 -0.144387 -26.302363 -0.11551 0.002301 0.053606 0.99856 0.042823 0.997641 -0.053655 -0.99908 0.042885 0 754.dat
1 16 -0.343764 -28.826978 -0.275011 0.006411 0.089402 0.995975 0.071233 0.993424 -0.089631 -0.997439 0.071521 0 754.dat
1 16 -0.641818 -31.335285 -0.513455 0.013516 0.12963 0.99147 0.102819 0.986124 -0.130333 -0.994608 0.103704 0 754.dat
1 16 -1.03711 -33.821555 -0.829688 0.022543 0.167109 0.985681 0.131773 0.976833 -0.168623 -0.991024 0.133687 0 754.dat
1 16 -1.539234 -36.275841 -1.231387 0.036204 0.211198 0.976773 0.165034 0.96273 -0.214279 -0.985623 0.168959 0 754.dat
1 16 -2.149816 -38.689544 -1.719853 0.052433 0.25334 0.965955 0.195772 0.945908 -0.258709 -0.979247 0.202672 0 754.dat
1 16 -2.86844 -41.053844 -2.294752 0.072195 0.296101 0.952424 0.225611 0.925317 -0.304775 -0.971539 0.236881 0 754.dat
1 16 -3.696245 -43.358724 -2.956996 0.095657 0.33924 0.935824 0.253975 0.900701 -0.352468 -0.962469 0.271392 0 754.dat
1 16 -4.637506 -45.590801 -3.710004 0.124389 0.384633 0.91465 0.281444 0.870272 -0.404247 -0.951481 0.307707 0 754.dat
1 16 -5.685046 -47.74386 -4.548037 0.153666 0.425016 0.892047 0.303307 0.8389 -0.451942 -0.940421 0.340012 0 754.dat
1 16 -6.838733 -49.805913 -5.470986 0.188472 0.467438 0.863702 0.322981 0.801039 -0.504004 -0.927449 0.37395 0 754.dat
1 16 -8.100833 -51.76094 -6.480667 0.228177 0.510269 0.829193 0.338489 0.756958 -0.558963 -0.912886 0.408215 0 754.dat
1 16 -9.462946 -53.602642 -7.570357 0.267541 0.548222 0.792385 0.347522 0.712112 -0.610021 -0.898693 0.438577 0 754.dat
1 16 -10.916246 -55.326178 -8.732997 0.307755 0.583302 0.751695 0.350772 0.664834 -0.659511 -0.884447 0.466641 0 754.dat
1 16 -12.463222 -56.909739 -9.970578 0.355491 0.621005 0.698555 0.347045 0.60625 -0.715556 -0.867863 0.496804 0 754.dat
1 16 -14.092557 -58.352324 -11.274046 0.397348 0.651135 0.646636 0.336838 0.551977 -0.762799 -0.853613 0.520908 0 754.dat
1 16 -15.799576 -59.638539 -12.639661 0.443916 0.681941 0.581287 0.317123 0.487163 -0.813699 -0.838076 0.545553 0 754.dat
1 16 -17.571887 -60.771341 -14.057509 0.482351 0.705498 0.51924 0.293058 0.428634 -0.854628 -0.825503 0.564398 0 754.dat
1 16 -19.403066 -61.73751 -15.522453 0.52256 0.728548 0.442888 0.258132 0.359885 -0.896577 -0.812588 0.582838 0 754.dat
1 16 -21.28821 -62.514805 -17.030568 0.560498 0.748957 0.353421 0.211758 0.282958 -0.935464 -0.800625 0.599165 0 754.dat
1 16 -22.890307 -62.968582 -18.312246 0.599178 0.768555 0.224296 0.137907 0.176891 -0.974521 -0.788649 0.614844 0 756.dat
1 16 -26.052639 -63.607793 -20.842111 0.621315 -0.779265 -0.08194 0.051082 -0.064068 0.996637 -0.781894 -0.623412 0 754.dat
1 16 -28.031252 -63.708695 -22.425002 0.62448 -0.780767 0.020691 -0.012924 0.016158 0.999786 -0.780934 -0.624613 0 754.dat
1 16 -30.009151 -63.597941 -24.007321 0.615313 -0.776395 0.136385 -0.084711 0.106887 0.990656 -0.783718 -0.621116 0 754.dat
1 16 -31.970914 -63.256798 -25.576731 0.592873 -0.765439 0.25021 -0.153216 0.197812 0.968192 -0.790586 -0.612351 0 754.dat
1 16 -33.901067 -62.691404 -27.120854 0.561656 -0.74956 0.350288 -0.21005 0.280323 0.936642 -0.800264 -0.599648 0 754.dat
1 16 -35.782984 -61.906003 -28.626387 0.513273 -0.72336 0.461845 -0.267264 0.376657 0.886961 -0.815549 -0.578688 0 754.dat
1 16 -37.593375 -60.880817 -30.0747 0.457645 -0.690538 0.560105 -0.309419 0.466881 0.828421 -0.833559 -0.55243 0 754.dat
1 16 -39.318323 -59.636386 -31.454658 0.40291 -0.654956 0.639293 -0.334967 0.544512 0.768963 -0.85174 -0.523965 0 754.dat
1 16 -40.942222 -58.187452 -32.753777 0.334984 -0.605281 0.722095 -0.349656 0.631792 0.691794 -0.874944 -0.484225 0 754.dat
1 16 -42.442346 -56.532537 -33.953876 0.278954 -0.558524 0.781176 -0.349044 0.698859 0.624311 -0.894624 -0.446819 0 754.dat
1 16 -43.813264 -54.703953 -35.050611 0.216279 -0.497966 0.839794 -0.334551 0.770279 0.542905 -0.917224 -0.398372 0 754.dat
1 16 -45.037306 -52.710219 -36.029845 0.170504 -0.446195 0.878543 -0.313601 0.820666 0.477662 -0.934121 -0.356956 0 754.dat
1 16 -46.119986 -50.587292 -36.895989 0.122208 -0.381412 0.916292 -0.279587 0.872595 0.400512 -0.952311 -0.305129 0 754.dat
1 16 -46.968878 -48.574809 -37.575102 0.093441 -0.335435 0.937418 -0.251554 0.903035 0.348207 -0.963322 -0.268348 0 754.dat
1 16 -47.696486 -46.486772 -38.157189 0.06609 -0.283651 0.956647 -0.217083 0.931692 0.291248 -0.973913 -0.226921 0 754.dat
1 16 -48.376238 -44.104559 -38.700991 0.043651 -0.23156 0.971841 -0.180031 0.95502 0.235638 -0.982692 -0.185248 0 754.dat
1 16 -48.925283 -41.667456 -39.140226 0.026602 -0.181384 0.983053 -0.142648 0.972648 0.183324 -0.989416 -0.145107 0 754.dat
1 16 -49.350475 -39.189578 -39.48038 0.014813 -0.135674 0.990643 -0.107523 0.98479 0.13648 -0.994092 -0.108539 0 754.dat
1 16 -49.660553 -36.683746 -39.728442 0.00666 -0.091119 0.995818 -0.072591 0.993168 0.091363 -0.99734 -0.072896 0 754.dat
1 16 -49.861878 -34.159586 -39.889502 0.002181 -0.052195 0.998635 -0.041699 0.997764 0.05224 -0.999128 -0.041756 0 754.dat
1 16 -49.967547 -31.697123 -39.974037 0.000292 -0.019117 0.999817 -0.015291 0.9997 0.019119 -0.999883 -0.015293 0 754.dat


0 FILE 4404 - Seat.ldr
0 Seat
0 Name: 4404 - Seat.ldr
0 Author: Marc Giraudet [Mad_Marc]
0 !LDRAW_ORG Model
0 !LICENSE Redistributable under CCAL version 2.0 : see CAreadme.txt
1 0 0 0 0 1 0 0 0 1 0 0 0 1 3022.dat
1 8 -20 -24 40 -1 0 0 0 1 0 0 0 -1 41765.dat
0 STEP
1 8 20 -24 40 -1 0 0 0 1 0 0 0 -1 41764.dat
0 STEP
1 8 0 -32 60 0 0 -1 0 1 0 1 0 0 3020.dat
1 14 -10 -32 0 0 0 1 0 1 0 -1 0 0 44302a.dat
1 14 10 -32 0 0 0 1 0 1 0 -1 0 0 44302a.dat
0 STEP
1 7 -30 -32 -10 0 0 1 0 1 0 -1 0 0 6141.dat
1 7 30 -32 -10 0 0 1 0 1 0 -1 0 0 6141.dat
1 7 -30 -40 -10 0 0 1 0 1 0 -1 0 0 6141.dat
1 7 30 -40 -10 0 0 1 0 1 0 -1 0 0 6141.dat
0 STEP
1 8 0 -40 -10 -1 0 0 0 1 0 0 0 -1 3069b.dat
1 8 -10 -40 40 0 0 1 0 1 0 -1 0 0 2431.dat
1 8 10 -40 40 0 0 1 0 1 0 -1 0 0 2431.dat
1 8 0 -40 90 -1 0 0 0 1 0 0 0 -1 2540.dat
0 STEP
1 8 -30 -56 -10 -1 0 0 0 1 0 0 0 -1 6091.dat
1 8 30 -56 -10 -1 0 0 0 1 0 0 0 -1 6091.dat


0 FILE 4404 - Steering.ldr
0 Steering
0 Name: 4404 - Steering.ldr
0 Author: Marc Giraudet [Mad_Marc]
0 !LDRAW_ORG Model
0 !LICENSE Redistributable under CCAL version 2.0 : see CAreadme.txt
1 0 0 0 0 1 0 0 0 1 0 0 0 1 3020.dat
1 8 0 -8 0 0 0 1 0 1 0 -1 0 0 3020.dat
0 STEP
1 4 0 -16 10 0 0 1 0 1 0 -1 0 0 3021.dat
1 0 0 -16 -40 0 0 1 0 1 0 -1 0 0 2444.dat
0 STEP
1 0 0 -24 -30 0 0 1 0 1 0 -1 0 0 3021.dat
1 14 -10 -24 20 0 0 -1 0 1 0 1 0 0 44301.dat
1 14 10 -24 20 0 0 -1 0 1 0 1 0 0 44301.dat
0 STEP
1 14 -30 -24 0 0 0 -1 0 1 0 1 0 0 3010.dat
1 14 30 -24 0 0 0 -1 0 1 0 1 0 0 3010.dat
0 STEP
1 4 0 -32 -10 0 0 -1 0 1 0 1 0 0 3021.dat
1 14 0 -32 30 1 0 0 0 1 0 0 0 1 2431.dat
1 19 0 -6 -60 0 0 1 0 1 0 -1 0 0 3749.dat
0 STEP
1 7 0 -6 -84 1 0 0 0 0 -1 0 1 0 2819.dat
1 14 0 -40 10 1 0 0 0 1 0 0 0 1 45677.dat


0 FILE 4404 - Exhaust LH.ldr
0 Exhaust LH
0 Name: 4404 - Exhaust LH.ldr
0 Author: Marc Giraudet [Mad_Marc]
0 !LDRAW_ORG Model
0 !LICENSE Redistributable under CCAL version 2.0 : see CAreadme.txt
1 0 0 0 0 1 0 0 0 1 0 0 0 1 2444.dat
1 8 0 -16 10 0 0 1 0 1 0 -1 0 0 6060.dat
0 STEP
1 14 0 -24 -10 -1 0 0 0 1 0 0 0 -1 32064a.dat
1 8 0 -40 -10 0 0 1 0 1 0 -1 0 0 6060.dat


0 FILE 4404 - Exhaust RH.ldr
0 Exhaust RH
0 Name: 4404 - Exhaust RH.ldr
0 Author: Marc Giraudet [Mad_Marc]
0 !LDRAW_ORG Model
0 !LICENSE Redistributable under CCAL version 2.0 : see CAreadme.txt
1 0 0 0 0 1 0 0 0 1 0 0 0 1 2444.dat
1 8 0 -16 -10 0 0 1 0 1 0 -1 0 0 6060.dat
0 STEP
1 14 0 -24 10 -1 0 0 0 1 0 0 0 -1 32064a.dat
1 8 0 -40 10 0 0 1 0 1 0 -1 0 0 6060.dat


0 FILE 4404 - Engine.ldr
0 Engine
0 Name: 4404 - Engine.ldr
0 Author: Marc Giraudet [Mad_Marc]
0 !LDRAW_ORG Model
0 !LICENSE Redistributable under CCAL version 2.0 : see CAreadme.txt
1 8 0 0 0 0 0 -1 0 1 0 1 0 0 3034.dat
1 7 -10 -8 -70 0 0 -1 0 1 0 1 0 0 6141.dat
1 7 10 -8 -70 0 0 -1 0 1 0 1 0 0 6141.dat
1 7 -10 -8 70 0 0 -1 0 1 0 1 0 0 6141.dat
1 7 10 -8 70 0 0 -1 0 1 0 1 0 0 6141.dat
0 STEP
1 8 0 -8 40 1 0 0 0 1 0 0 0 1 3020.dat
1 8 0 -8 0 1 0 0 0 1 0 0 0 1 3020.dat
1 8 0 -8 -40 1 0 0 0 1 0 0 0 1 3020.dat
0 STEP
1 4 0 -16 50 0 0 1 0 1 0 -1 0 0 3021.dat
1 14 -20 -16 0 0 0 1 0 1 0 -1 0 0 3176.dat
1 4 0 -16 -50 0 0 1 0 1 0 -1 0 0 3021.dat
1 14 20 -16 0 0 0 -1 0 1 0 1 0 0 3176.dat
0 STEP
1 0 0 -40 -70 1 0 0 0 1 0 0 0 1 3660.dat
1 0 -10 -40 0 0 0 1 0 1 0 -1 0 0 3894.dat
1 0 10 -40 0 0 0 1 0 1 0 -1 0 0 3894.dat
1 8 0 -24 70 -1 0 0 0 1 0 0 0 -1 2540.dat
0 STEP
1 0 -10 -56 50 -1 0 0 0 1 0 0 0 -1 6091.dat
1 0 10 -56 50 -1 0 0 0 1 0 0 0 -1 6091.dat
1 0 0 -48 20 -1 0 0 0 1 0 0 0 -1 3022.dat
1 0 0 -48 -40 0 0 -1 0 1 0 1 0 0 3020.dat
0 STEP
1 14 0 -72 40 0 0 -1 0 1 0 1 0 0 30367a.dat
1 14 0 -72 -40 0 0 -1 0 1 0 1 0 0 30367a.dat
1 4 -10 -72 10 0 0 -1 0 1 0 1 0 0 3062b.dat
1 4 -10 -72 -10 0 0 -1 0 1 0 1 0 0 3062b.dat
1 4 10 -72 10 0 0 -1 0 1 0 1 0 0 3062b.dat
1 4 10 -72 -10 0 0 -1 0 1 0 1 0 0 3062b.dat
0 STEP
1 7 30 -32 40 0 0 -1 0 1 0 1 0 0 3937.dat
1 7 30 -32 -40 0 0 -1 0 1 0 1 0 0 3937.dat
1 7 -30 -32 40 0 0 1 0 1 0 -1 0 0 3937.dat
1 7 -30 -32 -40 0 0 1 0 1 0 -1 0 0 3937.dat
1 7 34.384 -30.988 40 0 -0.438 0.899 0 0.899 0.438 -1 0 0 6134.dat
1 7 34.384 -30.988 -40 0 -0.438 0.899 0 0.899 0.438 -1 0 0 6134.dat
1 7 -34.384 -30.988 40 0 0.438 -0.899 0 0.899 0.438 1 0 0 6134.dat
1 7 -34.384 -30.988 -40 0 0.438 -0.899 0 0.899 0.438 1 0 0 6134.dat
1 7 0 -80 40 0 0 -1 0 1 0 1 0 0 6141.dat
1 7 0 -80 -40 0 0 -1 0 1 0 1 0 0 6141.dat
1 0 -10 -80 0 0 0 -1 0 1 0 1 0 0 2412b.dat
1 0 10 -80 0 0 0 -1 0 1 0 1 0 0 2412b.dat
0 STEP
1 7 46.879 -33.795 0 0.899 -0.438 0 0.438 0.899 0 0 0 1 4404 - Engine LH.ldr
1 7 -46.879 -33.795 0 0.899 0.438 0 -0.438 0.899 0 0 0 1 4404 - Engine RH.ldr


0 FILE 4404 - Engine RH.ldr
0 Engine RH
0 Name: 4404 - Engine RH.ldr
0 Author: Marc Giraudet [Mad_Marc]
0 !LDRAW_ORG Model
0 !LICENSE Redistributable under CCAL version 2.0 : see CAreadme.txt
1 14 0 0 0 0 0 -1 0 1 0 1 0 0 3034.dat
1 0 0 -24 60 0 0 -1 0 1 0 1 0 0 30165.dat
0 STEP
1 0 -10 -24 10 -1 0 0 0 1 0 0 0 -1 30505.dat
1 0 -10 -24 -50 0 0 1 0 1 0 -1 0 0 30505.dat
0 STEP
1 7 -30 -32 -20 0 0 1 0 1 0 -1 0 0 2412b.dat
1 8 0 -32 60 0 0 1 0 1 0 -1 0 0 30383.dat
0 STEP
1 0 0 -38 40 -1 0 0 0 1 0 0 0 -1 30553.dat
1 19 0 -38 20 0 0 -1 0 1 0 1 0 0 3749.dat
1 179 0 -38 0 0 0 -1 0 1 0 1 0 0 72504.dat
1 8 0 -24 -40 1 0 0 0 1 0 0 0 1 30602.dat


0 FILE 4404 - Engine LH.ldr
0 Engine LH
0 Name: 4404 - Engine LH.ldr
0 Author: Marc Giraudet [Mad_Marc]
0 !LDRAW_ORG Model
0 !LICENSE Redistributable under CCAL version 2.0 : see CAreadme.txt
1 14 0 0 0 0 0 -1 0 1 0 1 0 0 3034.dat
1 0 0 -24 60 0 0 -1 0 1 0 1 0 0 30165.dat
0 STEP
1 0 10 -24 10 0 0 -1 0 1 0 1 0 0 30505.dat
1 0 10 -24 -50 1 0 0 0 1 0 0 0 1 30505.dat
0 STEP
1 7 30 -32 -20 0 0 1 0 1 0 -1 0 0 2412b.dat
1 8 0 -32 60 0 0 1 0 1 0 -1 0 0 30383.dat
0 STEP
1 0 0 -38 40 -1 0 0 0 1 0 0 0 -1 30553.dat
1 19 0 -38 20 0 0 -1 0 1 0 1 0 0 3749.dat
1 179 0 -38 0 0 0 -1 0 1 0 1 0 0 72504.dat
1 8 0 -24 -40 1 0 0 0 1 0 0 0 1 30602.dat


0 FILE 4404 - Intake.ldr
0 Intake
0 Name: 4404 - Intake.ldr
0 Author: Marc Giraudet [Mad_Marc]
0 !LDRAW_ORG Model
0 !LICENSE Redistributable under CCAL version 2.0 : see CAreadme.txt
1 0 0 0 0 1 0 0 0 1 0 0 0 1 2653.dat
0 STEP
1 0 0 -32 -20 -1 0 0 0 1 0 0 0 -1 6081.dat
0 STEP
1 0 0 -16 -20 1 0 0 0 1 0 0 0 1 30414.dat
0 STEP
1 8 0 -32 -20 1 0 0 0 1 0 0 0 1 2431.dat
1 36 20 -6 -38 1 0 0 0 0 -1 0 1 0 2412b.dat
1 36 -20 -6 -38 1 0 0 0 0 -1 0 1 0 2412b.dat


0 FILE 4404 - Rear.ldr
0 Rear
0 Name: 4404 - Rear.ldr
0 Author: Marc Giraudet [Mad_Marc]
0 !LDRAW_ORG Model
0 !LICENSE Redistributable under CCAL version 2.0 : see CAreadme.txt
1 14 -10 0 0 -1 0 0 0 1 0 0 0 -1 41750.dat
1 14 10 0 0 -1 0 0 0 1 0 0 0 -1 41749.dat
0 STEP
1 0 0 24 0 -1 0 0 0 1 0 0 0 -1 3020.dat
1 0 0 48 120 -1 0 0 0 1 0 0 0 -1 3022.dat
0 STEP
1 14 50 24 0 -1 0 0 0 1 0 0 0 -1 42022.dat
1 14 -50 24 0 -1 0 0 0 1 0 0 0 -1 42022.dat
1 0 50 48 40 0 0 -1 0 1 0 1 0 0 3666.dat
1 0 -50 48 40 0 0 -1 0 1 0 1 0 0 3666.dat
0 STEP
1 0 0 -24 0 -1 0 0 0 1 0 0 0 -1 30165.dat
0 STEP
1 7 0 -32 0 -1 0 0 0 1 0 0 0 -1 2412b.dat



