0 FILE 4436 - Main.ldr
0 Main
0 Name: 4436 - Main.ldr
0 Author: Marc Giraudet [Mad_Marc]
0 !LDRAW_ORG Model
0 !LICENSE Redistributable under CCAL version 2.0 : see CAreadme.txt
0 !HISTORY 2019-12-11 [Mad_Marc] Minifigs added and minor update


1 0 0 0 0 0 0 1 0 1 0 -1 0 0 4436 - Gate.ldr
1 0 0 -22 -340 1 0 0 0 1 0 0 0 1 4436 - Car.ldr
1 0 120 -64 -260 0.707107 0 -0.707107 0 1 0 0.707107 0 0.707107 4436 - Policeman.ldr
1 0 230 -64 -260 1 0 0 0 1 0 0 0 1 4436 - Prisoner.ldr









0 FILE 4436 - Car.ldr
0 Car
0 Name: 4436 - Car.ldr
0 Author: Marc Giraudet [Mad_Marc]
0 !LDRAW_ORG Model
0 !LICENSE Redistributable under CCAL version 2.0 : see CAreadme.txt
0 !HISTORY 2019-12-11 [Mad_Marc] Minifigs added and minor update

1 15 0 0 0 0 0 -1 0 1 0 1 0 0 52036.dat
1 1 0 8 0 0 0 1 0 1 0 -1 0 0 3020.dat
0 STEP
1 0 0 0 80 -1 0 0 0 1 0 0 0 -1 6157.dat
1 0 0 0 -80 -1 0 0 0 1 0 0 0 -1 6157.dat
0 STEP
1 1 30 -24 0 1 0 0 0 1 0 0 0 1 52501.dat
1 1 -30 -24 0 1 0 0 0 1 0 0 0 1 52501.dat
0 STEP
1 15 30 -16 0 0 0 1 0 1 0 -1 0 0 3710.dat
1 15 -30 -16 0 0 0 1 0 1 0 -1 0 0 3710.dat
0 STEP
1 1 30 -40 0 0 0 1 0 1 0 -1 0 0 30413.dat
1 1 -30 -40 0 0 0 -1 0 1 0 1 0 0 30413.dat
0 STEP
1 15 -20 -24 80 0 0 1 0 1 0 -1 0 0 50745.dat
1 15 20 -24 80 0 0 -1 0 1 0 1 0 0 50745.dat
1 15 -20 -24 -80 0 0 1 0 1 0 -1 0 0 50745.dat
1 15 20 -24 -80 0 0 -1 0 1 0 1 0 0 50745.dat
0 STEP
1 15 0 -24 -110 1 0 0 0 1 0 0 0 1 52038.dat
0 STEP
1 71 0 -14 -128 1 0 0 0 0 -1 0 1 0 48336.dat
1 33 -30 -14 -120 1 0 0 0 0 -1 0 1 0 3024.dat
1 33 30 -14 -120 1 0 0 0 0 -1 0 1 0 3024.dat
0 STEP
1 71 -30 6 -120 1 0 0 0 0 -1 0 1 0 54200.dat
1 71 30 6 -120 1 0 0 0 0 -1 0 1 0 54200.dat
0 STEP
1 47 -30 -14 -120 0 0 1 1 0 0 0 1 0 54200.dat
1 47 30 -14 -120 0 0 -1 -1 0 0 0 1 0 54200.dat
1 0 0 -14 -136 1 0 0 0 0 -1 0 1 0 2412b.dat
0 STEP
1 14 0 -8 -50 1 0 0 0 1 0 0 0 1 3829c01.dat
0 STEP
1 2 0 -32 -70 1 0 0 0 1 0 0 0 1 3023.dat
1 1 -30 -32 -60 0 0 -1 0 1 0 1 0 0 3023.dat
1 1 30 -32 -60 0 0 -1 0 1 0 1 0 0 3023.dat
0 STEP
1 33 -30 -40 -50 0 0 -1 0 1 0 1 0 0 3024.dat
1 71 30 -40 -50 0 0 -1 0 1 0 1 0 0 4085c.dat
0 STEP
1 0 20 -40 -70 1 0 0 0 1 0 0 0 1 44301.dat
1 0 -20 -40 -70 -1 0 0 0 1 0 0 0 -1 44301.dat
0 STEP
1 1 0 -24 -100 1 0 0 0 1 0 0 0 1 88930.dat
0 STEP
1 71 50 -26 -50 0 0 -1 0 -1 0 -1 0 0 92690.dat
1 46 50 -52 -62 1 0 0 0 0 -1 0 1 0 6141.dat
0 STEP
1 15 0 -24 110 -1 0 0 0 1 0 0 0 -1 52038.dat
0 STEP
1 57 30 -14 120 -1 0 0 0 0 -1 0 -1 0 3024.dat
1 57 -30 -14 120 -1 0 0 0 0 -1 0 -1 0 3024.dat
0 STEP
1 71 30 6 120 -1 0 0 0 0 -1 0 -1 0 54200.dat
1 71 -30 6 120 -1 0 0 0 0 -1 0 -1 0 54200.dat
0 STEP
1 1 -30 -24 60 0 0 -1 0 1 0 1 0 0 85984.dat
1 1 30 -24 60 0 0 1 0 1 0 -1 0 0 85984.dat
1 0 0 -32 70 -1 0 0 0 1 0 0 0 -1 2412b.dat
0 STEP
1 1 0 -32 100 -1 0 0 0 1 0 0 0 -1 3020.dat
1 1 0 -40 100 -1 0 0 0 1 0 0 0 -1 3020.dat
0 STEP
1 43 0 -72 -50 1 0 0 0 1 0 0 0 1 57783.dat
1 43 0 -72 90 -1 0 0 0 1 0 0 0 -1 57783.dat
0 STEP
1 1 0 -24 128 -1 0 0 0 0 -1 0 -1 0 3020.dat
0 STEP
1 1 0 -34 136 -1 0 0 0 0 -1 0 -1 0 2431.dat
0 STEP
1 15 0 -14 136 -1 0 0 0 0 -1 0 -1 0 3069b.dat
1 36 30 -14 136 -1 0 0 0 0 -1 0 -1 0 3070b.dat
1 36 -30 -14 136 -1 0 0 0 0 -1 0 -1 0 3070b.dat
0 STEP
1 15 0 -88 20 -1 0 0 0 1 0 0 0 -1 98281.dat
0 STEP
1 33 0 -96 10 -1 0 0 0 1 0 0 0 -1 2431.dat
1 71 40 5 -80 0 0 -1 0 1 0 1 0 0 6014.dat
1 256 46 5 -80 0 0 -1 0 1 0 1 0 0 87697.dat
1 71 -40 5 -80 0 0 1 0 1 0 -1 0 0 6014.dat
1 256 -46 5 -80 0 0 1 0 1 0 -1 0 0 87697.dat
1 71 40 5 80 0 0 -1 0 1 0 1 0 0 6014.dat
1 256 46 5 80 0 0 -1 0 1 0 1 0 0 87697.dat
1 71 -40 5 80 0 0 1 0 1 0 -1 0 0 6014.dat
1 256 -46 5 80 0 0 1 0 1 0 -1 0 0 87697.dat








0 FILE 4436 - Gate.ldr
0 Gate
0 Name: 4436 - Gate.ldr
0 Author: Marc Giraudet [Mad_Marc]
0 !LDRAW_ORG Model
0 !LICENSE Redistributable under CCAL version 2.0 : see CAreadme.txt
0 !HISTORY 2019-12-11 [Mad_Marc] Minifigs added and minor update

1 72 0 0 0 0 0 -1 0 1 0 1 0 0 2445.dat
0 STEP
1 19 10 -8 -100 -1 0 0 0 1 0 0 0 -1 3021.dat
0 STEP
1 2 30 0 -100 0 0 1 0 1 0 -1 0 0 3023.dat
0 STEP
1 70 10 -24 100 1 0 0 0 1 0 0 0 1 3002.dat
0 STEP
1 2 30 0 100 0 0 1 0 1 0 -1 0 0 3023.dat
0 STEP
1 71 -10 -8 60 0 0 1 0 1 0 -1 0 0 60470a.dat
1 71 10 -8 60 0 0 -1 0 1 0 1 0 0 60470a.dat
1 71 -10 -8 -60 0 0 1 0 1 0 -1 0 0 60470a.dat
1 71 10 -8 -60 0 0 -1 0 1 0 1 0 0 60470a.dat
0 STEP
1 71 0 -8 0 0 0 -1 0 1 0 1 0 0 3020.dat
0 STEP
1 71 -28.031 -6.349 -70 -0.984808 0 0.173648 0.173648 0 0.984808 0 1 0 92589.dat
0 STEP
1 71 28.031 -6.349 -70 0.984808 0 0.173648 0.173648 0 -0.984808 0 1 0 92589.dat
0 STEP
1 72 -10 -16 -100 0 0 1 0 1 0 -1 0 0 32530.dat
1 1 10 -38 -100 1 0 0 0 1 0 0 0 1 6558.dat
0 STEP
1 4 10 -38 -100 -1 0 0 0 1 0 0 0 -1 32014.dat
0 STEP
1 72 30 -16 -100 0 0 1 0 1 0 -1 0 0 32530.dat
0 STEP
1 1 10 -38 -70 0 0 1 0 1 0 -1 0 0 43093.dat
0 STEP
1 15 10 -38 -50 0 0 -1 0 -1 0 -1 0 0 62462.dat
1 0 10 -38 -30 0 0 1 0 1 0 -1 0 0 2780.dat
0 STEP
1 4 10 -38 -10 0 0 -1 0 -1 0 -1 0 0 62462.dat
1 0 10 -38 10 0 0 1 0 1 0 -1 0 0 2780.dat
0 STEP
1 15 10 -38 30 0 0 -1 0 -1 0 -1 0 0 62462.dat
1 0 10 -38 50 0 0 1 0 1 0 -1 0 0 2780.dat
0 STEP
1 4 10 -38 70 0 0 -1 0 -1 0 -1 0 0 62462.dat
0 STEP
1 0 10 -32 110 1 0 0 0 1 0 0 0 1 3957b.dat
1 15 10 -104 110 0 0 -1 0 1 0 1 0 0 30259.dat








0 FILE 4436 - Policeman.ldr
0 Policeman
0 Name: 4436 - Policeman.ldr
0 Author: Marc Giraudet [Mad_Marc]
0 !LDRAW_ORG Model
0 !LICENSE Redistributable under CCAL version 2.0 : see CAreadme.txt
0 !HISTORY 2019-12-11 [Mad_Marc] Minifigs added and minor update

1 14 0 -24 0 1 0 0 0 1 0 0 0 1 3626bp01.dat
1 28 0 0 0 1 0 0 0 1 0 0 0 1 973.dat
1 272 0 32 0 1 0 0 0 1 0 0 0 1 3815b.dat
1 28 -15.552 9 0 0.985 -0.17 0 0.17 0.985 0 0 0 1 3818.dat
1 28 15.552 9 0 0.985 0.17 0 -0.17 0.985 0 0 0 1 3819.dat
1 14 -23.8634 26.5956 -10.321 0.985 -0.12019 0.12019 0.17 0.696395 -0.696395 0 0.707 0.707 3820.dat
1 14 23.8634 26.5956 -10.321 0.985 0.12019 -0.12019 -0.17 0.696395 -0.696395 0 0.707 0.707 3820.dat
1 272 0 44 0 1 0 0 0 1 0 0 0 1 3816b.dat
1 272 0 44 0 1 0 0 0 1 0 0 0 1 3817b.dat










0 FILE 4436 - Prisoner.ldr
0 Prisoner
0 Name: 4436 - Prisoner.ldr
0 Author: Marc Giraudet [Mad_Marc]
0 !LDRAW_ORG Model
0 !LICENSE Redistributable under CCAL version 2.0 : see CAreadme.txt
0 !HISTORY 2019-12-11 [Mad_Marc] Minifigs added and minor update

1 0 0 -24 0 1 0 0 0 1 0 0 0 1 41334.dat
1 14 0 -24 0 1 0 0 0 1 0 0 0 1 3626bp01.dat
1 15 0 0 0 1 0 0 0 1 0 0 0 1 973p7s.dat
1 72 0 32 0 1 0 0 0 1 0 0 0 1 3815b.dat
1 15 -15.552 9 0 0.985 -0.147224 -0.085 0.17 0.853035 0.4925 0 -0.5 0.866025 3818.dat
1 15 15.552 9 0 0.985 0.147224 0.085 -0.17 0.853035 0.4925 0 -0.5 0.866025 3819.dat
1 14 -22.5588 19.0367 -18.3187 0.985 -0.164183 0.0439926 0.17 0.951293 -0.254898 0 0.25878 0.96578 3820.dat
1 14 22.5588 19.0367 -18.3187 0.985 0.164183 -0.0439926 -0.17 0.951293 -0.254898 0 0.25878 0.96578 3820.dat
1 72 0 44 0 1 0 0 0 1 0 0 0 1 3816b.dat
1 72 0 44 0 1 0 0 0 1 0 0 0 1 3817b.dat
1 71 0 33 -14 1 0 0 0 0.97437 -0.224951 0 0.224951 0.97437 61482.dat








