0 FILE 4912 - Main.ldr
0 Main
0 Name: 4912 - Main.ldr
0 Author: Marc Giraudet [Mad_Marc]
0 !LDRAW_ORG Model
0 !LICENSE Redistributable under CCAL version 2.0 : see CAreadme.txt
0 !HISTORY 2019-12-11 [Mad_Marc] Minifig torso updated


1 0 0 0 0 1 0 0 0 1 0 0 0 1 4912 - Jet Ski.ldr
1 0 0 -88 30 1 0 0 0 1 0 0 0 1 4912 - Minifig.ldr






0 FILE 4912 - Jet Ski.ldr
0 Jet Ski
0 Name: 4912 - Jet Ski.ldr
0 Author: Marc Giraudet [Mad_Marc]
0 !LDRAW_ORG Model
0 !LICENSE Redistributable under CCAL version 2.0 : see CAreadme.txt
0 !HISTORY 2019-12-11 [Mad_Marc] Minifig torso updated

1 0 0 0 0 1 0 0 0 1 0 0 0 1 43713.dat
1 15 10 8 0 0 0 1 0 1 0 -1 0 0 3666.dat
1 15 -10 8 0 0 0 1 0 1 0 -1 0 0 3666.dat
1 0 0 0 40 0 0 1 0 1 0 -1 0 0 4871.dat
0 STEP
1 0 0 0 70 1 0 0 0 1 0 0 0 1 3710.dat
1 15 -30 -8 20 0 0 1 0 1 0 -1 0 0 3666.dat
1 15 0 -8 -80 1 0 0 0 1 0 0 0 1 48183.dat
1 15 30 -8 20 0 0 1 0 1 0 -1 0 0 3666.dat
1 71 0 -16 -30 -1 0 0 0 1 0 0 0 -1 30236.dat
0 STEP
1 0 0 -45.5 -1.526 -1 0 0 0 0.866025 -0.5 0 -0.5 -0.866025 30377.dat
1 33 -30 -8 -10 0 0 1 0 1 0 -1 0 0 54200.dat
1 33 30 -8 -10 0 0 -1 0 1 0 1 0 0 54200.dat
0 STEP
1 0 0 -45.5 -1.526 1 0 0 0 0.965925 0.258819 0 -0.258819 0.965925 30031.dat
1 0 0 -56 70 1 0 0 0 1 0 0 0 1 4083.dat
0 STEP
1 15 -10 -120 70 1 0 0 0 -1 0 0 0 -1 3957a.dat
1 33 -10 -128 70 1 0 0 0 -1 0 0 0 -1 6141.dat
1 0 0 -32 -30 1 0 0 0 1 0 0 0 1 47758.dat





0 FILE 4912 - Minifig.ldr
0 Minifig
0 Name: 4912 - Minifig.ldr
0 Author: Marc Giraudet [Mad_Marc]
0 !LDRAW_ORG Model
0 !LICENSE Redistributable under CCAL version 2.0 : see CAreadme.txt
0 !HISTORY 2019-12-11 [Mad_Marc] Minifig torso updated

1 15 0 0 0 1 0 0 0 1 0 0 0 1 4485.dat
1 14 0 0 0 1 0 0 0 1 0 0 0 1 3626bp05.dat
1 14 0 27 0 1 0 0 0 1 0 0 0 1 2610.dat
1 0 0 27 0 1 0 0 0 1 0 0 0 1 973p7q.dat
1 0 0 59 0 1 0 0 0 1 0 0 0 1 3815.dat
1 0 -15.552 36 0 0.985 -0.17 0 0.17 0.985 0 0 0 1 3818.dat
1 0 15.552 36 0 0.985 0.17 0 -0.17 0.985 0 0 0 1 3819.dat
1 14 -23.863 53.596 -10.321 0.985 -0.12019 0.12019 0.17 0.696395 -0.696395 0 0.707 0.707 3820.dat
1 14 23.863 53.596 -10.321 0.985 0.12019 -0.12019 -0.17 0.696395 -0.696395 0 0.707 0.707 3820.dat
1 0 0 71 0 1 0 0 0 1 0 0 0 1 3816.dat
1 0 0 71 0 1 0 0 0 1 0 0 0 1 3817.dat








