0 FILE 4937 - Main.ldr
0 Main
0 Name: 4937 - Main.ldr
0 Author: Marc Giraudet [Mad_Marc]
0 !LDRAW_ORG Model
0 !LICENSE Redistributable under CCAL version 2.0 : see CAreadme.txt

1 0 0 0 0 1 0 0 0 1 0 0 0 1 4937 - Life Guard.ldr
1 0 -140 -8 0 1 0 0 0 1 0 0 0 1 4937 - Jetski.ldr
1 0 0 -141 28 1 0 0 0 1 0 0 0 1 4937 - Minifig.ldr









0 FILE 4937 - Life Guard.ldr
0 Life Guard
0 Name: 4937 - Life Guard.ldr
0 Author: Marc Giraudet [Mad_Marc]
0 !LDRAW_ORG Model
0 !LICENSE Redistributable under CCAL version 2.0 : see CAreadme.txt

1 19 0 0 0 1 0 0 0 1 0 0 0 1 3031.dat
0 STEP
1 15 0 -24 30 1 0 0 0 1 0 0 0 1 3004.dat
1 4 0 -48 30 1 0 0 0 1 0 0 0 1 3004.dat
1 15 0 -72 30 1 0 0 0 1 0 0 0 1 3004.dat
0 STEP
1 4 -30 -72 10 1 0 0 0 1 0 0 0 1 4460a.dat
1 4 30 -72 10 1 0 0 0 1 0 0 0 1 4460a.dat
0 STEP
1 4 0 -80 20 1 0 0 0 1 0 0 0 1 3020.dat
0 STEP
1 1 -30 -88 10 0 0 1 0 1 0 -1 0 0 4085c.dat
1 1 -30 -88 30 -1 0 0 0 1 0 0 0 -1 4085c.dat
1 1 30 -104 10 0 0 1 0 1 0 -1 0 0 4599a.dat
1 14 0 -88 20 1 0 0 0 1 0 0 0 1 4079.dat
0 STEP
1 1 -30 -96 20 0 0 1 0 1 0 -1 0 0 3023.dat
1 15 40 -100 10 0 1 0 0 0 -1 -1 0 0 30340.dat
0 STEP
1 72 -50 -96 10 1 0 0 0 1 0 0 0 1 4349.dat
1 15 -30 -88 50 1 0 0 0 1 0 0 0 1 4095.dat
1 320 -30 -212 50 1 0 0 0 1 0 0 0 1 3960.dat






0 FILE 4937 - Jetski.ldr
0 Jetski
0 Name: 4937 - Jetski.ldr
0 Author: Marc Giraudet [Mad_Marc]
0 !LDRAW_ORG Model
0 !LICENSE Redistributable under CCAL version 2.0 : see CAreadme.txt

1 1 0 0 0 0 0 -1 0 1 0 1 0 0 3795.dat
1 15 0 -8 0 1 0 0 0 1 0 0 0 1 43713.dat
1 15 0 -8 40 0 0 -1 0 1 0 1 0 0 4871.dat
0 STEP
1 14 30 -16 -10 0 0 -1 0 1 0 1 0 0 3070b.dat
1 14 -30 -16 -10 0 0 -1 0 1 0 1 0 0 3070b.dat
1 72 30 -16 20 0 0 -1 0 1 0 1 0 0 2412b.dat
1 72 -30 -16 20 0 0 -1 0 1 0 1 0 0 2412b.dat
1 14 0 -16 -80 1 0 0 0 1 0 0 0 1 43719.dat
0 STEP
1 1 0 -24 -50 -1 0 0 0 1 0 0 0 -1 3039.dat
1 1 0 -16 -80 1 0 0 0 1 0 0 0 1 30602.dat
1 1 0 0 40 -1 0 0 0 1 0 0 0 -1 30602.dat
1 14 0 -32 -50 -1 0 0 0 1 0 0 0 -1 3794a.dat
1 72 0 -40 -50 0 0 1 0 1 0 -1 0 0 2555.dat
1 0 0 -46 -50 1 0 0 0 1 0 0 0 1 30031.dat
0 STEP
1 36 30 -16 50 0 0 -1 0 1 0 1 0 0 6141.dat
1 15 -30 -16 50 0 0 -1 0 1 0 1 0 0 3957a.dat
1 4 -30 -96 50 1 0 0 0 1 0 0 0 1 4495a.dat






0 FILE 4937 - Minifig.ldr
0 Minifig
0 Name: 4937 - Minifig.ldr
0 Author: Marc Giraudet [Mad_Marc]
0 !LDRAW_ORG Model
0 !LICENSE Redistributable under CCAL version 2.0 : see CAreadme.txt

1 70 0 -24 0 1 0 0 0 1 0 0 0 1 6093a.dat
1 14 0 -24 0 1 0 0 0 1 0 0 0 1 3626bp85.dat
1 15 0 0 0 1 0 0 0 1 0 0 0 1 973p2d.dat
1 1 0 32 0 1 0 0 0 1 0 0 0 1 3815b.dat
1 14 -15.552 9 0 0.985 -0.122288 -0.118092 0.17 0.70855 0.684238 0 -0.694658 0.71934 3818.dat
1 14 15.552 9 0 0.985 0.147224 0.085 -0.17 0.853035 0.4925 0 -0.5 0.866025 3819.dat
1 14 -21.7494 14.3471 -20.4568 0.994456 -0.100824 0.00296646 0.100897 0.994161 -0.017188 -0.00121723 0.0174073 0.999697 3820.dat
1 14 22.5588 19.0367 -18.3187 0.985 0.164183 -0.0439926 -0.17 0.951293 -0.254898 0 0.25878 0.96578 3820.dat
1 72 -15.593 12.461 -30.862 0.994456 0.027277 0.0970817 0.100897 -0.257259 -0.960177 -0.00121723 0.965493 -0.258812 30162.dat
1 1 0 44 0 1 0 0 0 -0.0348995 0.999391 0 -0.999391 -0.0348995 3816b.dat
1 1 0 44 0 1 0 0 0 -0.0348995 0.999391 0 -0.999391 -0.0348995 3817b.dat









