0 FILE 5510 - main.ldr
0 main
0 Name: 5510 - main.ldr
0 Author: N. W. Perry [Plastikean]
0 !LDRAW_ORG Model
0 !LICENSE Redistributable under CCAL version 2.0 : see CAreadme.txt

0 !KEYWORDS vehicle, hoist, wrecker, crane

0 !THEME Model Team
0 !LDCAD GROUP_DEF [topLevel=true] [LID=0] [GID=75p7oNtsEtt] [name=Rear axle] [center=0 0 0]
0 !LDCAD GROUP_DEF [topLevel=true] [LID=1] [GID=KthbS7kF8U8] [name=Wheel RF] [center=0 0 0]
0 !LDCAD GROUP_DEF [topLevel=true] [LID=2] [GID=4CDUszzWQq8] [name=Wheel LF] [center=0 0 0]
0 !LDCAD GROUP_DEF [topLevel=true] [LID=3] [GID=HPQSjSIYO7P] [name=Wheel RR] [center=0 0 0]
0 !LDCAD GROUP_DEF [topLevel=true] [LID=4] [GID=JuJMadjFVnZ] [name=Wheel LR] [center=0 0 0]
1 0 -30 -64 -60 0 0 1 0 1 0 -1 0 0 3703.dat
1 7 -40 -54 0 1 0 0 0 1 0 0 0 1 3673.dat
1 7 -40 -54 80 1 0 0 0 1 0 0 0 1 3673.dat
1 0 -50 -64 60 0 0 1 0 1 0 -1 0 0 3702.dat
1 0 0 -64 -120 0 0 1 0 1 0 -1 0 0 3001.dat
1 0 30 -64 -60 0 0 1 0 1 0 -1 0 0 3703.dat
1 7 40 -54 0 1 0 0 0 1 0 0 0 1 3673.dat
1 7 40 -54 80 1 0 0 0 1 0 0 0 1 3673.dat
1 0 50 -64 60 0 0 1 0 1 0 -1 0 0 3702.dat
0 STEP
1 0 -20 -72 -100 1 0 0 0 1 0 0 0 1 3068b.dat
1 0 20 -72 -100 1 0 0 0 1 0 0 0 1 3068b.dat
1 0 0 -72 -70 1 0 0 0 1 0 0 0 1 3710.dat
1 0 0 -72 10 1 0 0 0 1 0 0 0 1 3666.dat
0 !LDCAD GROUP_NXT [ids=0] [nrs=-1]
1 0 0 -54 120 1 0 0 0 1 0 0 0 1 3708.dat
0 !LDCAD GROUP_NXT [ids=0] [nrs=2]
1 7 -70 -54 120 0 0 -1 1 0 0 0 -1 0 3713.dat
0 !LDCAD GROUP_NXT [ids=0] [nrs=3]
1 7 70 -54 120 0 0 1 1 0 0 0 1 0 3713.dat
0 STEP
1 0 0 -40 -210 1 0 0 0 1 0 0 0 1 3710.dat
1 7 0 -40 -130 1 0 0 0 1 0 0 0 1 4442.dat
1 0 0 -40 -100 1 0 0 0 1 0 0 0 1 3020.dat
1 7 0 -40 -40 1 0 0 0 1 0 0 0 1 3034.dat
1 7 0 -40 40 1 0 0 0 1 0 0 0 1 3034.dat
0 STEP
1 0 0 -64 -210 1 0 0 0 1 0 0 0 1 3004.dat
1 14 0 -72 -150 1 0 0 0 1 0 0 0 1 3710.dat
1 16 -70 -54 -60 1 0 0 0 1 0 0 0 1 5510 - 004-1steerR.ldr
1 16 70 -54 -60 1 0 0 0 1 0 0 0 1 5510 - 004-2steerL.ldr
1 0 -70 -64 0 0 0 1 0 1 0 -1 0 0 3009.dat
1 0 70 -64 0 0 0 1 0 1 0 -1 0 0 3009.dat
0 STEP
1 7 0 -72 -130 1 0 0 0 1 0 0 0 1 4442.dat
1 0 0 -80 -70 1 0 0 0 1 0 0 0 1 3023.dat
1 0 -70 -72 -20 0 0 1 0 1 0 -1 0 0 3710.dat
1 0 70 -72 -20 0 0 1 0 1 0 -1 0 0 3710.dat
1 0 0 -72 40 1 0 0 0 1 0 0 0 1 3034.dat
0 STEP
1 14 0 -80 -140 1 0 0 0 1 0 0 0 1 3020.dat
1 0 0 -104 -70 1 0 0 0 1 0 0 0 1 3937.dat
1 0 0 -104 -70 1 0 0 0 1 0 0 0 1 3938.dat
1 14 -70 -96 0 0 0 1 0 1 0 -1 0 0 3009.dat
1 14 70 -96 0 0 0 1 0 1 0 -1 0 0 3009.dat
1 0 0 -96 50 1 0 0 0 1 0 0 0 1 3009.dat
1 16 0 -32 200 1 0 0 0 1 0 0 0 1 5510 - 006rear.ldr
0 STEP
1 0 -30 -88 -180 0 0 1 0 1 0 -1 0 0 3004.dat
1 0 30 -88 -180 0 0 1 0 1 0 -1 0 0 3004.dat
1 14 -40 -104 -150 1 0 0 0 1 0 0 0 1 3004.dat
1 0 0 -104 -150 1 0 0 0 1 0 0 0 1 3937.dat
1 0 0 -104 -150 1 0 0 0 1 0 0 0 1 3938.dat
1 14 40 -104 -150 1 0 0 0 1 0 0 0 1 3004.dat
1 16 0 -72 -90 1 0 0 0 1 0 0 0 1 5510 - 007rack.ldr
1 0 0 -96 120 1 0 0 0 1 0 0 0 1 3958.dat
1 7 -90 -96 190 0 0 1 0 1 0 -1 0 0 4081a.dat
1 36 -110 -94 200 1 0 0 0 0 1 0 -1 0 6141.dat
1 7 0 -96 190 1 0 0 0 1 0 0 0 1 3460.dat
1 7 -50 -96 210 1 0 0 0 1 0 0 0 1 3024.dat
1 7 50 -96 210 1 0 0 0 1 0 0 0 1 3024.dat
1 7 90 -96 190 0 0 -1 0 1 0 1 0 0 4081a.dat
1 36 110 -94 200 1 0 0 0 0 1 0 -1 0 6141.dat
0 STEP
0 // Sub-step 1
1 7 0 -72 -210 1 0 0 0 1 0 0 0 1 3460.dat
0 // Sub-step 2
1 14 -70 -96 -210 1 0 0 0 1 0 0 0 1 4287a.dat
1 14 0 -96 -210 1 0 0 0 1 0 0 0 1 3009.dat
1 14 70 -96 -210 1 0 0 0 1 0 0 0 1 4287a.dat

1 7 0 -96 -180 1 0 0 0 1 0 0 0 1 3795.dat
1 14 -40 -128 -150 1 0 0 0 1 0 0 0 1 3004.dat
1 0 0 -128 -150 1 0 0 0 1 0 0 0 1 3700.dat
1 14 40 -128 -150 1 0 0 0 1 0 0 0 1 3004.dat
1 14 -20 -120 50 -1 0 0 0 1 0 0 0 -1 3039.dat
1 14 20 -120 50 -1 0 0 0 1 0 0 0 -1 3039.dat
1 14 -40 -120 170 -1 0 0 0 1 0 0 0 -1 3039.dat
1 7 0 -104 190 -1 0 0 0 1 0 0 0 -1 4175.dat
1 14 40 -120 170 -1 0 0 0 1 0 0 0 -1 3039.dat
0 STEP
1 14 -80 -120 -210 -1 0 0 0 1 0 0 0 -1 3660.dat
1 0 -50 -104 -190 0 0 1 0 1 0 -1 0 0 3623.dat
1 14 -20 -104 -200 1 0 0 0 1 0 0 0 1 3022.dat
1 7 30 -104 -210 1 0 0 0 1 0 0 0 1 3623.dat
1 14 80 -120 -210 -1 0 0 0 1 0 0 0 -1 3660.dat
1 0 -20 -112 -190 1 0 0 0 1 0 0 0 1 3023.dat
1 0 -10 -120 -190 1 0 0 0 1 0 0 0 1 3024.dat
1 7 -10 -128 -190 1 0 0 0 1 0 0 0 1 4592.dat
1 0 -10 -129.5 -190 1 0 0 0 0.707 0.707 0 -0.707 0.707 4593.dat
1 16 0 -104 -70 1 0 0 0 1 0 0 0 1 5510 - 009steer.ldr
1 14 -80 -120 -50 1 0 0 0 1 0 0 0 1 3660.dat
1 14 80 -120 -50 1 0 0 0 1 0 0 0 1 3660.dat
1 14 -80 -120 50 -1 0 0 0 1 0 0 0 -1 3660.dat
1 14 -50 -120 60 0 0 1 0 1 0 -1 0 0 3004.dat
1 14 50 -120 60 0 0 1 0 1 0 -1 0 0 3004.dat
1 14 80 -120 50 -1 0 0 0 1 0 0 0 -1 3660.dat
1 0 -50 -120 100 0 0 1 0 1 0 -1 0 0 3660.dat
1 0 -50 -120 140 0 0 1 0 1 0 -1 0 0 3660.dat
1 0 50 -120 100 0 0 -1 0 1 0 1 0 0 3660.dat
1 0 50 -120 140 0 0 -1 0 1 0 1 0 0 3660.dat
1 14 -80 -120 190 1 0 0 0 1 0 0 0 1 3660.dat
1 14 80 -120 190 1 0 0 0 1 0 0 0 1 3660.dat
1 0 0 -120 210 1 0 0 0 1 0 0 0 1 4873.dat
0 STEP
1 16 0 -96 -240 1 0 0 0 1 0 0 0 1 5510 - 010front.ldr
1 14 -90 -128 -210 0 0 1 0 1 0 -1 0 0 4081a.dat
1 14 90 -128 -210 0 0 -1 0 1 0 1 0 0 4081a.dat
1 14 -80 -128 -120 0 0 1 0 1 0 -1 0 0 3034.dat
1 14 80 -128 -120 0 0 1 0 1 0 -1 0 0 3034.dat
1 14 -90 -128 120 0 0 1 0 1 0 -1 0 0 3460.dat
1 14 -40 -128 60 1 0 0 0 1 0 0 0 1 3020.dat
1 14 40 -128 60 1 0 0 0 1 0 0 0 1 3020.dat
1 14 90 -128 120 0 0 1 0 1 0 -1 0 0 3460.dat
1 4 -70 -128 140 0 0 1 0 1 0 -1 0 0 3666.dat
1 14 -50 -128 110 0 0 1 0 1 0 -1 0 0 3623.dat
1 14 50 -128 110 0 0 1 0 1 0 -1 0 0 3623.dat
1 4 70 -128 140 0 0 1 0 1 0 -1 0 0 3666.dat
0 STEP
1 0 -60 -118 -268 0 0 1 1 0 0 0 1 0 4032a.dat
1 0 60 -118 -268 0 0 1 1 0 0 0 1 0 4032a.dat
1 14 0 -136 -250 1 0 0 0 1 0 0 0 1 4477.dat
1 14 -90 -136 -210 0 0 1 0 1 0 -1 0 0 3623.dat
1 14 -90 -136 -160 0 0 1 0 1 0 -1 0 0 3023.dat
1 14 90 -136 -210 0 0 1 0 1 0 -1 0 0 3623.dat
1 14 90 -136 -160 0 0 1 0 1 0 -1 0 0 3023.dat
1 7 0 -136 -150 1 0 0 0 1 0 0 0 1 3460.dat
1 14 -50 -152 50 0 0 1 0 1 0 -1 0 0 3040b.dat
1 7 0 -152 50 1 0 0 0 1 0 0 0 1 3660.dat
1 14 50 -152 50 0 0 -1 0 1 0 1 0 0 3040b.dat
1 14 -50 -152 130 0 0 1 0 1 0 -1 0 0 3040b.dat
1 14 50 -152 130 0 0 -1 0 1 0 1 0 0 3040b.dat
0 STEP
1 15 -60 -118 -276 0 0 1 1 0 0 0 1 0 4150.dat
1 15 60 -118 -276 0 0 1 1 0 0 0 1 0 4150.dat
1 14 -70 -152 -100 0 0 1 0 1 0 -1 0 0 3037.dat
1 14 70 -152 -100 0 0 -1 0 1 0 1 0 0 3037.dat
1 7 0 -160 30 1 0 0 0 1 0 0 0 1 3023.dat
1 0 -90 -136 50 0 0 1 0 1 0 -1 0 0 4592.dat
1 0 -90 -137.5 50 0 -0.707 0.707 0 0.707 0.707 -1 0 0 4593.dat
1 14 0 -160 50 1 0 0 0 1 0 0 0 1 3666.dat
1 0 90 -136 50 0 0 1 0 1 0 -1 0 0 4592.dat
1 0 90 -137.5 50 0 0.707 0.707 0 0.707 -0.707 -1 0 0 4593.dat
1 14 -80 -136 90 0 0 1 0 1 0 -1 0 0 3021.dat
1 14 80 -136 90 0 0 1 0 1 0 -1 0 0 3021.dat
1 14 0 -160 130 1 0 0 0 1 0 0 0 1 3666.dat
0 STEP
1 16 0 -160 80 -1 0 0 0 1 0 0 0 -1 5510 - 013hoist.ldr
0 STEP
1 47 0 -208 -230 1 0 0 0 1 0 0 0 1 2694.dat
1 0 -60 -216 -230 1 0 0 0 1 0 0 0 1 3023.dat
1 0 0 -216 -230 1 0 0 0 1 0 0 0 1 3710.dat
1 0 60 -216 -230 1 0 0 0 1 0 0 0 1 3023.dat
1 16 0 -152 -100 1 0 0 0 1 0 0 0 1 5510 - 014cab.ldr
0 STEP
1 16 0 -208 -180 1 0 0 0 1 0 0 0 1 5510 - 015roof.ldr
0 STEP
0 !LDCAD GROUP_NXT [ids=1] [nrs=-1]
1 15 -90 -54 -130 0 0 1 0 1 0 -1 0 0 2695.dat
0 !LDCAD GROUP_NXT [ids=1] [nrs=2]
1 256 -90 -54 -130 0 0 1 0 1 0 -1 0 0 2696.dat
0 !LDCAD GROUP_NXT [ids=2] [nrs=-1]
1 15 90 -54 -130 0 0 -1 0 1 0 1 0 0 2695.dat
0 !LDCAD GROUP_NXT [ids=2] [nrs=2]
1 256 90 -54 -130 0 0 -1 0 1 0 1 0 0 2696.dat
0 !LDCAD GROUP_NXT [ids=3] [nrs=-1]
1 15 -88 -54 120 0 0 1 0 1 0 -1 0 0 2695.dat
0 !LDCAD GROUP_NXT [ids=3] [nrs=2]
1 256 -88 -54 120 0 0 1 0 1 0 -1 0 0 2696.dat
0 !LDCAD GROUP_NXT [ids=0] [nrs=4]
1 7 -106 -54 120 0 0 -1 1 0 0 0 -1 0 3713.dat
0 !LDCAD GROUP_NXT [ids=4] [nrs=-1]
1 15 88 -54 120 0 0 -1 0 1 0 1 0 0 2695.dat
0 !LDCAD GROUP_NXT [ids=4] [nrs=2]
1 256 88 -54 120 0 0 -1 0 1 0 1 0 0 2696.dat
0 !LDCAD GROUP_NXT [ids=0] [nrs=5]
1 7 106 -54 120 0 0 1 1 0 0 0 1 0 3713.dat
1 7 -110 -126 -220 1 0 0 0 0 -1 0 1 0 3959.dat
1 7 110 -126 -220 1 0 0 0 0 -1 0 1 0 3959.dat
1 47 -90 -244 -202 1 0 0 0 0 1 0 -1 0 6141.dat
1 47 90 -244 -202 1 0 0 0 0 1 0 -1 0 6141.dat
1 46 -110 -222 -160 1 0 0 0 0 -1 0 1 0 6141.dat
1 46 -110 -222 -140 1 0 0 0 0 1 0 -1 0 6141.dat
1 46 110 -222 -160 1 0 0 0 0 -1 0 1 0 6141.dat
1 46 110 -222 -140 1 0 0 0 0 1 0 -1 0 6141.dat
1 7 -70 -200 30 1 0 0 0 1 0 0 0 1 3957a.dat
1 0 50 -236 10 1 0 0 0 1 0 0 0 1 3962a.dat
1 7 70 -244 30 0 0 -1 0 1 0 1 0 0 5510 - u4330.dat
1 0 0 -52 -220 1 0 0 0 0 -1 0 1 0 197905a.dat
1 10047 -80 -84 0 0 1 0 0 0 -1 -1 0 0 197905d.dat
1 10047 80 -84 0 0 -1 0 0 0 -1 1 0 0 197905c.dat
1 0 80 -107 200 -1 0 0 0 0 -1 0 -1 0 197905b.dat


0 FILE 5510 - 004-1steerR.ldr
0 004-1steerR
0 Name: 5510 - 004-1steerR.ldr
0 Author: N. W. Perry [Plastikean]
0 !LDRAW_ORG Model
0 !LICENSE Redistributable under CCAL version 2.0 : see CAreadme.txt

1 7 0 -10 -70 1 0 0 0 1 0 0 0 1 4261.dat
0 STEP
1 7 -10 0 -70 1 0 0 0 1 0 0 0 1 3673.dat
1 7 0 -10 -30 0 0 1 1 0 0 0 1 0 3749.dat


0 FILE 5510 - 004-2steerL.ldr
0 004-2steerL
0 Name: 5510 - 004-2steerL.ldr
0 Author: N. W. Perry [Plastikean]
0 !LDRAW_ORG Model
0 !LICENSE Redistributable under CCAL version 2.0 : see CAreadme.txt

1 7 0 -10 -70 1 0 0 0 1 0 0 0 1 4261.dat
0 STEP
1 7 10 0 -70 1 0 0 0 1 0 0 0 1 3673.dat
1 7 0 -10 -30 0 0 1 1 0 0 0 1 0 3749.dat


0 FILE 5510 - 006rear.ldr
0 006rear
0 Name: 5510 - 006rear.ldr
0 Author: N. W. Perry [Plastikean]
0 !LDRAW_ORG Model
0 !LICENSE Redistributable under CCAL version 2.0 : see CAreadme.txt

1 7 0 -8 0 1 0 0 0 1 0 0 0 1 3795.dat
0 STEP
1 14 -50 -16 0 0 0 1 0 1 0 -1 0 0 3023.dat
1 14 -50 -24 0 0 0 1 0 1 0 -1 0 0 3023.dat
1 14 50 -16 0 0 0 1 0 1 0 -1 0 0 3023.dat
1 14 50 -24 0 0 0 1 0 1 0 -1 0 0 3023.dat
0 STEP
1 0 -40 -32 -20 0 0 1 0 1 0 -1 0 0 3020.dat
1 0 40 -32 -20 0 0 1 0 1 0 -1 0 0 3020.dat
0 STEP
1 0 -50 -56 -80 0 0 1 0 1 0 -1 0 0 3009.dat
1 0 50 -56 -80 0 0 1 0 1 0 -1 0 0 3009.dat
1 14 -70 -56 -10 1 0 0 0 1 0 0 0 1 3622.dat
1 14 0 -56 -10 1 0 0 0 1 0 0 0 1 3010.dat
1 14 70 -56 -10 1 0 0 0 1 0 0 0 1 3622.dat
1 14 -50 -56 10 -1 0 0 0 1 0 0 0 -1 4070.dat
1 36 -50 -46 24 1 0 0 0 0 1 0 -1 0 6141.dat
1 14 50 -56 10 -1 0 0 0 1 0 0 0 -1 4070.dat
1 36 50 -46 24 1 0 0 0 0 1 0 -1 0 6141.dat


0 FILE 5510 - 007rack.ldr
0 007rack
0 Name: 5510 - 007rack.ldr
0 Author: N. W. Perry [Plastikean]
0 !LDRAW_ORG Model
0 !LICENSE Redistributable under CCAL version 2.0 : see CAreadme.txt

1 7 0 -8 0 1 0 0 0 1 0 0 0 1 4442.dat
1 4 0 -16 0 1 0 0 0 1 0 0 0 1 3666.dat
0 STEP
1 7 0 -24 0 1 0 0 0 1 0 0 0 1 3710.dat
0 STEP
1 7 0 -32 0 1 0 0 0 1 0 0 0 1 3743.dat


0 FILE 5510 - 009steer.ldr
0 009steer
0 Name: 5510 - 009steer.ldr
0 Author: N. W. Perry [Plastikean]
0 !LDRAW_ORG Model
0 !LICENSE Redistributable under CCAL version 2.0 : see CAreadme.txt

0 !LDCAD GROUP_DEF [topLevel=true] [LID=0] [GID=8LY8BdINiGd] [name=Steering axle] [center=0 0 0]
0 !LDCAD GROUP_NXT [ids=0] [nrs=-1]
1 0 0 -14 -30 0 0 1 0 1 0 -1 0 0 3706.dat
0 !LDCAD GROUP_NXT [ids=0] [nrs=2]
1 7 0 -14 -20 1 0 0 0 1 0 0 0 1 3647.dat
1 0 0 -24 0 1 0 0 0 1 0 0 0 1 3700.dat
0 !LDCAD GROUP_NXT [ids=0] [nrs=3]
1 7 0 -14 15 1 0 0 0 1 0 0 0 1 4185a.dat
0 STEP
0 !LDCAD GROUP_NXT [ids=0] [nrs=4]
1 7 0 -14 -60 0 -1 0 1 0 0 0 0 1 3713.dat
1 7 0 -34 18 0 -1 0 0 0 1 -1 0 0 4274.dat
1 7 0 6 18 0 -1 0 0 0 1 -1 0 0 4274.dat
0 STEP
0 !LDCAD GROUP_NXT [ids=0] [nrs=7]
1 15 0 -14 28 -1 0 0 0 1 0 0 0 -1 2695.dat
0 !LDCAD GROUP_NXT [ids=0] [nrs=8]
1 256 0 -14 28 -1 0 0 0 1 0 0 0 -1 2696.dat



0 FILE 5510 - 010front.ldr
0 010front
0 Name: 5510 - 010front.ldr
0 Author: N. W. Perry [Plastikean]
0 !LDRAW_ORG Model
0 !LICENSE Redistributable under CCAL version 2.0 : see CAreadme.txt

1 7 0 -8 0 1 0 0 0 1 0 0 0 1 3034.dat
1 7 40 -16 10 1 0 0 0 1 0 0 0 1 3023.dat
0 STEP
1 14 -70 -32 10 0 0 1 0 1 0 -1 0 0 3665a.dat
1 0 -20 -32 20 1 0 0 0 1 0 0 0 1 3003.dat
1 14 30 -40 10 -1 0 0 0 1 0 0 0 -1 4070.dat
1 14 50 -40 10 -1 0 0 0 1 0 0 0 -1 4070.dat
1 7 40 -30 24 1 0 0 0 0 1 0 -1 0 3794a.dat
1 14 70 -32 10 0 0 -1 0 1 0 1 0 0 3665a.dat
0 STEP
1 14 -60 -32 -10 1 0 0 0 1 0 0 0 1 3700.dat
1 7 -60 -22 -20 0 0 1 0 1 0 -1 0 0 4274.dat
1 0 -30 -32 -10 1 0 0 0 1 0 0 0 1 3062b.dat
1 0 -10 -32 -10 1 0 0 0 1 0 0 0 1 3062b.dat
1 0 10 -32 -10 1 0 0 0 1 0 0 0 1 3062b.dat
1 0 30 -32 -10 1 0 0 0 1 0 0 0 1 3062b.dat
1 14 60 -32 -10 1 0 0 0 1 0 0 0 1 3700.dat
1 7 60 -22 -20 0 0 1 0 1 0 -1 0 0 4274.dat
1 7 40 -50 28 1 0 0 0 1 0 0 0 1 4185a.dat



0 FILE 5510 - 013hoist.ldr
0 013hoist
0 Name: 5510 - 013hoist.ldr
0 Author: N. W. Perry [Plastikean]
0 !LDRAW_ORG Model
0 !LICENSE Redistributable under CCAL version 2.0 : see CAreadme.txt

0 !LDCAD GROUP_DEF [topLevel=true] [LID=0] [GID=431WY1tKWWi] [name=Boom supports] [center=30 4 0]
0 !LDCAD GROUP_DEF [topLevel=true] [LID=1] [GID=APDVv1HXDDa] [name=Hoist boom] [center=30 4 0]
1 0 0 -8 0 1 0 0 0 1 0 0 0 1 3958.dat
0 // The supports are rotated 52.07073
1 0 -30 -24 -20 0 0 1 0 1 0 -1 0 0 4531.dat
0 !LDCAD GROUP_NXT [ids=0] [nrs=-1]
1 0 -30 -46.122 -65.286 0 0 -1 0.789 0.615 0 0.615 -0.789 0 4275b.dat
1 0 30 -24 -20 0 0 1 0 1 0 -1 0 0 4531.dat
0 !LDCAD GROUP_NXT [ids=0] [nrs=2]
1 0 30 -46.122 -65.286 0 0 -1 0.789 0.615 0 0.615 -0.789 0 4275b.dat
0 STEP
0 !LDCAD GROUP_NXT [ids=0] [nrs=3]
1 0 -30 -56.98 -83.889 0 0 1 -0.789 0.615 0 -0.615 -0.789 0 3710.dat
0 !LDCAD GROUP_NXT [ids=0] [nrs=4]
1 0 30 -56.98 -83.889 0 0 1 -0.789 0.615 0 -0.615 -0.789 0 3710.dat
1 0 -50 -32 10 0 0 1 0 1 0 -1 0 0 3622.dat
1 0 50 -32 10 0 0 1 0 1 0 -1 0 0 3622.dat
1 14 -50 -32 50 1 0 0 0 1 0 0 0 1 3005.dat
1 0 -20 -32 40 1 0 0 0 1 0 0 0 1 3003.dat
1 0 20 -32 40 1 0 0 0 1 0 0 0 1 3003.dat
1 14 50 -32 50 1 0 0 0 1 0 0 0 1 3005.dat
0 STEP
0 !LDCAD GROUP_NXT [ids=0] [nrs=5]
1 0 -30 -77.673 -89.873 0 0 1 -0.789 0.615 0 -0.615 -0.789 0 4276b.dat
0 !LDCAD GROUP_NXT [ids=1] [nrs=13]
1 0 -30 -112.091 -138.697 0 0 -1 0.314 0.949 0 0.949 -0.314 0 4275b.dat
0 !LDCAD GROUP_NXT [ids=0] [nrs=6]
1 0 30 -77.673 -89.873 0 0 1 -0.789 0.615 0 -0.615 -0.789 0 4276b.dat
0 !LDCAD GROUP_NXT [ids=1] [nrs=14]
1 0 30 -112.091 -138.697 0 0 -1 0.314 0.949 0 0.949 -0.314 0 4275b.dat
1 14 -50 -56 10 1 0 0 0 1 0 0 0 1 3040b.dat
1 14 -50 -56 40 0 0 1 0 1 0 -1 0 0 3004.dat
1 14 -50 -64 50 0 0 1 0 1 0 -1 0 0 4085b.dat
1 14 50 -56 10 1 0 0 0 1 0 0 0 1 3040b.dat
1 14 50 -56 40 0 0 1 0 1 0 -1 0 0 3004.dat
1 14 50 -64 50 1 0 0 0 1 0 0 0 1 3024.dat
0 STEP
0 !LDCAD GROUP_NXT [ids=1] [nrs=11]
1 14 0 -122.825 -145.681 1 0 0 0 0.949 0.314 0 -0.314 0.949 3710.dat
0 !LDCAD GROUP_NXT [ids=1] [nrs=12]
1 14 0 -116.548 -126.692 1 0 0 0 0.949 0.314 0 -0.314 0.949 3710.dat
1 14 -50 -80 30 1 0 0 0 1 0 0 0 1 3040b.dat
1 14 -50 -72 50 1 0 0 0 1 0 0 0 1 3024.dat
1 14 50 -80 30 1 0 0 0 1 0 0 0 1 3040b.dat
1 14 50 -72 50 1 0 0 0 1 0 0 0 1 3024.dat
0 STEP
1 14 -50 -80 50 -1 0 0 0 1 0 0 0 -1 4085b.dat
1 14 0 -80 40 -1 0 0 0 1 0 0 0 -1 5510 - 4209a.dat
1 0 0 -58 50 -1 0 0 0 1 0 0 0 -1 5510 - u4208.dat
1 256 0 -58 50 -1 0 0 0 1 0 0 0 -1 5510 - stringLSynth75cm.ldr
1 14 50 -80 50 0 0 -1 0 1 0 1 0 0 4085b.dat
0 STEP
1 14 -40 -88 40 1 0 0 0 1 0 0 0 1 3022.dat
0 // The boom is rotated 18.29252
1 16 0 -84 10 1 0 0 0 1 0 0 0 1 5510 - 013-006boom.ldr
1 14 40 -88 40 1 0 0 0 1 0 0 0 1 3022.dat
0 STEP
0 !LDCAD GROUP_NXT [ids=1] [nrs=11]
1 14 0 -206.064 -244.551 1 0 0 0 0.949 0.314 0 -0.314 0.949 3700.dat
1 14 0 -96 30 1 0 0 0 1 0 0 0 1 3666.dat
1 7 0 -96 50 1 0 0 0 1 0 0 0 1 3794a.dat
0 STEP
1 7 -3.535 -91 -265.429 0 0.707 -0.707 1 0 0 0 -0.707 -0.707 3127a.dat
1 7 0 -104 50 -1 0 0 0 1 0 0 0 -1 4085b.dat


0 FILE 5510 - stringLSynth75cm.ldr
0 stringLSynth75cm
0 Name: 5510 - stringLSynth75cm.ldr
0 Author: LDCad
0 !LDRAW_ORG Unofficial_Part
0 !LICENSE Redistributable under CCAL version 2.0 : see CAreadme.txt

0 !KEYWORDS flexible, string, rope

0 !LDCAD CONTENT [type=path] [addFallBack=default] [looped=false] [displayKind=mm] [curveStep=0] [displayLenCor=0]
0 // Start point -12 0 7
0 !LDCAD GROUP_DEF [topLevel=true] [LID=0] [GID=1dRIUrIiXKZ] [name=Knot section] [center=0 0 0]
0 !LDCAD PATH_POINT [type=bezier] [posOri=-12 0 7 0 -1 0 1 0 0 0 0 1] [prevCPDist=25] [nextCPDist=5] [cirR=25] [cirDir=xyCW] [prevYRoll=0] [nextYRoll=0]
0 !LDCAD PATH_POINT [type=bezier] [posOri=19 0 7 0 -1 0 0.997564 0 -0.069756 0.069756 0 0.997564] [prevCPDist=5] [nextCPDist=5] [cirR=20] [cirDir=xyCW] [prevYRoll=0] [nextYRoll=0]
0 !LDCAD PATH_POINT [type=bezier] [posOri=23.5 1.5 -2.857 0.043513 -0.003043 0.999048 0.996615 -0.06969 -0.043619 0.069756 0.997564 0] [prevCPDist=1] [nextCPDist=3] [cirR=20] [cirDir=xyCW] [prevYRoll=0] [nextYRoll=0]
0 // Begin r=7 coil
0 !LDCAD PATH_POINT [type=bezier] [posOri=24 7 0 -0.043619 0 0.999048 -0.999048 0 -0.043619 0 -1 0] [prevCPDist=7] [nextCPDist=4] [cirR=20] [cirDir=xyCW] [prevYRoll=0] [nextYRoll=0]
0 !LDCAD PATH_POINT [type=bezier] [posOri=24 0 7 0 0 1 0 1 0 -1 0 0] [prevCPDist=4] [nextCPDist=4] [cirR=20] [cirDir=xyCW] [prevYRoll=0] [nextYRoll=0]
0 !LDCAD PATH_POINT [type=bezier] [posOri=24 -7 0 0 0 1 1 0 0 0 1 0] [prevCPDist=4] [nextCPDist=4] [cirR=20] [cirDir=xyCW] [prevYRoll=0] [nextYRoll=0]
0 !LDCAD PATH_POINT [type=bezier] [posOri=25 0 -7 0 -0.121869 0.992546 0 -0.992546 -0.121869 1 0 0] [prevCPDist=4] [nextCPDist=4] [cirR=20] [cirDir=xyCW] [prevYRoll=0] [nextYRoll=0]
0 !LDCAD PATH_POINT [type=bezier] [posOri=26 7 0 0 0 1 -1 0 0 0 -1 0] [prevCPDist=4] [nextCPDist=4] [cirR=20] [cirDir=xyCW] [prevYRoll=0] [nextYRoll=0]
0 !LDCAD PATH_POINT [type=bezier] [posOri=26 0 7 0 0 1 0 1 0 -1 0 0] [prevCPDist=4] [nextCPDist=4] [cirR=20] [cirDir=xyCW] [prevYRoll=0] [nextYRoll=0]
0 !LDCAD PATH_POINT [type=bezier] [posOri=26 -7 0 0 0 1 1 0 0 0 1 0] [prevCPDist=4] [nextCPDist=4] [cirR=20] [cirDir=xyCW] [prevYRoll=0] [nextYRoll=0]
0 !LDCAD PATH_POINT [type=bezier] [posOri=27 0 -7 0 -0.121869 0.992546 0 -0.992546 -0.121869 1 0 0] [prevCPDist=4] [nextCPDist=4] [cirR=20] [cirDir=xyCW] [prevYRoll=0] [nextYRoll=0]
0 !LDCAD PATH_POINT [type=bezier] [posOri=28 7 0 0 0 1 -1 0 0 0 -1 0] [prevCPDist=4] [nextCPDist=4] [cirR=20] [cirDir=xyCW] [prevYRoll=0] [nextYRoll=0]
0 !LDCAD PATH_POINT [type=bezier] [posOri=28 0 7 0 0 1 0 1 0 -1 0 0] [prevCPDist=4] [nextCPDist=4] [cirR=20] [cirDir=xyCW] [prevYRoll=0] [nextYRoll=0]
0 !LDCAD PATH_POINT [type=bezier] [posOri=28 -7 0 0 0 1 1 0 0 0 1 0] [prevCPDist=4] [nextCPDist=4] [cirR=20] [cirDir=xyCW] [prevYRoll=0] [nextYRoll=0]
0 // Transition
0 !LDCAD PATH_POINT [type=bezier] [posOri=29 0 -7.5 0 -0.061049 0.998135 0 -0.998135 -0.061049 1 0 0] [prevCPDist=4] [nextCPDist=4] [cirR=20] [cirDir=xyCW] [prevYRoll=0] [nextYRoll=0]
0 // Begin r=8 coil
0 !LDCAD PATH_POINT [type=bezier] [posOri=29 8 0 0 0 1 -1 0 0 0 -1 0] [prevCPDist=5] [nextCPDist=5] [cirR=20] [cirDir=xyCW] [prevYRoll=0] [nextYRoll=0]
0 !LDCAD PATH_POINT [type=bezier] [posOri=29 0 8 0 0 1 0 1 0 -1 0 0] [prevCPDist=5] [nextCPDist=5] [cirR=20] [cirDir=xyCW] [prevYRoll=0] [nextYRoll=0]
0 !LDCAD PATH_POINT [type=bezier] [posOri=29 -8 0 0 0 1 1 0 0 0 1 0] [prevCPDist=5] [nextCPDist=5] [cirR=20] [cirDir=xyCW] [prevYRoll=0] [nextYRoll=0]
0 !LDCAD PATH_POINT [type=bezier] [posOri=28 0 -9 0 0.121869 0.992546 0 -0.992546 0.121869 1 0 0] [prevCPDist=5.5] [nextCPDist=5] [cirR=20] [cirDir=xyCW] [prevYRoll=0] [nextYRoll=0]
0 !LDCAD PATH_POINT [type=bezier] [posOri=27 8 0 0 0 1 -1 0 0 0 -1 0] [prevCPDist=5] [nextCPDist=5] [cirR=20] [cirDir=xyCW] [prevYRoll=0] [nextYRoll=0]
0 !LDCAD PATH_POINT [type=bezier] [posOri=27 0 8 0 0 1 0 1 0 -1 0 0] [prevCPDist=5] [nextCPDist=5] [cirR=20] [cirDir=xyCW] [prevYRoll=0] [nextYRoll=0]
0 !LDCAD PATH_POINT [type=bezier] [posOri=27 -8 0 0 0 1 1 0 0 0 1 0] [prevCPDist=5] [nextCPDist=5] [cirR=20] [cirDir=xyCW] [prevYRoll=0] [nextYRoll=0]
0 !LDCAD PATH_POINT [type=bezier] [posOri=26 0 -9 0 0.121869 0.992546 0 -0.992546 0.121869 1 0 0] [prevCPDist=5.5] [nextCPDist=5] [cirR=20] [cirDir=xyCW] [prevYRoll=0] [nextYRoll=0]
0 !LDCAD PATH_POINT [type=bezier] [posOri=25 8 0 0 0 1 -1 0 0 0 -1 0] [prevCPDist=5] [nextCPDist=5] [cirR=20] [cirDir=xyCW] [prevYRoll=0] [nextYRoll=0]
0 !LDCAD PATH_POINT [type=bezier] [posOri=25 0 8 0 0 1 0 1 0 -1 0 0] [prevCPDist=5] [nextCPDist=5] [cirR=20] [cirDir=xyCW] [prevYRoll=0] [nextYRoll=0]
0 !LDCAD PATH_POINT [type=bezier] [posOri=25 -8 0 0 0 1 1 0 0 0 1 0] [prevCPDist=5] [nextCPDist=5] [cirR=20] [cirDir=xyCW] [prevYRoll=0] [nextYRoll=0]
0 !LDCAD PATH_POINT [type=bezier] [posOri=24 0 -8.5 0 0.121869 0.992546 0 -0.992546 0.121869 1 0 0] [prevCPDist=5.5] [nextCPDist=5] [cirR=20] [cirDir=xyCW] [prevYRoll=0] [nextYRoll=0]
0 !LDCAD PATH_POINT [type=bezier] [posOri=23 8 0 0 0 1 -1 0 0 0 -1 0] [prevCPDist=5] [nextCPDist=5] [cirR=20] [cirDir=xyCW] [prevYRoll=0] [nextYRoll=0]
0 !LDCAD PATH_POINT [type=bezier] [posOri=23.5 0 8.5 0 0 1 0 1 0 -1 0 0] [prevCPDist=5] [nextCPDist=5] [cirR=20] [cirDir=xyCW] [prevYRoll=0] [nextYRoll=0]
0 !LDCAD PATH_POINT [type=bezier] [posOri=23 -8 0 0 0 1 1 0 0 0 1 0] [prevCPDist=5] [nextCPDist=5] [cirR=20] [cirDir=xyCW] [prevYRoll=0] [nextYRoll=0]
0 // Transition
0 !LDCAD PATH_POINT [type=bezier] [posOri=22.5 0 -8 0 0.061049 0.998135 0 -0.998135 0.061049 1 0 0] [prevCPDist=4.5] [nextCPDist=4] [cirR=20] [cirDir=xyCW] [prevYRoll=0] [nextYRoll=0]
0 // Begin r=7 coil
0 !LDCAD PATH_POINT [type=bezier] [posOri=22 7 0 0 0 1 -1 0 0 0 -1 0] [prevCPDist=4] [nextCPDist=4] [cirR=20] [cirDir=xyCW] [prevYRoll=0] [nextYRoll=0]
0 !LDCAD PATH_POINT [type=bezier] [posOri=22 0 8 0 0 1 0 1 0 -1 0 0] [prevCPDist=4] [nextCPDist=4] [cirR=20] [cirDir=xyCW] [prevYRoll=0] [nextYRoll=0]
0 !LDCAD PATH_POINT [type=bezier] [posOri=22 -7 0 0 0 1 1 0 0 0 1 0] [prevCPDist=4] [nextCPDist=4] [cirR=20] [cirDir=xyCW] [prevYRoll=0] [nextYRoll=0]
0 !LDCAD PATH_POINT [type=bezier] [posOri=21 0 -7 0 0.121869 0.992546 0 -0.992546 0.121869 1 0 0] [prevCPDist=4] [nextCPDist=4] [cirR=20] [cirDir=xyCW] [prevYRoll=0] [nextYRoll=0]
0 !LDCAD PATH_POINT [type=bezier] [posOri=20 7 0 0 0 1 -1 0 0 0 -1 0] [prevCPDist=4] [nextCPDist=4] [cirR=20] [cirDir=xyCW] [prevYRoll=0] [nextYRoll=0]
0 !LDCAD PATH_POINT [type=bezier] [posOri=20 0 8.5 0 0 1 0 1 0 -1 0 0] [prevCPDist=4] [nextCPDist=4] [cirR=20] [cirDir=xyCW] [prevYRoll=0] [nextYRoll=0]
0 !LDCAD PATH_POINT [type=bezier] [posOri=20 -7 0 0 0 1 1 0 0 0 1 0] [prevCPDist=4] [nextCPDist=4] [cirR=20] [cirDir=xyCW] [prevYRoll=0] [nextYRoll=0]
0 !LDCAD PATH_POINT [type=bezier] [posOri=19 0 -7 0 0.121869 0.992546 0 -0.992546 0.121869 1 0 0] [prevCPDist=4] [nextCPDist=4] [cirR=20] [cirDir=xyCW] [prevYRoll=0] [nextYRoll=0]
0 !LDCAD PATH_POINT [type=bezier] [posOri=18 7 0 0 0 1 -1 0 0 0 -1 0] [prevCPDist=4] [nextCPDist=4] [cirR=20] [cirDir=xyCW] [prevYRoll=0] [nextYRoll=0]
0 !LDCAD PATH_POINT [type=bezier] [posOri=18 0 8.5 0 0 1 0 1 0 -1 0 0] [prevCPDist=4] [nextCPDist=4] [cirR=20] [cirDir=xyCW] [prevYRoll=0] [nextYRoll=0]
0 !LDCAD PATH_POINT [type=bezier] [posOri=18 -7 0 0 0 1 1 0 0 0 1 0] [prevCPDist=4] [nextCPDist=4] [cirR=20] [cirDir=xyCW] [prevYRoll=0] [nextYRoll=0]
0 !LDCAD PATH_POINT [type=bezier] [posOri=17 0 -7 0 0.121869 0.992546 0 -0.992546 0.121869 1 0 0] [prevCPDist=4] [nextCPDist=4] [cirR=20] [cirDir=xyCW] [prevYRoll=0] [nextYRoll=0]
0 !LDCAD PATH_POINT [type=bezier] [posOri=16 7 0 0 0 1 -1 0 0 0 -1 0] [prevCPDist=4] [nextCPDist=4] [cirR=20] [cirDir=xyCW] [prevYRoll=0] [nextYRoll=0]
0 !LDCAD PATH_POINT [type=bezier] [posOri=16 0 8.5 0 0 1 0 1 0 -1 0 0] [prevCPDist=4] [nextCPDist=4] [cirR=20] [cirDir=xyCW] [prevYRoll=0] [nextYRoll=0]
0 !LDCAD PATH_POINT [type=bezier] [posOri=16 -7 0 0 0 1 1 0 0 0 1 0] [prevCPDist=4] [nextCPDist=4] [cirR=20] [cirDir=xyCW] [prevYRoll=0] [nextYRoll=0]
0 !LDCAD PATH_POINT [type=bezier] [posOri=15 0 -7 0 0.121869 0.992546 0 -0.992546 0.121869 1 0 0] [prevCPDist=4] [nextCPDist=4] [cirR=20] [cirDir=xyCW] [prevYRoll=0] [nextYRoll=0]
0 !LDCAD PATH_POINT [type=bezier] [posOri=14 7 0 0 0 1 -1 0 0 0 -1 0] [prevCPDist=4] [nextCPDist=4] [cirR=20] [cirDir=xyCW] [prevYRoll=0] [nextYRoll=0]
0 !LDCAD PATH_POINT [type=bezier] [posOri=14 0 8.5 0 0 1 0 1 0 -1 0 0] [prevCPDist=4] [nextCPDist=4] [cirR=20] [cirDir=xyCW] [prevYRoll=0] [nextYRoll=0]
0 !LDCAD PATH_POINT [type=bezier] [posOri=14 -7 0 0 0 1 1 0 0 0 1 0] [prevCPDist=4] [nextCPDist=4] [cirR=20] [cirDir=xyCW] [prevYRoll=0] [nextYRoll=0]
0 !LDCAD PATH_POINT [type=bezier] [posOri=13 0 -7 0 0.121869 0.992546 0 -0.992546 0.121869 1 0 0] [prevCPDist=4] [nextCPDist=4] [cirR=20] [cirDir=xyCW] [prevYRoll=0] [nextYRoll=0]
0 !LDCAD PATH_POINT [type=bezier] [posOri=12 7 0 0 0 1 -1 0 0 0 -1 0] [prevCPDist=4] [nextCPDist=4] [cirR=20] [cirDir=xyCW] [prevYRoll=0] [nextYRoll=0]
0 !LDCAD PATH_POINT [type=bezier] [posOri=12 0 8.5 0 0 1 0 1 0 -1 0 0] [prevCPDist=4] [nextCPDist=4] [cirR=20] [cirDir=xyCW] [prevYRoll=0] [nextYRoll=0]
0 !LDCAD PATH_POINT [type=bezier] [posOri=12 -7 0 0 0 1 1 0 0 0 1 0] [prevCPDist=4] [nextCPDist=4] [cirR=20] [cirDir=xyCW] [prevYRoll=0] [nextYRoll=0]
0 !LDCAD PATH_POINT [type=bezier] [posOri=11 0 -7 0 0.121869 0.992546 0 -0.992546 0.121869 1 0 0] [prevCPDist=4] [nextCPDist=4] [cirR=20] [cirDir=xyCW] [prevYRoll=0] [nextYRoll=0]
0 !LDCAD PATH_POINT [type=bezier] [posOri=10 7 0 0 0 1 -1 0 0 0 -1 0] [prevCPDist=4] [nextCPDist=4] [cirR=20] [cirDir=xyCW] [prevYRoll=0] [nextYRoll=0]
0 !LDCAD PATH_POINT [type=bezier] [posOri=10 0 8.5 0 0 1 0 1 0 -1 0 0] [prevCPDist=4] [nextCPDist=4] [cirR=20] [cirDir=xyCW] [prevYRoll=0] [nextYRoll=0]
0 !LDCAD PATH_POINT [type=bezier] [posOri=10 -7 0 0 0 1 1 0 0 0 1 0] [prevCPDist=4] [nextCPDist=4] [cirR=20] [cirDir=xyCW] [prevYRoll=0] [nextYRoll=0]
0 !LDCAD PATH_POINT [type=bezier] [posOri=9 0 -7 0 0.121869 0.992546 0 -0.992546 0.121869 1 0 0] [prevCPDist=4] [nextCPDist=4] [cirR=20] [cirDir=xyCW] [prevYRoll=0] [nextYRoll=0]
0 !LDCAD PATH_POINT [type=bezier] [posOri=8 7 0 0 0 1 -1 0 0 0 -1 0] [prevCPDist=4] [nextCPDist=4] [cirR=20] [cirDir=xyCW] [prevYRoll=0] [nextYRoll=0]
0 !LDCAD PATH_POINT [type=bezier] [posOri=8 0 8.5 0 0 1 0 1 0 -1 0 0] [prevCPDist=4] [nextCPDist=4] [cirR=20] [cirDir=xyCW] [prevYRoll=0] [nextYRoll=0]
0 !LDCAD PATH_POINT [type=bezier] [posOri=8 -7 0 0 0 1 1 0 0 0 1 0] [prevCPDist=4] [nextCPDist=4] [cirR=20] [cirDir=xyCW] [prevYRoll=0] [nextYRoll=0]
0 !LDCAD PATH_POINT [type=bezier] [posOri=7 0 -7 0 0.121869 0.992546 0 -0.992546 0.121869 1 0 0] [prevCPDist=4] [nextCPDist=4] [cirR=20] [cirDir=xyCW] [prevYRoll=0] [nextYRoll=0]
0 !LDCAD PATH_POINT [type=bezier] [posOri=6 7 0 0 0 1 -1 0 0 0 -1 0] [prevCPDist=4] [nextCPDist=4] [cirR=20] [cirDir=xyCW] [prevYRoll=0] [nextYRoll=0]
0 !LDCAD PATH_POINT [type=bezier] [posOri=6 0 8.5 0 0 1 0 1 0 -1 0 0] [prevCPDist=4] [nextCPDist=4] [cirR=20] [cirDir=xyCW] [prevYRoll=0] [nextYRoll=0]
0 !LDCAD PATH_POINT [type=bezier] [posOri=6 -7 0 0 0 1 1 0 0 0 1 0] [prevCPDist=4] [nextCPDist=4] [cirR=20] [cirDir=xyCW] [prevYRoll=0] [nextYRoll=0]
0 !LDCAD PATH_POINT [type=bezier] [posOri=5 0 -7 0 0.121869 0.992546 0 -0.992546 0.121869 1 0 0] [prevCPDist=4] [nextCPDist=4] [cirR=20] [cirDir=xyCW] [prevYRoll=0] [nextYRoll=0]
0 !LDCAD PATH_POINT [type=bezier] [posOri=4 7 0 0 0 1 -1 0 0 0 -1 0] [prevCPDist=4] [nextCPDist=4] [cirR=20] [cirDir=xyCW] [prevYRoll=0] [nextYRoll=0]
0 !LDCAD PATH_POINT [type=bezier] [posOri=4 0 8.5 0 0 1 0 1 0 -1 0 0] [prevCPDist=4] [nextCPDist=4] [cirR=20] [cirDir=xyCW] [prevYRoll=0] [nextYRoll=0]
0 !LDCAD PATH_POINT [type=bezier] [posOri=4 -7 0 0 0 1 1 0 0 0 1 0] [prevCPDist=4] [nextCPDist=4] [cirR=20] [cirDir=xyCW] [prevYRoll=0] [nextYRoll=0]
0 !LDCAD PATH_POINT [type=bezier] [posOri=3 0 -7 0 0.121869 0.992546 0 -0.992546 0.121869 1 0 0] [prevCPDist=4] [nextCPDist=4] [cirR=20] [cirDir=xyCW] [prevYRoll=0] [nextYRoll=0]
0 !LDCAD PATH_POINT [type=bezier] [posOri=2 7 0 0 0 1 -1 0 0 0 -1 0] [prevCPDist=4] [nextCPDist=4] [cirR=20] [cirDir=xyCW] [prevYRoll=0] [nextYRoll=0]
0 !LDCAD PATH_POINT [type=bezier] [posOri=2 0 8.5 0 0 1 0 1 0 -1 0 0] [prevCPDist=4] [nextCPDist=4] [cirR=20] [cirDir=xyCW] [prevYRoll=0] [nextYRoll=0]
0 !LDCAD PATH_POINT [type=bezier] [posOri=2 -7 0 0 0 1 1 0 0 0 1 0] [prevCPDist=4] [nextCPDist=4] [cirR=20] [cirDir=xyCW] [prevYRoll=0] [nextYRoll=0]
0 !LDCAD PATH_POINT [type=bezier] [posOri=1 0 -7 0 0.121869 0.992546 0 -0.992546 0.121869 1 0 0] [prevCPDist=4] [nextCPDist=4] [cirR=20] [cirDir=xyCW] [prevYRoll=0] [nextYRoll=0]
0 // x=0
0 !LDCAD PATH_POINT [type=bezier] [posOri=0 7 0 0 0 1 -1 0 0 0 -1 0] [prevCPDist=4] [nextCPDist=4] [cirR=20] [cirDir=xyCW] [prevYRoll=0] [nextYRoll=0]
0 !LDCAD PATH_POINT [type=bezier] [posOri=0 0 8.5 0 0 1 0 1 0 -1 0 0] [prevCPDist=4] [nextCPDist=4] [cirR=20] [cirDir=xyCW] [prevYRoll=0] [nextYRoll=0]
0 !LDCAD PATH_POINT [type=bezier] [posOri=0 -7 0 0 0 1 1 0 0 0 1 0] [prevCPDist=4] [nextCPDist=4] [cirR=20] [cirDir=xyCW] [prevYRoll=0] [nextYRoll=0]
0 !LDCAD PATH_POINT [type=bezier] [posOri=-1 0 -7 0 0.121869 0.992546 0 -0.992546 0.121869 1 0 0] [prevCPDist=4] [nextCPDist=4] [cirR=20] [cirDir=xyCW] [prevYRoll=0] [nextYRoll=0]
0 !LDCAD PATH_POINT [type=bezier] [posOri=-2 7 0 0 0 1 -1 0 0 0 -1 0] [prevCPDist=4] [nextCPDist=4] [cirR=20] [cirDir=xyCW] [prevYRoll=0] [nextYRoll=0]
0 !LDCAD PATH_POINT [type=bezier] [posOri=-2 0 8.5 0 0 1 0 1 0 -1 0 0] [prevCPDist=4] [nextCPDist=4] [cirR=20] [cirDir=xyCW] [prevYRoll=0] [nextYRoll=0]
0 !LDCAD PATH_POINT [type=bezier] [posOri=-2 -7 0 0 0 1 1 0 0 0 1 0] [prevCPDist=4] [nextCPDist=4] [cirR=20] [cirDir=xyCW] [prevYRoll=0] [nextYRoll=0]
0 !LDCAD PATH_POINT [type=bezier] [posOri=-3 0 -7 0 0.121869 0.992546 0 -0.992546 0.121869 1 0 0] [prevCPDist=4] [nextCPDist=4] [cirR=20] [cirDir=xyCW] [prevYRoll=0] [nextYRoll=0]
0 !LDCAD PATH_POINT [type=bezier] [posOri=-4 7 0 0 0 1 -1 0 0 0 -1 0] [prevCPDist=4] [nextCPDist=4] [cirR=20] [cirDir=xyCW] [prevYRoll=0] [nextYRoll=0]
0 !LDCAD PATH_POINT [type=bezier] [posOri=-4 0 8.5 0 0 1 0 1 0 -1 0 0] [prevCPDist=4] [nextCPDist=4] [cirR=20] [cirDir=xyCW] [prevYRoll=0] [nextYRoll=0]
0 !LDCAD PATH_POINT [type=bezier] [posOri=-4 -7 0 0 0 1 1 0 0 0 1 0] [prevCPDist=4] [nextCPDist=4] [cirR=20] [cirDir=xyCW] [prevYRoll=0] [nextYRoll=0]
0 !LDCAD PATH_POINT [type=bezier] [posOri=-5 0 -7 0 0.121869 0.992546 0 -0.992546 0.121869 1 0 0] [prevCPDist=4] [nextCPDist=4] [cirR=20] [cirDir=xyCW] [prevYRoll=0] [nextYRoll=0]
0 !LDCAD PATH_POINT [type=bezier] [posOri=-6 7 0 0 0 1 -1 0 0 0 -1 0] [prevCPDist=4] [nextCPDist=4] [cirR=20] [cirDir=xyCW] [prevYRoll=0] [nextYRoll=0]
0 !LDCAD PATH_POINT [type=bezier] [posOri=-6 0 8.5 0 0 1 0 1 0 -1 0 0] [prevCPDist=4] [nextCPDist=4] [cirR=20] [cirDir=xyCW] [prevYRoll=0] [nextYRoll=0]
0 !LDCAD PATH_POINT [type=bezier] [posOri=-6 -7 0 0 0 1 1 0 0 0 1 0] [prevCPDist=4] [nextCPDist=4] [cirR=20] [cirDir=xyCW] [prevYRoll=0] [nextYRoll=0]
0 !LDCAD PATH_POINT [type=bezier] [posOri=-7 0 -7 0 0.121869 0.992546 0 -0.992546 0.121869 1 0 0] [prevCPDist=4] [nextCPDist=4] [cirR=20] [cirDir=xyCW] [prevYRoll=0] [nextYRoll=0]
0 !LDCAD PATH_POINT [type=bezier] [posOri=-8 7 0 0 0 1 -1 0 0 0 -1 0] [prevCPDist=4] [nextCPDist=4] [cirR=20] [cirDir=xyCW] [prevYRoll=0] [nextYRoll=0]
0 !LDCAD PATH_POINT [type=bezier] [posOri=-8 0 8.5 0 0 1 0 1 0 -1 0 0] [prevCPDist=4] [nextCPDist=4] [cirR=20] [cirDir=xyCW] [prevYRoll=0] [nextYRoll=0]
0 !LDCAD PATH_POINT [type=bezier] [posOri=-8 -7 0 0 0 1 1 0 0 0 1 0] [prevCPDist=4] [nextCPDist=4] [cirR=20] [cirDir=xyCW] [prevYRoll=0] [nextYRoll=0]
0 !LDCAD PATH_POINT [type=bezier] [posOri=-9 0 -7 0 0.121869 0.992546 0 -0.992546 0.121869 1 0 0] [prevCPDist=4] [nextCPDist=4] [cirR=20] [cirDir=xyCW] [prevYRoll=0] [nextYRoll=0]
0 !LDCAD PATH_POINT [type=bezier] [posOri=-10 7 0 0 0 1 -1 0 0 0 -1 0] [prevCPDist=4] [nextCPDist=4] [cirR=20] [cirDir=xyCW] [prevYRoll=0] [nextYRoll=0]
0 !LDCAD PATH_POINT [type=bezier] [posOri=-10 0 8.5 0 0 1 0 1 0 -1 0 0] [prevCPDist=4] [nextCPDist=4] [cirR=20] [cirDir=xyCW] [prevYRoll=0] [nextYRoll=0]
0 !LDCAD PATH_POINT [type=bezier] [posOri=-10 -7 0 0 0 1 1 0 0 0 1 0] [prevCPDist=4] [nextCPDist=4] [cirR=20] [cirDir=xyCW] [prevYRoll=0] [nextYRoll=0]
0 !LDCAD PATH_POINT [type=bezier] [posOri=-11 0 -7 0 0.121869 0.992546 0 -0.992546 0.121869 1 0 0] [prevCPDist=4] [nextCPDist=4] [cirR=20] [cirDir=xyCW] [prevYRoll=0] [nextYRoll=0]
0 !LDCAD PATH_POINT [type=bezier] [posOri=-12 7 0 0 0 1 -1 0 0 0 -1 0] [prevCPDist=4] [nextCPDist=4] [cirR=20] [cirDir=xyCW] [prevYRoll=0] [nextYRoll=0]
0 !LDCAD PATH_POINT [type=bezier] [posOri=-12 0 8.5 0 0 1 0 1 0 -1 0 0] [prevCPDist=4] [nextCPDist=4] [cirR=20] [cirDir=xyCW] [prevYRoll=0] [nextYRoll=0]
0 !LDCAD PATH_POINT [type=bezier] [posOri=-12 -7 0 0 0 1 1 0 0 0 1 0] [prevCPDist=4] [nextCPDist=4] [cirR=20] [cirDir=xyCW] [prevYRoll=0] [nextYRoll=0]
0 !LDCAD PATH_POINT [type=bezier] [posOri=-13 0 -7 0 0.121869 0.992546 0 -0.992546 0.121869 1 0 0] [prevCPDist=4] [nextCPDist=4] [cirR=20] [cirDir=xyCW] [prevYRoll=0] [nextYRoll=0]
0 !LDCAD PATH_POINT [type=bezier] [posOri=-14 7 0 0 0 1 -1 0 0 0 -1 0] [prevCPDist=4] [nextCPDist=4] [cirR=20] [cirDir=xyCW] [prevYRoll=0] [nextYRoll=0]
0 !LDCAD PATH_POINT [type=bezier] [posOri=-14 0 7 0 0 1 0 1 0 -1 0 0] [prevCPDist=4] [nextCPDist=4] [cirR=20] [cirDir=xyCW] [prevYRoll=0] [nextYRoll=0]
0 !LDCAD PATH_POINT [type=bezier] [posOri=-14 -7 0 0 0 1 1 0 0 0 1 0] [prevCPDist=4] [nextCPDist=4] [cirR=20] [cirDir=xyCW] [prevYRoll=0] [nextYRoll=0]
0 !LDCAD PATH_POINT [type=bezier] [posOri=-15 0 -7 0 0.121869 0.992546 0 -0.992546 0.121869 1 0 0] [prevCPDist=4] [nextCPDist=4] [cirR=20] [cirDir=xyCW] [prevYRoll=0] [nextYRoll=0]
0 !LDCAD PATH_POINT [type=bezier] [posOri=-16 7 0 0 0 1 -1 0 0 0 -1 0] [prevCPDist=4] [nextCPDist=4] [cirR=20] [cirDir=xyCW] [prevYRoll=0] [nextYRoll=0]
0 !LDCAD PATH_POINT [type=bezier] [posOri=-16 0 7 0 0 1 0 1 0 -1 0 0] [prevCPDist=4] [nextCPDist=4] [cirR=20] [cirDir=xyCW] [prevYRoll=0] [nextYRoll=0]
0 !LDCAD PATH_POINT [type=bezier] [posOri=-16 -7 0 0 0 1 1 0 0 0 1 0] [prevCPDist=4] [nextCPDist=4] [cirR=20] [cirDir=xyCW] [prevYRoll=0] [nextYRoll=0]
0 !LDCAD PATH_POINT [type=bezier] [posOri=-17 0 -7 0 0.121869 0.992546 0 -0.992546 0.121869 1 0 0] [prevCPDist=4] [nextCPDist=4] [cirR=20] [cirDir=xyCW] [prevYRoll=0] [nextYRoll=0]
0 !LDCAD PATH_POINT [type=bezier] [posOri=-18 7 0 0 0 1 -1 0 0 0 -1 0] [prevCPDist=4] [nextCPDist=4] [cirR=20] [cirDir=xyCW] [prevYRoll=0] [nextYRoll=0]
0 !LDCAD PATH_POINT [type=bezier] [posOri=-18 0 7 0 0 1 0 1 0 -1 0 0] [prevCPDist=4] [nextCPDist=4] [cirR=20] [cirDir=xyCW] [prevYRoll=0] [nextYRoll=0]
0 !LDCAD PATH_POINT [type=bezier] [posOri=-18 -7.5 0 -0.531824 -0.1728 0.829038 0.788462 0.256187 0.559193 -0.309017 0.951057 0] [prevCPDist=4] [nextCPDist=9] [cirR=20] [cirDir=xyCW] [prevYRoll=0] [nextYRoll=0]
0 // End of spool section
0 !LDCAD PATH_POINT [type=bezier] [posOri=0 -38 -17 0 0 1 0 1 0 -1 0 0] [prevCPDist=12.5] [nextCPDist=1] [cirR=20] [cirDir=xyCW] [prevYRoll=0] [nextYRoll=0]
0 !LDCAD PATH_POINT [type=bezier] [posOri=0 -46 -17 0 0 1 0 1 0 -1 0 0] [prevCPDist=1] [nextCPDist=8.5] [cirR=20] [cirDir=xyCW] [prevYRoll=0] [nextYRoll=0]
0 !LDCAD PATH_POINT [type=bezier] [posOri=0 -136.332925 306.855102 0 0 1 -0.959841 0.280542 0 -0.280542 -0.959841 0] [prevCPDist=280] [nextCPDist=1] [cirR=20] [cirDir=xyCW] [prevYRoll=0] [nextYRoll=0]
0 !LDCAD PATH_POINT [type=bezier] [posOri=0 -134.426131 310.645107 0 0 1 -0.313869 -0.949466 0 0.949466 -0.313869 0] [prevCPDist=1.5] [nextCPDist=2] [cirR=20] [cirDir=xyCW] [prevYRoll=0] [nextYRoll=0]
0 !LDCAD PATH_POINT [type=bezier] [posOri=0 -113.537869 317.550214 0 0 1 -0.313869 -0.949466 0 0.949466 -0.313869 0] [prevCPDist=9] [nextCPDist=1] [cirR=20] [cirDir=xyCW] [prevYRoll=0] [nextYRoll=0]
0 // Begin knot section
0 !LDCAD GROUP_NXT [ids=0] [nrs=-1]
0 !LDCAD PATH_POINT [type=bezier] [posOri=0 -72 317.550214 0.707107 0 0.707107 0 -1 0 0.707107 0 -0.707107] [prevCPDist=25] [nextCPDist=4] [cirR=20] [cirDir=xyCW] [prevYRoll=0] [nextYRoll=0]
0 !LDCAD GROUP_NXT [ids=0] [nrs=2]
0 !LDCAD PATH_POINT [type=bezier] [posOri=2.474874 -61 315.782447 0.689226 0.5 0.524373 -0.024678 -0.707107 0.706676 0.724126 -0.5 -0.475018] [prevCPDist=5] [nextCPDist=1] [cirR=20] [cirDir=xyCW] [prevYRoll=0] [nextYRoll=0]
0 !LDCAD GROUP_NXT [ids=0] [nrs=3]
0 !LDCAD PATH_POINT [type=bezier] [posOri=-1.414214 -61 320.378641 0.703751 0.45201 -0.548107 0.09853 0.701944 0.705384 0.703581 -0.55042 0.449457] [prevCPDist=1] [nextCPDist=5.5] [cirR=20] [cirDir=xyCW] [prevYRoll=0] [nextYRoll=0]
0 !LDCAD GROUP_NXT [ids=0] [nrs=4]
0 !LDCAD PATH_POINT [type=bezier] [posOri=2.12132 -70 318.257321 0.640944 -0.601242 -0.477179 0.029254 0.640342 -0.767533 0.767031 0.477985 0.428011] [prevCPDist=1] [nextCPDist=5] [cirR=20] [cirDir=xyCW] [prevYRoll=0] [nextYRoll=0]
0 !LDCAD GROUP_NXT [ids=0] [nrs=5]
0 !LDCAD PATH_POINT [type=bezier] [posOri=-0.707107 -72.5 315.428894 -0.596596 0.797902 0.086174 -0.120683 0.016961 -0.992546 -0.793416 -0.602548 0.086174] [prevCPDist=3] [nextCPDist=4.5] [cirR=20] [cirDir=xyCW] [prevYRoll=0] [nextYRoll=0]
0 !LDCAD GROUP_NXT [ids=0] [nrs=6]
0 !LDCAD PATH_POINT [type=bezier] [posOri=3.394113 -70.5 319.530113 0.544381 -0.811175 0.213647 -0.128913 -0.33257 -0.934226 0.828873 0.481033 -0.285616] [prevCPDist=4] [nextCPDist=3] [cirR=20] [cirDir=xyCW] [prevYRoll=0] [nextYRoll=0]
0 !LDCAD GROUP_NXT [ids=0] [nrs=7]
0 !LDCAD PATH_POINT [type=bezier] [posOri=1.06066 -73 316.489554 -0.695891 0.116613 0.708617 -0.011623 0.98477 -0.173472 -0.718054 -0.128954 -0.683936] [prevCPDist=7.5] [nextCPDist=2] [cirR=25] [cirDir=xyCW] [prevYRoll=0] [nextYRoll=0]
0 !LDCAD GROUP_NXT [ids=0] [nrs=8]
0 !LDCAD PATH_POINT [type=bezier] [posOri=16.227949 -74 331.656843 0 -0.707107 0.707107 -1 0 0 0 -0.707107 -0.707107] [prevCPDist=2] [nextCPDist=25] [cirR=20] [cirDir=xyCW] [prevYRoll=0] [nextYRoll=0]

0 !LDCAD PATH_SKIN [donCol=16] [donOri=1 0 0 0 0 -1 0 1 0] [donPart=5510 - LS60a.dat] [donYSize=100%] [donCen=absCen] [donCenYOfs=0] [donFinScale=segMerge] [donPlace=refsStat] [donYAlign=0] [donInline=true] [segSize=75%] [segSizeTol=5%] [segsCnt=0] [segsGrp=0] [segsMaxMerge=1] [segsMrgAng=0] [segsMrgRollAng=0] [segsEdgeDelKind=keepFirstLeft]

0 !LDCAD GENERATED [generator=LDCad 1.6d]
0 //This is the fallback LDraw content for above PATH configuration.
0 // Do not edit, any changes will be lost upon regeneration.
0 // The path is approx 750.00 mm (1875.01) and exists out of 1250 segments.

0 //Some general hints about the document.
0 BFC CERTIFY CCW

0 //Segments
1 16 -11.25 0 7 0 0 1 1 0 0 0 1 0 5510 - LS60a.dat
1 16 -9.75 0 7 0 0 1 0.999994 -0.003376 0 0.003376 0.999994 0 5510 - LS60a.dat
1 16 -8.25 0 7 0 0 1 0.999977 -0.006752 0 0.006752 0.999977 0 5510 - LS60a.dat
1 16 -6.75 0 7 0 0 1 0.999949 -0.010129 0 0.010129 0.999949 0 5510 - LS60a.dat
1 16 -5.25 0 7 0 0 1 0.999909 -0.013506 0 0.013506 0.999909 0 5510 - LS60a.dat
1 16 -3.75 0 7 0 0 1 0.999857 -0.016884 0 0.016884 0.999857 0 5510 - LS60a.dat
1 16 -2.25 0 7 0 0 1 0.999795 -0.020262 0 0.020262 0.999795 0 5510 - LS60a.dat
1 16 -0.75 0 7 0 0 1 0.999721 -0.02364 0 0.02364 0.999721 0 5510 - LS60a.dat
1 16 0.75 0 7 0 0 1 0.999635 -0.027018 0 0.027018 0.999635 0 5510 - LS60a.dat
1 16 2.25 0 7 0 0 1 0.999538 -0.030396 0 0.030396 0.999538 0 5510 - LS60a.dat
1 16 3.75 0 7 0 0 1 0.99943 -0.033773 0 0.033773 0.99943 0 5510 - LS60a.dat
1 16 5.25 0 7 0 0 1 0.99931 -0.037151 0 0.037151 0.99931 0 5510 - LS60a.dat
1 16 6.75 0 7 0 0 1 0.999178 -0.040528 0 0.040528 0.999178 0 5510 - LS60a.dat
1 16 8.25 0 7 0 0 1 0.999036 -0.043904 0 0.043904 0.999036 0 5510 - LS60a.dat
1 16 9.75 0 7 0 0 1 0.998882 -0.047279 0 0.047279 0.998882 0 5510 - LS60a.dat
1 16 11.25 0 7 0 0 1 0.998716 -0.050654 0 0.050654 0.998716 0 5510 - LS60a.dat
1 16 12.75 0 7 0 0 1 0.998539 -0.054028 0 0.054028 0.998539 0 5510 - LS60a.dat
1 16 14.25 0 7 0 0 1 0.998351 -0.0574 0 0.0574 0.998351 0 5510 - LS60a.dat
