0 FILE 5540 - Formula I Racer - 5540 - airplane.ldr
0 Formula I Racer - 5540 - airplane
0 Name: 5540 - Formula I Racer - 5540 - airplane.ldr
0 Author: Rene Frijhoff
0 !LDRAW_ORG Model
0 !LICENSE Redistributable under CCAL version 2.0 : see CAreadme.txt

0 !HISTORY 2019-08-02 [technicbasics] OMRize file

0 !THEME Lego Modelteam
0 Lego set nr.: 5540
0 !LPUB RESOLUTION GLOBAL 150 DPI
0 !LPUB PAGE MODEL_PARTS DISPLAY GLOBAL TRUE
0 !LPUB PAGE MODEL_PARTS FONT GLOBAL "Arial,36,-1,5,50,0,0,0,0,0,Standaard"
0 !LPUB PAGE SIZE GLOBAL 8.2677 11.6929 A4
0 !LPUB PAGE BACKGROUND GLOBAL TRANSPARENT
0 !LPUB PAGE MODEL_ID DISPLAY GLOBAL FALSE
0 !LPUB PAGE MODEL_DESCRIPTION DISPLAY GLOBAL FALSE
0 !LPUB PAGE DOCUMENT_AUTHOR_FRONT CONTENT GLOBAL "Model instructions by Ren順rijhoff"
0 !LPUB PAGE DOCUMENT_AUTHOR_FRONT DISPLAY GLOBAL TRUE
0 !LPUB PAGE DOCUMENT_AUTHOR_FRONT FONT GLOBAL "Arial,36,-1,5,50,0,0,0,0,0,Standaard"
0 !LPUB PAGE DOCUMENT_COVER_IMAGE SCALE GLOBAL  1.0000
0 !LPUB PAGE DOCUMENT_COVER_IMAGE FILE GLOBAL "Home.png"
0 !LPUB MULTI_STEP STEP_NUMBER FONT GLOBAL "Arial,24,-1,5,75,0,0,0,0,0"
0 !LPUB CALLOUT INSTANCE_COUNT FONT_COLOR GLOBAL "#000000"
0 !LPUB CALLOUT INSTANCE_COUNT FONT GLOBAL "Arial,20,-1,5,75,0,0,0,0,0"
0 !LPUB CALLOUT STEP_NUMBER FONT GLOBAL "Arial,22,-1,5,75,0,0,0,0,0"
0 !LPUB CALLOUT PLI PER_STEP GLOBAL FALSE
0 !LPUB PAGE ORIENTATION GLOBAL LANDSCAPE
0 !LPUB PLI ANNOTATION USE_TITLE_AND_FREE_FORM GLOBAL FALSE
0 !LPUB PLI ANNOTATION USE_FREE_FORM GLOBAL FALSE
0 !LPUB PLI ANNOTATION USE_TITLE GLOBAL TRUE
0 !LPUB PLI ANNOTATION DISPLAY GLOBAL FALSE
0 !LPUB PAGE APP_PLUG_IMAGE DISPLAY GLOBAL TRUE
0 !LPUB PAGE APP_PLUG DISPLAY GLOBAL TRUE
0 !LPUB PLI MODEL_SCALE GLOBAL  0.7000
0 !LPUB PLI INSTANCE_COUNT FONT GLOBAL "Arial,22,-1,5,75,0,0,0,0,0"
0 !LPUB STEP_NUMBER FONT GLOBAL "Arial,24,-1,5,75,0,0,0,0,0"
0 !LPUB ASSEM MODEL_SCALE GLOBAL  0.7000
0 !LPUB BOM MODEL_SCALE GLOBAL  0.7000
0 !LPUB PAGE LEGO_DISCLAIMER DISPLAY GLOBAL TRUE
0 !LPUB PAGE DOCUMENT_LOGO_BACK DISPLAY GLOBAL TRUE
0 !LPUB PAGE DOCUMENT_LOGO_FRONT DISPLAY GLOBAL FALSE
0 !LPUB PAGE DOCUMENT_LOGO_FRONT SCALE GLOBAL  1.0000
0 !LPUB PAGE PUBLISH_COPYRIGHT_BACK DISPLAY GLOBAL TRUE
0 !LPUB PAGE PUBLISH_DESCRIPTION DISPLAY GLOBAL FALSE
0 !LPUB PAGE PUBLISH_URL_BACK DISPLAY GLOBAL FALSE
0 !LPUB PAGE PUBLISH_EMAIL_BACK CONTENT GLOBAL "lego.models.instr@gmail.com"
0 !LPUB PAGE PUBLISH_EMAIL_BACK DISPLAY GLOBAL TRUE
0 !LPUB PAGE DOCUMENT_COVER_IMAGE DISPLAY GLOBAL TRUE
0 !LPUB PAGE MODEL_PARTS PLACEMENT LOCAL BOTTOM LEFT DOCUMENT_AUTHOR OUTSIDE 0.380293 -2.42575
0 !LPUB PAGE DOCUMENT_TITLE_FRONT CONTENT GLOBAL "5540 - B model: Biplane"
0 !LPUB PAGE DOCUMENT_TITLE_FRONT DISPLAY GLOBAL TRUE
0 !LPUB PAGE DOCUMENT_TITLE_FRONT FONT GLOBAL "Arial,48,-1,5,50,0,0,0,0,0,Standaard"
0 !LPUB PAGE DOCUMENT_TITLE_FRONT PLACEMENT LOCAL LEFT PAGE INSIDE 0.310558 -0.44641
0 !LPUB PAGE DOCUMENT_AUTHOR_FRONT PLACEMENT LOCAL BOTTOM LEFT DOCUMENT_TITLE OUTSIDE -0.0820259 1.09676
0 !LPUB INSERT COVER_PAGE FRONT
0 ROTATION CENTER 0 0 0 1 "Custom"
0 ROTATION CONFIG 0 0
0 STEP
0 !LPUB MULTI_STEP BEGIN
1 0 0 0 0 0 0 -1 0 1 0 1 0 0 3035.dat
1 0 0 0 -110 0 0 -1 0 1 0 1 0 0 3021.dat
0 STEP
1 0 0 -8 60 0 0 -1 0 1 0 1 0 0 3795.dat
1 0 0 -8 -100 0 0 -1 0 1 0 1 0 0 3832.dat
0 STEP
1 4 10 -32 20 0 0 -1 0 1 0 1 0 0 3660.dat
1 4 -10 -32 20 0 0 1 0 1 0 -1 0 0 3660.dat
1 4 10 -32 -20 0 0 -1 0 1 0 1 0 0 3660.dat
1 4 -10 -32 -20 0 0 1 0 1 0 -1 0 0 3660.dat
1 4 -10 -32 -50 0 0 1 0 1 0 -1 0 0 3665a.dat
1 4 10 -32 -50 0 0 -1 0 1 0 1 0 0 3665a.dat
1 0 -10 -32 -70 0 0 1 0 1 0 -1 0 0 3665a.dat
1 0 10 -32 -70 0 0 -1 0 1 0 1 0 0 3665a.dat
1 0 -10 -32 -90 0 0 1 0 1 0 -1 0 0 3665a.dat
1 0 10 -32 -90 0 0 -1 0 1 0 1 0 0 3665a.dat
1 0 -10 -32 -130 0 0 1 0 1 0 -1 0 0 3665a.dat
1 0 10 -32 -130 0 0 -1 0 1 0 1 0 0 3665a.dat
1 0 -10 -32 -190 0 0 1 0 1 0 -1 0 0 3665a.dat
1 0 10 -32 -190 0 0 -1 0 1 0 1 0 0 3665a.dat
0 STEP
1 0 10 -32 -170 0 0 -1 0 1 0 1 0 0 4287b.dat
1 0 -10 -32 -170 0 0 1 0 1 0 -1 0 0 4287b.dat
1 0 10 -32 -150 0 0 -1 0 1 0 1 0 0 4287b.dat
1 0 -10 -32 -150 0 0 1 0 1 0 -1 0 0 4287b.dat
1 0 10 -32 -110 0 0 -1 0 1 0 1 0 0 4287b.dat
1 0 -10 -32 -110 0 0 1 0 1 0 -1 0 0 4287b.dat
1 4 -10 -32 100 0 0 1 0 1 0 -1 0 0 3009.dat
1 4 10 -32 100 0 0 1 0 1 0 -1 0 0 3009.dat
0 STEP
0 !LPUB PLI CONSTRAIN LOCAL COLS 2
1 15 10 -56 120 0 0 1 0 1 0 -1 0 0 3008.dat
1 15 -10 -56 120 0 0 1 0 1 0 -1 0 0 3008.dat
1 4 0 -56 30 1 0 0 0 1 0 0 0 1 3010.dat
1 15 0 -56 10 1 0 0 0 1 0 0 0 1 3004.dat
1 4 0 -40 -40 0 0 -1 0 1 0 1 0 0 3020.dat
1 0 0 -40 -140 0 0 -1 0 1 0 1 0 0 3795.dat
0 STEP
0 !LPUB MULTI_STEP DIVIDER
1 4 0 -80 90 -1 0 0 0 1 0 0 0 -1 3004.dat
1 4 -10 -80 50 0 0 1 0 1 0 -1 0 0 3622.dat
1 4 10 -80 50 0 0 1 0 1 0 -1 0 0 3622.dat
1 0 0 -48 -90 1 0 0 0 1 0 0 0 1 3023.dat
1 0 0 -48 -110 1 0 0 0 1 0 0 0 1 3023.dat
1 0 0 -48 -150 1 0 0 0 1 0 0 0 1 3023.dat
1 7 0 -48 -190 1 0 0 0 1 0 0 0 1 4175.dat
1 7 -50 -40 -160 0 0 -1 0 1 0 1 0 0 3069b.dat
1 7 50 -40 -160 0 0 -1 0 1 0 1 0 0 3069b.dat
0 STEP
1 15 0 -80 10 -1 0 0 0 1 0 0 0 -1 3004.dat
1 0 0 -64 -130 -1 0 0 0 1 0 0 0 -1 3004.dat
1 4 0 -72 -150 -1 0 0 0 1 0 0 0 -1 3004.dat
1 0 -10 -56 -100 0 0 1 0 1 0 -1 0 0 3023.dat
1 0 10 -56 -100 0 0 1 0 1 0 -1 0 0 3023.dat
1 7 -30 -56 -110 0 0 1 0 1 0 -1 0 0 4070.dat
1 7 30 -56 -110 0 0 -1 0 1 0 1 0 0 4070.dat
1 7 30 -56 -140 0 0 -1 0 1 0 1 0 0 3937.dat
1 7 30 -56 -140 0 0 -1 0 1 0 1 0 0 3938.dat
1 7 -30 -56 -140 0 0 1 0 1 0 -1 0 0 3937.dat
1 7 -30 -56 -140 0 0 1 0 1 0 -1 0 0 3938.dat
1 7 30 -56 -180 0 0 -1 0 1 0 1 0 0 3937.dat
1 7 30 -56 -180 0 0 -1 0 1 0 1 0 0 3938.dat
1 7 -30 -56 -180 0 0 1 0 1 0 -1 0 0 3937.dat
1 7 -30 -56 -180 0 0 1 0 1 0 -1 0 0 3938.dat
0 STEP
0 !LPUB PLI CONSTRAIN LOCAL COLS 3
1 4 -30 -80 30 -1 0 0 0 1 0 0 0 -1 4287b.dat
1 4 30 -80 30 -1 0 0 0 1 0 0 0 -1 4287b.dat
1 4 0 -80 -110 -1 0 0 0 1 0 0 0 -1 3010.dat
1 7 -10 -80 -90 -1 0 0 0 1 0 0 0 -1 4070.dat
1 7 10 -80 -90 -1 0 0 0 1 0 0 0 -1 4070.dat
1 7 -30 -80 -130 0 0 1 0 1 0 -1 0 0 4070.dat
1 7 30 -80 -130 0 0 -1 0 1 0 1 0 0 4070.dat
1 7 -30 -80 -170 0 0 1 0 1 0 -1 0 0 4070.dat
1 7 30 -80 -170 0 0 -1 0 1 0 1 0 0 4070.dat
1 0 -30 -80 -150 0 0 -1 0 1 0 1 0 0 3062b.dat
1 0 30 -80 -150 0 0 -1 0 1 0 1 0 0 3062b.dat
1 0 -30 -80 -190 0 0 -1 0 1 0 1 0 0 3062b.dat
1 0 30 -80 -190 0 0 -1 0 1 0 1 0 0 3062b.dat
0 !LPUB CALLOUT BEGIN
0 !LPUB CALLOUT POINTER LEFT 0.897 0.212 0.766 0.000 0.000 0.000 0.000 0.000 0.000 0 1
1 0 0 -64 -170 1 0 0 0 1 0 0 0 1 5540 - Formula I Racer - sub01.ldr
0 !LPUB CALLOUT END
0 STEP
1 4 30 -80 0 0 0 1 0 1 0 -1 0 0 4864a.dat
1 4 -30 -80 0 0 0 -1 0 1 0 1 0 0 4864a.dat
1 4 30 -80 -40 0 0 1 0 1 0 -1 0 0 4864a.dat
1 4 -30 -80 -40 0 0 -1 0 1 0 1 0 0 4864a.dat
1 4 30 -80 -80 0 0 1 0 1 0 -1 0 0 4864a.dat
1 4 -30 -80 -80 0 0 -1 0 1 0 1 0 0 4864a.dat
1 7 0 -80 -160 0 0 -1 0 1 0 1 0 0 3020.dat
0 STEP
0 !LPUB MULTI_STEP END
0 !LPUB MULTI_STEP BEGIN
1 7 0 -56 300 1 0 0 0 1 0 0 0 1 5540 - Formula I Racer - sub05.ldr
1 0 30 -112 -90 -1 0 0 0 1 0 0 0 -1 3040b.dat
1 0 -30 -112 -90 -1 0 0 0 1 0 0 0 -1 3040b.dat
0 !LPUB CALLOUT BEGIN
0 !LPUB CALLOUT POINTER BOTTOM 0.640 0.236 0.573 0.000 0.000 0.000 0.000 0.000 0.000 0 1
0 !LPUB CALLOUT POINTER BOTTOM_LEFT 0.144 0.555 0.000 0.000 0.000 0.000 0.000 0.000 0 1
1 0 -30 -112 -110 0 0 1 0 1 0 -1 0 0 5540 - Formula I Racer - sub06.ldr
1 0 30 -112 -110 0 0 -1 0 1 0 1 0 0 5540 - Formula I Racer - sub06.ldr
0 !LPUB CALLOUT PLACEMENT LEFT ASSEM INSIDE 0.303103 -0.18323
0 !LPUB CALLOUT END
1 7 -30 -104 -130 0 0 -1 0 1 0 1 0 0 6141.dat
1 7 30 -104 -130 0 0 -1 0 1 0 1 0 0 6141.dat
1 7 -30 -104 -150 0 0 -1 0 1 0 1 0 0 6141.dat
1 7 30 -104 -150 0 0 -1 0 1 0 1 0 0 6141.dat
1 7 -30 -104 -170 0 0 -1 0 1 0 1 0 0 6141.dat
1 7 30 -104 -170 0 0 -1 0 1 0 1 0 0 6141.dat
1 7 -30 -104 -190 0 0 -1 0 1 0 1 0 0 6141.dat
1 7 30 -104 -190 0 0 -1 0 1 0 1 0 0 6141.dat
1 7 0 -104 -160 0 0 -1 0 1 0 1 0 0 3020.dat
0 STEP
1 0 -20 -88 -180 0 0 -1 0 1 0 1 0 0 4032a.dat
1 0 20 -88 -180 0 0 -1 0 1 0 1 0 0 4032a.dat
1 0 -20 -88 -140 0 0 -1 0 1 0 1 0 0 4032a.dat
1 0 20 -88 -140 0 0 -1 0 1 0 1 0 0 4032a.dat
1 0 -30 -88 -100 0 0 -1 0 1 0 1 0 0 3023.dat
1 0 -10 -88 -100 0 0 -1 0 1 0 1 0 0 3023.dat
1 0 10 -88 -100 0 0 -1 0 1 0 1 0 0 3023.dat
1 0 30 -88 -100 0 0 -1 0 1 0 1 0 0 3023.dat
1 0 -30 -88 -40 0 0 -1 0 1 0 1 0 0 3710.dat
1 0 30 -88 -40 0 0 -1 0 1 0 1 0 0 3710.dat
1 0 0 -88 20 1 0 0 0 1 0 0 0 1 3020.dat
0 !LPUB CALLOUT BEGIN
0 !LPUB CALLOUT POINTER TOP_RIGHT 0.234 0.901 0.000 0.000 0.000 0.000 0.000 0.000 0 1
0 !LPUB CALLOUT POINTER TOP_LEFT 0.014 0.816 0.000 0.000 0.000 0.000 0.000 0.000 0 1
1 0 60 -46 -110 0 -1 0 1 0 0 0 0 1 5540 - Formula I Racer - sub02.ldr
1 0 -60 -46 -110 0 1 0 -1 0 0 0 0 1 5540 - Formula I Racer - sub02.ldr
0 !LPUB CALLOUT PLACEMENT BOTTOM LEFT ASSEM OUTSIDE
0 !LPUB CALLOUT END
0 STEP
0 !LPUB MULTI_STEP END
0 !LPUB MULTI_STEP BEGIN
1 15 0 16 30 1 0 0 0 1 0 0 0 1 5540 - Formula I Racer - sub08.ldr
0 STEP
1 0 0 -88 50 1 0 0 0 1 0 0 0 1 3023.dat
1 0 -30 -88 60 0 0 -1 0 1 0 1 0 0 3023.dat
1 0 30 -88 60 0 0 -1 0 1 0 1 0 0 3023.dat
1 7 -20 -96 -180 0 0 -1 0 1 0 1 0 0 4032a.dat
1 7 20 -96 -180 0 0 -1 0 1 0 1 0 0 4032a.dat
1 7 -20 -96 -140 0 0 -1 0 1 0 1 0 0 4032a.dat
1 7 20 -96 -140 0 0 -1 0 1 0 1 0 0 4032a.dat
0 !LPUB CALLOUT BEGIN
0 !LPUB CALLOUT POINTER BOTTOM_LEFT 0.293 0.499 0.000 0.000 0.000 0.000 0.000 0.000 0 1
1 7 10 -112 -110 -1 0 0 0 1 0 0 0 -1 5540 - Formula I Racer - sub03.ldr
0 !LPUB CALLOUT PLACEMENT TOP ASSEM INSIDE -0.0958796 0.218982
0 !LPUB CALLOUT END
0 STEP
0 !LPUB MULTI_STEP END
0 !LPUB MULTI_STEP BEGIN
1 15 0 -112 30 -1 0 0 0 1 0 0 0 -1 4861.dat
1 0 -10 -112 10 0 0 1 0 1 0 -1 0 0 3040b.dat
1 0 10 -112 10 0 0 -1 0 1 0 1 0 0 3040b.dat
1 0 -10 -120 -140 0 0 -1 0 1 0 1 0 0 3023.dat
1 0 10 -120 -140 0 0 -1 0 1 0 1 0 0 3023.dat
1 7 30 -112 -160 0 0 -1 0 1 0 1 0 0 3743.dat
1 7 -30 -112 -160 0 0 -1 0 1 0 1 0 0 3743.dat
1 0 30 -120 -100 0 0 -1 0 1 0 1 0 0 3023.dat
1 0 -30 -120 -100 0 0 -1 0 1 0 1 0 0 3023.dat
1 0 10 -120 -110 0 0 -1 0 1 0 1 0 0 3024.dat
1 0 -10 -120 -110 0 0 -1 0 1 0 1 0 0 3024.dat
0 STEP
1 47 20 -128 -110 -1 0 0 0 1 0 0 0 -1 3023.dat
1 47 -20 -128 -110 1 0 0 0 1 0 0 0 1 3023.dat
1 47 30 -128 -90 0 0 -1 0 1 0 1 0 0 3024.dat
1 47 -30 -128 -90 0 0 -1 0 1 0 1 0 0 3024.dat
1 0 0 -88 100 0 0 -1 0 1 0 1 0 0 3020.dat
1 7 0 -112 -150 0 0 -1 0 1 0 1 0 0 3021.dat
1 7 0 -112 -190 1 0 0 0 1 0 0 0 1 4175.dat
0 STEP
0 !LPUB MULTI_STEP END
1 0 0 -120 20 0 0 -1 0 1 0 1 0 0 3068b.dat
1 0 0 -128 -140 0 0 -1 0 1 0 1 0 0 3068b.dat
1 0 0 -120 -180 0 0 -1 0 1 0 1 0 0 3068b.dat
1 47 0 -136 -110 -1 0 0 0 1 0 0 0 -1 3023.dat
1 15 30 -152 -90 0 0 -1 0 1 0 1 0 0 4070.dat
1 15 -30 -152 -90 0 0 1 0 1 0 -1 0 0 4070.dat
0 Rotate 45 degrees counterclockwise along Z-axis
0 !LPUB CALLOUT BEGIN
1 15 -7 -69 -256 0.707 0 0.707 0.707 0 -0.707 0 1 0 5540 - Formula I Racer - sub07.ldr
0 !LPUB CALLOUT PLACEMENT TOP ASSEM INSIDE -0.770344 0.764813
0 !LPUB CALLOUT END
0 STEP
0 !LPUB MULTI_STEP END
0 !LPUB CALLOUT BEGIN
0 !LPUB CALLOUT POINTER LEFT 0.506 0.506 0.693 0.000 0.000 0.000 0.000 0.000 0.000 0 1
1 7 60 -70 -170 0 -1 0 -1 0 0 0 0 -1 5540 - Formula I Racer - sub04b.ldr
0 !LPUB CALLOUT PLACEMENT RIGHT ASSEM INSIDE 0.168174 0.170399
0 !LPUB CALLOUT END
0 !LPUB CALLOUT BEGIN
0 !LPUB CALLOUT POINTER BOTTOM 0.731 0.156 0.524 0.000 0.000 0.000 0.000 0.000 0.000 0 1
1 7 -60 -70 -170 0 1 0 1 0 0 0 0 -1 5540 - Formula I Racer - sub04a.ldr
0 !LPUB CALLOUT PLACEMENT TOP ASSEM INSIDE -0.417722 -0.0752925
0 !LPUB CALLOUT END
0 STEP
0 !LPUB ASSEM PLACEMENT LOCAL CENTER PAGE INSIDE -0.232579 0.0643341
0 !LPUB CALLOUT BEGIN
1 15 0 -176 -60 1 0 0 0 1 0 0 0 1 5540 - Formula I Racer - sub09.ldr
0 !LPUB CALLOUT PLACEMENT TOP ASSEM INSIDE 0.947861 -0.582526
0 !LPUB CALLOUT END
0 STEP
0 ROTSTEP 0 0 180 REL
0 !LPUB ASSEM PLACEMENT LOCAL CENTER PAGE INSIDE -0.00778361 0.223501
0 !LPUB CALLOUT BEGIN
1 15 90 56 -20 0 0 -1 0 1 0 1 0 0 5540 - Formula I Racer - sub11.ldr
1 15 -90 56 -20 0 0 1 0 1 0 -1 0 0 5540 - Formula I Racer - sub11.ldr
0 !LPUB CALLOUT PLACEMENT TOP ASSEM INSIDE -7.45058e-09 -1.05801
0 !LPUB CALLOUT END
1 15 10 -48 230 0 0 1 0 1 0 -1 0 0 3623.dat
1 15 -10 -48 230 0 0 1 0 1 0 -1 0 0 3623.dat
1 0 0 -48 370 1 0 0 0 1 0 0 0 1 3938.dat
0 STEP
1 4 0 -32 180 1 0 0 0 1 0 0 0 1 3022.dat
0 !LPUB CALLOUT BEGIN
1 4 -115 66 -20 0 0 -1 0 1 0 1 0 0 5540 - Formula I Racer - sub12.ldr
1 4 115 66 -20 0 0 -1 0 1 0 1 0 0 5540 - Formula I Racer - sub12.ldr
0 !LPUB CALLOUT PLACEMENT TOP ASSEM INSIDE -0.0307414 -0.291608
0 !LPUB CALLOUT END
0 STEP
0 ROTSTEP END
0 !LPUB INSERT MODEL
0 !LPUB INSERT PAGE
0 STEP
0 !LPUB BOM CONSTRAIN LOCAL COLS 8
0 !LPUB INSERT BOM
0 !LPUB INSERT PAGE
0 STEP
0 !LPUB PAGE DOCUMENT_AUTHOR_BACK PLACEMENT LOCAL BOTTOM CENTER DOCUMENT_TITLE OUTSIDE 0.0957854 1.66969
0 !LPUB PAGE DOCUMENT_TITLE_BACK PLACEMENT LOCAL CENTER PAGE INSIDE 0.00944194 -0.0989989
0 !LPUB PAGE APP_PLUG_IMAGE PLACEMENT LOCAL BOTTOM CENTER APP_PLUG OUTSIDE -0.000680272 0.196492
0 !LPUB PAGE APP_PLUG PLACEMENT LOCAL RIGHT PAGE INSIDE -0.2717 0.185308
0 !LPUB PAGE LEGO_DISCLAIMER PLACEMENT LOCAL RIGHT PAGE INSIDE -0.298804 0.10252
0 !LPUB PAGE PUBLISH_COPYRIGHT_BACK PLACEMENT LOCAL LEFT PAGE INSIDE 0.452901 -0.0545259
0 !LPUB PAGE PUBLISH_EMAIL_BACK PLACEMENT LOCAL RIGHT PAGE INSIDE -0.383236 0.0330674
0 !LPUB INSERT COVER_PAGE BACK




0 FILE 5540 - Formula I Racer - sub01.ldr
0 Formula I Racer - sub01
0 Name: 5540 - Formula I Racer - sub01.ldr
0 Author: Rene Frijhoff
0 !LDRAW_ORG Model
0 !LICENSE Redistributable under CCAL version 2.0 : see CAreadme.txt

0 !THEME Lego Modelteam

0 Rotate 45 degrees counterclockwise along Z-axis
0 ROTATION CENTER 0 0 0 1 "Custom"
0 ROTATION CONFIG 0 0
1 7 0 2 0 -0.707107 0.707107 0 0.707107 0.707107 0 0 0 -1 3713.dat
1 0 0 2 -30 0 0.707107 0.707107 0 0.707107 -0.707107 -1 0 0 3705.dat
0 STEP
1 0 0 -8 -20 1 0 0 0 1 0 0 0 1 3700.dat
1 7 0 2 -35 -0.707107 0.707107 0 0.707107 0.707107 0 0 0 -1 4265a.dat



0 FILE 5540 - Formula I Racer - sub02.ldr
0 Formula I Racer - sub02
0 Name: 5540 - Formula I Racer - sub02.ldr
0 Author: Rene Frijhoff
0 !LDRAW_ORG Model
0 !LICENSE Redistributable under CCAL version 2.0 : see CAreadme.txt

0 !THEME Lego Modelteam

0 ROTATION CENTER 0 0 0 1 "Custom"
0 ROTATION CONFIG 0 0
1 7 0 0 0 1 0 0 0 1 0 0 0 1 4599a.dat
1 7 0 4 20 1 0 0 0 0 -1 0 1 0 4589.dat



0 FILE 5540 - Formula I Racer - sub03.ldr
0 Formula I Racer - sub03
0 Name: 5540 - Formula I Racer - sub03.ldr
0 Author: Rene Frijhoff
0 !LDRAW_ORG Model
0 !LICENSE Redistributable under CCAL version 2.0 : see CAreadme.txt

0 !THEME Lego Modelteam

0 ROTATION CENTER 0 0 0 1 "Custom"
0 ROTATION CONFIG 0 0
1 0 0 0 0 1 0 0 0 1 0 0 0 1 4070.dat
1 0 20 0 0 1 0 0 0 1 0 0 0 1 4070.dat
1 15 10 10 -14 1 0 0 0 0 -1 0 1 0 3069b.dat



0 FILE 5540 - Formula I Racer - sub04a.ldr
0 Formula I Racer - sub04a
0 Name: 5540 - Formula I Racer - sub04a.ldr
0 Author: Rene Frijhoff
0 !LDRAW_ORG Model
0 !LICENSE Redistributable under CCAL version 2.0 : see CAreadme.txt

0 !THEME Lego Modelteam

0 ROTATION CENTER 0 0 0 1 "Custom"
0 ROTATION CONFIG 0 0
1 0 0 0 0 1 0 0 0 1 0 0 0 1 4070.dat
1 0 0 10 -30 1 0 0 0 0 -1 0 1 0 3062b.dat
0 STEP
1 0 0 0 -40 1 0 0 0 1 0 0 0 1 4070.dat
0 !LPUB PLI BEGIN SUB 73590B.DAT 0
0 !LPUB PART BEGIN IGN
1 0 69 -40 -170 0 1 0 1 0 0 0 0 -1 5540 - Formula I Racer - flexhose_8.5l_1.ldr
0 !LPUB PART END
0 !LPUB PLI END



0 FILE 5540 - Formula I Racer - sub04b.ldr
0 Formula I Racer - sub04b
0 Name: 5540 - Formula I Racer - sub04b.ldr
0 Author: Rene Frijhoff
0 !LDRAW_ORG Model
0 !LICENSE Redistributable under CCAL version 2.0 : see CAreadme.txt

0 !THEME Lego Modelteam

0 ROTATION CENTER 0 0 0 1 "Custom"
0 ROTATION CONFIG 0 0
1 0 0 0 0 1 0 0 0 1 0 0 0 1 4070.dat
1 0 0 10 -30 1 0 0 0 0 -1 0 1 0 3062b.dat
0 STEP
1 0 0 0 -40 1 0 0 0 1 0 0 0 1 4070.dat
0 !LPUB PLI BEGIN SUB 73590B.DAT 0
0 !LPUB PART BEGIN IGN
1 0 -70 60 -170 0 -1 0 -1 0 0 0 0 -1 5540 - Formula I Racer - flexhose_8.5l_1.ldr
0 !LPUB PART END
0 !LPUB PLI END



0 FILE 5540 - Formula I Racer - sub05.ldr
0 Formula I Racer - sub05
0 Name: 5540 - Formula I Racer - sub05.ldr
0 Author: Rene Frijhoff
0 !LDRAW_ORG Model
0 !LICENSE Redistributable under CCAL version 2.0 : see CAreadme.txt

0 !THEME Lego Modelteam

0 !LPUB MULTI_STEP BEGIN
0 ROTATION CENTER 0 0 0 1 "Custom"
0 ROTATION CONFIG 0 0
1 15 0 0 0 0 0 -1 0 1 0 1 0 0 3034.dat
1 15 -30 0 20 0 0 -1 0 1 0 1 0 0 3460.dat
1 15 30 0 20 0 0 -1 0 1 0 1 0 0 3460.dat
0 STEP
1 15 -30 -8 -50 0 0 -1 0 1 0 1 0 0 3024.dat
1 15 30 -8 -50 0 0 -1 0 1 0 1 0 0 3024.dat
1 15 0 -8 -20 -1 0 0 0 1 0 0 0 -1 3020.dat
1 15 0 -8 10 -1 0 0 0 1 0 0 0 -1 3460.dat
1 15 0 -8 40 -1 0 0 0 1 0 0 0 -1 3832.dat
1 15 0 -8 80 -1 0 0 0 1 0 0 0 -1 3832.dat
0 STEP
1 4 0 -16 20 0 0 1 0 1 0 -1 0 0 3795.dat
1 4 0 -16 90 1 0 0 0 1 0 0 0 1 3794b.dat
0 STEP
1 15 0 0 -90 1 0 0 0 1 0 0 0 1 3023.dat
1 15 30 -16 20 0 0 -1 0 1 0 1 0 0 4162.dat
1 15 -30 -16 20 0 0 -1 0 1 0 1 0 0 4162.dat
0 STEP
1 4 0 -24 -120 0 0 -1 0 1 0 1 0 0 3007.dat
1 4 -10 -24 20 0 0 -1 0 1 0 1 0 0 3666.dat
1 4 10 -24 20 0 0 -1 0 1 0 1 0 0 3666.dat
1 4 0 -40 90 -1 0 0 0 1 0 0 0 -1 3665b.dat
0 STEP
0 !LPUB MULTI_STEP DIVIDER
1 0 0 -32 -120 0 0 1 0 1 0 -1 0 0 3020.dat
1 0 0 -32 0 0 0 1 0 1 0 -1 0 0 3034.dat
0 STEP
1 4 0 -40 70 1 0 0 0 1 0 0 0 1 3794b.dat
1 4 0 -40 50 1 0 0 0 1 0 0 0 1 3794b.dat
1 4 0 -40 30 1 0 0 0 1 0 0 0 1 3794b.dat
1 4 0 -40 10 1 0 0 0 1 0 0 0 1 3794b.dat
1 4 0 -40 -10 1 0 0 0 1 0 0 0 1 3794b.dat
1 4 0 -40 -30 1 0 0 0 1 0 0 0 1 3794b.dat
0 STEP
1 4 0 -64 110 -1 0 0 0 1 0 0 0 -1 3665b.dat
1 4 0 -64 60 0 0 1 0 1 0 -1 0 0 3010.dat
1 4 0 -64 10 1 0 0 0 1 0 0 0 1 4286.dat
0 STEP
1 4 0 -88 30 1 0 0 0 1 0 0 0 1 3040b.dat
1 4 0 -88 60 0 0 -1 0 1 0 1 0 0 3004.dat
1 4 0 -88 110 0 0 -1 0 1 0 1 0 0 3622.dat
0 STEP
0 !LPUB MULTI_STEP END
0 !LPUB MULTI_STEP BEGIN
1 15 0 -112 50 1 0 0 0 1 0 0 0 1 3040b.dat
1 15 0 -112 100 0 0 -1 0 1 0 1 0 0 3010.dat
0 STEP
1 4 0 -136 90 1 0 0 0 1 0 0 0 1 4286.dat
1 4 0 -136 110 -1 0 0 0 1 0 0 0 -1 3040b.dat
1 4 0 -144 100 0 0 1 0 1 0 -1 0 0 3069b.dat
0 STEP
0 !LPUB MULTI_STEP END



0 FILE 5540 - Formula I Racer - sub06.ldr
0 Formula I Racer - sub06
0 Name: 5540 - Formula I Racer - sub06.ldr
0 Author: Rene Frijhoff
0 !LDRAW_ORG Model
0 !LICENSE Redistributable under CCAL version 2.0 : see CAreadme.txt

0 !THEME Lego Modelteam

0 ROTATION CENTER 0 0 0 1 "Custom"
0 ROTATION CONFIG 0 0
1 0 0 0 0 1 0 0 0 1 0 0 0 1 4070.dat
1 4 0 10 -14 1 0 0 0 0 -1 0 1 0 3070b.dat



0 FILE 5540 - Formula I Racer - sub07.ldr
0 Formula I Racer - sub07
0 Name: 5540 - Formula I Racer - sub07.ldr
0 Author: Rene Frijhoff
0 !LDRAW_ORG Model
0 !LICENSE Redistributable under CCAL version 2.0 : see CAreadme.txt

0 !THEME Lego Modelteam

0 ROTATION CENTER 0 0 0 1 "Custom"
0 ROTATION CONFIG 0 0
1 7 10 16 0 1 0 0 0 1 0 0 0 1 4032a.dat
0 STEP
1 15 10 8 0 1 0 0 0 1 0 0 0 1 3022.dat
0 STEP
1 15 10 0 -10 1 0 0 0 1 0 0 0 1 4477.dat
1 15 10 0 10 1 0 0 0 1 0 0 0 1 4477.dat
0 STEP
1 7 10 -8 0 1 0 0 0 1 0 0 0 1 4032a.dat
1 0 -50 -8 -10 1 0 0 0 1 0 0 0 1 3710.dat
1 0 70 -8 10 1 0 0 0 1 0 0 0 1 3710.dat



0 FILE 5540 - Formula I Racer - sub08.ldr
0 Formula I Racer - sub08
0 Name: 5540 - Formula I Racer - sub08.ldr
0 Author: Rene Frijhoff
0 !LDRAW_ORG Model
0 !LICENSE Redistributable under CCAL version 2.0 : see CAreadme.txt

0 !THEME Lego Modelteam

0 !LPUB MULTI_STEP BEGIN
0 ROTATION CENTER 0 0 0 1 "Custom"
0 ROTATION CONFIG 0 0
1 15 0 0 0 1 0 0 0 1 0 0 0 1 4477.dat
1 15 0 0 -100 1 0 0 0 1 0 0 0 1 4477.dat
1 15 60 0 -50 1 0 0 0 1 0 0 0 1 3031.dat
1 15 -40 0 -50 1 0 0 0 1 0 0 0 1 3032.dat
0 STEP
1 15 -140 -8 -50 1 0 0 0 1 0 0 0 1 3028.dat
1 15 120 -8 -50 1 0 0 0 1 0 0 0 1 3456.dat
1 4 -170 -16 -20 0 0 -1 0 1 0 1 0 0 3623.dat
1 4 170 -16 -20 0 0 -1 0 1 0 1 0 0 3623.dat
1 0 -50 -32 0 1 0 0 0 1 0 0 0 1 4070.dat
1 0 50 -32 0 1 0 0 0 1 0 0 0 1 4070.dat
0 STEP
0 !LPUB MULTI_STEP END



0 FILE 5540 - Formula I Racer - sub09.ldr
0 Formula I Racer - sub09
0 Name: 5540 - Formula I Racer - sub09.ldr
0 Author: Rene Frijhoff
0 !LDRAW_ORG Model
0 !LICENSE Redistributable under CCAL version 2.0 : see CAreadme.txt

0 !THEME Lego Modelteam

0 ROTATION CENTER 0 0 0 1 "Custom"
0 ROTATION CONFIG 0 0
1 4 0 0 0 1 0 0 0 1 0 0 0 1 3032.dat
1 4 -180 0 20 1 0 0 0 1 0 0 0 1 3028.dat
1 4 180 0 20 1 0 0 0 1 0 0 0 1 3028.dat
0 STEP
1 15 -60 -8 0 0 0 -1 0 1 0 1 0 0 3020.dat
1 15 60 -8 0 0 0 -1 0 1 0 1 0 0 3020.dat
0 STEP
0 ROTSTEP 0 0 180 REL
1 15 -70 8 20 -1 0 0 0 1 0 0 0 -1 3021.dat
1 15 70 8 20 -1 0 0 0 1 0 0 0 -1 3021.dat
1 15 0 8 -20 -1 0 0 0 1 0 0 0 -1 3832.dat
1 15 -30 16 -30 -1 0 0 0 1 0 0 0 -1 3024.dat
1 15 30 16 -30 -1 0 0 0 1 0 0 0 -1 3024.dat
1 0 -170 8 20 0 0 1 0 1 0 -1 0 0 3023.dat
0 BUFEXCHG A STORE
0 GHOST 1 0 -100 -48 -80 1 0 0 0 1 0 0 0 1 sub10a.ldr
0 BUFEXCHG A RETRIEVE
1 0 -170 16 20 0 0 1 0 1 0 -1 0 0 5540 - Formula I Racer - sub10b.ldr
1 0 170 16 20 0 0 1 0 1 0 -1 0 0 5540 - Formula I Racer - sub10b.ldr
1 0 170 8 20 0 0 1 0 1 0 -1 0 0 3023.dat



0 FILE 5540 - Formula I Racer - sub10a.ldr
0 Formula I Racer - sub10a
0 Name: 5540 - Formula I Racer - sub10a.ldr
0 Author: Rene Frijhoff
0 !LDRAW_ORG Model
0 !LICENSE Redistributable under CCAL version 2.0 : see CAreadme.txt

0 !THEME Lego Modelteam

0 ROTATION CENTER 0 0 0 1 "Custom"
0 ROTATION CONFIG 0 0
1 0 0 0 0 1 0 0 0 1 0 0 0 1 4275a.dat
1 0 160 0 0 1 0 0 0 1 0 0 0 1 4275a.dat
1 0 220 8 0 -1 0 0 0 -1 0 0 0 1 4531.dat
1 0 60 0 0 -1 0 0 0 1 0 0 0 -1 4276a.dat
0 STEP
1 0 110 0 0 -1 0 0 0 1 0 0 0 -1 3623.dat
1 0 100 -8 0 -1 0 0 0 1 0 0 0 -1 3460.dat



0 FILE 5540 - Formula I Racer - sub10b.ldr
0 Formula I Racer - sub10b
0 Name: 5540 - Formula I Racer - sub10b.ldr
0 Author: Rene Frijhoff
0 !LDRAW_ORG Model
0 !LICENSE Redistributable under CCAL version 2.0 : see CAreadme.txt

0 !THEME Lego Modelteam

0 ROTATION CENTER 0 0 0 1 "Custom"
0 ROTATION CONFIG 0 0
1 0 0 0 0 1 0 0 0 1 0 0 0 1 4275a.dat
0 Rotate 112.5 degrees clockwise around z-axis
1 0 -15 121.5 0 -0.382683 -0.92388 0 0.92388 -0.382683 0 0 0 1 4275a.dat
1 0 21.733 33.1 0 0.382683 -0.92388 0 -0.92388 -0.382683 0 0 0 -1 4276a.dat
1 0 3.118 77.298 0 0.382683 -0.92388 0 -0.92388 -0.382683 0 0 0 -1 3623.dat
1 0 13.818 73.115 0 0.382683 -0.92388 0 -0.92388 -0.382683 0 0 0 -1 3460.dat
0 Rotate additional 67.5 degrees clockwise around z-axis
1 0 -60.272 144.074 0 0.999962 0.00872654 0 -0.00872654 0.999962 0 0 0 1 4531.dat



0 FILE 5540 - Formula I Racer - sub11.ldr
0 Formula I Racer - sub11
0 Name: 5540 - Formula I Racer - sub11.ldr
0 Author: Rene Frijhoff
0 !LDRAW_ORG Model
0 !LICENSE Redistributable under CCAL version 2.0 : see CAreadme.txt

0 !THEME Lego Modelteam

0 ROTATION CENTER 0 0 0 1 "Custom"
0 ROTATION CONFIG 0 0
1 0 0 0 0 1 0 0 0 1 0 0 0 1 3700.dat
0 STEP
1 0 0 -8 0 1 0 0 0 1 0 0 0 1 3023.dat
0 STEP
1 0 10 -32 0 0 0 -1 0 1 0 1 0 0 4287b.dat
1 0 -10 -32 0 0 0 1 0 1 0 -1 0 0 4287b.dat
1 7 0 10 -10 0 0 1 0 1 0 -1 0 0 3749.dat
0 STEP
1 7 0 10 -15 -1 0 0 0 1 0 0 0 -1 4265a.dat



0 FILE 5540 - Formula I Racer - sub12.ldr
0 Formula I Racer - sub12
0 Name: 5540 - Formula I Racer - sub12.ldr
0 Author: Rene Frijhoff
0 !LDRAW_ORG Model
0 !LICENSE Redistributable under CCAL version 2.0 : see CAreadme.txt

0 !THEME Lego Modelteam

0 ROTATION CENTER 0 0 0 1 "Custom"
0 ROTATION CONFIG 0 0
1 7 0 0 0 1 0 0 0 1 0 0 0 1 5540 - Formula I Racer - 4185a.dat
1 0 0 0 0 1 0 0 0 1 0 0 0 1 2815.dat



0 FILE 5540 - Formula I Racer - flexhose_8.5l_1.ldr
0 Formula I Racer - flexhose_8.5l_1
0 Name: 5540 - Formula I Racer - flexhose_8.5l_1.ldr
0 Author: Rene Frijhoff
0 !LDRAW_ORG Model
0 !LICENSE Redistributable under CCAL version 2.0 : see CAreadme.txt

0 !THEME Lego Modelteam

0 ROTATION CENTER 0 0 0 1 "Custom"
0 ROTATION CONFIG 0 0
1 0 50 -6 6 1 0 0 0 0 -1 0 1 0 752.dat
1 0 50 -70 -106 0 0 -1 1 0 0 0 -1 0 752.dat
0 LPUB PLI BEGIN SUB 73590a.dat 25
0 SYNTH BEGIN PLI_HOSE_FLEXIBLE_8.5L_WITHOUT_TABS 25
0 SYNTH SHOW
0 MLCAD HIDE 1 2 50 -6 6 0 0 -1 -1 0 0 0 1 0 LS100.dat
0 MLCAD HIDE 1 0 50.184 -6 10.243 -1 0 0 0 0 1 0 1 0 LS02.dat
0 MLCAD HIDE 1 0 50 -70.586 -106.704 -1 0 0 0 0 1 0 1 0 LS02.dat
0 MLCAD HIDE 1 4 50 -70 -106 -1 0 0 0 0 1 0 1 0 LS100.dat
0 SYNTH SYNTHESIZED BEGIN
1 0 50.184 -6 10.243 -1 -0.0004 0 0 -0.1377 0.9905 0.0004 -0.9905 -0.1377 755.dat
1 0 50.1813 -6.9559 3.3651 -1 -0.0008 -0.0001 0.0001 -0.2788 0.9604 0.0008 -0.9604 -0.2788 756.dat
1 0 50.1793 -7.6567 0.9511 -1 -0.0009 -0.0002 0.0001 -0.3309 0.9437 0.001 -0.9437 -0.3309 756.dat
1 0 50.1769 -8.49 -1.4256 -1 -0.0011 -0.0002 0.0002 -0.3731 0.9278 0.0011 -0.9278 -0.3731 756.dat
1 0 50.1742 -9.4287 -3.7594 -1 -0.0012 -0.0003 0.0002 -0.4078 0.9131 0.0012 -0.9131 -0.4078 756.dat
1 0 50.1713 -10.4505 -6.0474 -1 -0.0012 -0.0003 0.0002 -0.4367 0.8996 0.0013 -0.8996 -0.4367 756.dat
1 0 50.1682 -11.553 -8.3187 -1 -0.0013 -0.0004 0.0003 -0.4609 0.8875 0.0013 -0.8875 -0.4609 756.dat
1 0 50.1649 -12.7076 -10.542 -1 -0.0014 -0.0004 0.0003 -0.4814 0.8765 0.0014 -0.8765 -0.4814 756.dat
1 0 50.1614 -13.9189 -12.7477 -1 -0.0014 -0.0004 0.0003 -0.4989 0.8666 0.0015 -0.8666 -0.4989 756.dat
1 0 50.1578 -15.1787 -14.9359 -1 -0.0015 -0.0005 0.0003 -0.514 0.8578 0.0015 -0.8578 -0.514 756.dat
1 0 50.1542 -16.4712 -17.093 -1 -0.0015 -0.0005 0.0004 -0.527 0.8499 0.0015 -0.8499 -0.527 756.dat
1 0 50.1504 -17.7992 -19.2345 -1 -0.0015 -0.0005 0.0004 -0.5382 0.8428 0.0016 -0.8428 -0.5382 756.dat
1 0 50.1465 -19.1489 -21.3479 -1 -0.0016 -0.0006 0.0004 -0.548 0.8365 0.0016 -0.8365 -0.548 756.dat
1 0 50.1426 -20.5253 -23.4488 -1 -0.0016 -0.0006 0.0004 -0.5565 0.8308 0.0016 -0.8308 -0.5565 756.dat
1 0 50.1386 -21.9251 -25.5387 -1 -0.0016 -0.0006 0.0004 -0.5639 0.8259 0.0017 -0.8258 -0.5639 756.dat
1 0 50.1346 -23.3458 -27.6194 -1 -0.0016 -0.0006 0.0004 -0.5703 0.8214 0.0017 -0.8214 -0.5703 756.dat
1 0 50.1305 -24.7852 -29.6925 -1 -0.0016 -0.0006 0.0004 -0.5759 0.8175 0.0017 -0.8175 -0.5759 756.dat
1 0 50.1264 -26.232 -31.7465 -1 -0.0017 -0.0006 0.0004 -0.5806 0.8142 0.0017 -0.8142 -0.5806 756.dat
1 0 50.1222 -27.6941 -33.7969 -1 -0.0017 -0.0007 0.0004 -0.5846 0.8113 0.0017 -0.8113 -0.5846 756.dat
1 0 50.118 -29.1609 -35.8324 -1 -0.0017 -0.0007 0.0004 -0.588 0.8089 0.0018 -0.8089 -0.588 756.dat
1 0 50.1138 -30.6406 -37.8681 -1 -0.0017 -0.0007 0.0004 -0.5907 0.8069 0.0018 -0.8069 -0.5907 756.dat
1 0 50.1096 -32.1327 -39.906 -1 -0.0017 -0.0007 0.0004 -0.5929 0.8053 0.0018 -0.8053 -0.5929 756.dat
1 0 50.1053 -33.6172 -41.9223 -1 -0.0017 -0.0007 0.0004 -0.5944 0.8041 0.0018 -0.8041 -0.5944 756.dat
1 0 50.1011 -35.1127 -43.9449 -1 -0.0017 -0.0007 0.0004 -0.5955 0.8033 0.0018 -0.8033 -0.5955 756.dat
1 0 50.0968 -36.6187 -45.9759 -1 -0.0017 -0.0007 0.0004 -0.5961 0.8029 0.0018 -0.8029 -0.5961 756.dat
1 0 50.0925 -38.1155 -47.9916 -1 -0.0017 -0.0007 0.0004 -0.5961 0.8029 0.0018 -0.8029 -0.5961 756.dat
1 0 50.0882 -39.6125 -50.0071 -1 -0.0017 -0.0007 0.0004 -0.5956 0.8033 0.0018 -0.8033 -0.5956 756.dat
1 0 50.084 -41.109 -52.0244 -1 -0.0017 -0.0007 0.0004 -0.5946 0.804 0.0018 -0.804 -0.5946 756.dat
1 0 50.0797 -42.6142 -54.0586 -1 -0.0017 -0.0007 0.0004 -0.5931 0.8051 0.0018 -0.8051 -0.5931 756.dat
1 0 50.0755 -44.0991 -56.073 -1 -0.0017 -0.0007 0.0004 -0.5911 0.8066 0.0018 -0.8066 -0.5911 756.dat
1 0 50.0712 -45.5915 -58.1084 -1 -0.0017 -0.0007 0.0004 -0.5885 0.8085 0.0018 -0.8085 -0.5885 756.dat
1 0 50.067 -47.0719 -60.1412 -1 -0.0017 -0.0007 0.0004 -0.5852 0.8109 0.0018 -0.8109 -0.5852 756.dat
1 0 50.0628 -48.5489 -62.1864 -1 -0.0017 -0.0007 0.0004 -0.5814 0.8136 0.0018 -0.8136 -0.5814 756.dat
1 0 50.0586 -50.012 -64.2328 -1 -0.0016 -0.0007 0.0003 -0.5768 0.8169 0.0018 -0.8169 -0.5768 756.dat
1 0 50.0545 -51.4601 -66.2823 -1 -0.0016 -0.0007 0.0003 -0.5714 0.8206 0.0018 -0.8206 -0.5714 756.dat
1 0 50.0504 -52.9011 -68.3504 -1 -0.0016 -0.0007 0.0003 -0.5652 0.8249 0.0017 -0.8249 -0.5652 756.dat
1 0 50.0463 -54.324 -70.4255 -1 -0.0016 -0.0007 0.0003 -0.5581 0.8298 0.0017 -0.8298 -0.5581 756.dat
1 0 50.0423 -55.7265 -72.5093 -1 -0.0016 -0.0007 0.0003 -0.5499 0.8352 0.0017 -0.8352 -0.5499 756.dat
1 0 50.0384 -57.1063 -74.6036 -1 -0.0015 -0.0007 0.0002 -0.5404 0.8414 0.0017 -0.8414 -0.5404 756.dat
1 0 50.0345 -58.4693 -76.724 -1 -0.0015 -0.0007 0.0002 -0.5295 0.8483 0.0016 -0.8483 -0.5295 756.dat
1 0 50.0307 -59.8025 -78.8583 -1 -0.0015 -0.0007 0.0002 -0.517 0.856 0.0016 -0.856 -0.517 756.dat
1 0 50.027 -61.1016 -81.0075 -1 -0.0014 -0.0007 0.0001 -0.5024 0.8646 0.0016 -0.8646 -0.5024 756.dat
1 0 50.0234 -62.3695 -83.1876 -1 -0.0014 -0.0006 0.0001 -0.4855 0.8742 0.0015 -0.8742 -0.4855 756.dat
1 0 50.0199 -63.5908 -85.3849 -1 -0.0013 -0.0006 0.0001 -0.4658 0.8849 0.0015 -0.8849 -0.4658 756.dat
1 0 50.0166 -64.7656 -87.6149 -1 -0.0013 -0.0006 0 -0.4425 0.8968 0.0014 -0.8968 -0.4425 756.dat
1 0 50.0134 -65.8756 -89.8623 -1 -0.0012 -0.0006 0 -0.4149 0.9099 0.0013 -0.9099 -0.4149 756.dat
1 0 50.0104 -66.9231 -92.1577 -1 -0.0011 -0.0005 -0.0001 -0.3816 0.9243 0.0012 -0.9243 -0.3816 756.dat
1 0 50.0077 -67.8843 -94.4839 -1 -0.001 -0.0005 -0.0001 -0.3414 0.9399 0.0011 -0.9399 -0.3414 756.dat
1 0 50.0053 -68.7402 -96.838 -1 -0.0008 -0.0004 -0.0002 -0.2919 0.9564 0.0009 -0.9564 -0.2919 756.dat
1 0 50.0032 -69.4765 -99.2469 -1 -0.0007 -0.0004 -0.0002 -0.2303 0.9731 0.0007 -0.9731 -0.2303 756.dat
1 0 50.0015 -70.0586 -101.703 -1 -0.0004 -0.0004 -0.0003 -0.1532 0.9882 0.0005 -0.9882 -0.1532 756.dat
1 0 50.0004 -70.4432 -104.179 -1 -0.0002 -0.0003 -0.0003 -0.0561 0.9984 0.0002 -0.9984 -0.0561 756.dat
1 0 50 -70.586 -106.704 -1 0 -0.0003 -0.0003 -0.0003 1 0 1 0.0003 755.dat
0 SYNTH SYNTHESIZED END
0 SYNTH END
0 LPUB PLI END
0 PLIST END



0 FILE 5540 - Formula I Racer - 5540xzplane-y.dat
0 Formula I Racer - 5540xzplane-y
0 Name: 5540 - Formula I Racer - 5540xzplane-y.dat
0 Author: Ren順rijhoff
0 !LDRAW_ORG Model
0 !LICENSE Redistributable under CCAL version 2.0 : see CAreadme.txt

0 BFC CERTIFY CCW

0 !THEME Lego Modelteam

0 !LDRAW_ORG Unofficial_Part
0 !LICENSE
0 ROTATION CENTER 0 0 0 1 "Custom"
0 ROTATION CONFIG 0 0
4 16 -0.963 0 0.405 -0.963 0 0.441 -1.011 0 0.441 -1.023 0 0.435
4 16 -0.984 0 0.405 -0.963 0 0.405 -1.023 0 0.435 -1.032 0 0.426
4 16 -0.99 0 0.402 -0.984 0 0.405 -1.032 0 0.426 -1.038 0 0.417
4 16 -0.993 0 0.396 -0.99 0 0.402 -1.038 0 0.417 -1.041 0 0.405
4 16 -0.993 0 0.387 -0.993 0 0.396 -1.041 0 0.405 -1.041 0 0.387
4 16 -1.041 0 0.387 -1.062 0 0.387 -1.062 0 0.357 -0.963 0 0.357
3 16 -0.963 0 0.387 -1.041 0 0.387 -0.963 0 0.357
4 16 -0.993 0 0.357 -1.041 0 0.357 -1.041 0 0.252 -0.993 0 0.252
4 16 -0.9084 0 0.3 -0.90825 0 0.387 -0.957 0 0.387 -0.957 0 0.3
4 16 -0.813 0 0.252 -0.813 0 0.387 -0.861 0 0.387 -0.861 0 0.315
4 16 -0.858 0 0.264 -0.858 0 0.252 -0.813 0 0.252 -0.84 0 0.288
4 16 -0.8622 0 0.267 -0.858 0 0.264 -0.84 0 0.288 -0.873 0 0.291
3 16 -0.861 0 0.315 -0.864 0 0.3 -0.84 0 0.288
3 16 -0.864 0 0.3 -0.873 0 0.291 -0.84 0 0.288
4 16 -0.867 0 0.264 -0.8622 0 0.267 -0.873 0 0.291 -0.897 0 0.291
4 16 -0.9084 0 0.3 -0.957 0 0.3 -0.954 0 0.279 -0.948 0 0.267
4 16 -0.9084 0 0.3 -0.948 0 0.267 -0.939 0 0.255 -0.936 0 0.252
4 16 -0.9084 0 0.3 -0.936 0 0.252 -0.927 0 0.246 -0.888 0 0.246
4 16 -0.9084 0 0.3 -0.888 0 0.246 -0.879 0 0.252 -0.867 0 0.264



0 FILE 5540 - Formula I Racer - 4185a.dat
0 Formula I Racer - 4185a
0 Name: 5540 - Formula I Racer - 4185a.dat
0 Author: James Jessiman
0 !LDRAW_ORG Unofficial_Part
0 !LICENSE Redistributable under CCAL version 2.0 : see CAreadme.txt

0 BFC CERTIFY CCW

0 !HISTORY 2007-07-04 [PTadmin] Header formatted for Contributor Agreement
0 !HISTORY 2008-07-01 [PTadmin] Official Update 2008-01
0 !HISTORY 2008-07-07 [guyvivan] Made BFC compliant, added missing lines and optional lines (2004-08-01)
0 !HISTORY 2009-05-02 [PTadmin] Official Update 2009-01
0 !HISTORY 2014-11-21 [roland] Auto-corrected with libfix version of LDCad 1.4
0 !HISTORY 2017-01-21 [MMR1988] Completely reworked

1 16 0 0 0 1 0 0 0 1 0 0 0 1 s\5540 - Formula I Racer - 4185as01.dat
1 16 0 0 0 1 0 0 0 1 0 0 0 -1 s\5540 - Formula I Racer - 4185as01.dat
1 16 0 0 0 -1 0 0 0 1 0 0 0 1 s\5540 - Formula I Racer - 4185as01.dat
1 16 0 0 0 -1 0 0 0 1 0 0 0 -1 s\5540 - Formula I Racer - 4185as01.dat

1 16 0 0 0 1 0 0 0 -1 0 0 0 1 s\5540 - Formula I Racer - 4185as01.dat
1 16 0 0 0 1 0 0 0 -1 0 0 0 -1 s\5540 - Formula I Racer - 4185as01.dat
1 16 0 0 0 -1 0 0 0 -1 0 0 0 1 s\5540 - Formula I Racer - 4185as01.dat
1 16 0 0 0 -1 0 0 0 -1 0 0 0 -1 s\5540 - Formula I Racer - 4185as01.dat
1 16 0 0 -1.625 27.5 0 0 0 0 -27.5 0 3.25 0 48\4-4cylo.dat
4 16 7.926081 -1 -3 5.80115 -1 -5 5.80115 -1 5 7.926081 -1 3
1 16 9.463041 -1 0 1.53696 0 0 0 -1 0 0 0 -3 rect2p.dat
4 16 7.926081 1 3 5.80115 1 5 5.80115 1 -5 7.926081 1 -3
1 16 9.463041 1 0 1.53696 0 0 0 1 0 0 0 -3 rect2p.dat
4 16 -7.926081 -1 3 -5.80115 -1 5 -5.80115 -1 -5 -7.926081 -1 -3
1 16 -9.463041 -1 0 1.53696 0 0 0 -1 0 0 0 -3 rect2p.dat
4 16 -7.926081 1 -3 -5.80115 1 -5 -5.80115 1 5 -7.926081 1 3
1 16 -9.463041 1 0 1.53696 0 0 0 1 0 0 0 -3 rect2p.dat

1 16 5.701575 -1.5 0 0 1 -0.099575 0 0 -0.5 -5 0 0 rect.dat
1 16 5.701575 1.5 0 0 1 0.099575 0 0 -0.5 -5 0 0 rect.dat
1 16 -5.701575 -1.5 0 0 -1 0.099575 0 0 -0.5 -5 0 0 rect.dat
1 16 -5.701575 1.5 0 0 -1 -0.099575 0 0 -0.5 -5 0 0 rect.dat
1 16 0 0 -5 0 0 1 1 0 0 0 10 0 axlehol5.dat
0 BFC INVERTNEXT
1 16 0 -20 -3 6 0 0 0 0 6 0 6 0 4-4cylo.dat
0 BFC INVERTNEXT
1 16 17.321 -10 -3 3 0 -5.2 5.2 0 3 0 6 0 4-4cylo.dat
0 BFC INVERTNEXT
1 16 17.321 10 -3 3 0 -5.2 -5.2 0 -3 0 6 0 4-4cylo.dat
0 BFC INVERTNEXT
1 16 0 20 -3 6 0 0 0 0 6 0 6 0 4-4cylo.dat
0 BFC INVERTNEXT
1 16 -17.321 -10 -3 3 0 -5.2 -5.2 0 -3 0 6 0 4-4cylo.dat
0 BFC INVERTNEXT
1 16 -17.321 10 -3 3 0 -5.2 5.2 0 3 0 6 0 4-4cylo.dat

0 BFC INVERTNEXT
1 16 11 0 -3 0 0 1 1 0 0 0 6 0 2-4cylo.dat
0 BFC INVERTNEXT
1 16 -11 0 -3 0 0 -1 1 0 0 0 6 0 2-4cylo.dat

0 FILE s\5540 - Formula I Racer - 4185as01.dat
0 Formula I Racer - 4185as01
0 Name: s\5540 - Formula I Racer - 4185as01.dat
0 Author: Max Martin Richter [MMR1988]
0 !LDRAW_ORG Unofficial_Subpart
0 !LICENSE Redistributable under CCAL version 2.0 : see CAreadme.txt

0 BFC CERTIFY CCW

1 16 0 0 -3.25 30 0 0 0 0 -30 0 -1.125 0 48\1-4cylo.dat
1 16 0 0 -3.25 2.5 0 0 0 0 -2.5 0 1.625 0 48\1-4con11.dat

2 24 26.25 0 -4.375 26.024 -3.426 -4.375
2 24 26.024 -3.426 -4.375 25.355 -6.794 -4.375
2 24 25.355 -6.794 -4.375 25.048 -7.929 -4.375
2 24 19.391001 -17.726999 -4.375 18.561001 -18.561001 -4.375
2 24 18.561001 -18.561001 -4.375 15.981 -20.827 -4.375
2 24 15.981 -20.827 -4.375 13.125 -22.733 -4.375
2 24 13.125 -22.733 -4.375 10.046 -24.252001 -4.375
2 24 10.046 -24.252001 -4.375 6.794 -25.355 -4.375
2 24 6.794 -25.355 -4.375 5.657 -25.657 -4.375

3 16 5.657 -25.657 -4.375 7.292 -23.209999 -3 6.794 -25.355 -4.375
4 16 6.794 -25.355 -4.375 7.292 -23.209999 -3 9.328 -22.52 -3 10.046 -24.252001 -4.375
4 16 13.125 -22.733 -4.375 10.046 -24.252001 -4.375 9.328 -22.52 -3 12.188 -21.108999 -3
4 16 15.981 -20.827 -4.375 13.125 -22.733 -4.375 12.188 -21.108999 -3 14.84 -19.339001 -3
4 16 16.455999 -17.92 -3 18.561001 -18.561001 -4.375 15.981 -20.827 -4.375 14.84 -19.339001 -3
3 16 18.561001 -18.561001 -4.375 16.455999 -17.92 -3 19.391001 -17.726999 -4.375
3 16 25.048 -7.929 -4.375 23.747 -5.29 -3 25.355 -6.794 -4.375
4 16 25.355 -6.794 -4.375 23.747 -5.29 -3 24.165001 -3.181 -3 26.024 -3.426 -4.375
4 16 26.25 0 -4.375 26.024 -3.426 -4.375 24.165001 -3.181 -3 24.375 0 -3
2 24 9.328 -22.52 -3 7.292 -23.209999 -3
2 24 12.188 -21.108999 -3 9.328 -22.52 -3
2 24 14.84 -19.339001 -3 12.188 -21.108999 -3
2 24 16.455999 -17.92 -3 14.84 -19.339001 -3
2 24 24.165001 -3.181 -3 23.747 -5.29 -3
2 24 24.375 0 -3 24.165001 -3.181 -3
5 24 16.455999 -17.92 -3 18.561001 -18.561001 -4.375 20.827 -15.981 -4.375 15.981 -20.827 -4.375
5 24 23.747 -5.29 -3 25.355 -6.794 -4.375 26.024 -3.426 -4.375 24.252001 -10.046 -4.375
5 24 7.292 -23.209999 -3 6.794 -25.355 -4.375 10.046 -24.252001 -4.375 3.426 -26.024 -4.375
5 24 24.375 0 -3 26.25 0 -4.375 26.024 3.426 -4.375 26.024 -3.426 -4.375
5 24 24.165001 -3.181 -3 26.024 -3.426 -4.375 26.25 0 -4.375 25.355 -6.794 -4.375
5 24 9.328 -22.52 -3 10.046 -24.252001 -4.375 13.125 -22.733 -4.375 6.794 -25.355 -4.375
5 24 14.84 -19.339001 -3 15.981 -20.827 -4.375 18.561001 -18.561001 -4.375 13.125 -22.733 -4.375
5 24 12.188 -21.108999 -3 13.125 -22.733 -4.375 15.981 -20.827 -4.375 10.046 -24.252001 -4.375

0 BFC INVERTNEXT
1 16 0 -20 -3 0 0 8 -8 0 0 0 -1.375 0 1-8cylo.dat
3 16 5.657 -25.657 -3 7.292 -23.209999 -3 5.657 -25.657 -4.375
2 24 7.292 -23.209999 -3 5.657 -25.657 -4.375
2 24 7.292 -23.209999 -3 5.657 -25.657 -3
5 24 5.657 -25.657 -4.375 5.657 -25.657 -3 3.062 -27.391001 -3 7.292 -23.209999 -3

0 BFC INVERTNEXT
1 16 17.321 -10 -3 7.72741 0 2.07055 2.07055 0 -7.72741 0 -1.375 0 1-4cylo.dat
3 16 19.391001 -17.726999 -3 19.391001 -17.726999 -4.375 16.455999 -17.92 -3
3 16 25.048 -7.929 -3 23.747 -5.29 -3 25.048 -7.929 -4.375
2 24 19.391001 -17.726999 -4.375 16.455999 -17.92 -3
2 24 16.455999 -17.92 -3 19.391001 -17.726999 -3
2 24 23.747 -5.29 -3 25.048 -7.929 -4.375
2 24 23.747 -5.29 -3 25.048 -7.929 -3
5 24 19.391001 -17.726999 -4.375 19.391001 -17.726999 -3 16.455999 -17.92 -3 22.191 -16.347 -3
5 24 25.048 -7.929 -4.375 25.048 -7.929 -3 25.252001 -11.044 -3 23.747 -5.29 -3

1 16 0 -20 -3 0 0 2 -2 0 0 0 1 0 1-8ring3.dat
1 16 0 -20 -3 4.24264 0 4.24264 -4.24264 0 4.24264 0 1 0 1-8ndis.dat
4 16 7.292 -23.209999 -3 5.657 -25.657 -3 4.243 -24.243 -3 8.485 -20 -3
4 16 7.292 -23.209999 -3 8.485 -20 -3 12.188 -21.108999 -3 9.328 -22.52 -3

1 16 17.321 -10 -3 1.73205 0 -1 -1 0 -1.73205 0 1 0 1-8ring3.dat
1 16 17.321 -10 -3 1.55291 0 -5.79556 -5.79556 0 -1.55291 0 1 0 1-8ndis.dat
4 16 13.078 -17.348 -3 18.872999 -15.796 -3 19.391001 -17.726999 -3 16.455999 -17.92 -3
4 16 14.839 -19.339001 -3 12.187 -21.108999 -3 13.078 -17.348 -3 16.455999 -17.92 -3

1 16 17.321 -10 -3 1.73205 0 1 -1 0 1.73205 0 1 0 1-8ring3.dat
1 16 17.321 -10 -3 5.79556 0 -1.55291 1.55291 0 5.79556 0 1 0 1-8ndis.dat
4 16 23.747 -5.29 -3 25.048 -7.929 -3 23.115999 -8.447 -3 21.563 -2.652 -3
4 16 23.747 -5.29 -3 21.563 -2.652 -3 24.374001 0 -3 24.167 -3.181 -3

1 16 0 0 -3 0 0 8.125 -8.125 0 0 0 1 0 3-16ndis.dat
1 16 0 -20 -3 6 0 0 0 0 6 0 1 0 1-4ndis.dat
1 16 17.321 -10 -3 3 0 -5.2 5.2 0 3 0 1 0 2-4ndis.dat
1 16 11 0 -3 0 0 1 -1 0 0 0 1 0 1-4ndis.dat

4 16 24.374001 0 -3 21.563 -2.652 -3 12 -1 -3 12 0 -3
3 16 20.32 -4.804 -3 15.121 -1.8 -3 21.563 -2.652 -3
4 16 11 -1 -3 12 -1 -3 21.563 -2.652 -3 15.121 -1.8 -3
4 16 12.121 -7 -3 7.926 -1 -3 11 -1 -3 15.121 -1.8 -3
4 16 12.121 -7 -3 8.125 -8.125 -3 7.507 -3.109 -3 7.926 -1 -3
4 16 12.121 -7 -3 9.121 -12.2 -3 6 -14 -3 8.125 -8.125 -3
4 16 8.125 -8.125 -3 6 -14 -3 0 -14 -3 0 -8.125 -3
4 16 8.485 -20 -3 6 -20 -3 6 -14 -3 9.121 -12.2 -3
4 16 8.485 -20 -3 9.121 -12.2 -3 13.078 -17.348 -3 12.188 -21.108999 -3
3 16 14.321 -15.2 -3 13.078 -17.348 -3 9.121 -12.2 -3

1 16 0 0 -5 0 0 8.125 -8.125 0 0 0 2 0 3-16cylo.dat
1 16 7.716 -2.055 -4 0 -1 0.20973 0 0 1.05472 1 0 0 rect3.dat
5 24 7.507 -3.109 -3 7.507 -3.109 -5 7.926 -1 -5 5.745 -5.745 -5

1 16 0 0 -5 0 0 1.5 -1.5 0 0 0 1 0 3-16rin4.dat
1 16 0 0 -5 0 0 0.625 -0.625 0 0 0 1 0 3-16ring12.dat

3 16 5.801 -1 -5 6.929 -2.87 -5 5.543 -2.296 -5
4 16 5.801 -1 -5 7.926 -1 -5 7.507 -3.109 -5 6.929 -2.87 -5

3 16 7.926 -1 -3 7.926 -1 -5 5.801 -1 -5
2 24 7.926 -1 -5 5.801 -1 -5


