0 FILE 5540 - main.ldr
0 main
0 Name: 5540 - main.ldr
0 Author: N. W. Perry [Plastikean]
0 !LDRAW_ORG Model
0 !LICENSE Redistributable under CCAL version 2.0 : see CAreadme.txt

0 !THEME Model Team
0 !KEYWORDS vehicle, car, racing

0 // Release year: 1986
0 // No. of pieces: 451

0 // This is the main model for the set.
0 // An alternate model of an airplane can also be built.

0 !LDCAD GROUP_DEF [topLevel=true] [LID=0] [GID=GPI9WkR6Qro] [name=Axle RR] [center=0 0 0]
0 !LDCAD GROUP_DEF [topLevel=true] [LID=1] [GID=Bo0xONRRvJg] [name=Axle LR] [center=0 0 0]
0 !LDCAD GROUP_DEF [topLevel=true] [LID=2] [GID=3MhLQcKVVC] [name=Steering column] [center=30 4 0]
0 !LDCAD GROUP_DEF [topLevel=true] [LID=3] [GID=4DLiXZAdrty] [name=Wheel RF] [center=0 0 0]
0 !LDCAD GROUP_DEF [topLevel=true] [LID=4] [GID=1vSNW5tfGXT] [name=Wheel LF] [center=0 0 0]
0 !LDCAD GROUP_DEF [topLevel=true] [LID=5] [GID=H1OClpgsuEM] [name=Wheel RR] [center=0 0 0]
0 !LDCAD GROUP_DEF [topLevel=true] [LID=6] [GID=J4hZ9Rasdtg] [name=Wheel LR] [center=0 0 0]
0 !LDCAD GROUP_DEF [topLevel=false] [LID=7] [GID=LQ1yP10sdlG]
0 !LDCAD GROUP_DEF [topLevel=false] [LID=8] [GID=E4HXg36OLIr]
0 !LDCAD GROUP_DEF [topLevel=true] [LID=9] [GID=JGZMuAQJXMA] [name=Cowl] [center=0 0 0]
1 0 -60 -32 -350 1 0 0 0 1 0 0 0 1 3795.dat
1 0 60 -32 -350 1 0 0 0 1 0 0 0 1 3795.dat
1 15 0 -32 -290 1 0 0 0 1 0 0 0 1 3032.dat
1 15 0 -32 -110 0 0 1 0 1 0 -1 0 0 3456.dat
1 15 0 -32 150 0 0 1 0 1 0 -1 0 0 3028.dat
0 STEP
1 0 -50 -40 -330 0 0 1 0 1 0 -1 0 0 3023.dat
1 4 0 -40 -320 1 0 0 0 1 0 0 0 1 3023.dat
1 0 50 -40 -330 0 0 1 0 1 0 -1 0 0 3023.dat
1 4 0 -40 -270 1 0 0 0 1 0 0 0 1 3032.dat
1 4 0 -40 -220 1 0 0 0 1 0 0 0 1 3666.dat
1 4 -50 -40 -160 0 0 1 0 1 0 -1 0 0 3623.dat
1 4 50 -40 -160 0 0 1 0 1 0 -1 0 0 3623.dat
1 4 -50 -40 -110 0 0 1 0 1 0 -1 0 0 3023.dat
1 4 50 -40 -110 0 0 1 0 1 0 -1 0 0 3023.dat
1 4 -50 -40 -80 1 0 0 0 1 0 0 0 1 3623.dat
1 4 50 -40 -80 1 0 0 0 1 0 0 0 1 3623.dat
1 4 -80 -40 50 0 0 1 0 1 0 -1 0 0 3028.dat
1 4 80 -40 50 0 0 1 0 1 0 -1 0 0 3028.dat
0 STEP
1 0 -60 -48 -310 1 0 0 0 1 0 0 0 1 3795.dat
1 0 60 -48 -310 1 0 0 0 1 0 0 0 1 3795.dat
1 0 -60 -40 -200 1 0 0 0 1 0 0 0 1 4262.dat
1 0 60 -40 -200 1 0 0 0 1 0 0 0 1 4262.dat
1 4 0 -40 -130 1 0 0 0 1 0 0 0 1 3022.dat
1 15 0 -40 110 0 0 1 0 1 0 -1 0 0 3832.dat
1 0 -50 -40 190 0 0 1 0 1 0 -1 0 0 3023.dat
1 0 50 -40 190 0 0 1 0 1 0 -1 0 0 3023.dat
1 0 0 -40 220 1 0 0 0 1 0 0 0 1 3460.dat
1 0 0 -40 250 1 0 0 0 1 0 0 0 1 3034.dat
0 STEP
1 0 -110 -24 -350 0 0 1 0 1 0 -1 0 0 3023.dat
1 4 0 -24 -330 0 0 1 0 1 0 -1 0 0 3795.dat
1 0 110 -24 -350 0 0 1 0 1 0 -1 0 0 3023.dat
1 0 -110 -40 -320 -1 0 0 0 1 0 0 0 -1 3665a.dat
1 0 -50 -24 -270 0 0 1 0 1 0 -1 0 0 3460.dat
1 0 50 -24 -270 0 0 1 0 1 0 -1 0 0 3460.dat
1 0 110 -40 -320 -1 0 0 0 1 0 0 0 -1 3665a.dat
1 15 -130 -32 10 0 0 1 0 1 0 -1 0 0 4477.dat
1 15 130 -32 10 0 0 1 0 1 0 -1 0 0 4477.dat
1 15 -130 -32 140 0 0 1 0 1 0 -1 0 0 3623.dat
1 15 130 -32 140 0 0 1 0 1 0 -1 0 0 3623.dat
0 STEP
1 4 0 -32 -380 1 0 0 0 1 0 0 0 1 3023.dat
1 0 -110 -56 -340 1 0 0 0 1 0 0 0 1 3040b.dat
1 0 110 -56 -340 1 0 0 0 1 0 0 0 1 3040b.dat
1 0 -110 -56 -310 0 0 1 0 1 0 -1 0 0 3023.dat
1 0 110 -56 -310 0 0 1 0 1 0 -1 0 0 3023.dat
1 4 0 -48 -260 1 0 0 0 1 0 0 0 1 3023.dat
1 4 -30 -48 -210 0 0 1 0 1 0 -1 0 0 3023.dat
1 4 30 -48 -210 0 0 1 0 1 0 -1 0 0 3023.dat
1 15 -50 -48 -170 0 0 1 0 1 0 -1 0 0 3023.dat
1 15 50 -48 -170 0 0 1 0 1 0 -1 0 0 3023.dat
1 4 -130 -40 -80 1 0 0 0 1 0 0 0 1 3024.dat
1 4 130 -40 -80 1 0 0 0 1 0 0 0 1 3024.dat
1 0 -100 -48 20 1 0 0 0 1 0 0 0 1 3023.dat
1 0 100 -48 20 1 0 0 0 1 0 0 0 1 3023.dat
1 0 -70 -48 90 0 0 1 0 1 0 -1 0 0 3710.dat
1 0 70 -48 90 0 0 1 0 1 0 -1 0 0 3710.dat
1 0 -90 -48 140 1 0 0 0 1 0 0 0 1 3024.dat
1 7 -10 -64 140 0 0 1 0 1 0 -1 0 0 4286.dat
1 7 10 -64 140 0 0 -1 0 1 0 1 0 0 4286.dat
1 0 90 -48 140 1 0 0 0 1 0 0 0 1 3024.dat
1 0 -50 -64 210 0 0 1 0 1 0 -1 0 0 3894.dat
1 0 50 -64 210 0 0 1 0 1 0 -1 0 0 3894.dat
1 0 -70 -64 230 0 0 1 0 1 0 -1 0 0 3700.dat
1 0 70 -64 230 0 0 1 0 1 0 -1 0 0 3700.dat
0 !LDCAD GROUP_NXT [ids=0] [nrs=-1]
1 0 -100 -54 230 1 0 0 0 1 0 0 0 1 3707.dat
0 !LDCAD GROUP_NXT [ids=0] [nrs=2]
1 7 -30 -54 230 0 0 1 1 0 0 0 1 0 3713.dat
0 !LDCAD GROUP_NXT [ids=1] [nrs=-1]
1 0 100 -54 230 1 0 0 0 1 0 0 0 1 3707.dat
0 !LDCAD GROUP_NXT [ids=1] [nrs=2]
1 7 30 -54 230 0 0 -1 1 0 0 0 -1 0 3713.dat
0 STEP
1 15 -40 -48 -260 0 0 1 0 1 0 -1 0 0 3021.dat
1 15 40 -48 -260 0 0 1 0 1 0 -1 0 0 3021.dat
1 0 -10 -56 -210 0 0 1 0 1 0 -1 0 0 4531.dat
0 !LDCAD GROUP_NXT [ids=2] [nrs=-1]
1 0 -10 -65.029 -212.682 0 0 1 0.307 0.952 0 -0.952 0.307 0 4275a.dat
1 0 10 -56 -210 0 0 1 0 1 0 -1 0 0 4531.dat
0 !LDCAD GROUP_NXT [ids=2] [nrs=2]
1 0 10 -65.029 -212.682 0 0 1 0.307 0.952 0 -0.952 0.307 0 4275a.dat
1 15 -50 -56 -170 0 0 1 0 1 0 -1 0 0 3069b.dat
1 15 50 -56 -170 0 0 1 0 1 0 -1 0 0 3069b.dat
1 4 0 -64 -130 1 0 0 0 1 0 0 0 1 3003.dat
1 7 -70 -56 60 1 0 0 0 1 0 0 0 1 6141.dat
1 7 -70 -56 120 1 0 0 0 1 0 0 0 1 6141.dat
1 7 -10 -64 70 0 0 1 0 1 0 -1 0 0 3937.dat
1 7 -10 -64 110 0 0 1 0 1 0 -1 0 0 3937.dat
1 7 10 -64 70 0 0 -1 0 1 0 1 0 0 3937.dat
1 7 10 -64 110 0 0 -1 0 1 0 1 0 0 3937.dat
1 7 70 -56 60 1 0 0 0 1 0 0 0 1 6141.dat
1 7 70 -56 120 1 0 0 0 1 0 0 0 1 6141.dat
1 4 -130 -64 130 0 0 1 0 1 0 -1 0 0 3004.dat
1 4 130 -64 130 0 0 1 0 1 0 -1 0 0 3004.dat
1 4 -100 -64 160 1 0 0 0 1 0 0 0 1 3010.dat
1 4 100 -64 160 1 0 0 0 1 0 0 0 1 3010.dat
1 7 0 -64 190 0 0 1 0 1 0 -1 0 0 3001.dat
1 7 0 -64 260 0 0 1 0 1 0 -1 0 0 3002.dat
1 7 0 -40 280 1 0 0 0 1 0 0 0 1 3023.dat
1 0 -70 -64 260 -1 0 0 0 1 0 0 0 -1 4070.dat
1 36 -70 -54 274 1 0 0 0 0 1 0 -1 0 3024.dat
1 0 70 -64 260 -1 0 0 0 1 0 0 0 -1 4070.dat
1 36 70 -54 274 1 0 0 0 0 1 0 -1 0 3024.dat
0 STEP
1 4 0 -56 -340 1 0 0 0 1 0 0 0 1 3298.dat
1 15 0 -56 -290 0 0 1 0 1 0 -1 0 0 3020.dat
1 16 -110 -54 -200 1 0 0 0 1 0 0 0 1 5540 - 007-1steerR.ldr
1 15 -50 -64 -210 0 0 1 0 1 0 -1 0 0 3004.dat
0 !LDCAD GROUP_NXT [ids=2] [nrs=3]
1 0 0 -60.49 -200.707 1 0 0 0 0.952 -0.307 0 0.307 0.952 3023.dat
1 15 50 -64 -210 0 0 1 0 1 0 -1 0 0 3004.dat
1 16 110 -54 -200 1 0 0 0 1 0 0 0 1 5540 - 007-2steerL.ldr
1 7 -10 -64 40 0 0 1 0 1 0 -1 0 0 4286.dat
1 7 10 -64 40 0 0 -1 0 1 0 1 0 0 4286.dat
1 0 -90 -72 140 1 0 0 0 1 0 0 0 1 4070.dat
1 4 -60 -72 160 1 0 0 0 1 0 0 0 1 3794a.dat
1 7 0 -72 160 0 0 1 0 1 0 -1 0 0 3021.dat
1 4 60 -72 160 1 0 0 0 1 0 0 0 1 3794a.dat
1 0 90 -72 140 1 0 0 0 1 0 0 0 1 4070.dat
1 0 0 -72 230 1 0 0 0 1 0 0 0 1 3035.dat
1 7 0 -72 280 1 0 0 0 1 0 0 0 1 3023.dat
0 STEP
1 15 0 -80 -270 1 0 0 0 1 0 0 0 1 3003.dat
1 15 -30 -72 -230 0 0 1 0 1 0 -1 0 0 3010.dat
1 15 30 -72 -230 0 0 1 0 1 0 -1 0 0 3010.dat
1 15 -50 -72 -220 1 0 0 0 1 0 0 0 1 3024.dat
1 15 50 -72 -220 1 0 0 0 1 0 0 0 1 3024.dat
1 0 -80 -72 -200 1 0 0 0 1 0 0 0 1 4263.dat
1 0 80 -72 -200 1 0 0 0 1 0 0 0 1 4263.dat
1 15 -50 -64 -70 0 0 1 0 1 0 -1 0 0 3008.dat
1 15 50 -64 -70 0 0 1 0 1 0 -1 0 0 3008.dat
1 4 0 -64 20 1 0 0 0 1 0 0 0 1 3009.dat
0 // * The cylinder heads are rotated 36.8699째
1 16 -10 -54 90 0.6 0.8 0 -0.8 0.6 0 0 0 1 5540 - 008-1cylR.ldr
1 16 10 -54 90 0.6 -0.8 0 0.8 0.6 0 0 0 1 5540 - 008-2cylL.ldr
1 4 -130 -88 140 0 0 1 0 1 0 -1 0 0 3622.dat
1 4 -110 -88 160 0 0 -1 0 1 0 1 0 0 3040b.dat
1 0 0 -80 140 1 0 0 0 1 0 0 0 1 4477.dat
1 4 110 -88 160 0 0 1 0 1 0 -1 0 0 3040b.dat
1 4 130 -88 140 0 0 1 0 1 0 -1 0 0 3622.dat
1 0 0 -80 200 1 0 0 0 1 0 0 0 1 3023.dat
1 7 -40 -80 260 -1 0 0 0 1 0 0 0 -1 4175.dat
1 0 0 -80 280 1 0 0 0 1 0 0 0 1 3023.dat
1 7 40 -80 260 -1 0 0 0 1 0 0 0 -1 4175.dat
0 STEP
1 15 -30 -72 -280 1 0 0 0 1 0 0 0 1 4286.dat
1 15 30 -72 -280 1 0 0 0 1 0 0 0 1 4286.dat
1 15 -50 -72 -240 1 0 0 0 1 0 0 0 1 4286.dat
1 15 50 -72 -240 1 0 0 0 1 0 0 0 1 4286.dat
1 4 -30 -80 -210 0 0 1 0 1 0 -1 0 0 3023.dat
1 4 30 -80 -210 0 0 1 0 1 0 -1 0 0 3023.dat
1 16 0 -48 -160 1 0 0 0 1 0 0 0 1 5540 - 009-1rack.ldr
1 0 0 -88 -140 1 0 0 0 1 0 0 0 1 3937.dat
0 !LDCAD GROUP_NXT [ids=2] [nrs=5]
1 0 0 -87.516 -143.074 1 0 0 0 0.952 -0.307 0 0.307 0.952 3938.dat
1 4 -50 -88 -40 0 0 1 0 1 0 -1 0 0 3665a.dat
1 4 50 -88 -40 0 0 -1 0 1 0 1 0 0 3665a.dat
1 4 -50 -88 0 0 0 1 0 1 0 -1 0 0 3622.dat
1 4 50 -88 0 0 0 1 0 1 0 -1 0 0 3622.dat
1 4 0 -88 20 1 0 0 0 1 0 0 0 1 3010.dat
1 0 -10 -88 40 1 0 0 0 1 0 0 0 1 3062b.dat
1 0 10 -88 40 1 0 0 0 1 0 0 0 1 3062b.dat
1 16 0 -80 280 -1 0 0 0 0 1 0 1 0 5540 - 009-2exhaust.ldr
0 STEP
1 15 0 -80 -300 1 0 0 0 1 0 0 0 1 3298.dat
1 4 -30 -80 -270 0 0 1 0 1 0 -1 0 0 3069b.dat
1 4 30 -80 -270 0 0 1 0 1 0 -1 0 0 3069b.dat
1 4 -30 -80 -240 1 0 0 0 1 0 0 0 1 3070b.dat
1 4 30 -80 -240 1 0 0 0 1 0 0 0 1 3070b.dat
1 4 -30 -88 -190 0 0 1 0 1 0 -1 0 0 3023.dat
1 4 30 -88 -190 0 0 1 0 1 0 -1 0 0 3023.dat
1 4 -40 -88 -140 1 0 0 0 1 0 0 0 1 3004.dat
1 4 40 -88 -140 1 0 0 0 1 0 0 0 1 3004.dat
1 4 0 -88 -120 1 0 0 0 1 0 0 0 1 3009.dat
1 4 -50 -88 -80 0 0 1 0 1 0 -1 0 0 3622.dat
1 4 50 -88 -80 0 0 1 0 1 0 -1 0 0 3622.dat
1 16 -90 -62 134 1 0 0 0 0 -1 0 1 0 5540 - 010-1manR.ldr
1 16 90 -62 134 1 0 0 0 0 -1 0 1 0 5540 - 010-2manL.ldr
1 0 -70 -96 240 1 0 0 0 1 0 0 0 1 4286.dat
1 0 70 -96 240 1 0 0 0 1 0 0 0 1 4286.dat
0 STEP
1 4 -50 -96 -200 1 0 0 0 1 0 0 0 1 4286.dat
1 4 -30 -96 -200 1 0 0 0 1 0 0 0 1 3024.dat
1 4 30 -96 -200 1 0 0 0 1 0 0 0 1 3024.dat
1 4 50 -96 -200 1 0 0 0 1 0 0 0 1 4286.dat
1 4 -40 -96 -150 0 0 1 0 1 0 -1 0 0 3020.dat
1 4 40 -96 -150 0 0 1 0 1 0 -1 0 0 3020.dat
1 4 -50 -96 -50 0 0 1 0 1 0 -1 0 0 3666.dat
1 4 50 -96 -50 0 0 1 0 1 0 -1 0 0 3666.dat
1 4 0 -96 20 1 0 0 0 1 0 0 0 1 3666.dat
1 4 -70 -88 -70 0 0 1 0 1 0 -1 0 0 4864a.dat
1 4 -130 -88 -70 0 0 -1 0 1 0 1 0 0 4864a.dat
1 4 -130 -88 -30 0 0 -1 0 1 0 1 0 0 4864a.dat
1 4 -130 -88 10 0 0 -1 0 1 0 1 0 0 4864a.dat
1 4 -130 -88 50 0 0 -1 0 1 0 1 0 0 4864a.dat
1 4 -130 -88 90 0 0 -1 0 1 0 1 0 0 4864a.dat
1 4 70 -88 -70 0 0 -1 0 1 0 1 0 0 4864a.dat
1 4 130 -88 -70 0 0 1 0 1 0 -1 0 0 4864a.dat
1 4 130 -88 -30 0 0 1 0 1 0 -1 0 0 4864a.dat
1 4 130 -88 10 0 0 1 0 1 0 -1 0 0 4864a.dat
1 4 130 -88 50 0 0 1 0 1 0 -1 0 0 4864a.dat
1 4 130 -88 90 0 0 1 0 1 0 -1 0 0 4864a.dat
1 7 -100 -80 20 1 0 0 0 1 0 0 0 1 3069b.dat
1 7 0 -96 40 1 0 0 0 1 0 0 0 1 3069b.dat
1 7 100 -80 20 1 0 0 0 1 0 0 0 1 3069b.dat
0 STEP
0 // * The steering column is rotated 72.09687째 from vertical
0 !LDCAD GROUP_NXT [ids=2] [nrs=4]
1 16 0 -81.425 -207.47 1 0 0 0 0.952 -0.307 0 0.307 0.952 5540 - 012steer.ldr
1 15 -130 -96 -80 1 0 0 0 1 0 0 0 1 3024.dat
1 15 -70 -96 -80 1 0 0 0 1 0 0 0 1 3024.dat
1 15 70 -96 -80 1 0 0 0 1 0 0 0 1 3024.dat
1 15 130 -96 -80 1 0 0 0 1 0 0 0 1 3024.dat
1 15 -100 -96 -50 1 0 0 0 1 0 0 0 1 3020.dat
1 15 100 -96 -50 1 0 0 0 1 0 0 0 1 3020.dat
1 15 -130 -96 50 0 0 1 0 1 0 -1 0 0 4162.dat
1 15 130 -96 50 0 0 1 0 1 0 -1 0 0 4162.dat
1 15 -130 -96 140 1 0 0 0 1 0 0 0 1 3070b.dat
1 15 130 -96 140 1 0 0 0 1 0 0 0 1 3070b.dat
1 15 -120 -96 160 1 0 0 0 1 0 0 0 1 3069b.dat
1 15 120 -96 160 1 0 0 0 1 0 0 0 1 3069b.dat
0 STEP
1 15 -30 -120 -140 -1 0 0 0 1 0 0 0 -1 3040p32.dat
1 15 30 -120 -140 -1 0 0 0 1 0 0 0 -1 3040p32.dat
1 15 -50 -120 -50 0 0 1 0 1 0 -1 0 0 3008.dat
1 15 50 -120 -50 0 0 1 0 1 0 -1 0 0 3008.dat
1 15 0 -120 20 1 0 0 0 1 0 0 0 1 3010.dat
1 4 -90 -120 -40 0 0 1 0 1 0 -1 0 0 3675.dat
1 4 -70 -120 -40 1 0 0 0 1 0 0 0 1 4286.dat
1 4 70 -120 -40 1 0 0 0 1 0 0 0 1 4286.dat
1 4 90 -120 -40 1 0 0 0 1 0 0 0 1 3675.dat
0 STEP
1 4 0 -104 -220 1 0 0 0 1 0 0 0 1 4858.dat
0 !LDCAD GROUP_NXT [ids=3] [nrs=-1]
1 15 -128 -54 -200 0 0 1 1 0 0 0 1 0 2695.dat
0 !LDCAD GROUP_NXT [ids=3] [nrs=2]
1 256 -128 -54 -200 0 0 1 1 0 0 0 1 0 2696.dat
0 !LDCAD GROUP_NXT [ids=4] [nrs=-1]
1 15 128 -54 -200 0 0 -1 0 1 0 1 0 0 2695.dat
0 !LDCAD GROUP_NXT [ids=4] [nrs=2]
1 256 128 -54 -200 0 0 -1 0 1 0 1 0 0 2696.dat
1 15 -40 -104 -190 1 0 0 0 1 0 0 0 1 3022.dat
1 15 40 -104 -190 1 0 0 0 1 0 0 0 1 3022.dat
1 15 -30 -120 -160 0 0 1 0 1 0 -1 0 0 3040b.dat
1 15 30 -120 -160 0 0 -1 0 1 0 1 0 0 3040b.dat
1 15 -50 -120 -140 0 0 1 0 1 0 -1 0 0 4070.dat
1 15 50 -120 -140 0 0 -1 0 1 0 1 0 0 4070.dat
1 15 -50 -128 10 0 0 1 0 1 0 -1 0 0 3069b.dat
1 7 0 -168 20 1 0 0 0 1 0 0 0 1 4083.dat
1 15 50 -128 10 0 0 1 0 1 0 -1 0 0 3069b.dat
0 !LDCAD GROUP_NXT [ids=5] [nrs=-1]
1 15 -88 -54 230 0 0 1 1 0 0 0 1 0 2695.dat
0 !LDCAD GROUP_NXT [ids=5] [nrs=2]
1 256 -88 -54 230 0 0 1 1 0 0 0 1 0 2696.dat
0 !LDCAD GROUP_NXT [ids=6] [nrs=-1]
1 15 88 -54 230 0 0 -1 0 1 0 1 0 0 2695.dat
0 !LDCAD GROUP_NXT [ids=6] [nrs=2]
1 256 88 -54 230 0 0 -1 0 1 0 1 0 0 2696.dat
0 STEP
0 !LDCAD GROUP_NXT [ids=3] [nrs=3]
1 15 -160 -54 -200 0 0 1 1 0 0 0 1 0 2695.dat
0 !LDCAD GROUP_NXT [ids=3] [nrs=4]
1 7 -150 -54 -220 1 0 0 0 0 -1 0 1 0 3749.dat
0 !LDCAD GROUP_NXT [ids=3] [nrs=5]
1 7 -150 -54 -180 1 0 0 0 0 -1 0 1 0 3749.dat
0 !LDCAD GROUP_NXT [ids=3] [nrs=6]
1 256 -160 -54 -200 0 0 1 1 0 0 0 1 0 2696.dat
0 !LDCAD GROUP_NXT [ids=7] [nrs=3]
1 7 -178 -54 -200 0 0 -1 1 0 0 0 -1 0 3713.dat
0 !LDCAD GROUP_NXT [ids=4] [nrs=3]
1 15 160 -54 -200 0 0 -1 0 1 0 1 0 0 2695.dat
0 !LDCAD GROUP_NXT [ids=4] [nrs=4]
1 7 150 -74 -200 -1 0 0 0 1 0 0 0 -1 3749.dat
0 !LDCAD GROUP_NXT [ids=4] [nrs=5]
1 7 150 -34 -200 -1 0 0 0 1 0 0 0 -1 3749.dat
0 !LDCAD GROUP_NXT [ids=4] [nrs=6]
1 256 160 -54 -200 0 0 -1 0 1 0 1 0 0 2696.dat
0 !LDCAD GROUP_NXT [ids=8] [nrs=3]
1 7 178 -54 -200 0 0 1 1 0 0 0 1 0 3713.dat
1 15 0 -128 -180 1 0 0 0 1 0 0 0 1 4861.dat
1 47 -50 -128 -130 0 0 1 0 1 0 -1 0 0 3023.dat
1 47 0 -128 -150 1 0 0 0 1 0 0 0 1 3020.dat
1 47 50 -128 -130 0 0 1 0 1 0 -1 0 0 3023.dat
1 16 0 -40 -70 1 0 0 0 1 0 0 0 1 5540 - 015seat.ldr
0 !LDCAD GROUP_NXT [ids=5] [nrs=3]
1 15 -120 -54 230 0 0 1 1 0 0 0 1 0 2695.dat
0 !LDCAD GROUP_NXT [ids=5] [nrs=4]
1 7 -110 -54 210 1 0 0 0 0 -1 0 1 0 3749.dat
0 !LDCAD GROUP_NXT [ids=5] [nrs=5]
1 7 -110 -54 250 1 0 0 0 0 -1 0 1 0 3749.dat
0 !LDCAD GROUP_NXT [ids=5] [nrs=6]
1 256 -120 -54 230 0 0 1 1 0 0 0 1 0 2696.dat
0 !LDCAD GROUP_NXT [ids=5] [nrs=7]
1 15 -152 -54 230 0 0 1 1 0 0 0 1 0 2695.dat
0 !LDCAD GROUP_NXT [ids=5] [nrs=8]
1 7 -142 -54 210 1 0 0 0 0 -1 0 1 0 3749.dat
0 !LDCAD GROUP_NXT [ids=5] [nrs=9]
1 7 -142 -54 250 1 0 0 0 0 -1 0 1 0 3749.dat
0 !LDCAD GROUP_NXT [ids=5] [nrs=10]
1 256 -152 -54 230 0 0 1 1 0 0 0 1 0 2696.dat
0 !LDCAD GROUP_NXT [ids=0] [nrs=3]
1 7 -170 -54 230 0 0 -1 1 0 0 0 -1 0 3713.dat
0 !LDCAD GROUP_NXT [ids=6] [nrs=3]
1 15 120 -54 230 0 0 -1 0 1 0 1 0 0 2695.dat
0 !LDCAD GROUP_NXT [ids=6] [nrs=4]
1 7 110 -74 230 -1 0 0 0 1 0 0 0 -1 3749.dat
0 !LDCAD GROUP_NXT [ids=6] [nrs=5]
1 7 110 -34 230 -1 0 0 0 1 0 0 0 -1 3749.dat
0 !LDCAD GROUP_NXT [ids=6] [nrs=6]
1 256 120 -54 230 0 0 -1 0 1 0 1 0 0 2696.dat
0 !LDCAD GROUP_NXT [ids=6] [nrs=7]
1 15 152 -54 230 0 0 -1 0 1 0 1 0 0 2695.dat
0 !LDCAD GROUP_NXT [ids=6] [nrs=8]
1 7 142 -74 230 -1 0 0 0 1 0 0 0 -1 3749.dat
0 !LDCAD GROUP_NXT [ids=6] [nrs=9]
1 7 142 -34 230 -1 0 0 0 1 0 0 0 -1 3749.dat
0 !LDCAD GROUP_NXT [ids=6] [nrs=10]
1 256 152 -54 230 0 0 -1 0 1 0 1 0 0 2696.dat
0 !LDCAD GROUP_NXT [ids=1] [nrs=3]
1 7 170 -54 230 0 0 1 1 0 0 0 1 0 3713.dat
0 STEP
1 47 0 -136 -170 1 0 0 0 1 0 0 0 1 3022.dat
1 7 -80 -110 -140 0 1 0 -1 0 0 0 0 1 4599a.dat
1 47 -30 -136 -140 1 0 0 0 1 0 0 0 1 3024.dat
1 47 30 -136 -140 1 0 0 0 1 0 0 0 1 3024.dat
1 7 80 -110 -140 0 -1 0 1 0 0 0 0 1 4599a.dat
1 16 0 -72 310 1 0 0 0 1 0 0 0 1 5540 - 016wing.ldr
0 STEP
1 47 0 -144 -160 1 0 0 0 1 0 0 0 1 3023.dat
1 7 -76 -110 -120 1 0 0 0 0 -1 0 1 0 4589.dat
1 7 76 -110 -120 1 0 0 0 0 -1 0 1 0 4589.dat
0 !LDCAD GROUP_NXT [ids=9] [nrs=-1]
1 16 0 -88 70 1 0 0 0 1 0 0 0 1 5540 - 017cowl.ldr
1 10047 -120 -40 -327 0 1 0 0 0 -1 -1 0 0 5540 - 197915d.dat
1 10047 120 -40 -327 0 -1 0 0 0 -1 1 0 0 5540 - 197915d.dat
0 // * The sticker is rotated 18.43495째
1 10047 -2 -92.855 -263.437 1 0 0 0 0.949 -0.316 0 0.316 0.949 5540 - 197915e.dat
1 10047 -140 -63 33 0 1 0 0 0 -1 -1 0 0 5540 - 197915f.dat
1 10047 140 -63 33 0 -1 0 0 0 -1 1 0 0 5540 - 197915f.dat
1 10047 -50 -128 10 0 0 1 0 1 0 -1 0 0 5540 - 197915b.dat
1 10047 50 -128 10 0 0 -1 0 1 0 1 0 0 5540 - 197915b.dat
0 // * The stickers are rotated 26.56505째
0 !LDCAD GROUP_NXT [ids=9] [nrs=2]
1 10047 -120 -110 70 0 0.447 0.894 0 0.894 -0.447 -1 0 0 5540 - 197915e.dat
0 !LDCAD GROUP_NXT [ids=9] [nrs=3]
1 10047 120 -110 70 0 -0.447 -0.894 0 0.894 -0.447 1 0 0 5540 - 197915e.dat
0 !LDCAD GROUP_NXT [ids=9] [nrs=4]
1 10047 -40 -128 160 -1 0 0 0 1 0 0 0 -1 5540 - 197915a.dat
0 !LDCAD GROUP_NXT [ids=9] [nrs=5]
1 10047 40 -128 160 -1 0 0 0 1 0 0 0 -1 5540 - 197915a.dat
1 10047 -140 -134 307 0 1 0 0 0 -1 -1 0 0 5540 - 197915c.dat
1 10047 140 -134 307 0 -1 0 0 0 -1 1 0 0 5540 - 197915c.dat


0 FILE 5540 - 007-1steerR.ldr
0 007-1steerR
0 Name: 5540 - 007-1steerR.ldr
0 Author: N. W. Perry [Plastikean]
0 !LDRAW_ORG Model
0 !LICENSE Redistributable under CCAL version 2.0 : see CAreadme.txt

0 !LDCAD GROUP_DEF [topLevel=true] [LID=0] [GID=LQ1yP10sdlG] [name=Axle RF] [center=0 0 0]
1 7 0 -10 0 1 0 0 0 1 0 0 0 1 4261.dat
0 STEP
0 !LDCAD GROUP_NXT [ids=0] [nrs=-1]
1 0 -30 0 0 1 0 0 0 1 0 0 0 1 3706.dat
0 !LDCAD GROUP_NXT [ids=0] [nrs=2]
1 7 20 0 0 0 0 1 1 0 0 0 1 0 3713.dat
1 7 0 -10 40 0 0 1 1 0 0 0 1 0 3749.dat


0 FILE 5540 - 007-2steerL.ldr
0 007-2steerL
0 Name: 5540 - 007-2steerL.ldr
0 Author: N. W. Perry [Plastikean]
0 !LDRAW_ORG Model
0 !LICENSE Redistributable under CCAL version 2.0 : see CAreadme.txt

0 !LDCAD GROUP_DEF [topLevel=true] [LID=0] [GID=E4HXg36OLIr] [name=Axle LF] [center=0 0 0]
1 7 0 -10 0 1 0 0 0 1 0 0 0 1 4261.dat
0 STEP
0 !LDCAD GROUP_NXT [ids=0] [nrs=-1]
1 0 30 0 0 1 0 0 0 1 0 0 0 1 3706.dat
0 !LDCAD GROUP_NXT [ids=0] [nrs=2]
1 7 -20 0 0 0 0 -1 1 0 0 0 -1 0 3713.dat
1 7 0 -10 40 0 0 1 1 0 0 0 1 0 3749.dat


0 FILE 5540 - 008-1cylR.ldr
0 008-1cylR
0 Name: 5540 - 008-1cylR.ldr
0 Author: N. W. Perry [Plastikean]
0 !LDRAW_ORG Model
0 !LICENSE Redistributable under CCAL version 2.0 : see CAreadme.txt

1 7 10 -18 0 0 0 1 0 1 0 -1 0 0 3020.dat
0 STEP
1 0 10 -26 -20 1 0 0 0 1 0 0 0 1 4032a.dat
1 0 10 -26 20 1 0 0 0 1 0 0 0 1 4032a.dat
0 STEP
1 7 -10 -36 -30 0 1 0 0 0 1 1 0 0 4070.dat
1 7 -10 -36 -10 0 1 0 0 0 1 1 0 0 4070.dat
1 7 -10 -36 10 0 1 0 0 0 1 1 0 0 4070.dat
1 7 -10 -36 30 0 1 0 0 0 1 1 0 0 4070.dat
1 7 0 -10 -20 0 0 1 0 1 0 -1 0 0 3938.dat
1 7 0 -10 20 0 0 1 0 1 0 -1 0 0 3938.dat


0 FILE 5540 - 008-2cylL.ldr
0 008-2cylL
0 Name: 5540 - 008-2cylL.ldr
0 Author: N. W. Perry [Plastikean]
0 !LDRAW_ORG Model
0 !LICENSE Redistributable under CCAL version 2.0 : see CAreadme.txt

1 7 -10 -18 0 0 0 1 0 1 0 -1 0 0 3020.dat
0 STEP
1 0 -10 -26 -20 1 0 0 0 1 0 0 0 1 4032a.dat
1 0 -10 -26 20 1 0 0 0 1 0 0 0 1 4032a.dat
0 STEP
1 7 10 -36 -30 0 -1 0 0 0 1 -1 0 0 4070.dat
1 7 10 -36 -10 0 -1 0 0 0 1 -1 0 0 4070.dat
1 7 10 -36 10 0 -1 0 0 0 1 -1 0 0 4070.dat
1 7 10 -36 30 0 -1 0 0 0 1 -1 0 0 4070.dat
1 7 0 -10 -20 0 0 1 0 1 0 -1 0 0 3938.dat
1 7 0 -10 20 0 0 1 0 1 0 -1 0 0 3938.dat


0 FILE 5540 - 009-1rack.ldr
0 009-1rack
0 Name: 5540 - 009-1rack.ldr
0 Author: N. W. Perry [Plastikean]
0 !LDRAW_ORG Model
0 !LICENSE Redistributable under CCAL version 2.0 : see CAreadme.txt

1 0 0 -8 0 1 0 0 0 1 0 0 0 1 3023.dat
0 STEP
1 0 0 -16 0 1 0 0 0 1 0 0 0 1 3460.dat
0 STEP
1 0 -80 -24 0 1 0 0 0 1 0 0 0 1 4263.dat
1 7 0 -24 0 1 0 0 0 1 0 0 0 1 3743.dat
1 0 80 -24 0 1 0 0 0 1 0 0 0 1 4263.dat


0 FILE 5540 - 009-2exhaust.ldr
0 009-2exhaust
0 Name: 5540 - 009-2exhaust.ldr
0 Author: N. W. Perry [Plastikean]
0 !LDRAW_ORG Model
0 !LICENSE Redistributable under CCAL version 2.0 : see CAreadme.txt

1 0 -10 0 -24 -1 0 0 0 0 1 0 1 0 4070.dat
1 0 10 0 -24 -1 0 0 0 0 1 0 1 0 4070.dat
0 STEP
1 0 0 -14 -14 1 0 0 0 1 0 0 0 1 3023.dat
0 STEP
1 7 0 -22 -24 1 0 0 0 1 0 0 0 1 4032a.dat
0 STEP
1 0 0 -30 -14 1 0 0 0 1 0 0 0 1 3023.dat
0 STEP
1 7 0 -38 -24 1 0 0 0 1 0 0 0 1 4032a.dat
1 0 0 -46 -14 1 0 0 0 1 0 0 0 1 3023.dat
0 STEP
1 7 0 -54 -24 1 0 0 0 1 0 0 0 1 4032a.dat
0 STEP
1 0 0 -62 -14 1 0 0 0 1 0 0 0 1 3710.dat
0 STEP
1 7 0 -70 -24 1 0 0 0 1 0 0 0 1 4032a.dat
0 STEP
1 0 -10 -80 -24 -1 0 0 0 0 1 0 1 0 4070.dat
1 0 10 -80 -24 -1 0 0 0 0 1 0 1 0 4070.dat
0 STEP
1 0 -10 10 -14 1 0 0 0 1 0 0 0 1 3062b.dat
1 0 10 10 -14 1 0 0 0 1 0 0 0 1 3062b.dat
1 256 -30 -62 -14 1 0 0 0 1 0 0 0 1 5540 - flexHoseWithNorEnds-1.ldr
1 66 -10 -86 -14 1 0 0 0 1 0 0 0 1 5540 - flexHoseWithNorEnds-2.ldr
1 66 10 -86 -14 1 0 0 0 1 0 0 0 1 5540 - flexHoseWithNorEnds-3.ldr
1 256 30 -62 -14 1 0 0 0 1 0 0 0 1 5540 - flexHoseWithNorEnds-4.ldr
0 MLCAD HIDE 1 256 -30 -62 -14 1 0 0 0 1 0 0 0 1 5540 - flexHoseWithNorEnds-1o.ldr
0 MLCAD HIDE 1 66 -10 -86 -14 1 0 0 0 1 0 0 0 1 5540 - flexHoseWithNorEnds-2o.ldr
0 MLCAD HIDE 1 66 10 -86 -14 1 0 0 0 1 0 0 0 1 5540 - flexHoseWithNorEnds-3o.ldr
0 MLCAD HIDE 1 256 30 -62 -14 1 0 0 0 1 0 0 0 1 5540 - flexHoseWithNorEnds-4o.ldr


0 FILE 5540 - flexHoseWithNorEnds-1o.ldr
0 flexHoseWithNorEnds-1o
0 Name: 5540 - flexHoseWithNorEnds-1o.ldr
0 Author: LDCad
0 !LDRAW_ORG Unofficial_Part
0 !LICENSE Redistributable under CCAL version 2.0 : see CAreadme.txt

0 !CATEGORY hose
0 !KEYWORDS flexible

0 !LDCAD CONTENT [type=path] [addFallBack=default] [looped=false] [displayKind=L] [curveStep=0] [displayLenCor=0]
0 !LDCAD PATH_POINT [type=bezier] [posOri=0 -22 0 0 0 1 0 1 0 -1 0 0] [prevCPDist=25] [nextCPDist=50] [cirR=20] [cirDir=xyCW] [prevYRoll=0] [nextYRoll=0]
0 !LDCAD PATH_POINT [type=bezier] [posOri=-40 -118 24 0 0 1 -1 0 0 0 -1 0] [prevCPDist=65] [nextCPDist=25] [cirR=20] [cirDir=xyCW] [prevYRoll=0] [nextYRoll=0]

0 !LDCAD PATH_SKIN [donCol=16] [donOri=1 0 0 0 1 0 0 0 1] [donPart=754.dat] [donYSize=100%] [donCen=absCen] [donCenYOfs=0] [donFinScale=none] [donPlace=refsStat] [donYAlign=0] [donInline=false] [segSize=50%] [segSizeTol=5%] [segsCnt=0] [segsGrp=0] [segsMaxMerge=1] [segsMrgAng=0] [segsMrgRollAng=0] [segsEdgeDelKind=keepFirstLeft]
0 !LDCAD PATH_SKIN [donCol=16] [donOri=1 0 0 0 1 0 0 0 1] [donPart=756.dat] [donYSize=100%] [donCen=absCen] [donCenYOfs=0] [donFinScale=none] [donPlace=refsStat] [donYAlign=0] [donInline=false] [segSize=60%] [segSizeTol=5%] [segsCnt=1] [segsGrp=0] [segsMaxMerge=1] [segsMrgAng=0] [segsMrgRollAng=0] [segsEdgeDelKind=keepFirstLeft]
0 !LDCAD PATH_SKIN [donCol=16] [donOri=1 0 0 0 -1 0 0 0 -1] [donPart=754.dat] [donYSize=100%] [donCen=absCen] [donCenYOfs=0] [donFinScale=none] [donPlace=refsStat] [donYAlign=0] [donInline=false] [segSize=50%] [segSizeTol=5%] [segsCnt=0] [segsGrp=0] [segsMaxMerge=1] [segsMrgAng=0] [segsMrgRollAng=0] [segsEdgeDelKind=keepFirstLeft]

0 !LDCAD PATH_CAP [group=start] [color=0] [posOri=0 -18 0 0 0 1 0 1 0 -1 0 0] [part=752.dat] [extraLen=0mm] [inlineRef=false]
0 !LDCAD PATH_CAP [group=end] [color=0] [posOri=-40 -118 28 0 0 -1 -1 0 0 0 1 0] [part=752.dat] [extraLen=0mm] [inlineRef=false]
0 !LDCAD PATH_CAP [group=start] [color=16] [posOri=0 -18 0 0 0 -1 0 -1 0 -1 0 0] [part=755.dat] [extraLen=0mm] [inlineRef=false]
0 !LDCAD PATH_CAP [group=end] [color=16] [posOri=-40 -118 28 0 0 1 -1 0 0 0 -1 0] [part=755.dat] [extraLen=0mm] [inlineRef=false]

0 !LDCAD GENERATED [generator=LDCad 1.6d]
0 //This is the fallback LDraw content for above PATH configuration.
0 // Do not edit, any changes will be lost upon regeneration.
0 // The path is approx 52.82 mm (132.06) and exists out of 52 segments.

0 //Some general hints about the document.
0 BFC CERTIFY CCW

0 //Start cap reference(s)
1 0 0 -18 0 0 0 1 0 1 0 -1 0 0 752.dat
1 16 0 -18 0 0 0 -1 0 -1 0 -1 0 0 755.dat

0 //End cap reference(s)
1 0 -40 -118 28 0 0 -1 -1 0 0 0 1 0 752.dat
1 16 -40 -118 28 0 0 1 -1 0 0 0 -1 0 755.dat

0 //Segments
1 16 -0.031533 -23.994835 -0.031975 0.000084 0.015803 0.999875 0.016025 0.999747 -0.015803 -0.999872 0.016025 -0.000169 754.dat
1 16 -0.127692 -26.73166 -0.128301 0.001004 0.04608 0.998937 0.046052 0.997876 -0.046077 -0.998939 0.046049 -0.00112 754.dat
1 16 -0.28388 -29.212448 -0.282601 0.002516 0.069808 0.997557 0.068732 0.995189 -0.069816 -0.997632 0.06874 -0.002294 754.dat
1 16 -0.493222 -31.685684 -0.486802 0.004445 0.090133 0.99592 0.0876 0.992066 -0.090175 -0.996146 0.087643 -0.003486 754.dat
1 16 -0.765924 -34.147273 -0.74827 0.007635 0.117748 0.993014 0.11226 0.986665 -0.117859 -0.99365 0.112376 -0.005685 754.dat
1 16 -1.096087 -36.596158 -1.059482 0.010887 0.138879 0.99025 0.130069 0.981698 -0.139109 -0.991445 0.130315 -0.007377 754.dat
1 16 -1.473728 -39.03283 -1.40995 0.014321 0.157062 0.987485 0.144706 0.976864 -0.157471 -0.989371 0.14515 -0.008738 754.dat
1 16 -1.90727 -41.453428 -1.804154 0.019152 0.181318 0.983238 0.163116 0.969676 -0.181994 -0.986421 0.163867 -0.011004 754.dat
1 16 -2.391391 -43.858166 -2.235476 0.023697 0.199939 0.979522 0.175982 0.963663 -0.20096 -0.984108 0.177141 -0.01235 754.dat
1 16 -2.917553 -46.24869 -2.69556 0.028279 0.216079 0.975966 0.186282 0.958114 -0.217524 -0.982089 0.187956 -0.013158 754.dat
1 16 -3.492856 -48.621678 -3.186466 0.034254 0.237335 0.970824 0.198587 0.950408 -0.239351 -0.979485 0.200991 -0.014576 754.dat
1 16 -4.112734 -50.978112 -3.702565 0.039752 0.253797 0.96644 0.206598 0.944217 -0.256459 -0.977618 0.209859 -0.014899 754.dat
1 16 -4.770041 -53.320168 -4.237438 0.04521 0.268216 0.962297 0.212567 0.938639 -0.271609 -0.9761 0.216832 -0.014578 754.dat
1 16 -5.470949 -55.645164 -4.790997 0.051973 0.287034 0.956509 0.218935 0.931228 -0.291343 -0.974354 0.224555 -0.014443 754.dat
1 16 -6.211644 -57.954473 -5.358448 0.058175 0.301794 0.951597 0.222104 0.925408 -0.307067 -0.973286 0.229218 -0.013194 754.dat
1 16 -6.98619 -60.250388 -5.934966 0.064302 0.314889 0.946948 0.223635 0.92023 -0.32119 -0.972549 0.232424 -0.011247 754.dat
1 16 -7.800146 -62.530875 -6.518346 0.071579 0.331872 0.940605 0.223994 0.913589 -0.339385 -0.971959 0.234982 -0.008944 754.dat
1 16 -8.650371 -64.797444 -7.104349 0.078271 0.3454 0.935186 0.22207 0.908454 -0.354113 -0.971884 0.235394 -0.005597 754.dat
1 16 -9.535411 -67.051029 -7.688748 0.085295 0.359575 0.92921 0.21823 0.903221 -0.36955 -0.972163 0.234303 -0.00143 754.dat
1 16 -10.451522 -69.293401 -8.268492 0.091937 0.371321 0.923942 0.213144 0.899027 -0.382518 -0.972685 0.2321 0.003509 754.dat
1 16 -11.402773 -71.523675 -8.838184 0.099385 0.386434 0.916947 0.20463 0.893876 -0.39889 -0.973781 0.227278 0.009762 754.dat
1 16 -12.387214 -73.743109 -9.393685 0.106314 0.398998 0.910768 0.194722 0.889869 -0.412572 -0.97508 0.221209 0.016912 754.dat
1 16 -13.404426 -75.952498 -9.929697 0.113372 0.412412 0.903916 0.18169 0.885834 -0.42695 -0.976799 0.212637 0.025498 754.dat
1 16 -14.450572 -78.153526 -10.444088 0.119941 0.42326 0.898034 0.168487 0.882764 -0.438566 -0.978379 0.203909 0.034566 754.dat
1 16 -15.530333 -80.345478 -10.9266 0.126862 0.43788 0.890038 0.148126 0.878863 -0.453496 -0.980798 0.189369 0.046632 754.dat
1 16 -16.449279 -82.137347 -11.28281 0.133366 0.455862 0.880002 0.116669 0.874538 -0.470714 -0.984176 0.165446 0.063449 756.dat
1 16 -18.306168 -85.67161 -11.929988 0.143951 -0.473302 -0.869059 0.075758 -0.870358 0.486558 -0.986681 -0.135878 -0.089432 754.dat
1 16 -19.493762 -87.83653 -12.248936 0.148589 -0.485482 -0.861527 0.041968 -0.867317 0.495983 -0.988008 -0.109854 -0.108499 754.dat
1 16 -20.711451 -89.993592 -12.499509 0.152239 -0.497372 -0.854075 0.00277 -0.86393 0.503605 -0.98834 -0.079034 -0.130146 754.dat
1 16 -21.958567 -92.14161 -12.668456 0.154498 -0.50903 -0.846769 -0.043648 -0.85974 0.508864 -0.987029 -0.041659 -0.155046 754.dat
1 16 -23.234026 -94.27814 -12.738844 0.154923 -0.519844 -0.840096 -0.097837 -0.854255 0.510564 -0.98307 0.003095 -0.183204 754.dat
1 16 -24.534863 -96.39978 -12.694609 0.1537 -0.528654 -0.834806 -0.155949 -0.847235 0.507812 -0.975734 0.052137 -0.212663 754.dat
1 16 -25.856505 -98.500987 -12.518056 0.149053 -0.536015 -0.830946 -0.227734 -0.836352 0.498652 -0.962248 0.114909 -0.246729 754.dat
1 16 -27.193599 -100.571537 -12.178622 0.1413 -0.539678 -0.829929 -0.30682 -0.820933 0.481591 -0.94122 0.18659 -0.281582 754.dat
1 16 -28.536007 -102.598904 -11.654297 0.130274 -0.538378 -0.832573 -0.391956 -0.799291 0.455527 -0.910714 0.266988 -0.315148 754.dat
1 16 -29.869946 -104.565446 -10.922109 0.115435 -0.530248 -0.839948 -0.483642 -0.768601 0.41874 -0.867621 0.357897 -0.345173 754.dat
1 16 -31.177145 -106.447617 -9.959138 0.097757 -0.513574 -0.852459 -0.576449 -0.727462 0.372163 -0.811264 0.455018 -0.367163 754.dat
1 16 -32.435262 -108.218394 -8.752433 0.078244 -0.486875 -0.86996 -0.666567 -0.674447 0.317505 -0.741327 0.555044 -0.377306 754.dat
1 16 -33.619706 -109.849422 -7.299996 0.058988 -0.450536 -0.890807 -0.747859 -0.611031 0.259514 -0.661231 0.650891 -0.372981 754.dat
1 16 -34.708101 -111.3175 -5.616702 0.041849 -0.406615 -0.912641 -0.816267 -0.540661 0.203455 -0.576157 0.736444 -0.354532 754.dat
1 16 -35.683847 -112.608434 -3.730617 0.027883 -0.358097 -0.933268 -0.870622 -0.467443 0.153347 -0.491162 0.808247 -0.324801 754.dat
1 16 -36.54106 -113.722676 -1.680192 0.018424 -0.312539 -0.949726 -0.908613 -0.401626 0.114541 -0.417233 0.860823 -0.291376 754.dat
1 16 -37.282466 -114.671355 0.495311 0.010755 -0.263596 -0.964573 -0.939375 -0.333282 0.080604 -0.342722 0.905229 -0.2512 754.dat
1 16 -37.907426 -115.458747 2.77097 0.00626 -0.221672 -0.975101 -0.959331 -0.276529 0.056705 -0.282214 0.93509 -0.214388 754.dat
1 16 -38.431101 -116.109922 5.114677 0.003435 -0.183875 -0.982944 -0.973215 -0.226569 0.038982 -0.229872 0.956481 -0.179729 754.dat
1 16 -38.861331 -116.63838 7.508097 0.001487 -0.146903 -0.98915 -0.98357 -0.178776 0.025072 -0.18052 0.972861 -0.144755 754.dat
1 16 -39.205976 -117.056771 9.937521 0.000681 -0.118572 -0.992945 -0.9896 -0.142911 0.016387 -0.143846 0.982607 -0.117436 754.dat
1 16 -39.479552 -117.38567 12.389731 0.000103 -0.089512 -0.995986 -0.994239 -0.106768 0.009493 -0.107189 0.990246 -0.089007 754.dat
1 16 -39.68626 -117.631752 14.858426 -0.000024 -0.067814 -0.997698 -0.99676 -0.080249 0.005478 -0.080436 0.994465 -0.067592 754.dat
1 16 -39.836512 -117.80919 17.33702 -0.000139 -0.042853 -0.999081 -0.998736 -0.050218 0.002293 -0.05027 0.997819 -0.042791 754.dat
1 16 -39.930976 -117.919753 19.82256 -0.000074 -0.026425 -0.999651 -0.999526 -0.030784 0.000888 -0.030797 0.999177 -0.02641 754.dat
1 16 -39.983837 -117.981286 22.2831 -0.000026 -0.009413 -0.999956 -0.999941 -0.010899 0.000129 -0.0109 0.999896 -0.009412 754.dat


0 FILE 5540 - flexHoseWithNorEnds-2o.ldr
0 flexHoseWithNorEnds-2o
0 Name: 5540 - flexHoseWithNorEnds-2o.ldr
0 Author: LDCad
0 !LDRAW_ORG Unofficial_Part
0 !LICENSE Redistributable under CCAL version 2.0 : see CAreadme.txt

0 !CATEGORY hose
0 !KEYWORDS flexible

0 !LDCAD CONTENT [type=path] [addFallBack=default] [looped=false] [displayKind=L] [curveStep=0] [displayLenCor=0]
0 !LDCAD PATH_POINT [type=bezier] [posOri=0 -22 0 0 0 1 0 1 0 -1 0 0] [prevCPDist=25] [nextCPDist=50] [cirR=20] [cirDir=xyCW] [prevYRoll=0] [nextYRoll=0]
0 !LDCAD PATH_POINT [type=bezier] [posOri=-60 -114 24 0 0 1 -1 0 0 0 -1 0] [prevCPDist=50.5] [nextCPDist=25] [cirR=20] [cirDir=xyCW] [prevYRoll=0] [nextYRoll=0]

0 !LDCAD PATH_SKIN [donCol=16] [donOri=1 0 0 0 1 0 0 0 1] [donPart=754.dat] [donYSize=100%] [donCen=absCen] [donCenYOfs=0] [donFinScale=none] [donPlace=refsStat] [donYAlign=0] [donInline=false] [segSize=50%] [segSizeTol=5%] [segsCnt=0] [segsGrp=0] [segsMaxMerge=1] [segsMrgAng=0] [segsMrgRollAng=0] [segsEdgeDelKind=keepFirstLeft]
0 !LDCAD PATH_SKIN [donCol=16] [donOri=1 0 0 0 1 0 0 0 1] [donPart=756.dat] [donYSize=100%] [donCen=absCen] [donCenYOfs=0] [donFinScale=none] [donPlace=refsStat] [donYAlign=0] [donInline=false] [segSize=60%] [segSizeTol=5%] [segsCnt=1] [segsGrp=0] [segsMaxMerge=1] [segsMrgAng=0] [segsMrgRollAng=0] [segsEdgeDelKind=keepFirstLeft]
0 !LDCAD PATH_SKIN [donCol=16] [donOri=1 0 0 0 -1 0 0 0 -1] [donPart=754.dat] [donYSize=100%] [donCen=absCen] [donCenYOfs=0] [donFinScale=none] [donPlace=refsStat] [donYAlign=0] [donInline=false] [segSize=50%] [segSizeTol=5%] [segsCnt=0] [segsGrp=0] [segsMaxMerge=1] [segsMrgAng=0] [segsMrgRollAng=0] [segsEdgeDelKind=keepFirstLeft]

0 !LDCAD PATH_CAP [group=start] [color=46] [posOri=0 -18 0 0 0 1 0 1 0 -1 0 0] [part=752.dat] [extraLen=0mm] [inlineRef=false]
0 !LDCAD PATH_CAP [group=end] [color=46] [posOri=-60 -114 28 0 0 -1 -1 0 0 0 1 0] [part=752.dat] [extraLen=0mm] [inlineRef=false]
0 !LDCAD PATH_CAP [group=start] [color=16] [posOri=0 -18 0 0 0 -1 0 -1 0 -1 0 0] [part=755.dat] [extraLen=0mm] [inlineRef=false]
0 !LDCAD PATH_CAP [group=end] [color=16] [posOri=-60 -114 28 0 0 1 -1 0 0 0 -1 0] [part=755.dat] [extraLen=0mm] [inlineRef=false]

0 !LDCAD GENERATED [generator=LDCad 1.6d]
0 //This is the fallback LDraw content for above PATH configuration.
0 // Do not edit, any changes will be lost upon regeneration.
0 // The path is approx 52.83 mm (132.07) and exists out of 52 segments.

0 //Some general hints about the document.
0 BFC CERTIFY CCW

0 //Start cap reference(s)
1 46 0 -18 0 0 0 1 0 1 0 -1 0 0 752.dat
1 16 0 -18 0 0 0 -1 0 -1 0 -1 0 0 755.dat

0 //End cap reference(s)
1 46 -60 -114 28 0 0 -1 -1 0 0 0 1 0 752.dat
1 16 -60 -114 28 0 0 1 -1 0 0 0 -1 0 755.dat

0 //Segments
1 16 -0.047395 -23.994895 -0.020663 0.000082 0.02375 0.999718 0.010356 0.999664 -0.02375 -0.999946 0.010355 -0.000164 754.dat
1 16 -0.192327 -26.730838 -0.082927 0.001136 0.069478 0.997583 0.029754 0.997139 -0.069481 -0.999557 0.029761 -0.000934 754.dat
1 16 -0.428328 -29.208471 -0.182618 0.002946 0.105521 0.994413 0.044335 0.993425 -0.105547 -0.999012 0.044398 -0.001751 754.dat
1 16 -0.745144 -31.675536 -0.314393 0.005309 0.136429 0.990636 0.056331 0.989036 -0.136511 -0.998398 0.056528 -0.002434 754.dat
1 16 -1.1584 -34.125962 -0.482699 0.009176 0.178462 0.983904 0.071785 0.981289 -0.178657 -0.997378 0.072269 -0.003806 754.dat
1 16 -1.659004 -36.557888 -0.682348 0.013198 0.21055 0.977494 0.082578 0.97401 -0.210914 -0.996497 0.083503 -0.004532 754.dat
1 16 -2.231488 -38.971739 -0.906319 0.017499 0.238035 0.971099 0.0911 0.966828 -0.238629 -0.995688 0.092642 -0.004767 754.dat
1 16 -2.88819 -41.361359 -1.156802 0.023439 0.274524 0.961295 0.101388 0.955948 -0.275469 -0.994571 0.10392 -0.005427 754.dat
1 16 -3.620512 -43.726653 -1.429129 0.029105 0.302262 0.952781 0.107875 0.946668 -0.303618 -0.993738 0.111618 -0.005054 754.dat
1 16 -4.41505 -46.069811 -1.717758 0.034859 0.326068 0.944703 0.112462 0.937994 -0.327902 -0.993044 0.117674 -0.003973 754.dat
1 16 -5.281577 -48.385137 -2.02302 0.042181 0.357123 0.933104 0.117287 0.925708 -0.359594 -0.992202 0.124609 -0.002839 754.dat
1 16 -6.212562 -50.673703 -2.340972 0.048989 0.380787 0.923364 0.119249 0.915632 -0.383925 -0.991655 0.128918 -0.000552 754.dat
1 16 -7.196837 -52.938626 -2.667524 0.055775 0.401219 0.914282 0.119673 0.90642 -0.405069 -0.991245 0.132008 0.002541 754.dat
1 16 -8.242287 -55.174854 -3.00143 0.063929 0.427522 0.901742 0.118953 0.893883 -0.43223 -0.99084 0.134897 0.00629 754.dat
1 16 -9.342578 -57.38408 -3.339443 0.071475 0.447707 0.891319 0.116256 0.883775 -0.45324 -0.990644 0.136016 0.011119 754.dat
1 16 -10.488585 -59.569739 -3.678717 0.078941 0.465284 0.881635 0.112327 0.874611 -0.471634 -0.990531 0.136263 0.016779 754.dat
1 16 -11.686812 -61.727414 -4.016554 0.087484 0.487678 0.868629 0.105956 0.862471 -0.494892 -0.990515 0.135331 0.02378 754.dat
1 16 -12.932021 -63.859038 -4.350248 0.095413 0.50503 0.857812 0.098402 0.852737 -0.512988 -0.990562 0.133356 0.031666 754.dat
1 16 -14.216797 -65.967987 -4.677935 0.103224 0.520292 0.847727 0.089847 0.843918 -0.528895 -0.990592 0.130761 0.040366 754.dat
1 16 -15.546615 -68.050386 -4.995423 0.111737 0.539565 0.834496 0.077558 0.832458 -0.548633 -0.990707 0.126024 0.051168 754.dat
1 16 -16.917148 -70.108166 -5.300334 0.119669 0.554661 0.823426 0.064795 0.823255 -0.563962 -0.990697 0.120843 0.062579 754.dat
1 16 -18.326042 -72.142097 -5.589607 0.127634 0.570202 0.811529 0.049474 0.813542 -0.579397 -0.990587 0.114101 0.075625 754.dat
1 16 -19.768661 -74.154638 -5.862129 0.135247 0.58288 0.801224 0.034144 0.805432 -0.591704 -0.990223 0.107383 0.08903 754.dat
1 16 -21.248204 -76.143172 -6.111873 0.142896 0.598604 0.788196 0.013403 0.795126 -0.606297 -0.989647 0.097202 0.105597 754.dat
1 16 -22.7617 -78.109062 -6.336307 0.150053 0.611343 0.777009 -0.007209 0.786563 -0.617468 -0.988652 0.087052 0.122433 754.dat
1 16 -24.035469 -79.701707 -6.491356 0.156525 0.629272 0.76126 -0.038827 0.774085 -0.63189 -0.98691 0.069349 0.145597 756.dat
1 16 -26.593702 -82.82358 -6.756074 0.168558 -0.646388 -0.744158 -0.080977 -0.761489 0.6431 -0.98236 -0.04814 -0.180698 754.dat
1 16 -28.212047 -84.713448 -6.862798 0.173577 -0.657795 -0.732923 -0.112104 -0.75258 0.648888 -0.978419 -0.030468 -0.204373 754.dat
1 16 -29.857747 -86.581541 -6.924964 0.177994 -0.667799 -0.722746 -0.143931 -0.744244 0.652216 -0.973449 -0.012065 -0.228588 754.dat
1 16 -31.52864 -88.42804 -6.937878 0.181059 -0.678191 -0.712232 -0.181483 -0.734805 0.653549 -0.966582 0.010927 -0.256123 754.dat
1 16 -33.224547 -90.25099 -6.891815 0.183021 -0.687442 -0.702799 -0.221294 -0.725335 0.651857 -0.957879 0.036221 -0.284878 754.dat
1 16 -34.942679 -92.050078 -6.780547 0.183663 -0.695619 -0.694537 -0.263892 -0.715511 0.646842 -0.946905 0.064482 -0.314981 754.dat
1 16 -36.680277 -93.824165 -6.596184 0.18273 -0.702623 -0.687699 -0.309689 -0.705004 0.638014 -0.933114 0.096389 -0.34642 754.dat
1 16 -38.434186 -95.571327 -6.329253 0.179991 -0.708152 -0.682733 -0.358741 -0.693522 0.624766 -0.915919 0.132472 -0.37887 754.dat
1 16 -40.2004 -97.288836 -5.968894 0.175189 -0.711777 -0.680208 -0.411038 -0.680677 0.606405 -0.894627 0.173356 -0.411814 754.dat
1 16 -41.973765 -98.972873 -5.502366 0.167957 -0.712889 -0.680867 -0.466812 -0.665847 0.582009 -0.868261 0.220084 -0.444619 754.dat
1 16 -43.747171 -100.617519 -4.91322 0.157464 -0.710391 -0.685967 -0.527419 -0.647763 0.549757 -0.834886 0.275225 -0.476673 754.dat
1 16 -45.51123 -102.216011 -4.186352 0.14623 -0.703947 -0.695036 -0.584305 -0.628397 0.513521 -0.798251 0.331021 -0.503211 754.dat
1 16 -47.253967 -103.761038 -3.310254 0.130139 -0.690565 -0.711466 -0.648426 -0.602122 0.465825 -0.750072 0.400711 -0.52614 754.dat
1 16 -48.958212 -105.237695 -2.258783 0.113045 -0.670269 -0.733458 -0.708503 -0.571915 0.413445 -0.696595 0.472919 -0.53954 754.dat
1 16 -50.60665 -106.636238 -1.028124 0.096097 -0.643269 -0.759586 -0.76247 -0.538121 0.359256 -0.639847 0.544638 -0.542185 754.dat
1 16 -52.177284 -107.94202 0.389596 0.07569 -0.60225 -0.794711 -0.818333 -0.492905 0.295595 -0.569739 0.627964 -0.530149 754.dat
1 16 -53.639326 -109.131974 2.010844 0.057265 -0.552417 -0.831599 -0.865113 -0.443204 0.234839 -0.498297 0.705979 -0.503283 754.dat
1 16 -54.970619 -110.194559 3.821748 0.040934 -0.493646 -0.868699 -0.903977 -0.388651 0.178258 -0.425617 0.777987 -0.462154 754.dat
1 16 -56.149981 -111.118587 5.805634 0.027221 -0.427303 -0.903698 -0.935119 -0.330386 0.128052 -0.353286 0.84158 -0.408573 754.dat
1 16 -57.165807 -111.900764 7.936138 0.017728 -0.363205 -0.931541 -0.95684 -0.276464 0.089582 -0.290074 0.889747 -0.35243 754.dat
1 16 -58.016819 -112.545821 10.181722 0.009912 -0.291946 -0.956384 -0.974175 -0.218576 0.056626 -0.225575 0.931124 -0.286573 754.dat
1 16 -58.694926 -113.051719 12.520975 0.005132 -0.226536 -0.973989 -0.985347 -0.167198 0.033696 -0.170482 0.959545 -0.224075 754.dat
1 16 -59.215714 -113.434912 14.923734 0.002422 -0.168522 -0.985695 -0.992259 -0.122794 0.018556 -0.124164 0.978019 -0.167515 754.dat
1 16 -59.592846 -113.708954 17.368305 0.000771 -0.111491 -0.993765 -0.996743 -0.080224 0.008227 -0.080641 0.990522 -0.11119 754.dat
1 16 -59.834755 -113.882668 19.839474 0.00013 -0.063571 -0.997977 -0.998971 -0.04527 0.002754 -0.045353 0.99695 -0.063511 754.dat
