0 FILE 555-2 - main.ldr
0 main
0 Name: 555-2 - main.ldr
0 Author: Takeshi Takahashi [RainbowDolphin]
0 !LDRAW_ORG Model
0 !LICENSE Redistributable under CCAL version 2.0 : see CAreadme.txt
0 ROTATION CENTER 0 0 0 1 "Custom"
0 ROTATION CONFIG 0 0
1 0 0 0 0 1 0 0 0 1 0 0 0 1 555-2 - Animal.ldr
1 0 30 -104 0 0 0 1 0 1 0 -1 0 0 555-2 - Minifig.ldr



0 FILE 555-2 - Animal.ldr
0 Animal
0 Name: 555-2 - Animal.ldr
0 Author: Takeshi Takahashi [RainbowDolphin]
0 !LDRAW_ORG Model
0 !LICENSE Redistributable under CCAL version 2.0 : see CAreadme.txt
0 ROTATION CENTER 0 0 0 1 "Custom"
0 ROTATION CONFIG 0 0
1 1 0 0 0 0 0 1 0 1 0 -1 0 0 3001.dat
1 1 60 0 20 1 0 0 0 1 0 0 0 1 3001.dat
1 1 60 0 -20 1 0 0 0 1 0 0 0 1 3001.dat
0 STEP
1 1 0 -24 20 1 0 0 0 1 0 0 0 1 3001.dat
1 1 0 -24 -20 1 0 0 0 1 0 0 0 1 3001.dat
1 1 70 -24 20 1 0 0 0 1 0 0 0 1 3002.dat
1 1 70 -24 -20 1 0 0 0 1 0 0 0 1 3002.dat
0 STEP
1 1 -50 -48 0 1 0 0 0 1 0 0 0 1 3002.dat
1 1 50 -48 0 1 0 0 0 1 0 0 0 1 3002.dat
1 1 0 -48 0 1 0 0 0 1 0 0 0 1 3003.dat
1 1 -10 -48 40 0 0 1 0 1 0 -1 0 0 3004.dat
1 1 -10 -48 -40 0 0 1 0 1 0 -1 0 0 3004.dat
0 STEP
1 1 -60 -24 0 1 0 0 0 1 0 0 0 1 3003.dat
1 1 -60 0 0 1 0 0 0 1 0 0 0 1 3003.dat
1 1 0 24 0 0 0 1 0 1 0 -1 0 0 3001.dat
1 1 80 24 0 0 0 1 0 1 0 -1 0 0 3001.dat
0 STEP
1 14 0 48 0 0 0 1 0 1 0 -1 0 0 3001.dat
1 14 80 48 0 0 0 1 0 1 0 -1 0 0 3001.dat
1 1 -60 24 0 1 0 0 0 1 0 0 0 1 3003.dat
1 1 -40 48 0 1 0 0 0 1 0 0 0 1 3003.dat
0 STEP
1 1 -40 -72 0 1 0 0 0 1 0 0 0 1 3003.dat
1 1 -10 -72 0 0 0 1 0 1 0 -1 0 0 3010.dat
1 15 -60 0 -30 1 0 0 0 1 0 0 0 1 3010.dat
1 15 -60 0 30 1 0 0 0 1 0 0 0 1 3010.dat



0 FILE 555-2 - Minifig.ldr
0 Minifig
0 Name: 555-2 - Minifig.ldr
0 Author: Takeshi Takahashi [RainbowDolphin]
0 !LDRAW_ORG Model
0 !LICENSE Redistributable under CCAL version 2.0 : see CAreadme.txt
0 ROTATION CENTER 0 0 0 1 "Custom"
0 ROTATION CONFIG 0 0
1 4 0 -24 0 0.5 0 -0.866025 0 1 0 0.866025 0 0.5 3624.dat
1 14 0 -24 0 0.5 0 -0.866025 0 1 0 0.866025 0 0.5 3626bp01.dat
1 15 0 0 0 1 0 0 0 1 0 0 0 1 973.dat
1 0 0 32 0 1 0 0 0 1 0 0 0 1 3815b.dat
1 15 -15.552 9 0 0.985 0 -0.17 0.17 0 0.985 0 -1 0 3818.dat
1 15 15.552 9 0 0.985 0.147224 0.085 -0.17 0.853035 0.4925 0 -0.5 0.866025 3819.dat
1 14 -18.9194 -2.05018 -18.761 0.985 -0.12019 -0.12019 0.17 0.696395 0.696395 0 -0.707 0.707 3820.dat
1 14 22.5588 19.0367 -18.3187 0.985 0.164183 -0.0439926 -0.17 0.951293 -0.254898 0 0.25878 0.96578 3820.dat
1 0 0 44 0 1 0 0 0 0.0174524 0.999848 0 -0.999848 0.0174524 3816b.dat
1 0 0 44 0 1 0 0 0 0.0174524 0.999848 0 -0.999848 0.0174524 3817b.dat





