0 FILE 5610 - Main.ldr
0 Main
0 Name: 5610 - Main.ldr
0 Author: Marc Giraudet [Mad_Marc]
0 !LDRAW_ORG Model
0 !LICENSE Redistributable under CCAL version 2.0 : see CAreadme.txt



0 !LICENSE Redistributable under CCAL version 2.0 : see CAreadme.txt
0 !HISTORY 2020-01-01 [Mad_Marc] Minifig head pattern updated

1 0 0 0 0 1 0 0 0 1 0 0 0 1 5610 - Mixer.ldr
1 0 0 0 -70 0.707107 0 -0.707107 0 1 0 0.707107 0 0.707107 5610 - Worker.ldr



0 FILE 5610 - Mixer.ldr
0 Mixer
0 Name: 5610 - Mixer.ldr
0 Author: Marc Giraudet [Mad_Marc]
0 !LDRAW_ORG Model
0 !LICENSE Redistributable under CCAL version 2.0 : see CAreadme.txt
0 !HISTORY 2020-01-01 [Mad_Marc] Minifig head pattern updated

1 72 0 -31.263 23.139 0 -0.731354 -0.681998 -0.190809 0.669468 -0.717917 0.981627 0.130131 -0.139549 6587.dat
1 0 0 -38.513 60.439 0.681998 0 -0.731354 0.717917 0.190809 0.669468 0.139549 -0.981627 0.130131 30663.dat
0 STEP
1 72 0 -13.484 46.969 1 0 0 0 0.981627 -0.190809 0 0.190809 0.981627 32530.dat
0 STEP
1 14 7.313 -37.962 21.837 0.681998 -0.731354 0 0.717917 0.669468 -0.190809 0.139549 0.130131 0.981627 32064a.dat
1 72 0 -5.853 7.703 1 0 0 0 0.981627 -0.190809 0 0.190809 0.981627 32530.dat
0 STEP
1 14 0 3.909 -0.586 0 0 -1 -0.190809 0.981627 0 0.981627 0.190809 0 3795.dat
0 STEP
1 14 13.164 -41.408 10.979 0 -0.731354 -0.681998 -0.190809 0.669468 -0.717917 0.981627 0.130131 -0.139549 3680c01.dat
1 0 0 5.596 -51.193 1 0 0 0 0.981627 -0.190809 0 0.190809 0.981627 3839b.dat
0 STEP
1 72 30.717 -57.475 7.855 0.681998 -0.731354 0 0.717917 0.669468 -0.190809 0.139549 0.130131 0.981627 6222.dat
1 72 65.822 -89.609 1.609 0.681998 -0.731354 0 0.717917 0.669468 -0.190809 0.139549 0.130131 0.981627 4742.dat
0 STEP
1 0 0 0.091 19.046 1 0 0 0 0.981627 -0.190809 0 0.190809 0.981627 6157.dat
1 71 40 5 20 0 0 -1 -0.190809 0.981627 0 0.981627 0.190809 0 4624.dat
1 256 40 5 20 -1 0 0 0 0.981627 0.190809 0 0.190809 -0.981627 3139.dat
1 71 -40 5 20 0 0 1 0.190809 0.981627 0 -0.981627 0.190809 0 4624.dat
1 256 -40 5 20 1 0 0 0 0.981627 -0.190809 0 0.190809 0.981627 3139.dat
0 STEP
1 72 70 16 -20 0 0 -1 0 1 0 1 0 0 6141.dat
1 72 80 16 -50 0 0 -1 0 1 0 1 0 0 6141.dat
1 72 110 16 -30 0 0 -1 0 1 0 1 0 0 6141.dat



0 FILE 5610 - Worker.ldr
0 Worker
0 Name: 5610 - Worker.ldr
0 Author: Marc Giraudet [Mad_Marc]
0 !LDRAW_ORG Model
0 !LICENSE Redistributable under CCAL version 2.0 : see CAreadme.txt
0 !HISTORY 2020-01-01 [Mad_Marc] Minifig head pattern updated

1 4 -20 -72 100 1 0 0 0 1 0 0 0 1 3833.dat
1 14 -20 -72 100 1 0 0 0 1 0 0 0 1 3626bp83.dat
1 25 -20 -48 100 1 0 0 0 1 0 0 0 1 973p8g.dat
1 25 -20 -16 100 1 0 0 0 1 0 0 0 1 3815.dat
1 25 -35.552 -39 100 0.985 -0.17 0 0.17 0.985 0 0 0 1 3818.dat
1 25 -4.448 -39 100 0.985 0.17 0 -0.17 0.985 0 0 0 1 3819.dat
1 72 -43.863 -21.404 89.679 0.985 -0.12019 0.12019 0.17 0.696395 -0.696395 0 0.707 0.707 3820.dat
1 72 3.863 -21.404 89.679 0.985 0.12019 -0.12019 -0.17 0.696395 -0.696395 0 0.707 0.707 3820.dat
1 25 -20 -4 100 1 0 0 0 1 0 0 0 1 3816.dat
1 25 -20 -4 100 1 0 0 0 1 0 0 0 1 3817.dat




