0 FILE 5969 - Main.ldr
0 Main
0 Name: 5969 - Main.ldr
0 Author: Massimo Maso
0 !LDRAW_ORG Model
0 !LICENSE Redistributable under CCAL version 2.0 : see CAreadme.txt

0 ROTATION CENTER 0 0 0 1 "Custom"
0 ROTATION CONFIG 0 0
1 0 0 0 0 1 0 0 0 1 0 0 0 1 5969 - 5969-a.ldr
1 0 0 -6 50 1 0 0 0 0.92388 0.382683 0 -0.382683 0.92388 5969 - 5969-b.ldr






0 FILE 5969 - 5969-a.ldr
0 5969-a
0 Name: 5969 - 5969-a.ldr
0 Author: Massimo Maso
0 !LDRAW_ORG Model
0 !LICENSE Redistributable under CCAL version 2.0 : see CAreadme.txt
0 ROTATION CENTER 0 0 0 1 "Custom"
0 ROTATION CONFIG 0 0
1 0 0 0 0 0 0 1 0 1 0 -1 0 0 3020.dat
0 STEP
1 15 0 -8 30 -1 0 0 0 1 0 0 0 -1 60471.dat
1 0 0 -8 -20 0 0 1 0 1 0 -1 0 0 3020.dat
0 STEP
1 15 -10 -32 0 0 0 1 0 1 0 -1 0 0 30414.dat
1 15 10 -32 0 0 0 -1 0 1 0 1 0 0 30414.dat
1 15 0 -32 -50 1 0 0 0 1 0 0 0 1 32000.dat
0 STEP
1 15 -44 -22 20 0 1 0 -1 0 0 0 0 1 41748.dat
1 15 44 -22 20 0 -1 0 1 0 0 0 0 1 41747.dat
1 1 -10 -22 -60 0 0 1 0 1 0 -1 0 0 4274.dat
1 1 10 -22 -60 0 0 1 0 1 0 -1 0 0 4274.dat
0 STEP
1 8 -52 -22 20 0 1 0 0 0 -1 -1 0 0 2412b.dat
1 8 52 -22 20 0 -1 0 0 0 1 -1 0 0 2412b.dat
1 34 -10 -22 -84 0 0 1 1 0 0 0 1 0 4589.dat
1 34 10 -22 -84 0 0 1 1 0 0 0 1 0 4589.dat
0 STEP
1 7 0 -40 10 0 0 1 0 1 0 -1 0 0 3021.dat
0 STEP
1 15 0 -48 10 1 0 0 0 1 0 0 0 1 3794b.dat
1 15 0 -48 -10 1 0 0 0 1 0 0 0 1 2540.dat
0 STEP
1 0 0 -56 10 0 0 1 0 1 0 -1 0 0 2555.dat
1 36 -10 -48 -10 0 0 1 0 1 0 -1 0 0 54200.dat
1 33 10 -48 -10 0 0 -1 0 1 0 1 0 0 54200.dat
1 15 -20 -46 -30 0 1 0 0.956024 0 0.29329 0.29329 0 -0.956024 2335.dat
0 STEP
1 0 0 -62 10 1 0 0 0 0.707107 0.707107 0 -0.707107 0.707107 30031.dat





0 FILE 5969 - 5969-b.ldr
0 5969-b
0 Name: 5969 - 5969-b.ldr
0 Author: Massimo Maso
0 !LDRAW_ORG Model
0 !LICENSE Redistributable under CCAL version 2.0 : see CAreadme.txt
0 ROTATION CENTER 0 0 0 1 "Custom"
0 ROTATION CONFIG 0 0
1 0 0 6 30 1 0 0 0 1 0 0 0 1 3022.dat
0 STEP
1 15 0 -2 40 -1 0 0 0 1 0 0 0 -1 2540.dat
1 0 0 -2 20 1 0 0 0 1 0 0 0 1 44567.dat
0 STEP
1 4 0 -10 30 1 0 0 0 1 0 0 0 1 3022.dat
0 STEP
1 0 -10 -18 30 0 0 1 0 1 0 -1 0 0 2436a.dat
1 0 10 -18 30 0 0 -1 0 1 0 1 0 0 2436a.dat
0 STEP
1 15 -48 -8 0 0 1 0 1 0 0 0 0 -1 43711.dat
1 15 48 -8 0 0 -1 0 -1 0 0 0 0 -1 43710.dat
0 STEP
1 15 0 -26 40 -1 0 0 0 1 0 0 0 -1 2540.dat








