0 FILE 5972 - 5972.ldr
0 5972
0 Name: 5972 - 5972.ldr
0 Author: Massimo Maso [Sirio]
0 !LDRAW_ORG Model
0 !LICENSE Redistributable under CCAL version 2.0 : see CAreadme.txt

0 !HISTORY 2019-01-26 [technicbasics] OMRize file

0 ROTATION CENTER 0 0 0 1 "Custom"
0 ROTATION CONFIG 0 0
1 0 0 0 0 1 0 0 0 1 0 0 0 1 5972 - 5972-a.ldr
1 0 -100 -14 80 1 0 0 0 1 0 0 0 1 5972 - 5972-b.ldr
1 0 100 -14 80 1 0 0 0 1 0 0 0 1 5972 - 5972-c.ldr
1 0 -60 -14 80 1 0 0 0 1 0 0 0 1 5972 - 5972-d.ldr
1 0 60 -14 80 1 0 0 0 1 0 0 0 1 5972 - 5972-e.ldr
1 0 -30 -14 40 1 0 0 0 0.957 -0.289 0 0.289 0.957 5972 - 5972-f.ldr
1 0 30 -14 40 1 0 0 0 0.957 -0.289 0 0.289 0.957 5972 - 5972-g.ldr
1 0 0 -60.245 193.171 1 0 0 0 1 0 0 0 1 5972 - 5972-h.ldr
1 0 0 -78.245 193.171 1 0 0 0 1 0 0 0 1 5972 - 5972-i.ldr
1 0 -60 -14 -80 0 0 -1 0 1 0 1 0 0 5972 - 5972-j.ldr
1 0 60 -14 -80 0 0 1 0 1 0 -1 0 0 5972 - 5972-j.ldr
1 0 0 -46 -10 1 0 0 0 0.791 0.612 0 -0.612 0.791 5972 - 5972-k.ldr
1 0 -70 -56 -180 1 0 0 0 1 0 0 0 1 5972 - 5972-l.ldr
1 0 70 -56 -180 1 0 0 0 1 0 0 0 1 5972 - 5972-m.ldr
1 0 0 0 0 1 0 0 0 1 0 0 0 1 5972 - 5972-n.ldr










0 FILE 5972 - 5972-a.ldr
0 5972-a
0 Name: 5972 - 5972-a.ldr
0 Author: Massimo Maso [Sirio]
0 !LDRAW_ORG Model
0 !LICENSE Redistributable under CCAL version 2.0 : see CAreadme.txt


0 ROTATION CENTER 0 0 0 1 "Custom"
0 ROTATION CONFIG 0 0
1 7 0 0 150 1 0 0 0 1 0 0 0 1 60479.dat
1 0 -50 0 80 0 0 1 0 1 0 -1 0 0 3666.dat
1 0 50 0 80 0 0 1 0 1 0 -1 0 0 3666.dat
1 7 0 0 10 1 0 0 0 1 0 0 0 1 60479.dat
1 8 0 0 -160 1 0 0 0 1 0 0 0 1 3795.dat
0 STEP
1 6 -100 -24 150 1 0 0 0 1 0 0 0 1 3700.dat
1 14 0 -24 150 1 0 0 0 1 0 0 0 1 3010.dat
1 6 100 -24 150 1 0 0 0 1 0 0 0 1 3700.dat
1 6 -100 -24 10 1 0 0 0 1 0 0 0 1 3700.dat
1 14 0 -24 10 1 0 0 0 1 0 0 0 1 3010.dat
1 6 100 -24 10 1 0 0 0 1 0 0 0 1 3700.dat
1 0 -50 -24 0 0 0 1 0 1 0 -1 0 0 3703.dat
1 0 50 -24 0 0 0 1 0 1 0 -1 0 0 3703.dat
1 0 0 -24 -180 1 0 0 0 1 0 0 0 1 2456.dat
0 STEP
1 0 -100 -14 160 0 0 1 0 1 0 -1 0 0 3673.dat
1 0 100 -14 160 0 0 1 0 1 0 -1 0 0 3673.dat
1 0 -40 -14 40 1 0 0 0 1 0 0 0 1 3673.dat
1 0 40 -14 40 1 0 0 0 1 0 0 0 1 3673.dat
1 0 -100 -14 0 0 0 1 0 1 0 -1 0 0 3673.dat
1 0 100 -14 0 0 0 1 0 1 0 -1 0 0 3673.dat
0 STEP
1 7 0 -32 150 1 0 0 0 1 0 0 0 1 60479.dat
1 7 0 -32 10 1 0 0 0 1 0 0 0 1 60479.dat
1 0 0 -32 -100 0 0 1 0 1 0 -1 0 0 3033.dat
0 STEP
1 6 0 -40 -30 1 0 0 0 1 0 0 0 1 3023.dat
1 14 0 -40 -150 1 0 0 0 1 0 0 0 1 3829c01.dat
0 STEP
1 14 0 -48 -30 1 0 0 0 1 0 0 0 1 3069b.dat
0 STEP
1 7 0 -56 -10 -1 0 0 0 1 0 0 0 -1 3937.dat
1 14 0 -56 -50 1 0 0 0 1 0 0 0 1 3298.dat
1 0 -50 -56 -100 0 0 1 0 1 0 -1 0 0 3009.dat
1 0 50 -56 -100 0 0 1 0 1 0 -1 0 0 3009.dat
1 7 -50 -56 -180 0 0 1 0 1 0 -1 0 0 32064a.dat
1 6 0 -56 -180 1 0 0 0 1 0 0 0 1 3001.dat
1 7 50 -56 -180 0 0 1 0 1 0 -1 0 0 32064a.dat
0 STEP
1 7 -20 -64 -190 1 0 0 0 1 0 0 0 1 44728.dat
1 7 20 -64 -190 1 0 0 0 1 0 0 0 1 44728.dat
0 STEP
1 6 0 -44 -212 1 0 0 0 0 -1 0 1 0 3020.dat
0 STEP
1 6 0 -44 -236 1 0 0 0 0 -1 0 1 0 3001.dat
0 STEP
1 8 0 -44 -244 1 0 0 0 0 -1 0 1 0 3795.dat
0 STEP
1 7 -50 -44 -252 0 0 1 1 0 0 0 1 0 44568.dat
1 6 0 -44 -252 1 0 0 0 0 -1 0 1 0 3020.dat
1 7 50 -44 -252 0 0 -1 -1 0 0 0 1 0 44568.dat
0 STEP
1 8 -85.556 -44 -231.615 0 0.707107 0.707107 1 0 0 0 0.707107 -0.707107 44569.dat
1 8 85.556 -44 -231.615 0 -0.707107 -0.707107 -1 0 0 0 0.707107 -0.707107 44569.dat
0 STEP
1 8 0 -44 -260 1 0 0 0 0 -1 0 1 0 3795.dat
1 47 -50 -74 -252 0 0 1 1 0 0 0 1 0 54200.dat
1 47 50 -74 -252 0 0 -1 -1 0 0 0 1 0 54200.dat
0 STEP
1 7 -40 -44 -284 1 0 0 0 0 -1 0 1 0 3062b.dat
1 7 0 -44 -284 1 0 0 0 0 -1 0 1 0 3062b.dat
1 7 40 -44 -284 1 0 0 0 0 -1 0 1 0 3062b.dat
0 STEP
1 7 -40 -44 -288 -1 0 0 0 0 1 0 1 0 64727.dat
1 7 0 -44 -288 -1 0 0 0 0 1 0 1 0 64727.dat
1 7 40 -44 -288 -1 0 0 0 0 1 0 1 0 64727.dat
0 STEP
1 14 0 -72 -210 0 0 1 0 1 0 -1 0 0 3021.dat
0 STEP
1 4 -50 -80 -120 0 0 1 0 1 0 -1 0 0 3008.dat
1 4 50 -80 -120 0 0 1 0 1 0 -1 0 0 3008.dat
1 0 0 -80 -230 1 0 0 0 1 0 0 0 1 50949.dat
0 STEP
1 0 -50 -88 -80 0 0 1 0 1 0 -1 0 0 3710.dat
1 0 50 -88 -80 0 0 1 0 1 0 -1 0 0 3710.dat
1 0 -50 -88 -140 0 0 1 0 1 0 -1 0 0 4623.dat
1 0 50 -88 -140 0 0 -1 0 1 0 1 0 0 4623.dat
0 STEP
1 0 -87.556 -96 -127.272 0 0.707107 -0.707107 -1 0 0 0 0.707107 0.707107 4081b.dat
1 0 87.556 -96 -127.272 0 -0.707107 0.707107 1 0 0 0 0.707107 0.707107 4081b.dat
0 STEP
1 0 -50 -112 -60 0 0 -1 0 1 0 1 0 0 4865a.dat
1 0 50 -112 -60 0 0 1 0 1 0 -1 0 0 4865a.dat
1 0 0 -96 -150 1 0 0 0 1 0 0 0 1 6636.dat
1 0 0 -96 -170 1 0 0 0 1 0 0 0 1 52031.dat
0 STEP
1 39 0 -112 -90 1 0 0 0 1 0 0 0 1 3939.dat
0 STEP
1 0 0 -128 -50 1 0 0 0 1 0 0 0 1 52031.dat
0 STEP
1 57 30 -136 -50 0 0 1 0 1 0 -1 0 0 54200.dat
0 STEP
1 57 -30 -136 -50 0 0 -1 0 1 0 1 0 0 54200.dat
1 8 0 -144 -50 1 0 0 0 1 0 0 0 1 2540.dat
1 0 0 -136 -50 1 0 0 0 1 0 0 0 1 3710.dat
0 STEP
1 0 -20 -162 -72 1 0 0 0 0 -1 0 1 0 4081b.dat
1 0 20 -162 -72 1 0 0 0 0 -1 0 1 0 4081b.dat
0 STEP
1 47 -20 -162 -72 1 0 0 0 0 -1 0 1 0 54200.dat
1 47 20 -162 -72 1 0 0 0 0 -1 0 1 0 54200.dat






0 FILE 5972 - 5972-b.ldr
0 5972-b
0 Name: 5972 - 5972-b.ldr
0 Author: Massimo Maso [Sirio]
0 !LDRAW_ORG Model
0 !LICENSE Redistributable under CCAL version 2.0 : see CAreadme.txt



0 ROTATION CENTER 0 0 0 1 "Custom"
0 ROTATION CONFIG 0 0
1 0 0 -10 100 0 0 1 0 1 0 -1 0 0 10247.dat
1 0 0 -10 -100 0 0 -1 0 1 0 1 0 0 10247.dat
0 STEP
1 8 0 -34 100 1 0 0 0 1 0 0 0 1 3003.dat
1 8 0 -34 -100 1 0 0 0 1 0 0 0 1 3003.dat
0 STEP
1 14 60 -42 190 1 0 0 0 1 0 0 0 1 3710.dat
1 14 0 -42 40 0 0 1 0 1 0 -1 0 0 4282.dat
1 14 60 -42 -110 1 0 0 0 1 0 0 0 1 3710.dat
0 STEP
1 14 40 -162 190 1 0 0 0 1 0 0 0 1 59349.dat
1 14 -10 -162 120 0 0 -1 0 1 0 1 0 0 59349.dat
1 14 -10 -162 40 0 0 1 0 1 0 -1 0 0 2454.dat
1 14 -10 -162 -40 0 0 -1 0 1 0 1 0 0 59349.dat
1 14 40 -162 -110 -1 0 0 0 1 0 0 0 -1 59349.dat
0 STEP
1 14 0 -170 40 0 0 1 0 1 0 -1 0 0 4282.dat
1 14 40 -170 40 0 0 1 0 1 0 -1 0 0 4282.dat
1 14 80 -170 40 0 0 1 0 1 0 -1 0 0 4282.dat
0 STEP
1 14 40 -178 190 1 0 0 0 1 0 0 0 1 6636.dat
1 8 90 -178 160 0 0 1 0 1 0 -1 0 0 2412b.dat
1 8 90 -178 -80 0 0 1 0 1 0 -1 0 0 2412b.dat
1 14 40 -178 -110 1 0 0 0 1 0 0 0 1 6636.dat






0 FILE 5972 - 5972-c.ldr
0 5972-c
0 Name: 5972 - 5972-c.ldr
0 Author: Massimo Maso [Sirio]
0 !LDRAW_ORG Model
0 !LICENSE Redistributable under CCAL version 2.0 : see CAreadme.txt


0 ROTATION CENTER 0 0 0 1 "Custom"
0 ROTATION CONFIG 0 0
1 0 0 -10 100 0 0 1 0 1 0 -1 0 0 10247.dat
1 0 0 -10 -100 0 0 -1 0 1 0 1 0 0 10247.dat
0 STEP
1 8 0 -34 100 1 0 0 0 1 0 0 0 1 3003.dat
1 8 0 -34 -100 1 0 0 0 1 0 0 0 1 3003.dat
0 STEP
1 14 -60 -42 190 1 0 0 0 1 0 0 0 1 3710.dat
1 14 0 -42 40 0 0 1 0 1 0 -1 0 0 4282.dat
1 14 -60 -42 -110 1 0 0 0 1 0 0 0 1 3710.dat
0 STEP
1 14 -40 -162 190 1 0 0 0 1 0 0 0 1 59349.dat
1 14 10 -162 120 0 0 1 0 1 0 -1 0 0 59349.dat
1 14 10 -162 40 0 0 1 0 1 0 -1 0 0 2454.dat
1 14 10 -162 -40 0 0 1 0 1 0 -1 0 0 59349.dat
1 14 -40 -162 -110 -1 0 0 0 1 0 0 0 -1 59349.dat
0 STEP
1 14 -80 -170 40 0 0 1 0 1 0 -1 0 0 4282.dat
1 14 -40 -170 40 0 0 1 0 1 0 -1 0 0 4282.dat
1 14 0 -170 40 0 0 1 0 1 0 -1 0 0 4282.dat
0 STEP
1 14 -40 -178 190 1 0 0 0 1 0 0 0 1 6636.dat
1 8 -90 -178 160 0 0 1 0 1 0 -1 0 0 2412b.dat
1 8 -90 -178 -80 0 0 1 0 1 0 -1 0 0 2412b.dat
1 8 10 -178 -90 0 0 1 0 1 0 -1 0 0 208.dat
1 14 -40 -178 -110 1 0 0 0 1 0 0 0 1 6636.dat






0 FILE 5972 - 5972-d.ldr
0 5972-d
0 Name: 5972 - 5972-d.ldr
0 Author: Massimo Maso [Sirio]
0 !LDRAW_ORG Model
0 !LICENSE Redistributable under CCAL version 2.0 : see CAreadme.txt


0 ROTATION CENTER 0 0 0 1 "Custom"
0 ROTATION CONFIG 0 0
1 0 -180 -2 0 1 0 0 0 1 0 0 0 1 3020.dat
1 0 -40 -2 0 0 0 1 0 1 0 -1 0 0 3020.dat
0 STEP
1 0 -20 -10 20 1 0 0 0 1 0 0 0 1 10247.dat
1 0 -20 -10 -20 1 0 0 0 1 0 0 0 1 10247.dat
0 STEP
1 0 0 0 20 1 0 0 0 1 0 0 0 1 3673.dat
1 0 0 0 -20 1 0 0 0 1 0 0 0 1 3673.dat
0 STEP
1 8 -100 -18 0 0 0 1 0 1 0 -1 0 0 30036.dat
1 14 -10 -18 0 0 0 1 0 1 0 -1 0 0 3710.dat
0 STEP
1 6 -170 -18 0 0 0 1 0 1 0 -1 0 0 3023.dat
0 STEP
1 7 -200 -26 0 1 0 0 0 1 0 0 0 1 3003.dat
1 6 -170 -26 0 0 0 1 0 1 0 -1 0 0 3023.dat
1 0 -20 -26 0 0 0 1 0 1 0 -1 0 0 3020.dat
0 STEP
1 0 -190 -36 0 1 0 0 0 1 0 0 0 1 30360.dat
1 8 -150 -42 0 0 0 -1 0 1 0 1 0 0 30236.dat
0 STEP
1 0 -130 -32 -20 0.917192 0 -0.398445 -0.398445 0 -0.917192 0 1 0 44676.dat
1 8 -190 -36 60 1 0 0 0 0 -1 0 1 0 4032a.dat
0 ROTSTEP 23 135 0 ABS
1 57 -190 -36 68 0 0 -1 1 0 0 0 -1 0 85959p02.dat
0 STEP
1 8 -190 -36 -60 1 0 0 0 0 -1 0 1 0 30367b.dat
0 ROTSTEP END
1 6 -160 -50 0 1 0 0 0 1 0 0 0 1 3022.dat
0 STEP
1 8 -170 -58 0 0 0 1 0 1 0 -1 0 0 3794b.dat
0 STEP
1 8 -190 -66 0 0 0 1 0 1 0 -1 0 0 85943.dat
1 8 -170 -66 0 1 0 0 0 1 0 0 0 1 2555.dat
0 STEP
1 4 -220 -56 0 0 0 1 0 1 0 -1 0 0 32062.dat
0 STEP
0 STEP
1 8 -190 -66 20 -1 0 0 0 1 0 0 0 -1 61409.dat
1 7 -190 -74 -10 1 0 0 0 1 0 0 0 1 6141.dat
0 STEP
1 8 -170 -72 0 0 -1 0 0 0 1 -1 0 0 30031.dat
1 8 -190 -78 -10 1 0 0 0 1 0 0 0 1 30162.dat






0 FILE 5972 - 5972-e.ldr
0 5972-e
0 Name: 5972 - 5972-e.ldr
0 Author: Massimo Maso [Sirio]
0 !LDRAW_ORG Model
0 !LICENSE Redistributable under CCAL version 2.0 : see CAreadme.txt


0 ROTATION CENTER 0 0 0 1 "Custom"
0 ROTATION CONFIG 0 0
1 0 40 -2 0 0 0 1 0 1 0 -1 0 0 3020.dat
1 0 180 -2 0 1 0 0 0 1 0 0 0 1 3020.dat
0 STEP
1 0 20 -10 20 -1 0 0 0 1 0 0 0 -1 10247.dat
1 0 20 -10 -20 -1 0 0 0 1 0 0 0 -1 10247.dat
0 STEP
1 0 0 0 20 1 0 0 0 1 0 0 0 1 3673.dat
1 0 0 0 -20 1 0 0 0 1 0 0 0 1 3673.dat
0 STEP
1 14 10 -18 0 0 0 1 0 1 0 -1 0 0 3710.dat
1 8 100 -18 0 0 0 -1 0 1 0 1 0 0 30036.dat
0 STEP
1 6 170 -18 0 0 0 1 0 1 0 -1 0 0 3023.dat
0 STEP
1 0 20 -26 0 0 0 1 0 1 0 -1 0 0 3020.dat
1 6 170 -26 0 0 0 1 0 1 0 -1 0 0 3023.dat
1 7 200 -26 0 1 0 0 0 1 0 0 0 1 3003.dat
0 STEP
1 8 150 -42 0 0 0 1 0 1 0 -1 0 0 30236.dat
1 0 190 -36 0 1 0 0 0 1 0 0 0 1 30360.dat
0 STEP
1 0 130 -32 -20 0.917192 0 0.398445 0.398445 0 -0.917192 0 1 0 44676.dat
1 8 190 -36 60 1 0 0 0 0 -1 0 1 0 4032a.dat
0 ROTSTEP 23 135 0 ABS
1 57 190 -36 68 0 0 -1 1 0 0 0 -1 0 85959p02.dat
0 STEP
1 8 190 -36 -60 1 0 0 0 0 -1 0 1 0 30367b.dat
0 ROTSTEP END
1 6 160 -50 0 1 0 0 0 1 0 0 0 1 3022.dat
0 STEP
1 8 170 -58 0 0 0 1 0 1 0 -1 0 0 3794b.dat
0 STEP
1 8 170 -66 0 1 0 0 0 1 0 0 0 1 2555.dat
1 8 190 -66 0 0 0 -1 0 1 0 1 0 0 85943.dat
0 STEP
1 4 220 -56 0 0 0 1 0 1 0 -1 0 0 32062.dat
0 STEP
0 STEP
1 8 190 -66 20 -1 0 0 0 1 0 0 0 -1 61409.dat
1 7 190 -74 -10 1 0 0 0 1 0 0 0 1 6141.dat
0 STEP
1 8 170 -72 0 0 1 0 0 0 1 1 0 0 30031.dat
1 8 190 -78 -10 1 0 0 0 1 0 0 0 1 30162.dat






0 FILE 5972 - 5972-f.ldr
0 5972-f
0 Name: 5972 - 5972-f.ldr
0 Author: Massimo Maso [Sirio]
0 !LDRAW_ORG Model
0 !LICENSE Redistributable under CCAL version 2.0 : see CAreadme.txt

0 ROTATION CENTER 0 0 0 1 "Custom"
0 ROTATION CONFIG 0 0
1 7 0 0 80 0 -1 0 1 0 0 0 0 1 40490.dat
1 0 10 0 160 1 0 0 0 1 0 0 0 1 3673.dat






0 FILE 5972 - 5972-g.ldr
0 5972-g
0 Name: 5972 - 5972-g.ldr
0 Author: Massimo Maso [Sirio]
0 !LDRAW_ORG Model
0 !LICENSE Redistributable under CCAL version 2.0 : see CAreadme.txt

0 ROTATION CENTER 0 0 0 1 "Custom"
0 ROTATION CONFIG 0 0
1 7 0 0 80 0 -1 0 1 0 0 0 0 1 40490.dat
0 STEP
1 7 0 0 160 -1 0 0 0 1 0 0 0 -1 32054.dat






0 FILE 5972 - 5972-h.ldr
0 5972-h
0 Name: 5972 - 5972-h.ldr
0 Author: Massimo Maso [Sirio]
0 !LDRAW_ORG Model
0 !LICENSE Redistributable under CCAL version 2.0 : see CAreadme.txt

0 ROTATION CENTER 0 0 0 1 "Custom"
0 ROTATION CONFIG 0 0
1 7 0 -10 0 1 0 0 0 1 0 0 0 1 2817.dat
0 STEP
1 0 0 -18 0 1 0 0 0 1 0 0 0 1 3680.dat






0 FILE 5972 - 5972-i.ldr
0 5972-i
0 Name: 5972 - 5972-i.ldr
0 Author: Massimo Maso [Sirio]
0 !LDRAW_ORG Model
0 !LICENSE Redistributable under CCAL version 2.0 : see CAreadme.txt

0 ROTATION CENTER 0 0 0 1 "Custom"
0 ROTATION CONFIG 0 0
1 7 0 0 0 1 0 0 0 1 0 0 0 1 3679.dat
0 STEP
1 8 0 -8 0 0 0 1 0 1 0 -1 0 0 3795.dat
0 STEP
1 15 0 -16 50 1 0 0 0 1 0 0 0 1 3794b.dat
1 15 0 -16 30 1 0 0 0 1 0 0 0 1 3794b.dat
1 15 0 -16 -30 1 0 0 0 1 0 0 0 1 3794b.dat
1 15 0 -16 -50 1 0 0 0 1 0 0 0 1 3794b.dat
0 STEP
1 15 0 -50 0 1 0 0 0 1 0 0 0 1 30360.dat
0 STEP
1 8 0 -50 -60 1 0 0 0 0 -1 0 1 0 3941.dat
0 STEP
1 15 0 -50 -108 1 0 0 0 0 -1 0 1 0 3942c.dat
0 STEP
1 15 0 -50 -116 1 0 0 0 0 1 0 -1 0 4740.dat
0 STEP
1 15 0 -50 -124 1 0 0 0 0 1 0 -1 0 4740.dat
0 STEP
1 15 0 -50 -136 1 0 0 0 0 1 0 -1 0 3957a.dat
0 STEP
1 34 0 -50 -144 1 0 0 0 0 1 0 -1 0 6141.dat
0 STEP
1 15 0 -50 -152 1 0 0 0 0 1 0 -1 0 6141.dat
0 STEP
1 34 0 -50 -160 1 0 0 0 0 1 0 -1 0 3062b.dat
0 STEP
1 15 -20 -64 0 0 0 1 0 1 0 -1 0 0 2436a.dat
1 15 20 -64 0 0 0 -1 0 1 0 1 0 0 2436a.dat
0 STEP
1 33 -34 -54 30 0 1 0 -1 0 0 0 0 1 54200.dat
1 36 34 -54 30 0 -1 0 1 0 0 0 0 1 54200.dat
1 15 -42 -54 0 0 1 0 0 0 -1 -1 0 0 2412b.dat
1 15 42 -54 0 0 -1 0 0 0 1 -1 0 0 2412b.dat
1 36 -34 -54 -30 0 1 0 1 0 0 0 0 -1 54200.dat
1 33 34 -54 -30 0 -1 0 -1 0 0 0 0 -1 54200.dat
0 STEP
1 7 -20 -72 10 1 0 0 0 1 0 0 0 1 6141.dat
1 7 20 -72 10 1 0 0 0 1 0 0 0 1 6141.dat
1 7 -20 -72 -10 1 0 0 0 1 0 0 0 1 6141.dat
1 7 20 -72 -10 1 0 0 0 1 0 0 0 1 6141.dat
0 STEP
1 7 0 -80 0 0 0 1 0 1 0 -1 0 0 3004.dat
0 STEP
1 15 0 -88 0 0 0 1 0 1 0 -1 0 0 2431.dat






0 FILE 5972 - 5972-j.ldr
0 5972-j
0 Name: 5972 - 5972-j.ldr
0 Author: Massimo Maso [Sirio]
0 !LDRAW_ORG Model
0 !LICENSE Redistributable under CCAL version 2.0 : see CAreadme.txt

0 ROTATION CENTER 0 0 0 1 "Custom"
0 ROTATION CONFIG 0 0
1 0 0 -70 30 0 -1 0 1 0 0 0 0 1 3706.dat
0 STEP
1 7 0 -50 30 0 -1 0 0 0 1 -1 0 0 55981.dat
1 7 0 -90 30 0 -1 0 0 0 1 -1 0 0 55981.dat
0 STEP
1 7 0 0 30 1 0 0 0 1 0 0 0 1 32014.dat
1 7 0 -130 30 1 0 0 0 0 -1 0 1 0 59443.dat
0 STEP
1 1 0 0 0 0 0 -1 0 1 0 1 0 0 3749.dat






0 FILE 5972 - 5972-k.ldr
0 5972-k
0 Name: 5972 - 5972-k.ldr
0 Author: Massimo Maso [Sirio]
0 !LDRAW_ORG Model
0 !LICENSE Redistributable under CCAL version 2.0 : see CAreadme.txt

0 ROTATION CENTER 0 0 0 1 "Custom"
0 ROTATION CONFIG 0 0
1 0 0 -10 0 1 0 0 0 1 0 0 0 1 6134.dat
0 STEP
1 15 0 -18 10 1 0 0 0 1 0 0 0 1 3068b.dat






0 FILE 5972 - 5972-l.ldr
0 5972-l
0 Name: 5972 - 5972-l.ldr
0 Author: Massimo Maso [Sirio]
0 !LDRAW_ORG Model
0 !LICENSE Redistributable under CCAL version 2.0 : see CAreadme.txt


0 ROTATION CENTER 0 0 0 1 "Custom"
0 ROTATION CONFIG 0 0
1 0 -30 24 0 1 0 0 0 1 0 0 0 1 3020.dat
0 STEP
1 8 -60 0 0 0 0 1 0 1 0 -1 0 0 3660.dat
1 7 -20 0 0 0 0 1 0 1 0 -1 0 0 32064a.dat
1 7 0 0 0 0 0 1 0 1 0 -1 0 0 32064a.dat
0 STEP
1 8 -2 10 0 -1 0 0 0 1 0 0 0 -1 6587.dat
0 STEP
1 6 -40 0 0 0 0 1 0 1 0 -1 0 0 3700.dat
0 STEP
1 8 -20 -16 0 0 0 -1 0 1 0 1 0 0 47457.dat
0 STEP
1 0 -60 -10 0 1 0 0 0 1 0 0 0 1 30360.dat
0 STEP
1 8 -60 -10 -60 1 0 0 0 0 -1 0 1 0 3941.dat
0 STEP
1 0 -60 -10 -60 1 0 0 0 0 -1 0 1 0 63965.dat
0 STEP
1 42 -60 -10 -134 1 0 0 0 0 1 0 -1 0 4740.dat
0 STEP
1 0 -60 -10 -142 1 0 0 0 0 1 0 -1 0 3062b.dat
0 STEP
1 42 -60 -10 -166 1 0 0 0 0 1 0 -1 0 6141.dat
0 STEP
1 6 -30 -24 0 1 0 0 0 1 0 0 0 1 3022.dat
0 STEP
1 8 -40 -32 0 0 0 1 0 1 0 -1 0 0 3794b.dat
0 STEP
1 8 -60 -40 0 0 0 1 0 1 0 -1 0 0 85943.dat
1 8 -40 -40 0 1 0 0 0 1 0 0 0 1 2555.dat
0 STEP
1 4 -90 -30 0 0 0 1 0 1 0 -1 0 0 32062.dat
0 STEP
0 STEP
1 8 -60 -40 20 -1 0 0 0 1 0 0 0 -1 61409.dat
1 7 -60 -48 -10 1 0 0 0 1 0 0 0 1 6141.dat
0 STEP
1 8 -40 -46 0 0 -1 0 0 0 1 -1 0 0 30031.dat
1 8 -60 -54 -10 1 0 0 0 1 0 0 0 1 30162.dat






0 FILE 5972 - 5972-m.ldr
0 5972-m
0 Name: 5972 - 5972-m.ldr
0 Author: Massimo Maso [Sirio]
0 !LDRAW_ORG Model
0 !LICENSE Redistributable under CCAL version 2.0 : see CAreadme.txt

0 ROTATION CENTER 0 0 0 1 "Custom"
0 ROTATION CONFIG 0 0
1 0 30 24 0 1 0 0 0 1 0 0 0 1 3020.dat
0 STEP
1 7 0 0 0 0 0 1 0 1 0 -1 0 0 32064a.dat
1 7 20 0 0 0 0 1 0 1 0 -1 0 0 32064a.dat
1 8 60 0 0 0 0 -1 0 1 0 1 0 0 3660.dat
0 STEP
1 8 -2 10 0 1 0 0 0 1 0 0 0 1 6587.dat
0 STEP
1 6 40 0 0 0 0 1 0 1 0 -1 0 0 3700.dat
0 STEP
1 8 20 -16 0 0 0 1 0 1 0 -1 0 0 47457.dat
0 STEP
1 0 60 -10 0 1 0 0 0 1 0 0 0 1 30360.dat
0 STEP
1 8 60 -10 -60 1 0 0 0 0 -1 0 1 0 3941.dat
0 STEP
1 0 60 -10 -60 1 0 0 0 0 -1 0 1 0 63965.dat
0 STEP
1 42 60 -10 -134 1 0 0 0 0 1 0 -1 0 4740.dat
0 STEP
1 0 60 -10 -142 1 0 0 0 0 1 0 -1 0 3062b.dat
0 STEP
1 42 60 -10 -166 1 0 0 0 0 1 0 -1 0 6141.dat
0 STEP
1 6 30 -24 0 1 0 0 0 1 0 0 0 1 3022.dat
0 STEP
1 8 40 -32 0 0 0 1 0 1 0 -1 0 0 3794b.dat
0 STEP
1 8 60 -40 0 0 0 -1 0 1 0 1 0 0 85943.dat
1 8 40 -40 0 1 0 0 0 1 0 0 0 1 2555.dat
0 STEP
1 4 90 -30 0 0 0 1 0 1 0 -1 0 0 32062.dat
0 STEP
0 STEP
1 8 60 -40 20 -1 0 0 0 1 0 0 0 -1 61409.dat
1 8 60 -48 -10 0 0 1 0 1 0 -1 0 0 208.dat
0 STEP
1 8 40 -46 0 0 1 0 0 0 1 1 0 0 30031.dat
1 8 60 -54 -10 1 0 0 0 1 0 0 0 1 30162.dat







0 FILE 5972 - 5972-n.ldr
0 5972-n
0 Name: 5972 - 5972-n.ldr
0 Author: Massimo Maso [Sirio]
0 !LDRAW_ORG Model
0 !LICENSE Redistributable under CCAL version 2.0 : see CAreadme.txt

0 SYNTH BEGIN MINIFIG_CHAIN_16L 16
0 1 4 146.828 -102.5 -187.172 0.707107 -0.707107 0 0 0 1 -0.707107 -0.707107 0 LS01.dat
0 1 4 133.899 -190.5 -19.899 0.707107 0.707107 0 0 0 1 0.707107 -0.707107 0 LS01.dat
0 SYNTH SHOW
0 SYNTH SYNTHESIZED BEGIN
0 ROTATION CENTER 0 0 0 1 "Custom"
0 ROTATION CONFIG 0 0
1 8 152.1 -103.836 -180.001 -0.097 0.5857 0.8047 -0.9889 -0.1484 -0.0112 -0.1129 0.7968 -0.5936 209.dat
1 8 156.051 -106.945 -171.559 -0.9082 0.3833 -0.1684 0.035 -0.3313 -0.9429 0.4172 0.8622 -0.2875 209.dat
1 8 158.704 -111.01 -162.933 0.1754 0.2561 -0.9506 0.9067 -0.4183 0.0546 0.3837 0.8714 0.3056 209.dat
1 8 160.492 -115.59 -154.297 0.9717 0.1719 0.1619 -0.0648 -0.4651 0.8829 -0.2271 0.8684 0.4408 209.dat
1 8 161.655 -120.467 -145.71 -0.1407 0.111 0.9838 -0.8673 -0.493 -0.0684 -0.4774 0.8629 -0.1657 209.dat
1 8 162.334 -125.533 -137.17 -0.9912 0.0638 -0.1162 0.0677 -0.5106 -0.8572 0.114 0.8575 -0.5018 209.dat
1 8 162.618 -130.71 -128.688 0.0902 0.0248 -0.9956 0.8506 -0.5218 0.0641 0.5179 0.8527 0.0682 209.dat
1 8 162.562 -135.954 -120.257 0.9979 -0.0088 0.0636 -0.0586 -0.5287 0.8468 -0.0262 0.8487 0.5282 209.dat
1 8 162.202 -141.244 -111.847 -0.0366 -0.0391 0.9986 -0.8449 -0.5324 -0.0518 -0.5337 0.8456 0.0135 209.dat
1 8 161.558 -146.55 -103.457 -0.9977 -0.0674 -0.0096 0.0442 -0.5335 -0.8447 -0.0518 0.8431 -0.5352 209.dat
1 8 160.641 -151.839 -95.0942 -0.0171 -0.0948 -0.9953 0.8459 -0.5321 0.0361 0.533 0.8414 -0.0893 209.dat
1 8 159.452 -157.092 -86.7428 0.9916 -0.1222 -0.0434 -0.028 -0.5282 0.8486 0.1267 0.8403 0.5272 209.dat
1 8 157.979 -162.289 -78.386 0.0691 -0.1507 0.9862 -0.8529 -0.5217 -0.02 -0.5175 0.8397 0.1646 209.dat
1 8 156.205 -167.392 -70.0294 -0.979 -0.1812 0.0937 0.0126 -0.5118 -0.859 -0.2036 0.8398 -0.5033 209.dat
1 8 154.098 -172.345 -61.6872 -0.1166 -0.2154 -0.9695 0.8674 -0.4976 0.0062 0.4838 0.8402 -0.2449 209.dat
1 8 151.596 -177.107 -53.3278 0.9571 -0.2554 -0.137 -0.0015 -0.4771 0.8789 0.2899 0.8409 0.457 209.dat
1 8 148.61 -181.577 -44.9635 0.1528 -0.305 0.94 -0.8948 -0.4466 0.0006 -0.4196 0.8412 0.3412 209.dat
1 8 144.983 -185.586 -36.615 -0.9149 -0.3707 0.1598 0.0012 -0.3984 -0.9172 -0.4037 0.8389 -0.3649 209.dat
1 8 140.443 -188.789 -28.3793 -0.1463 -0.4657 -0.8728 0.9493 -0.3142 0.0085 0.2782 0.8273 -0.4881 209.dat
1 8 134.481 -190.372 -20.6256 0.7856 -0.6143 -0.0746 -0.0182 -0.1434 0.9895 0.6185 0.776 0.1238 209.dat
1 8 127.568 -190.5 -13.5678 0 -0.7071 0.7071 -1 0 0 0 0.7071 0.7071 209.dat
0 SYNTH SYNTHESIZED END
0 SYNTH END








