0 FILE 5973 - 5973.ldr
0 5973
0 Name: 5973 - 5973.ldr
0 Author: Massimo Maso [Sirio]
0 !LDRAW_ORG Model
0 !LICENSE Redistributable under CCAL version 2.0 : see CAreadme.txt

0 !HISTORY

0 ROTATION CENTER 0 0 0 1 "Custom"
0 ROTATION CONFIG 0 0
1 0 -300 0 0 1 0 0 0 1 0 0 0 1 5973 - 5973-1.ldr
1 0 300 0 0 1 0 0 0 1 0 0 0 1 5973 - 5973-2.ldr
1 0 300 -28 80 1 0 0 0 1 0 0 0 1 5973 - 5973-3.ldr





0 FILE 5973 - 5973-1.ldr
0 5973-1
0 Name: 5973 - 5973-1.ldr
0 Author: Massimo Maso [Sirio]
0 !LDRAW_ORG Model
0 !LICENSE Redistributable under CCAL version 2.0 : see CAreadme.txt

0 !HISTORY

0 ROTATION CENTER 0 0 0 1 "Custom"
0 ROTATION CONFIG 0 0
1 0 0 0 0 1 0 0 0 1 0 0 0 1 5973 - 5973-1-a.ldr
1 0 0 -38 -70 1 0 0 0 0.383 0.924 0 -0.924 0.383 5973 - 5973-1-b.ldr
1 0 0 0 0 1 0 0 0 1 0 0 0 1 5973 - 5973-1-c.ldr
1 0 -130 -40 290 1 0 0 0 0.243 -0.97 0 0.97 0.243 5973 - 5973-5979-0-a.ldr
1 0 130 -40 290 1 0 0 0 0.243 -0.97 0 0.97 0.243 5973 - 5973-5979-0-a.ldr
1 0 -152.627 -49.373 290 -0.707 -0.171 -0.686 -0.707 0.171 0.686 0 0.97 -0.243 5973 - 5973-5979-0-a.ldr
1 0 -107.373 -49.373 290 -0.707 0.171 0.686 0.707 0.171 0.686 0 0.97 -0.243 5973 - 5973-5979-0-a.ldr
1 0 107.373 -49.373 290 -0.707 -0.171 -0.686 -0.707 0.171 0.686 0 0.97 -0.243 5973 - 5973-5979-0-a.ldr
1 0 152.627 -49.373 290 -0.707 0.171 0.686 0.707 0.171 0.686 0 0.97 -0.243 5973 - 5973-5979-0-a.ldr
1 0 -162 -72 290 0.97 -0.243 0 0 0 -1 0.243 0.97 0 5973 - 5973-5979-0-a.ldr
1 0 -98 -72 290 0.97 0.243 0 0 0 -1 -0.243 0.97 0 5973 - 5973-5979-0-a.ldr
1 0 98 -72 290 0.97 -0.243 0 0 0 -1 0.243 0.97 0 5973 - 5973-5979-0-a.ldr
1 0 162 -72 290 0.97 0.243 0 0 0 -1 -0.243 0.97 0 5973 - 5973-5979-0-a.ldr
1 0 -152.627 -94.627 290 0.707 -0.171 -0.686 -0.707 -0.171 -0.686 0 0.97 -0.243 5973 - 5973-5979-0-a.ldr
1 0 -107.373 -94.627 290 0.707 0.171 0.686 0.707 -0.171 -0.686 0 0.97 -0.243 5973 - 5973-5979-0-a.ldr
1 0 107.373 -94.627 290 0.707 -0.171 -0.686 -0.707 -0.171 -0.686 0 0.97 -0.243 5973 - 5973-5979-0-a.ldr
1 0 152.627 -94.627 290 0.707 0.171 0.686 0.707 -0.171 -0.686 0 0.97 -0.243 5973 - 5973-5979-0-a.ldr
1 0 -130 -104 290 1 0 0 0 -0.243 -0.97 0 0.97 -0.243 5973 - 5973-5979-0-a.ldr
1 0 130 -104 290 1 0 0 0 -0.243 -0.97 0 0.97 -0.243 5973 - 5973-5979-0-a.ldr
1 0 0 -70 154 1 0 0 0 0 1 0 -1 0 5973 - 5973-0.ldr





0 FILE 5973 - 5973-1-a.ldr
0 5973-1-a
0 Name: 5973 - 5973-1-a.ldr
0 Author: Massimo Maso [Sirio]
0 !LDRAW_ORG Model
0 !LICENSE Redistributable under CCAL version 2.0 : see CAreadme.txt

0 !HISTORY

0 ROTATION CENTER 0 0 0 1 "Custom"
0 ROTATION CONFIG 0 0
1 0 -30 0 140 0 0 1 0 1 0 -1 0 0 3710.dat
1 0 30 0 140 0 0 1 0 1 0 -1 0 0 3710.dat
1 8 -30 0 90 1 0 0 0 1 0 0 0 1 6141.dat
1 8 30 0 90 1 0 0 0 1 0 0 0 1 6141.dat
1 0 0 0 0 0 0 1 0 1 0 -1 0 0 3035.dat
0 STEP
1 0 0 -24 100 0 0 1 0 1 0 -1 0 0 30283.dat
0 STEP
1 0 -40 -24 200 -1 0 0 0 1 0 0 0 -1 41765.dat
1 0 40 -24 200 -1 0 0 0 1 0 0 0 -1 41764.dat
1 0 -30 -24 40 0 0 1 0 1 0 -1 0 0 3660.dat
1 0 30 -24 40 0 0 -1 0 1 0 1 0 0 3660.dat
1 0 -30 -24 0 0 0 1 0 1 0 -1 0 0 3660.dat
1 0 30 -24 0 0 0 -1 0 1 0 1 0 0 3660.dat
1 0 -30 -24 -40 0 0 1 0 1 0 -1 0 0 3660.dat
1 0 30 -24 -40 0 0 -1 0 1 0 1 0 0 3660.dat
1 0 -30 -24 -70 0 0 1 0 1 0 -1 0 0 3676.dat
1 0 0 -24 -70 1 0 0 0 1 0 0 0 1 3660.dat
1 0 30 -24 -70 1 0 0 0 1 0 0 0 1 3676.dat
0 STEP
1 36 -30 -32 250 1 0 0 0 1 0 0 0 1 3024.dat
1 33 30 -32 250 1 0 0 0 1 0 0 0 1 3024.dat
1 15 -50 -32 180 0 0 1 0 1 0 -1 0 0 3460.dat
1 15 50 -32 180 0 0 1 0 1 0 -1 0 0 3460.dat
1 1 0 -32 120 1 0 0 0 1 0 0 0 1 3001.dat
0 STEP
1 15 -30 -32 250 0 0 -1 0 1 0 1 0 0 54200.dat
1 15 30 -32 250 0 0 1 0 1 0 -1 0 0 54200.dat
1 15 -160 -40 200 0 0 1 0 1 0 -1 0 0 30355.dat
1 15 160 -40 200 0 0 -1 0 1 0 1 0 0 30356.dat
1 15 0 -40 120 1 0 0 0 1 0 0 0 1 3034.dat
0 STEP
1 15 -270 -48 250 0 0 1 0 1 0 -1 0 0 6019.dat
1 15 270 -48 250 0 0 -1 0 1 0 1 0 0 6019.dat
1 0 -250 -40 240 1 0 0 0 1 0 0 0 1 61409.dat
1 0 250 -40 240 1 0 0 0 1 0 0 0 1 61409.dat
1 33 -210 -48 220 0 0 1 0 1 0 -1 0 0 3069b.dat
1 36 210 -48 220 0 0 1 0 1 0 -1 0 0 3069b.dat
1 15 -60 -48 180 0 0 1 0 1 0 -1 0 0 3034.dat
1 15 60 -48 180 0 0 1 0 1 0 -1 0 0 3034.dat
1 8 0 -48 120 1 0 0 0 1 0 0 0 1 4032a.dat
1 15 -50 -48 0 0 0 1 0 1 0 -1 0 0 2730.dat
1 15 50 -48 0 0 0 1 0 1 0 -1 0 0 2730.dat
1 8 0 -48 -70 -1 0 0 0 1 0 0 0 -1 3937.dat
1 15 0 -48 -90 1 0 0 0 1 0 0 0 1 30414.dat
0 STEP
1 0 -220 -32 220 1 0 0 0 1 0 0 0 1 4229.dat
1 0 220 -32 220 1 0 0 0 1 0 0 0 1 4229.dat
0 ROTSTEP 23 45 180 ABS
1 34 -220 -6 156 1 0 0 0 0 -1 0 1 0 4589.dat
1 34 220 -6 156 1 0 0 0 0 -1 0 1 0 4589.dat
1 0 -290 -46 260 1 0 0 0 0 -1 0 1 0 2569.dat
1 0 290 -46 260 1 0 0 0 0 -1 0 1 0 2569.dat
0 ROTSTEP END
1 7 -60 -38 0 -1 0 0 0 1 0 0 0 -1 4274.dat
1 7 60 -38 0 1 0 0 0 1 0 0 0 1 4274.dat
1 0 -60 -38 -40 1 0 0 0 1 0 0 0 1 3673.dat
1 0 60 -38 -40 1 0 0 0 1 0 0 0 1 3673.dat
1 0 -60 -38 -80 1 0 0 0 1 0 0 0 1 3673.dat
1 0 60 -38 -80 1 0 0 0 1 0 0 0 1 3673.dat
1 0 0 -38 -108 1 0 0 0 0 -1 0 1 0 3023.dat
0 STEP
1 15 -70 -38 -120 0 1 0 -1 0 0 0 0 1 64392.dat
1 15 70 -38 -120 0 -1 0 1 0 0 0 0 1 64682.dat
1 15 -30 -38 -124 0 0 1 1 0 0 0 1 0 50950.dat
1 15 30 -38 -124 0 0 -1 -1 0 0 0 1 0 50950.dat
0 STEP
1 7 -150 -18 -130 0 0 1 0 1 0 -1 0 0 4274.dat
1 7 -110 -18 -130 0 0 1 0 1 0 -1 0 0 4274.dat
1 0 -80 -18 -140 0 -1 0 0 0 1 -1 0 0 32138.dat
1 0 80 -18 -140 0 -1 0 0 0 1 -1 0 0 32138.dat
1 7 110 -18 -130 0 0 1 0 1 0 -1 0 0 4274.dat
1 7 150 -18 -130 0 0 1 0 1 0 -1 0 0 4274.dat
1 7 -70 -38 -130 0 0 1 0 1 0 -1 0 0 4274.dat
1 7 70 -38 -130 0 0 1 0 1 0 -1 0 0 4274.dat
0 STEP
1 36 -110 -18 -138 1 0 0 0 0 -1 0 1 0 3024.dat
1 33 110 -18 -138 1 0 0 0 0 -1 0 1 0 3024.dat
1 0 -90 -18 -170 0 0 -1 0 -1 0 -1 0 0 62462.dat
1 0 -70 -18 -170 0 0 -1 0 -1 0 -1 0 0 62462.dat
1 0 70 -18 -170 0 0 -1 0 -1 0 -1 0 0 62462.dat
1 0 90 -18 -170 0 0 -1 0 -1 0 -1 0 0 62462.dat
1 33 -70 -38 -125 1 0 0 0 0 -1 0 1 0 58176.dat
1 36 70 -38 -125 1 0 0 0 0 -1 0 1 0 58176.dat
0 STEP
1 15 -130 -18 -154 0 0 1 1 0 0 0 1 0 50950.dat
1 15 130 -18 -154 0 0 -1 -1 0 0 0 1 0 50950.dat
1 7 -90 -18 -190 0 0 1 0 1 0 -1 0 0 4274.dat
1 7 -70 -18 -190 0 0 1 0 1 0 -1 0 0 4274.dat
1 7 70 -18 -190 0 0 1 0 1 0 -1 0 0 4274.dat
1 7 90 -18 -190 0 0 1 0 1 0 -1 0 0 4274.dat
0 STEP
1 34 -90 -18 -214 1 0 0 0 0 -1 0 1 0 4589.dat
1 34 -70 -18 -214 1 0 0 0 0 -1 0 1 0 4589.dat
1 34 70 -18 -214 1 0 0 0 0 -1 0 1 0 4589.dat
1 34 90 -18 -214 1 0 0 0 0 -1 0 1 0 4589.dat
0 STEP
1 34 -50 -56 250 1 0 0 0 1 0 0 0 1 3070b.dat
1 34 50 -56 250 1 0 0 0 1 0 0 0 1 3070b.dat
1 8 0 -56 120 1 0 0 0 1 0 0 0 1 4032a.dat
1 15 0 -56 90 1 0 0 0 1 0 0 0 1 3678b.dat
0 STEP
1 0 -270 -64 230 1 0 0 0 1 0 0 0 1 50950.dat
1 0 270 -64 230 1 0 0 0 1 0 0 0 1 50950.dat
1 8 -150 -64 220 0 0 1 0 1 0 -1 0 0 30236.dat
1 8 -120 -64 220 1 0 0 0 1 0 0 0 1 3003.dat
1 8 120 -64 220 1 0 0 0 1 0 0 0 1 3003.dat
1 8 150 -64 220 0 0 -1 0 1 0 1 0 0 30236.dat
1 15 -30 -64 120 0 0 1 0 1 0 -1 0 0 3004.dat
1 15 30 -64 120 0 0 1 0 1 0 -1 0 0 3004.dat
0 STEP
1 0 -170 -54 200 0.707107 0 -0.707107 -0.707107 0 -0.707107 0 1 0 44676.dat
1 0 170 -54 200 0.707107 0 0.707107 0.707107 0 -0.707107 0 1 0 44676.dat
0 STEP
1 15 -50 -72 140 -1 0 0 0 1 0 0 0 -1 41748.dat
1 15 50 -72 140 -1 0 0 0 1 0 0 0 -1 41747.dat
1 1 -30 -72 110 0 0 1 0 1 0 -1 0 0 3623.dat
1 1 30 -72 110 0 0 1 0 1 0 -1 0 0 3623.dat
1 15 -50 -72 100 0 0 1 0 1 0 -1 0 0 3039.dat
1 15 50 -72 100 0 0 -1 0 1 0 1 0 0 3039.dat
1 15 -50 -72 60 1 0 0 0 1 0 0 0 1 41747.dat
1 15 50 -72 60 1 0 0 0 1 0 0 0 1 41748.dat
0 STEP
1 15 -130 -74 220 1 0 0 0 1 0 0 0 1 30360.dat
1 15 130 -74 220 1 0 0 0 1 0 0 0 1 30360.dat
1 15 -50 -72 150 0 0 1 0 1 0 -1 0 0 54200.dat
1 15 50 -72 150 0 0 -1 0 1 0 1 0 0 54200.dat
1 1 0 -80 130 1 0 0 0 1 0 0 0 1 3700.dat
1 1 0 -80 110 1 0 0 0 1 0 0 0 1 3700.dat
0 STEP
1 8 0 -70 130 0 0 1 0 1 0 -1 0 0 6587.dat
0 STEP
1 7 0 -80 90 1 0 0 0 1 0 0 0 1 3700.dat
0 STEP
1 8 -130 -74 280 1 0 0 0 0 -1 0 1 0 4032a.dat
1 8 130 -74 280 1 0 0 0 0 -1 0 1 0 4032a.dat
0 ROTSTEP 23 135 0 ABS
1 15 -130 -74 288 1 0 0 0 0 -1 0 1 0 30033.dat
1 15 130 -74 288 1 0 0 0 0 -1 0 1 0 30033.dat
0 STEP
1 0 -130 -74 296 1 0 0 0 0 -1 0 1 0 6233.dat
1 0 130 -74 296 1 0 0 0 0 -1 0 1 0 6233.dat
0 STEP
1 57 -130 -74 344 1 0 0 0 0 -1 0 1 0 4740.dat
1 57 130 -74 344 1 0 0 0 0 -1 0 1 0 4740.dat
0 STEP
1 8 -130 -74 176 1 0 0 0 0 -1 0 1 0 4032a.dat
1 8 130 -74 176 1 0 0 0 0 -1 0 1 0 4032a.dat
0 ROTSTEP END
1 8 -140 -64 152 1 0 0 0 0 -1 0 1 0 4589.dat
1 8 -120 -64 152 1 0 0 0 0 -1 0 1 0 4589.dat
1 8 120 -64 152 1 0 0 0 0 -1 0 1 0 4589.dat
1 8 140 -64 152 1 0 0 0 0 -1 0 1 0 4589.dat
1 8 -140 -84 152 1 0 0 0 0 -1 0 1 0 4589.dat
1 8 -120 -84 152 1 0 0 0 0 -1 0 1 0 4589.dat
1 8 120 -84 152 1 0 0 0 0 -1 0 1 0 4589.dat
1 8 140 -84 152 1 0 0 0 0 -1 0 1 0 4589.dat
0 STEP
1 8 -130 -74 128 1 0 0 0 0 -1 0 1 0 30367b.dat
1 8 130 -74 128 1 0 0 0 0 -1 0 1 0 30367b.dat
0 STEP
1 8 -110 -88 230 1 0 0 0 1 0 0 0 1 2555.dat
1 8 110 -88 230 1 0 0 0 1 0 0 0 1 2555.dat
1 8 -110 -88 210 1 0 0 0 1 0 0 0 1 2555.dat
1 8 110 -88 210 1 0 0 0 1 0 0 0 1 2555.dat
1 15 0 -88 110 0 0 1 0 1 0 -1 0 0 3021.dat
0 STEP
1 8 -10 -96 130 1 0 0 0 1 0 0 0 1 6141.dat
1 8 10 -96 130 1 0 0 0 1 0 0 0 1 6141.dat
1 15 -30 -96 110 -1 0 0 0 1 0 0 0 -1 3045.dat
1 15 30 -96 110 0 0 -1 0 1 0 1 0 0 3045.dat
1 8 0 -96 100 1 0 0 0 1 0 0 0 1 4032a.dat
1 15 -30 -96 90 0 0 1 0 1 0 -1 0 0 3040b.dat
1 15 30 -96 90 0 0 -1 0 1 0 1 0 0 3040b.dat
1 33 0 -96 60 1 0 0 0 1 0 0 0 1 45705.dat
0 STEP
1 15 -130 -104 220 0 0 1 0 1 0 -1 0 0 3039.dat
1 15 130 -104 220 0 0 -1 0 1 0 1 0 0 3039.dat
1 0 -10 -96 130 0 0 1 0 1 0 -1 0 0 54200.dat
1 0 10 -96 130 0 0 -1 0 1 0 1 0 0 54200.dat
1 0 0 -104 110 1 0 0 0 1 0 0 0 1 2431.dat
1 36 -20 -104 90 1 0 0 0 1 0 0 0 1 3069b.dat
1 33 20 -104 90 1 0 0 0 1 0 0 0 1 3069b.dat
0 STEP
1 0 -130 -112 240 0 0 -1 0 1 0 1 0 0 30383.dat
1 0 130 -112 240 0 0 -1 0 1 0 1 0 0 30383.dat
0 STEP
1 0 -130 -125.071 257.071 1 0 0 0 0.707 -0.707 0 0.707 0.707 30553.dat
1 0 130 -125.071 257.071 1 0 0 0 0.707 -0.707 0 0.707 0.707 30553.dat
0 STEP
1 0 -130 -139.213 271.213 1 0 0 0 0.707107 0.707107 0 -0.707107 0.707107 4095.dat
1 0 130 -139.213 271.213 1 0 0 0 0.707107 0.707107 0 -0.707107 0.707107 4095.dat
0 STEP
1 0 -130 -128 210 1 0 0 0 1 0 0 0 1 50950.dat
1 0 130 -128 210 1 0 0 0 1 0 0 0 1 50950.dat





0 FILE 5973 - 5973-1-b.ldr
0 5973-1-b
0 Name: 5973 - 5973-1-b.ldr
0 Author: Massimo Maso [Sirio]
0 !LDRAW_ORG Model
0 !LICENSE Redistributable under CCAL version 2.0 : see CAreadme.txt

0 !HISTORY

0 ROTATION CENTER 0 0 0 1 "Custom"
0 ROTATION CONFIG 0 0
1 7 0 -10 0 1 0 0 0 1 0 0 0 1 3938.dat
0 STEP
1 15 0 -18 0 1 0 0 0 1 0 0 0 1 3794b.dat
0 STEP
1 15 0 -42 0 1 0 0 0 1 0 0 0 1 3626b.dat
0 STEP
1 15 0 -70 0 -1 0 0 0 1 0 0 0 -1 6266.dat
0 STEP
1 8 0 -70 0 1 0 0 0 0.707107 0.707107 0 -0.707107 0.707107 30031.dat





0 FILE 5973 - 5973-1-c.ldr
0 5973-1-c
0 Name: 5973 - 5973-1-c.ldr
0 Author: Massimo Maso [Sirio]
0 !LDRAW_ORG Model
0 !LICENSE Redistributable under CCAL version 2.0 : see CAreadme.txt

0 !HISTORY

0 SYNTH BEGIN HOSE_FLEXIBLE_19L 16
0 1 7 -80 -27 -140 0 0 -1 0 1 0 1 0 0 LS01.dat
0 1 7 -80 -33 -140 0 0 -1 0 1 0 1 0 0 LS01.dat
0 1 7 -150 -28 -100 0 0 -1 0 -1 0 -1 0 0 LS01.dat
0 1 7 -150 -16 -100 0 0 -1 0 -1 0 -1 0 0 LS01.dat
0 1 7 -86 -38 0 0 -1 0 1 0 0 0 0 1 LS01.dat
0 1 7 -76 -38 0 0 -1 0 1 0 0 0 0 1 LS01.dat
0 SYNTH SHOW
0 SYNTH SYNTHESIZED BEGIN
0 ROTATION CENTER 0 0 0 1 "Custom"
0 ROTATION CONFIG 0 0
1 0 -80 -27 -140 0 0.0013 -1 0.0007 1 0.0013 1 -0.0007 0 5973 - LS90.dat
1 0 -80.3583 -38.9627 -139.795 -0.0426 -0.0699 -0.9966 0.043 -0.9968 0.068 0.9982 0.0399 -0.0454 5973 - LS91.dat
1 0 -81.2738 -43.9294 -139.272 -0.0653 -0.182 -0.9811 0.1175 -0.9778 0.1735 0.9909 0.104 -0.0852 5973 - LS91.dat
1 0 -82.8125 -48.7139 -138.393 -0.0759 -0.304 -0.9497 0.2056 -0.9367 0.2834 0.9757 0.1737 -0.1336 5973 - LS91.dat
1 0 -84.9616 -53.0798 -137.165 -0.0703 -0.4286 -0.9007 0.3024 -0.8696 0.3902 0.9506 0.2449 -0.1908 5973 - LS91.dat
1 0 -87.7253 -57.0256 -135.586 -0.0478 -0.5467 -0.836 0.4014 -0.7769 0.4851 0.9147 0.3124 -0.2566 5973 - LS91.dat
1 0 -90.9961 -60.3846 -133.717 -0.0098 -0.6489 -0.7608 0.4946 -0.6644 0.5603 0.8691 0.3708 -0.3274 5973 - LS91.dat
1 0 -94.7164 -63.1673 -131.591 0.0386 -0.7297 -0.6827 0.5762 -0.5419 0.6118 0.8164 0.417 -0.3996 5973 - LS91.dat
1 0 -98.6859 -65.2727 -129.322 0.0934 -0.789 -0.6073 0.6437 -0.4175 0.6414 0.7595 0.4508 -0.4689 5973 - LS91.dat
1 0 -102.922 -66.8006 -126.902 0.1507 -0.8293 -0.5381 0.698 -0.2962 0.6519 0.7 0.4739 -0.5342 5973 - LS91.dat
1 0 -107.227 -67.7184 -124.442 0.2087 -0.8539 -0.4768 0.7398 -0.181 0.648 0.6397 0.4879 -0.5939 5973 - LS91.dat
1 0 -111.597 -68.0788 -121.945 0.2676 -0.8661 -0.4222 0.7709 -0.0704 0.633 0.578 0.4949 -0.6488 5973 - LS91.dat
1 0 -116.041 -67.9087 -119.405 0.3269 -0.8677 -0.3745 0.7924 0.0357 0.6089 0.515 0.4958 -0.6993 5973 - LS91.dat
1 0 -120.379 -67.2134 -116.926 0.3874 -0.8598 -0.3325 0.8041 0.1387 0.5781 0.4509 0.4913 -0.7451 5973 - LS91.dat
1 0 -124.694 -65.997 -114.461 0.4495 -0.8429 -0.2959 0.8061 0.24 0.5409 0.3849 0.4816 -0.7873 5973 - LS91.dat
1 0 -128.808 -64.2876 -112.11 0.5135 -0.8165 -0.264 0.7972 0.34 0.4989 0.3176 0.4666 -0.8255 5973 - LS91.dat
1 0 -132.732 -62.0714 -109.867 0.5805 -0.7793 -0.2361 0.7756 0.4409 0.4517 0.2479 0.4453 -0.8604 5973 - LS91.dat
1 0 -136.465 -59.3162 -107.734 0.6495 -0.7299 -0.2132 0.7397 0.5416 0.3994 0.1761 0.4171 -0.8916 5973 - LS91.dat
1 0 -139.822 -56.095 -105.816 0.7194 -0.6666 -0.1952 0.6869 0.6407 0.3431 0.1037 0.3809 -0.9188 5973 - LS91.dat
1 0 -142.839 -52.3469 -104.092 0.7873 -0.5884 -0.184 0.6158 0.7353 0.2832 0.0313 0.3363 -0.9413 5973 - LS91.dat
1 0 -145.347 -48.2108 -102.659 0.8492 -0.4964 -0.1803 0.5267 0.8205 0.2222 -0.0376 0.2836 -0.9582 5973 - LS91.dat
1 0 -147.339 -43.7009 -101.521 0.901 -0.3924 -0.185 0.4218 0.8921 0.1622 -0.1014 0.2242 -0.9693 5973 - LS91.dat
1 0 -148.777 -38.9007 -100.699 0.9388 -0.2814 -0.1984 0.3061 0.946 0.1066 -0.1577 0.1608 -0.9743 5973 - LS91.dat
1 0 -149.653 -33.9082 -100.198 0.9607 -0.17 -0.2196 0.1868 0.9807 0.0584 -0.2054 0.0971 -0.9739 5973 - LS91.dat
1 0 -149.994 -28.8273 -100.004 0.967 -0.0649 -0.2465 0.072 0.9972 0.02 -0.2445 0.0371 -0.9689 5973 - LS91.dat
1 0 -150 -23.8291 -100 0.9611 -0.0013 -0.2763 0.0014 1 0.0004 -0.2763 0.0007 -0.9611 5973 - LS91.dat
1 0 -150 -18.7524 -99.9998 0.9517 -0.0001 -0.307 0.0001 1 0 -0.307 0 -0.9517 5973 - LS91.dat
1 0 -149.989 -13.6815 -99.9182 0.9414 0.0023 -0.3373 0.0034 0.9999 0.0162 -0.3373 0.0164 -0.9412 5973 - LS91.dat
1 0 -149.86 -8.6658 -99.0659 0.9305 0.0256 -0.3653 0.0388 0.9851 0.1677 -0.3641 0.1702 -0.9157 5973 - LS91.dat
1 0 -149.51 -4.0372 -96.91 0.9214 0.0695 -0.3824 0.1061 0.9016 0.4194 -0.3739 0.427 -0.8233 5973 - LS91.dat
1 0 -148.861 -0.678 -93.28 0.9184 0.1298 -0.3737 0.1946 0.6741 0.7125 -0.3444 0.7271 -0.5939 5973 - LS91.dat
1 0 -147.947 1.1507 -88.6373 0.9208 0.1806 -0.3456 0.2666 0.3552 0.896 -0.2846 0.9172 -0.2789 5973 - LS91.dat
1 0 -146.894 1.6624 -83.7645 0.9222 0.2102 -0.3247 0.3097 0.1015 0.9454 -0.2317 0.9724 -0.0284 5973 - LS91.dat
1 0 -145.736 1.35 -78.8497 0.9199 0.229 -0.3184 0.3405 -0.0637 0.9381 -0.1946 0.9713 0.1366 5973 - LS91.dat
1 0 -144.488 0.4893 -73.9623 0.9145 0.2441 -0.3226 0.368 -0.1707 0.914 -0.1681 0.9546 0.2459 5973 - LS91.dat
1 0 -143.172 -0.7419 -69.1846 0.9069 0.258 -0.3332 0.3946 -0.2426 0.8862 -0.1478 0.9352 0.3218 5973 - LS91.dat
1 0 -141.815 -2.2097 -64.6179 0.8977 0.272 -0.3466 0.4205 -0.2943 0.8582 -0.1315 0.9162 0.3786 5973 - LS91.dat
1 0 -140.351 -3.9089 -60.0267 0.8867 0.2868 -0.3627 0.4473 -0.3334 0.8299 -0.1171 0.8981 0.4239 5973 - LS91.dat
1 0 -138.812 -5.7563 -55.537 0.8742 0.3025 -0.3799 0.4742 -0.3633 0.802 -0.1046 0.8812 0.461 5973 - LS91.dat
1 0 -137.197 -7.7107 -51.1578 0.8603 0.3192 -0.3975 0.5012 -0.3866 0.7742 -0.0935 0.8653 0.4925 5973 - LS91.dat
1 0 -135.503 -9.7447 -46.8889 0.845 0.3373 -0.415 0.5282 -0.405 0.7463 -0.0837 0.8498 0.5204 5973 - LS91.dat
1 0 -133.688 -11.8767 -42.6475 0.8279 0.3574 -0.4322 0.5558 -0.4198 0.7175 -0.075 0.8343 0.5462 5973 - LS91.dat
1 0 -131.738 -14.0931 -38.4331 0.8089 0.3794 -0.4491 0.584 -0.4311 0.6878 -0.0673 0.8187 0.5703 5973 - LS91.dat
1 0 -129.705 -16.3082 -34.3863 0.7884 0.4035 -0.4644 0.6121 -0.4394 0.6574 -0.0612 0.8026 0.5934 5973 - LS91.dat
1 0 -127.535 -18.553 -30.4237 0.7657 0.4303 -0.478 0.6407 -0.445 0.6257 -0.0565 0.7853 0.6165 5973 - LS91.dat
1 0 -125.203 -20.8207 -26.5409 0.7404 0.4606 -0.4895 0.67 -0.4478 0.5921 -0.0535 0.7664 0.6402 5973 - LS91.dat
1 0 -122.682 -23.1037 -22.7379 0.712 0.4948 -0.4982 0.7003 -0.4474 0.5562 -0.0523 0.7449 0.6651 5973 - LS91.dat
1 0 -119.978 -25.3537 -19.0829 0.6799 0.5335 -0.503 0.7313 -0.4435 0.5181 -0.0533 0.7202 0.6917 5973 - LS91.dat
1 0 -117.057 -27.5563 -15.5862 0.6433 0.5776 -0.5026 0.7635 -0.4352 0.4771 -0.0569 0.6907 0.7209 5973 - LS91.dat
1 0 -113.881 -29.6891 -12.2712 0.6005 0.628 -0.495 0.7971 -0.4212 0.4327 -0.0632 0.6544 0.7535 5973 - LS91.dat
1 0 -110.407 -31.7184 -9.1788 0.5496 0.6854 -0.4777 0.8323 -0.3996 0.3842 -0.0725 0.6087 0.7901 5973 - LS91.dat
1 0 -106.595 -33.5957 -6.3699 0.4882 0.7494 -0.4472 0.8687 -0.368 0.3316 -0.0839 0.5504 0.8307 5973 - LS91.dat
1 0 -102.48 -35.2209 -3.9808 0.4134 0.8187 -0.3985 0.9054 -0.323 0.2757 -0.097 0.4748 0.8748 5973 - LS91.dat
1 0 -97.9318 -36.5689 -2.03 0.3223 0.8883 -0.3272 0.9405 -0.2612 0.2173 -0.1075 0.3778 0.9196 5973 - LS91.dat
1 0 -93.1393 -37.4948 -0.7103 0.2168 0.9483 -0.2316 0.9699 -0.1822 0.1616 -0.1111 0.2597 0.9593 5973 - LS91.dat
1 0 -88.1361 -37.9525 -0.0663 0.1022 0.9881 -0.1151 0.9896 -0.0892 0.1132 -0.1016 0.1254 0.9869 5973 - LS91.dat
1 0 -83.0646 -38.0001 0.0001 0.0091 0.9999 -0.0108 0.9971 -0.0083 0.0762 -0.0761 0.0115 0.997 5973 - LS91.dat
1 0 -78.0455 -38.0002 0.0003 0 1 -0.0001 0.999 0 0.0445 -0.0445 0.0001 0.999 5973 - LS91.dat
1 0 -64 -38.0005 0.0006 0 1 -0.0001 1 0 0 0 0.0001 1 5973 - LS90.dat
0 SYNTH SYNTHESIZED END
0 SYNTH END
0 STEP
0 SYNTH BEGIN HOSE_FLEXIBLE_19L 16
0 1 7 80 -27 -140 0 0 1 0 1 0 -1 0 0 LS01.dat
0 1 7 80 -33 -140 0 0 1 0 1 0 -1 0 0 LS01.dat
0 1 7 150 -28 -100 0 0 1 0 -1 0 1 0 0 LS01.dat
0 1 7 150 -16 -100 0 0 1 0 -1 0 1 0 0 LS01.dat
0 1 7 86 -38 0 0 1 0 -1 0 0 0 0 1 LS01.dat
0 1 7 76 -38 0 0 1 0 -1 0 0 0 0 1 LS01.dat
0 SYNTH SHOW
0 SYNTH SYNTHESIZED BEGIN
1 0 80 -27 -140 0 -0.0013 1 -0.0007 1 0.0013 -1 -0.0007 0 5973 - LS90.dat
1 0 80.3583 -38.9627 -139.795 -0.0426 0.0699 0.9966 -0.043 -0.9968 0.068 -0.9982 0.0399 -0.0454 5973 - LS91.dat
1 0 81.2738 -43.9294 -139.272 -0.0653 0.182 0.9811 -0.1175 -0.9778 0.1735 -0.9909 0.104 -0.0852 5973 - LS91.dat
1 0 82.8125 -48.7139 -138.393 -0.0759 0.304 0.9497 -0.2056 -0.9367 0.2834 -0.9757 0.1737 -0.1336 5973 - LS91.dat
1 0 84.9616 -53.0798 -137.165 -0.0703 0.4286 0.9007 -0.3024 -0.8696 0.3902 -0.9506 0.2449 -0.1908 5973 - LS91.dat
1 0 87.7253 -57.0256 -135.586 -0.0478 0.5467 0.836 -0.4014 -0.7769 0.4851 -0.9147 0.3124 -0.2566 5973 - LS91.dat
1 0 90.9961 -60.3846 -133.717 -0.0098 0.6489 0.7608 -0.4946 -0.6644 0.5603 -0.8691 0.3708 -0.3274 5973 - LS91.dat
1 0 94.7164 -63.1673 -131.591 0.0386 0.7297 0.6827 -0.5762 -0.5419 0.6118 -0.8164 0.417 -0.3996 5973 - LS91.dat
1 0 98.6859 -65.2727 -129.322 0.0934 0.789 0.6073 -0.6437 -0.4175 0.6414 -0.7595 0.4508 -0.4689 5973 - LS91.dat
1 0 102.922 -66.8006 -126.902 0.1507 0.8293 0.5381 -0.698 -0.2962 0.6519 -0.7 0.4739 -0.5342 5973 - LS91.dat
1 0 107.227 -67.7184 -124.442 0.2087 0.8539 0.4768 -0.7398 -0.181 0.648 -0.6397 0.4879 -0.5939 5973 - LS91.dat
1 0 111.597 -68.0788 -121.945 0.2676 0.8661 0.4222 -0.7709 -0.0704 0.633 -0.578 0.4949 -0.6488 5973 - LS91.dat
1 0 116.041 -67.9087 -119.405 0.3269 0.8677 0.3745 -0.7924 0.0357 0.6089 -0.515 0.4958 -0.6993 5973 - LS91.dat
1 0 120.379 -67.2134 -116.926 0.3874 0.8598 0.3325 -0.8041 0.1387 0.5781 -0.4509 0.4913 -0.7451 5973 - LS91.dat
1 0 124.694 -65.997 -114.461 0.4495 0.8429 0.2959 -0.8061 0.24 0.5409 -0.3849 0.4816 -0.7873 5973 - LS91.dat
1 0 128.808 -64.2876 -112.11 0.5135 0.8165 0.264 -0.7972 0.34 0.4989 -0.3176 0.4666 -0.8255 5973 - LS91.dat
1 0 132.732 -62.0714 -109.867 0.5805 0.7793 0.2361 -0.7756 0.4409 0.4517 -0.2479 0.4453 -0.8604 5973 - LS91.dat
1 0 136.465 -59.3162 -107.734 0.6495 0.7299 0.2132 -0.7397 0.5416 0.3994 -0.1761 0.4171 -0.8916 5973 - LS91.dat
1 0 139.822 -56.095 -105.816 0.7194 0.6666 0.1952 -0.6869 0.6407 0.3431 -0.1037 0.3809 -0.9188 5973 - LS91.dat
1 0 142.839 -52.3469 -104.092 0.7873 0.5884 0.184 -0.6158 0.7353 0.2832 -0.0313 0.3363 -0.9413 5973 - LS91.dat
1 0 145.347 -48.2108 -102.659 0.8492 0.4964 0.1803 -0.5267 0.8205 0.2222 0.0376 0.2836 -0.9582 5973 - LS91.dat
1 0 147.339 -43.7009 -101.521 0.901 0.3924 0.185 -0.4218 0.8921 0.1622 0.1014 0.2242 -0.9693 5973 - LS91.dat
1 0 148.777 -38.9007 -100.699 0.9388 0.2814 0.1984 -0.3061 0.946 0.1066 0.1577 0.1608 -0.9743 5973 - LS91.dat
1 0 149.653 -33.9082 -100.198 0.9607 0.17 0.2196 -0.1868 0.9807 0.0584 0.2054 0.0971 -0.9739 5973 - LS91.dat
1 0 149.994 -28.8273 -100.004 0.967 0.0649 0.2465 -0.072 0.9972 0.02 0.2445 0.0371 -0.9689 5973 - LS91.dat
1 0 150 -23.8291 -100 0.9611 0.0013 0.2763 -0.0014 1 0.0004 0.2763 0.0007 -0.9611 5973 - LS91.dat
1 0 150 -18.7524 -99.9998 0.9517 0.0001 0.307 -0.0001 1 0 0.307 0 -0.9517 5973 - LS91.dat
1 0 149.989 -13.6815 -99.9182 0.9414 -0.0023 0.3373 -0.0034 0.9999 0.0162 0.3373 0.0164 -0.9412 5973 - LS91.dat
1 0 149.86 -8.6658 -99.0659 0.9305 -0.0256 0.3653 -0.0388 0.9851 0.1677 0.3641 0.1702 -0.9157 5973 - LS91.dat
1 0 149.51 -4.0372 -96.91 0.9214 -0.0695 0.3824 -0.1061 0.9016 0.4194 0.3739 0.427 -0.8233 5973 - LS91.dat
1 0 148.861 -0.678 -93.28 0.9184 -0.1298 0.3737 -0.1946 0.6741 0.7125 0.3444 0.7271 -0.5939 5973 - LS91.dat
1 0 147.947 1.1507 -88.6373 0.9208 -0.1806 0.3456 -0.2666 0.3552 0.896 0.2846 0.9172 -0.2789 5973 - LS91.dat
1 0 146.894 1.6624 -83.7645 0.9222 -0.2102 0.3247 -0.3097 0.1015 0.9454 0.2317 0.9724 -0.0284 5973 - LS91.dat
1 0 145.736 1.35 -78.8497 0.9199 -0.229 0.3184 -0.3405 -0.0637 0.9381 0.1946 0.9713 0.1366 5973 - LS91.dat
1 0 144.488 0.4893 -73.9623 0.9145 -0.2441 0.3226 -0.368 -0.1707 0.914 0.1681 0.9546 0.2459 5973 - LS91.dat
1 0 143.172 -0.7419 -69.1846 0.9069 -0.258 0.3332 -0.3946 -0.2426 0.8862 0.1478 0.9352 0.3218 5973 - LS91.dat
1 0 141.815 -2.2097 -64.6179 0.8977 -0.272 0.3466 -0.4205 -0.2943 0.8582 0.1315 0.9162 0.3786 5973 - LS91.dat
1 0 140.351 -3.9089 -60.0267 0.8867 -0.2868 0.3627 -0.4473 -0.3334 0.8299 0.1171 0.8981 0.4239 5973 - LS91.dat
1 0 138.812 -5.7563 -55.537 0.8742 -0.3025 0.3799 -0.4742 -0.3633 0.802 0.1046 0.8812 0.461 5973 - LS91.dat
1 0 137.197 -7.7107 -51.1578 0.8603 -0.3192 0.3975 -0.5012 -0.3866 0.7742 0.0935 0.8653 0.4925 5973 - LS91.dat
1 0 135.503 -9.7447 -46.8889 0.845 -0.3373 0.415 -0.5282 -0.405 0.7463 0.0837 0.8498 0.5204 5973 - LS91.dat
1 0 133.688 -11.8767 -42.6475 0.8279 -0.3574 0.4322 -0.5558 -0.4198 0.7175 0.075 0.8343 0.5462 5973 - LS91.dat
1 0 131.738 -14.0931 -38.4331 0.8089 -0.3794 0.4491 -0.584 -0.4311 0.6878 0.0673 0.8187 0.5703 5973 - LS91.dat
1 0 129.705 -16.3082 -34.3863 0.7884 -0.4035 0.4644 -0.6121 -0.4394 0.6574 0.0612 0.8026 0.5934 5973 - LS91.dat
1 0 127.535 -18.553 -30.4237 0.7657 -0.4303 0.478 -0.6407 -0.445 0.6257 0.0565 0.7853 0.6165 5973 - LS91.dat
1 0 125.203 -20.8207 -26.5409 0.7404 -0.4606 0.4895 -0.67 -0.4478 0.5921 0.0535 0.7664 0.6402 5973 - LS91.dat
1 0 122.682 -23.1037 -22.7379 0.712 -0.4948 0.4982 -0.7003 -0.4474 0.5562 0.0523 0.7449 0.6651 5973 - LS91.dat
1 0 119.978 -25.3537 -19.0829 0.6799 -0.5335 0.503 -0.7313 -0.4435 0.5181 0.0533 0.7202 0.6917 5973 - LS91.dat
1 0 117.057 -27.5563 -15.5862 0.6433 -0.5776 0.5026 -0.7635 -0.4352 0.4771 0.0569 0.6907 0.7209 5973 - LS91.dat
1 0 113.881 -29.6891 -12.2712 0.6005 -0.628 0.495 -0.7971 -0.4212 0.4327 0.0632 0.6544 0.7535 5973 - LS91.dat
1 0 110.407 -31.7184 -9.1788 0.5496 -0.6854 0.4777 -0.8323 -0.3996 0.3842 0.0725 0.6087 0.7901 5973 - LS91.dat
1 0 106.595 -33.5957 -6.3699 0.4882 -0.7494 0.4472 -0.8687 -0.368 0.3316 0.0839 0.5504 0.8307 5973 - LS91.dat
1 0 102.48 -35.2209 -3.9808 0.4134 -0.8187 0.3985 -0.9054 -0.323 0.2757 0.097 0.4748 0.8748 5973 - LS91.dat
1 0 97.9318 -36.5689 -2.03 0.3223 -0.8883 0.3272 -0.9405 -0.2612 0.2173 0.1075 0.3778 0.9196 5973 - LS91.dat
1 0 93.1393 -37.4948 -0.7103 0.2168 -0.9483 0.2316 -0.9699 -0.1822 0.1616 0.1111 0.2597 0.9593 5973 - LS91.dat
1 0 88.1361 -37.9525 -0.0663 0.1022 -0.9881 0.1151 -0.9896 -0.0892 0.1132 0.1016 0.1254 0.9869 5973 - LS91.dat
1 0 83.0646 -38.0001 0.0001 0.0091 -0.9999 0.0108 -0.9971 -0.0083 0.0762 0.0761 0.0115 0.997 5973 - LS91.dat
1 0 78.0455 -38.0002 0.0003 0 -1 0.0001 -0.999 0 0.0445 0.0445 0.0001 0.999 5973 - LS91.dat
1 0 64 -38.0005 0.0006 0 -1 0.0001 -1 0 0 0 0.0001 1 5973 - LS90.dat
0 SYNTH SYNTHESIZED END
0 SYNTH END







0 FILE 5973 - 5973-5979-0-a.ldr
0 5973-5979-0-a
0 Name: 5973 - 5973-5979-0-a.ldr
0 Author: Massimo Maso [Sirio]
0 !LDRAW_ORG Model
0 !LICENSE Redistributable under CCAL version 2.0 : see CAreadme.txt

0 !HISTORY

0 ROTATION CENTER 0 0 0 1 "Custom"
0 ROTATION CONFIG 0 0
1 57 0 38 0 1 0 0 0 1 0 0 0 1 6141.dat
0 STEP
1 16 0 14 0 1 0 0 0 1 0 0 0 1 4589.dat
0 STEP
1 8 0 6 0 0 0 1 0 1 0 -1 0 0 2555.dat





0 FILE 5973 - 5973-0.ldr
0 5973-0
0 Name: 5973 - 5973-0.ldr
0 Author: Massimo Maso [Sirio]
0 !LDRAW_ORG Model
0 !LICENSE Redistributable under CCAL version 2.0 : see CAreadme.txt

0 !HISTORY

0 ROTATION CENTER 0 0 0 1 "Custom"
0 ROTATION CONFIG 0 0
1 1 0 0 0 1 0 0 0 1 0 0 0 1 5973 - 5973-5974-0-a.ldr
1 15 0 -138 -40 1 0 0 0 1 0 0 0 1 5973 - 5973-5974-5979-5985-0-a.ldr
1 0 0 -160 0 1 0 0 0 0 -1 0 1 0 5973 - 5973-0-a.ldr





0 FILE 5973 - 5973-0-a.ldr
0 5973-0-a
0 Name: 5973 - 5973-0-a.ldr
0 Author: Massimo Maso [Sirio]
0 !LDRAW_ORG Model
0 !LICENSE Redistributable under CCAL version 2.0 : see CAreadme.txt

0 !HISTORY

0 ROTATION CENTER 0 0 0 1 "Custom"
0 ROTATION CONFIG 0 0
1 0 0 0 0 1 0 0 0 1 0 0 0 1 32034.dat
0 STEP
1 7 0 0 60 0 0 1 -1 0 0 0 -1 0 6553.dat
0 STEP
1 4 0 0 60 0 -1 0 1 0 0 0 0 1 32062.dat
0 STEP
1 0 0 -20 60 1 0 0 0 1 0 0 0 1 2723.dat





0 FILE 5973 - 5973-5974-0-a.ldr
0 5973-5974-0-a
0 Name: 5973 - 5973-5974-0-a.ldr
0 Author: Massimo Maso [Sirio]
0 !LDRAW_ORG Model
0 !LICENSE Redistributable under CCAL version 2.0 : see CAreadme.txt

0 !HISTORY

0 ROTATION CENTER 0 0 0 1 "Custom"
0 ROTATION CONFIG 0 0
1 15 0 -10 0 1 0 0 0 1 0 0 0 1 6222.dat
0 STEP
1 16 0 0 50 0 0 -1 0 1 0 1 0 0 32556.dat
0 STEP
1 0 0 -18 30 1 0 0 0 1 0 0 0 1 3023.dat
1 36 -30 -18 10 1 0 0 0 1 0 0 0 1 6141.dat
1 36 30 -18 10 1 0 0 0 1 0 0 0 1 6141.dat
1 8 -30 -18 -10 1 0 0 0 1 0 0 0 1 6141.dat
1 8 30 -18 -10 1 0 0 0 1 0 0 0 1 6141.dat
1 15 0 -18 -30 1 0 0 0 1 0 0 0 1 3069b.dat
0 STEP
1 33 0 -138 0 -1 0 0 0 1 0 0 0 -1 85941.dat
0 STEP
1 15 0 -146 30 1 0 0 0 1 0 0 0 1 32028.dat
0 STEP
1 8 0 -170 30 1 0 0 0 1 0 0 0 1 85943.dat
0 STEP
1 0 0 -160 40 0 0 1 0 1 0 -1 0 0 3673.dat
1 4 0 -160 0 1 0 0 0 1 0 0 0 1 32062.dat
0 STEP
1 0 0 -80 50 1 0 0 0 0 1 0 -1 0 40490.dat





0 FILE 5973 - 5973-5974-5979-5985-0-a.ldr
0 5973-5974-5979-5985-0-a
0 Name: 5973 - 5973-5974-5979-5985-0-a.ldr
0 Author: Massimo Maso [Sirio]
0 !LDRAW_ORG Model
0 !LICENSE Redistributable under CCAL version 2.0 : see CAreadme.txt

0 !HISTORY

0 ROTATION CENTER 0 0 0 1 "Custom"
0 ROTATION CONFIG 0 0
1 33 0 0 40 1 0 0 0 1 0 0 0 1 85941.dat
0 STEP
1 16 0 -8 10 -1 0 0 0 1 0 0 0 -1 32028.dat





0 FILE 5973 - 5973-2.ldr
0 5973-2
0 Name: 5973 - 5973-2.ldr
0 Author: Massimo Maso [Sirio]
0 !LDRAW_ORG Model
0 !LICENSE Redistributable under CCAL version 2.0 : see CAreadme.txt

0 !HISTORY

0 ROTATION CENTER 0 0 0 1 "Custom"
0 ROTATION CONFIG 0 0
1 0 0 0 0 1 0 0 0 1 0 0 0 1 5973 - 5973-2-a.ldr
1 0 -72 -36 -40 0 1 0 -1 0 0 0 0 1 5973 - 5973-2-b.ldr
1 0 72 -36 -40 0 -1 0 1 0 0 0 0 1 5973 - 5973-2-b.ldr
1 0 -60 -38 -160 0 1 0 -1 0 0 0 0 1 5973 - 5973-2-c.ldr
1 0 60 -38 -160 0 -1 0 1 0 0 0 0 1 5973 - 5973-2-c.ldr
1 8 -70 -58 -140 0 -1 0 1 0 0 0 0 1 4274.dat
1 8 70 -58 -140 0 -1 0 1 0 0 0 0 1 4274.dat
1 8 -70 -58 -180 0 -1 0 1 0 0 0 0 1 4274.dat
1 8 70 -58 -180 0 -1 0 1 0 0 0 0 1 4274.dat
1 0 -70 -68 -160 0 1 0 -1 0 0 0 0 1 5973 - 5973-2-d.ldr
1 0 70 -68 -160 0 -1 0 1 0 0 0 0 1 5973 - 5973-2-d.ldr
1 7 -90 -38 -180 0 -1 0 1 0 0 0 0 1 57028a.dat
1 7 90 -38 -180 0 -1 0 1 0 0 0 0 1 57028a.dat





0 FILE 5973 - 5973-2-a.ldr
0 5973-2-a
0 Name: 5973 - 5973-2-a.ldr
0 Author: Massimo Maso [Sirio]
0 !LDRAW_ORG Model
0 !LICENSE Redistributable under CCAL version 2.0 : see CAreadme.txt

0 !HISTORY

0 ROTATION CENTER 0 0 0 1 "Custom"
0 ROTATION CONFIG 0 0
1 8 -40 0 140 1 0 0 0 1 0 0 0 1 2654.dat
1 8 40 0 140 1 0 0 0 1 0 0 0 1 2654.dat
1 8 0 0 0 1 0 0 0 1 0 0 0 1 2654.dat
1 8 -40 0 -180 1 0 0 0 1 0 0 0 1 2654.dat
1 8 40 0 -180 1 0 0 0 1 0 0 0 1 2654.dat
0 STEP
1 4 -40 -8 140 1 0 0 0 1 0 0 0 1 4032a.dat
1 4 40 -8 140 1 0 0 0 1 0 0 0 1 4032a.dat
1 4 0 -8 0 1 0 0 0 1 0 0 0 1 4032a.dat
1 4 -40 -8 -180 1 0 0 0 1 0 0 0 1 4032a.dat
1 4 40 -8 -180 1 0 0 0 1 0 0 0 1 4032a.dat
0 STEP
1 0 0 -16 80 0 0 1 0 1 0 -1 0 0 3036.dat
1 0 0 -16 -100 0 0 1 0 1 0 -1 0 0 3033.dat
0 STEP
1 8 0 -24 140 1 0 0 0 1 0 0 0 1 3795.dat
1 4 -70 -24 100 1 0 0 0 1 0 0 0 1 3021.dat
1 4 70 -24 100 1 0 0 0 1 0 0 0 1 3021.dat
1 8 -30 -40 80 0 0 1 0 1 0 -1 0 0 4865a.dat
1 8 30 -40 80 0 0 -1 0 1 0 1 0 0 4865a.dat
1 57 -50 -24 70 1 0 0 0 1 0 0 0 1 6141.dat
1 57 50 -24 70 1 0 0 0 1 0 0 0 1 6141.dat
1 0 -50 -24 0 0 0 1 0 1 0 -1 0 0 3666.dat
1 0 50 -24 0 0 0 1 0 1 0 -1 0 0 3666.dat
1 7 0 -24 -70 1 0 0 0 1 0 0 0 1 3829c01.dat
1 0 -50 -24 -120 0 0 1 0 1 0 -1 0 0 3666.dat
1 0 50 -24 -120 0 0 1 0 1 0 -1 0 0 3666.dat
1 0 0 -24 -190 1 0 0 0 1 0 0 0 1 3666.dat
0 STEP
1 0 -80 -32 100 1 0 0 0 1 0 0 0 1 4032a.dat
1 0 80 -32 100 1 0 0 0 1 0 0 0 1 4032a.dat
0 STEP
1 4 0 -40 -100 1 0 0 0 1 0 0 0 1 3001.dat
0 STEP
1 0 0 -48 150 1 0 0 0 1 0 0 0 1 3010.dat
1 0 -90 -42 100 -1 0 0 0 1 0 0 0 -1 30360.dat
1 0 90 -42 100 -1 0 0 0 1 0 0 0 -1 30360.dat
1 4 -50 -48 80 0 0 1 0 1 0 -1 0 0 3008.dat
1 4 50 -48 80 0 0 1 0 1 0 -1 0 0 3008.dat
1 8 -50 -48 -60 0 0 1 0 1 0 -1 0 0 3009.dat
1 8 50 -48 -60 0 0 1 0 1 0 -1 0 0 3009.dat
1 8 0 -48 -110 1 0 0 0 1 0 0 0 1 3710.dat
1 8 -50 -48 -160 0 0 1 0 1 0 -1 0 0 3701.dat
1 8 50 -48 -160 0 0 1 0 1 0 -1 0 0 3701.dat
1 4 0 -48 -190 1 0 0 0 1 0 0 0 1 30414.dat
0 STEP
1 7 0 -28 -208 1 0 0 0 0 -1 0 1 0 3795.dat
0 STEP
1 0 0 -38 -216 1 0 0 0 0 -1 0 1 0 6583.dat
0 STEP
1 47 -50 -38 -216 -1 0 0 0 0 1 0 1 0 54200.dat
1 47 -30 -38 -216 -1 0 0 0 0 1 0 1 0 54200.dat
1 0 -10 -38 -216 -1 0 0 0 0 1 0 1 0 54200.dat
1 0 10 -38 -216 -1 0 0 0 0 1 0 1 0 54200.dat
1 47 30 -38 -216 -1 0 0 0 0 1 0 1 0 54200.dat
1 47 50 -38 -216 -1 0 0 0 0 1 0 1 0 54200.dat
0 STEP
1 8 -40 -56 150 -1 0 0 0 1 0 0 0 -1 44728.dat
1 8 0 -56 150 -1 0 0 0 1 0 0 0 -1 44728.dat
1 8 40 -56 150 -1 0 0 0 1 0 0 0 -1 44728.dat
1 57 -50 -56 130 1 0 0 0 1 0 0 0 1 6141.dat
1 57 50 -56 130 1 0 0 0 1 0 0 0 1 6141.dat
1 0 -60 -56 100 1 0 0 0 1 0 0 0 1 4032a.dat
1 0 60 -56 100 1 0 0 0 1 0 0 0 1 4032a.dat
1 4 -50 -56 60 0 0 1 0 1 0 -1 0 0 3023.dat
1 4 50 -56 60 0 0 1 0 1 0 -1 0 0 3023.dat
1 8 -50 -56 20 0 0 1 0 1 0 -1 0 0 44728.dat
1 8 50 -56 20 0 0 -1 0 1 0 1 0 0 44728.dat
1 8 -50 -56 -20 0 0 1 0 1 0 -1 0 0 44728.dat
1 8 50 -56 -20 0 0 -1 0 1 0 1 0 0 44728.dat
1 8 -50 -56 -60 0 0 1 0 1 0 -1 0 0 44728.dat
1 8 50 -56 -60 0 0 -1 0 1 0 1 0 0 44728.dat
1 57 -50 -56 -90 1 0 0 0 1 0 0 0 1 6141.dat
1 57 50 -56 -90 1 0 0 0 1 0 0 0 1 6141.dat
0 STEP
1 0 0 -46 172 -1 0 0 0 0 -1 0 -1 0 6583.dat
1 57 -90 -42 160 1 0 0 0 0 1 0 -1 0 3941.dat
1 57 90 -42 160 1 0 0 0 0 1 0 -1 0 3941.dat
0 ROTSTEP 23 135 0 ABS
1 57 -90 -42 160 0 0 -1 1 0 0 0 -1 0 85959p02.dat
1 57 90 -42 160 0 0 -1 1 0 0 0 -1 0 85959p02.dat
1 36 -50 -46 172 -1 0 0 0 0 -1 0 -1 0 54200.dat
1 36 -30 -46 172 -1 0 0 0 0 -1 0 -1 0 54200.dat
1 4 0 -46 180 1 0 0 0 0 1 0 -1 0 48336.dat
1 36 30 -46 172 -1 0 0 0 0 -1 0 -1 0 54200.dat
1 36 50 -46 172 -1 0 0 0 0 -1 0 -1 0 54200.dat
0 STEP
1 14 0 -46 188 1 0 0 0 0 1 0 -1 0 3069b.dat
1 0 0 -78.706 140.018 1 0 0 0 0.963 0.269 0 -0.269 0.963 30350a.dat
0 STEP
1 4 -30 -56 150 -1 0 0 0 1 0 0 0 -1 54200.dat
1 0 30 -56 150 -1 0 0 0 1 0 0 0 -1 54200.dat
1 8 -70 -56 100 1 0 0 0 1 0 0 0 1 61409.dat
1 8 70 -56 100 1 0 0 0 1 0 0 0 1 61409.dat
1 0 -50 -64 -40 0 0 1 0 1 0 -1 0 0 3666.dat
1 0 50 -64 -40 0 0 1 0 1 0 -1 0 0 3666.dat
0 ROTSTEP END
1 4 -90 -72 100 0 0 1 0 1 0 -1 0 0 32064a.dat
1 4 90 -72 100 0 0 1 0 1 0 -1 0 0 32064a.dat
1 4 -50 -72 -40 0 0 1 0 1 0 -1 0 0 2412b.dat
1 4 50 -72 -40 0 0 1 0 1 0 -1 0 0 2412b.dat
1 4 -50 -72 -80 0 0 1 0 1 0 -1 0 0 3023.dat
1 4 50 -72 -80 0 0 1 0 1 0 -1 0 0 3023.dat
1 0 -50 -72 -120 1 0 0 0 1 0 0 0 1 42022.dat
1 4 -30 -72 -120 1 0 0 0 1 0 0 0 1 42022.dat
1 0 0 -72 -120 1 0 0 0 1 0 0 0 1 44126.dat
1 0 40 -72 -120 1 0 0 0 1 0 0 0 1 44126.dat
0 STEP
1 4 -100 -62 100 1 0 0 0 1 0 0 0 1 32062.dat
1 4 100 -62 100 1 0 0 0 1 0 0 0 1 32062.dat
0 STEP
1 0 -110 -62 100 0 0 1 0 1 0 -1 0 0 32039.dat
1 0 110 -62 100 0 0 -1 0 1 0 1 0 0 32039.dat
0 STEP
1 7 -130 -62 100 0 0 1 0 1 0 -1 0 0 6587.dat
1 7 130 -62 100 0 0 1 0 1 0 -1 0 0 6587.dat
0 STEP
0 STEP
1 42 -130 -62 46 1 0 0 0 0 -1 0 1 0 4589.dat
1 42 130 -62 46 1 0 0 0 0 -1 0 1 0 4589.dat
0 STEP
1 0 -50 -80 130 -1 0 0 0 1 0 0 0 -1 4286.dat
1 0 50 -80 130 -1 0 0 0 1 0 0 0 -1 4286.dat
1 0 -90 -80 100 0 0 1 0 1 0 -1 0 0 2431.dat
1 0 90 -80 100 0 0 1 0 1 0 -1 0 0 2431.dat
1 0 -50 -80 80 0 0 1 0 1 0 -1 0 0 3010.dat
1 0 50 -80 80 0 0 1 0 1 0 -1 0 0 3010.dat
1 8 0 -80 30 1 0 0 0 1 0 0 0 1 3009.dat
0 STEP
1 0 -50 -88 10 1 0 0 0 1 0 0 0 1 3040b.dat
1 0 50 -88 10 1 0 0 0 1 0 0 0 1 3040b.dat
0 STEP
1 0 0 -96 10 1 0 0 0 1 0 0 0 1 3666.dat
1 47 0 -96 -70 1 0 0 0 1 0 0 0 1 58181.dat
1 7 0 -104 -140 1 0 0 0 1 0 0 0 1 50943.dat
0 STEP
1 0 -50 -104 40 -1 0 0 0 1 0 0 0 -1 41748.dat
1 0 50 -104 40 -1 0 0 0 1 0 0 0 -1 41747.dat
1 0 0 -104 30 1 0 0 0 1 0 0 0 1 3010.dat
1 0 -50 -96 10 0 0 1 0 1 0 -1 0 0 54200.dat
1 0 -20 -104 10 1 0 0 0 1 0 0 0 1 32028.dat
1 0 20 -104 10 1 0 0 0 1 0 0 0 1 32028.dat
1 0 50 -96 10 0 0 -1 0 1 0 1 0 0 54200.dat
0 STEP
1 0 -20 -112 30 -1 0 0 0 1 0 0 0 -1 32028.dat
1 0 20 -112 30 -1 0 0 0 1 0 0 0 -1 32028.dat
1 4 -30 -104 10 1 0 0 0 1 0 0 0 1 54200.dat
1 0 -10 -104 10 1 0 0 0 1 0 0 0 1 54200.dat
1 0 10 -104 10 1 0 0 0 1 0 0 0 1 54200.dat
1 0 30 -104 10 1 0 0 0 1 0 0 0 1 54200.dat
1 0 0 -112 -10 1 0 0 0 1 0 0 0 1 52031.dat
0 STEP
1 0 0 -128 30 1 0 0 0 1 0 0 0 1 6140.dat
0 STEP
1 4 -30 -132 30 -1 0 0 0 0 -1 0 -1 0 53451.dat
1 0 -10 -132 30 -1 0 0 0 0 -1 0 -1 0 53451.dat
1 0 10 -132 30 -1 0 0 0 0 -1 0 -1 0 53451.dat
1 0 30 -132 30 -1 0 0 0 0 -1 0 -1 0 53451.dat





0 FILE 5973 - 5973-2-b.ldr
0 5973-2-b
0 Name: 5973 - 5973-2-b.ldr
0 Author: Massimo Maso [Sirio]
0 !LDRAW_ORG Model
0 !LICENSE Redistributable under CCAL version 2.0 : see CAreadme.txt

0 !HISTORY

0 ROTATION CENTER 0 0 0 1 "Custom"
0 ROTATION CONFIG 0 0
1 8 0 0 0 0 0 1 0 1 0 -1 0 0 3795.dat
0 STEP
1 8 -10 -8 40 0 0 1 0 1 0 -1 0 0 2540.dat
1 8 10 -8 40 0 0 -1 0 1 0 1 0 0 2540.dat
1 0 0 -8 -40 1 0 0 0 1 0 0 0 1 4032a.dat
0 STEP
1 8 -30 -6 20 1 0 0 0 0 -1 0 1 0 44676.dat
1 8 30 -6 20 1 0 0 0 0 -1 0 1 0 44676.dat
0 STEP
1 8 0 -40 50 1 0 0 0 1 0 0 0 1 2432.dat
1 8 -10 -16 -50 1 0 0 0 1 0 0 0 1 6141.dat
1 8 10 -16 -50 1 0 0 0 1 0 0 0 1 6141.dat
0 STEP
1 0 0 -24 -20 -1 0 0 0 1 0 0 0 -1 47755.dat
1 0 0 -24 -10 -1 0 0 0 1 0 0 0 -1 3937.dat
0 ROTSTEP 23 135 0 ABS
1 8 -10 -8 20 1 0 0 0 1 0 0 0 1 61409.dat
1 8 10 -8 20 1 0 0 0 1 0 0 0 1 61409.dat
1 8 0 -32 -40 1 0 0 0 1 0 0 0 1 50745.dat
0 ROTSTEP END
1 0 0 -40 -40 1 0 0 0 1 0 0 0 1 4150.dat





0 FILE 5973 - 5973-2-c.ldr
0 5973-2-c
0 Name: 5973 - 5973-2-c.ldr
0 Author: Massimo Maso [Sirio]
0 !LDRAW_ORG Model
0 !LICENSE Redistributable under CCAL version 2.0 : see CAreadme.txt

0 !HISTORY

0 ROTATION CENTER 0 0 0 1 "Custom"
0 ROTATION CONFIG 0 0
1 8 0 -10 40 1 0 0 0 0 1 0 -1 0 6536.dat
1 8 0 -10 -40 1 0 0 0 0 -1 0 1 0 6536.dat
0 STEP
1 0 0 0 20 0 -1 0 1 0 0 0 0 1 3673.dat
1 0 0 0 -20 0 -1 0 1 0 0 0 0 1 3673.dat
1 4 0 -10 40 1 0 0 0 1 0 0 0 1 32062.dat
1 4 0 -10 -40 1 0 0 0 1 0 0 0 1 32062.dat
0 STEP
1 0 0 -10 0 1 0 0 0 1 0 0 0 1 32074c01.dat
0 STEP





0 FILE 5973 - 5973-2-d.ldr
0 5973-2-d
0 Name: 5973 - 5973-2-d.ldr
0 Author: Massimo Maso [Sirio]
0 !LDRAW_ORG Model
0 !LICENSE Redistributable under CCAL version 2.0 : see CAreadme.txt

0 !HISTORY

0 ROTATION CENTER 0 0 0 1 "Custom"
0 ROTATION CONFIG 0 0
1 8 0 -20 -2 0 0 1 0 1 0 -1 0 0 6587.dat
0 STEP
0 STEP
1 8 0 -20 20 0 0 1 0 1 0 -1 0 0 6536.dat
1 8 0 -20 -20 0 0 1 0 1 0 -1 0 0 6536.dat
0 STEP
1 42 0 -20 -56 1 0 0 0 0 -1 0 1 0 4589.dat





0 FILE 5973 - 5973-3.ldr
0 5973-3
0 Name: 5973 - 5973-3.ldr
0 Author: Massimo Maso [Sirio]
0 !LDRAW_ORG Model
0 !LICENSE Redistributable under CCAL version 2.0 : see CAreadme.txt

0 !HISTORY

0 ROTATION CENTER 0 0 0 1 "Custom"
0 ROTATION CONFIG 0 0
1 8 0 0 20 1 0 0 0 1 0 0 0 1 2654.dat
1 8 0 0 -20 1 0 0 0 1 0 0 0 1 2654.dat
0 STEP
1 14 0 -8 0 0 0 1 0 1 0 -1 0 0 3020.dat
0 STEP
1 14 -10 -32 30 -1 0 0 0 1 0 0 0 -1 3822.dat
1 14 10 -32 30 -1 0 0 0 1 0 0 0 -1 3821.dat
1 14 0 -32 -30 1 0 0 0 1 0 0 0 1 2877.dat
0 STEP
1 14 0 -40 0 0 0 1 0 1 0 -1 0 0 3020.dat
0 STEP
1 14 0 -48 20 1 0 0 0 1 0 0 0 1 4150.dat
1 14 0 -48 -20 1 0 0 0 1 0 0 0 1 4150.dat
1 334 -4 -22 0 0 -1 0 0 0 1 -1 0 0 3069b.dat
1 334 4 -22 0 0 -1 0 0 0 1 -1 0 0 3069b.dat
1 334 12 -22 0 0 -1 0 0 0 1 -1 0 0 3069b.dat









0 FILE 5973 - LS90.dat
0 LS90
0 Name: 5973 - LS90.dat
0 Author: J.C. Tchang [tchang]
0 !LDRAW_ORG Unofficial_Part
0 !LICENSE Redistributable under CCAL version 2.0 : see CAreadme.txt

0 BFC CERTIFY CCW

1 16 0 20 0 4 0 0 0 -1 0 0 0 4 4-4disc.dat
1 16 0 20 0 4 0 0 0 1 0 0 0 4 4-4edge.dat
1 16 0 20 0 4 0 0 0 -20 0 0 0 4 4-4cyli.dat
1 16 0 0 0 4 0 0 0 1 0 0 0 4 4-4edge.dat
0 //
1 16 0 0 0 1 0 0 0 -1 0 0 0 1 4-4ring4.dat
1 16 0 0 0 0.5 0 0 0 -1 0 0 0 0.5 4-4rin10.dat
1 16 0 0 0 5.08134 0 -2.10476 0 1 0 2.10476 0 5.08134 1-8edge.dat
1 16 0 0 0 -2.10476 0 -5.08134 0 1 0 5.08134 0 -2.10476 1-8edge.dat
1 16 0 0 0 -5.08134 0 2.10476 0 1 0 -2.10476 0 -5.08134 1-8edge.dat
1 16 0 0 0 2.10476 0 5.08134 0 1 0 -5.08134 0 2.10476 1-8edge.dat
2 24 5.30095 0 1 5.081 0 2.105
2 24 5.30095 0 -1 5.081 0 -2.105
2 24 -1 0 5.30095 -2.105 0 5.081
2 24 1 0 5.30095 2.105 0 5.081
2 24 -5.30095 0 -1 -5.081 0 -2.105
2 24 -5.30095 0 1 -5.081 0 2.105
2 24 1 0 -5.30095 2.105 0 -5.081
2 24 -1 0 -5.30095 -2.105 0 -5.081
1 16 0 0 0 5.5 0 0 0 -2 0 0 0 5.5 4-4cyli.dat
0 //
1 16 0 -2 0 5.5 0 0 0 1 0 0 0 5.5 4-4edge.dat
1 16 0 -2 0 0.25 0 0 0 1 0 0 0 0.25 4-4rin21.dat
1 16 0 -2 0 0.75 0 0 0 1 0 0 0 0.75 4-4ring6.dat
1 16 0 -2 0 4.5 0 0 0 1 0 0 0 4.5 4-4edge.dat
1 16 0 -2 0 4.5 0 0 0 -6 0 0 0 4.5 4-4cyli.dat
0 //
1 16 0 -8 0 4.5 0 0 0 1 0 0 0 4.5 4-4edge.dat
1 16 0 -8 0 0.5 0 0 0 1 0 0 0 0.5 4-4ring8.dat
1 16 0 -8 0 4 0 0 0 1 0 0 0 4 4-4edge.dat
1 16 0 -8 0 4 0 0 0 -3.9 0 0 0 4 4-4cyli.dat
0 //
4 16 -4.5 -5.5 0 -4.301 -5.699 1 -6 -4 1 -6 -4 -1
3 16 -6 -4 -1 -4.301 -5.699 -1 -4.5 -5.5 0
2 24 -6 -4 -1 -4.30139 -5.69861 -1
2 24 -6 -4 1 -4.30139 -5.69861 1
2 24 -4.30139 -5.69861 -1 -4.5 -5.5 0
2 24 -4.30139 -5.69861 1 -4.5 -5.5 0
4 16 -6 0 -1 -6 0 1 -5.30095 0 1 -5.5 0 0
3 16 -5.5 0 0 -5.30095 0 -1 -6 0 -1
2 24 -5.30095 0 -1 -6 0 -1
2 24 -5.30095 0 1 -6 0 1
4 16 -6 -4 -1 -6 0 -1 -5.30095 0 -1 -5.30095 -2 -1
4 16 -4.30139 -2 -1 -4.30139 -5.69861 -1 -6 -4 -1 -5.30095 -2 -1
2 24 -5.30095 0 -1 -5.30095 -2 -1
