0 FILE 60059 - Main.ldr
0 Main
0 Name: 60059 - Main.ldr
0 Author: Marc Giraudet [Mad_Marc]
0 !LDRAW_ORG Model
0 !LICENSE Redistributable under CCAL version 2.0 : see CAreadme.txt

1 0 -110 4 0 1 0 0 0 1 0 0 0 1 60059 - Truck.ldr
1 0 100 2 0 0 0 1 0 1 0 -1 0 0 60059 - Chainsaw.ldr
1 2 20 16 205 1 0 0 0 1 0 0 0 1 2435.dat
1 2 180 16 105 1 0 0 0 1 0 0 0 1 2435.dat
1 0 135 0 -130 1 0 0 0 1 0 0 0 1 60059 - Wood.ldr
1 0 255 0 -35 1 0 0 0 1 0 0 0 1 60059 - Wood.ldr
1 0 109.749 -46 -437.678 -1 0 0 0 1 0 0 0 -1 60059 - Driver.ldr
1 0 95 -46 55 1 0 0 0 1 0 0 0 1 60059 - Worker.ldr






0 FILE 60059 - Truck.ldr
0 Truck
0 Name: 60059 - Truck.ldr
0 Author: Marc Giraudet [Mad_Marc]
0 !LDRAW_ORG Model
0 !LICENSE Redistributable under CCAL version 2.0 : see CAreadme.txt

1 72 0 0 0 0 0 -1 0 1 0 1 0 0 3832.dat
0 STEP
1 71 0 -8 40 0 0 -1 0 1 0 1 0 0 3022.dat
1 0 20 -8 80 1 0 0 0 1 0 0 0 1 4488.dat
1 0 -20 -8 80 -1 0 0 0 1 0 0 0 -1 4488.dat
0 STEP
1 0 20 -8 0 1 0 0 0 1 0 0 0 1 4488.dat
1 0 -20 -8 0 -1 0 0 0 1 0 0 0 -1 4488.dat
1 71 0 -8 -120 0 0 1 0 1 0 -1 0 0 3832.dat
0 STEP
1 72 0 0 -200 0 0 -1 0 1 0 1 0 0 3832.dat
0 STEP
1 0 20 -8 -240 1 0 0 0 1 0 0 0 1 4488.dat
1 0 -20 -8 -240 -1 0 0 0 1 0 0 0 -1 4488.dat
1 2 0 -8 -270 -1 0 0 0 1 0 0 0 -1 3023.dat
0 STEP
1 2 30 -16 80 0 0 -1 0 1 0 1 0 0 3023.dat
1 2 -30 -16 80 0 0 -1 0 1 0 1 0 0 3023.dat
1 2 -30 -16 0 0 0 -1 0 1 0 1 0 0 3023.dat
1 2 30 -16 0 0 0 -1 0 1 0 1 0 0 3023.dat
1 2 -30 -16 -240 0 0 -1 0 1 0 1 0 0 3023.dat
1 2 30 -16 -240 0 0 -1 0 1 0 1 0 0 3023.dat
0 STEP
1 2 0 -16 70 0 0 -1 0 1 0 1 0 0 3021.dat
0 STEP
1 19 0 -24 50 1 0 0 0 1 0 0 0 1 3023.dat
1 71 0 -24 110 -1 0 0 0 1 0 0 0 -1 11215.dat
0 STEP
1 0 0 -8 140 -1 0 0 0 1 0 0 0 -1 32001.dat
1 71 -50 -16 130 0 0 1 0 1 0 -1 0 0 4085c.dat
1 71 50 -16 130 0 0 -1 0 1 0 1 0 0 4085c.dat
0 STEP
1 1 0 -16 140 0 0 -1 0 1 0 1 0 0 3680.dat
1 71 -40 -16 150 -1 0 0 0 1 0 0 0 -1 99780.dat
1 71 40 -16 150 -1 0 0 0 1 0 0 0 -1 99780.dat
0 STEP
1 28 0 -64 140 0 1 0 1 0 0 0 0 -1 15462.dat
1 0 0 -24 140 -1 0 0 0 1 0 0 0 -1 32001.dat
0 STEP
1 36 -30 -18 172 -1 0 0 0 0 -1 0 -1 0 6141.dat
1 36 30 -18 172 -1 0 0 0 0 -1 0 -1 0 6141.dat
1 57 -50 -18 172 -1 0 0 0 0 -1 0 -1 0 6141.dat
1 57 50 -18 172 -1 0 0 0 0 -1 0 -1 0 6141.dat

1 0 0 -32 100 0 0 1 0 1 0 -1 0 0 32001.dat
0 STEP
1 0 -10 -32 -120 0 0 1 0 1 0 -1 0 0 2465.dat
1 0 10 -32 -120 0 0 1 0 1 0 -1 0 0 2465.dat
0 STEP
1 0 0 -8 -290 1 0 0 0 1 0 0 0 1 3666.dat
0 STEP
1 2 0 -16 -290 1 0 0 0 1 0 0 0 1 3023.dat
1 71 40 -16 -290 1 0 0 0 1 0 0 0 1 2412b.dat
1 71 -40 -16 -290 1 0 0 0 1 0 0 0 1 2412b.dat
0 STEP
1 0 0 -24 -290 1 0 0 0 1 0 0 0 1 3666.dat
0 STEP
1 2 0 -32 -290 1 0 0 0 1 0 0 0 1 3023.dat
1 71 40 -32 -290 1 0 0 0 1 0 0 0 1 2412b.dat
1 71 -40 -32 -290 1 0 0 0 1 0 0 0 1 2412b.dat
0 STEP
1 71 0 -40 110 1 0 0 0 1 0 0 0 1 2412b.dat
1 72 0 -40 140 1 0 0 0 1 0 0 0 1 15535.dat
0 STEP
1 71 0 -40 40 0 0 1 0 1 0 -1 0 0 3795.dat
1 72 0 -40 -60 0 0 1 0 1 0 -1 0 0 3020.dat

1 14 10 -40 -120 0 0 -1 0 1 0 1 0 0 93274.dat
1 72 32 -20 -120 0 -1 0 0 0 -1 1 0 0 3020.dat
0 STEP
1 72 56 -20 -100 0 -1 0 0 0 -1 1 0 0 30165.dat
1 72 56 -20 -140 0 -1 0 0 0 -1 1 0 0 30165.dat
0 STEP
1 0 64 -20 -120 0 -1 0 0 0 -1 1 0 0 6636.dat
0 STEP
1 14 -10 -40 -120 0 0 1 0 1 0 -1 0 0 93274.dat
0 STEP
1 72 -32 -20 -120 0 1 0 0 0 -1 -1 0 0 3020.dat
0 STEP
1 72 -56 -20 -140 0 1 0 0 0 -1 -1 0 0 30165.dat
1 72 -56 -20 -100 0 1 0 0 0 -1 -1 0 0 30165.dat
0 STEP
1 0 -64 -20 -120 0 1 0 0 0 -1 -1 0 0 6636.dat
0 STEP
1 71 0 -40 -200 0 0 1 0 1 0 -1 0 0 3795.dat
1 72 0 -40 -280 1 0 0 0 1 0 0 0 1 3020.dat
0 STEP
1 0 40 -40 80 0 0 -1 0 1 0 1 0 0 50745.dat
1 0 -40 -40 80 0 0 1 0 1 0 -1 0 0 50745.dat
1 0 40 -40 0 0 0 -1 0 1 0 1 0 0 50745.dat
1 0 -40 -40 0 0 0 1 0 1 0 -1 0 0 50745.dat
1 0 40 -40 -240 0 0 -1 0 1 0 1 0 0 50745.dat
1 0 -40 -40 -240 0 0 1 0 1 0 -1 0 0 50745.dat
0 STEP
1 2 0 -56 -290 1 0 0 0 1 0 0 0 1 87609.dat
0 STEP
1 2 0 -48 -250 1 0 0 0 1 0 0 0 1 3666.dat
1 2 30 -48 -220 1 0 0 0 1 0 0 0 1 3021.dat
1 2 -30 -48 -220 1 0 0 0 1 0 0 0 1 3021.dat
0 STEP
1 14 -50 -56 -260 0 0 1 0 1 0 -1 0 0 3710.dat
1 14 50 -56 -260 0 0 1 0 1 0 -1 0 0 3710.dat
1 14 0 -56 -210 -1 0 0 0 1 0 0 0 -1 3666.dat
0 STEP
1 2 -20 -128 -210 1 0 0 0 1 0 0 0 1 87544.dat
1 2 20 -128 -210 1 0 0 0 1 0 0 0 1 87544.dat
0 STEP
1 2 -50 -128 -220 0 0 -1 0 1 0 1 0 0 87544.dat
1 2 50 -128 -220 0 0 1 0 1 0 -1 0 0 87544.dat
0 STEP
1 2 50 -80 -290 1 0 0 0 1 0 0 0 1 3822.dat
1 2 -50 -80 -290 1 0 0 0 1 0 0 0 1 3821.dat
0 STEP
1 1 -20 -80 -290 1 0 0 0 1 0 0 0 1 3004.dat
1 1 20 -64 -290 1 0 0 0 1 0 0 0 1 3829c01.dat
1 4 -30 -104 -290 1 0 0 0 1 0 0 0 1 3899.dat
0 STEP
1 2 0 -70 -316 -1 0 0 0 0 1 0 1 0 87609.dat
1 0 0 -20 -308 1 0 0 0 0 -1 0 1 0 32001.dat
0 STEP
1 2 -20 -30 -316 0 0 1 1 0 0 0 1 0 3021.dat
1 2 20 -30 -316 0 0 1 1 0 0 0 1 0 3021.dat
0 STEP
1 0 50 -10 -316 0 0 1 1 0 0 0 1 0 6141.dat
1 0 -50 -10 -316 0 0 1 1 0 0 0 1 0 6141.dat
0 STEP
1 0 0 -10 -324 -1 0 0 0 0 1 0 1 0 6636.dat
0 STEP
1 0 20 -30 -324 -1 0 0 0 0 1 0 1 0 2412b.dat
1 0 -20 -30 -324 -1 0 0 0 0 1 0 1 0 2412b.dat
1 0 20 -50 -324 -1 0 0 0 0 1 0 1 0 2412b.dat
1 0 -20 -50 -324 -1 0 0 0 0 1 0 1 0 2412b.dat
0 STEP
1 57 50 -50 -316 0 0 1 1 0 0 0 1 0 6141.dat
1 57 -50 -50 -316 0 0 1 1 0 0 0 1 0 6141.dat
1 47 50 -30 -308 0 0 -1 -1 0 0 0 1 0 54200.dat
1 47 -50 -30 -308 0 0 1 1 0 0 0 1 0 54200.dat
0 STEP
1 2 40 -70 -308 0 0 -1 -1 0 0 0 1 0 11477.dat
1 2 -40 -70 -308 0 0 1 1 0 0 0 1 0 11477.dat
1 2 0 -70 -324 -1 0 0 0 0 1 0 1 0 3069b.dat
0 STEP
1 47 0 -128 -290 1 0 0 0 1 0 0 0 1 4176.dat
0 STEP
1 0 -20 -136 -290 1 0 0 0 1 0 0 0 1 32028.dat
1 0 20 -136 -290 1 0 0 0 1 0 0 0 1 32028.dat
1 0 0 -136 -210 1 0 0 0 1 0 0 0 1 3666.dat
0 STEP
1 0 -50 -136 -230 0 0 1 0 1 0 -1 0 0 4085c.dat
1 0 -50 -136 -290 0 0 1 0 1 0 -1 0 0 4085c.dat
1 0 50 -136 -230 0 0 -1 0 1 0 1 0 0 4085c.dat
1 0 50 -136 -290 0 0 -1 0 1 0 1 0 0 4085c.dat
0 STEP
1 0 85.556 -122 -277.272 0 -0.707107 0.707107 1 0 0 0 0.707107 0.707107 48336.dat
1 0 -85.556 -122 -277.272 0 0.707107 -0.707107 -1 0 0 0 0.707107 0.707107 48336.dat
0 STEP
1 2 0 -144 -210 1 0 0 0 1 0 0 0 1 3666.dat
1 57 70 -128 -230 1 0 0 0 1 0 0 0 1 58176.dat
1 57 -70 -128 -230 1 0 0 0 1 0 0 0 1 58176.dat
0 STEP
1 2 0 -152 -230 1 0 0 0 1 0 0 0 1 52031.dat
0 STEP
1 72 -30 -160 -230 0 0 -1 0 1 0 1 0 0 2555.dat
1 72 30 -160 -230 0 0 -1 0 1 0 1 0 0 2555.dat
1 148 -70 -166.485 -228.06 0 1 0 0.241922 0 -0.970296 -0.970296 0 -0.241922 92589.dat
0 STEP
1 0 0 -48 -190 -1 0 0 0 1 0 0 0 -1 2412b.dat
0 STEP
1 2 20 -48 -150 0 0 1 0 1 0 -1 0 0 3021.dat
1 2 -20 -48 -150 0 0 1 0 1 0 -1 0 0 3021.dat

1 2 0 -48 -110 1 0 0 0 1 0 0 0 1 3666.dat
1 2 0 -48 30 1 0 0 0 1 0 0 0 1 3666.dat
1 2 0 -48 -40 0 0 -1 0 1 0 1 0 0 3032.dat
0 STEP
1 2 20 -48 70 0 0 1 0 1 0 -1 0 0 3021.dat
1 2 -20 -48 70 0 0 1 0 1 0 -1 0 0 3021.dat
0 STEP
1 0 0 -56 -170 1 0 0 0 1 0 0 0 1 6583.dat
1 0 0 -56 90 -1 0 0 0 1 0 0 0 -1 6583.dat
0 STEP
1 0 -10 -56 20 0 0 1 0 1 0 -1 0 0 6636.dat
1 0 10 -56 20 0 0 1 0 1 0 -1 0 0 6636.dat
1 0 -10 -56 -100 0 0 1 0 1 0 -1 0 0 6636.dat
1 0 10 -56 -100 0 0 1 0 1 0 -1 0 0 6636.dat
0 STEP
1 71 -30 -56 -120 0 0 -1 0 1 0 1 0 0 92280.dat
1 71 30 -56 -120 0 0 -1 0 1 0 1 0 0 92280.dat
1 71 30 -56 40 0 0 1 0 1 0 -1 0 0 92280.dat
1 71 -30 -56 40 0 0 1 0 1 0 -1 0 0 92280.dat
0 STEP
1 0 -50 -62 30 0 0 -1 0 1 0 1 0 0 87617.dat
1 0 50 -62 30 0 0 1 0 1 0 -1 0 0 87617.dat
1 0 -50 -62 -110 0 0 -1 0 1 0 1 0 0 87617.dat
1 0 50 -62 -110 0 0 1 0 1 0 -1 0 0 87617.dat
1 72 50 -160 -110 0 0 -1 0 1 0 1 0 0 92338-f2.dat
1 72 50 -160 30 0 0 -1 0 1 0 1 0 0 92338-f2.dat
0 STEP
1 14 0 -64 140 0.981627 0 0.190809 0 1 0 -0.190809 0 0.981627 3941.dat
1 71 0 -72 140 0.981627 0 0.190809 0 1 0 -0.190809 0 0.981627 4032b.dat
0 STEP
1 14 0 -96 140 0.981627 0 0.190809 0 1 0 -0.190809 0 0.981627 3941.dat
0 STEP
1 14 0 -120 140 0.981627 0 0.190809 0 1 0 -0.190809 0 0.981627 6232.dat
0 STEP
1 72 -7.909 -128 151.725 0.981627 0 0.190809 0 1 0 -0.190809 0 0.981627 11212.dat
0 STEP
1 1 11.725 -136 147.909 0.190809 0 -0.981627 0 1 0 0.981627 0 0.190809 3623.dat
1 72 9.813 -160 138.092 0.190809 0 -0.981627 0 1 0 0.981627 0 0.190809 2458.dat
0 STEP
1 71 33.265 -130 153.908 0 -0.190809 -0.981627 1 0 0 0 -0.981627 0.190809 63869.dat
0 STEP
1 4 33.265 -140 153.908 0 -0.190809 -0.981627 1 0 0 0 -0.981627 0.190809 32062.dat
1 0 33.265 -160 153.908 -0.981627 0.190809 0 0 0 1 0.190809 0.981627 0 30552.dat
0 STEP
1 1 -15.816 -136 163.451 0.981627 0 0.190809 0 1 0 -0.190809 0 0.981627 4079.dat
0 STEP
1 1 -31.358 -136 135.909 0.981627 0 0.190809 0 1 0 -0.190809 0 0.981627 4592c01.dat
1 1 -11.725 -135.999 132.091 0.981627 0 0.190809 0 1 0 -0.190809 0 0.981627 4592c01.dat
0 STEP
1 14 27.869 -212.426 126.144 -0.134922 -0.134922 0.981627 -0.707106 0.707106 0 -0.694115 -0.694115 -0.190809 30387.dat
1 14 10.232 -250.711 35.416 -0.190809 0 0.981627 0 1 0 -0.981627 0 -0.190809 30387.dat
1 14 0.692 -220.713 -13.665 -0.981627 0.190809 0 0 0 1 0.190809 0.981627 0 30396.dat
0 STEP
1 14 0.692 -200.712 -13.665 -0.190809 0 0.981627 0 1 0 -0.981627 0 -0.190809 60059 - Claw.ldr
0 STEP
1 71 50 -3 80 0 0 -1 0 1 0 1 0 0 6014.dat
1 256 56 -3 80 0 0 -1 0 1 0 1 0 0 87697.dat
1 71 -50 -3 80 0 0 1 0 1 0 -1 0 0 6014.dat
1 256 -56 -3 80 0 0 1 0 1 0 -1 0 0 87697.dat
1 71 50 -3 0 0 0 -1 0 1 0 1 0 0 6014.dat
1 256 56 -3 0 0 0 -1 0 1 0 1 0 0 87697.dat
1 71 -50 -3 0 0 0 1 0 1 0 -1 0 0 6014.dat
1 256 -56 -3 0 0 0 1 0 1 0 -1 0 0 87697.dat
1 71 50 -3 -240 0 0 -1 0 1 0 1 0 0 6014.dat
1 256 56 -3 -240 0 0 -1 0 1 0 1 0 0 87697.dat
1 71 -50 -3 -240 0 0 1 0 1 0 -1 0 0 6014.dat
1 256 -56 -3 -240 0 0 1 0 1 0 -1 0 0 87697.dat






0 FILE 60059 - Chainsaw.ldr
0 Chainsaw
0 Name: 60059 - Chainsaw.ldr
0 Author: Marc Giraudet [Mad_Marc]
0 !LDRAW_ORG Model
0 !LICENSE Redistributable under CCAL version 2.0 : see CAreadme.txt

1 0 0 0 0 1 0 0 0 1 0 0 0 1 4733.dat
0 STEP
1 25 0 10 -34 1 0 0 0 0 -1 0 1 0 4589.dat
1 72 0 2 18 1 0 0 0 1 0 0 0 1 6117.dat
0 STEP
1 0 0 -2 0 1 0 0 0 1 0 0 0 1 60849.dat
1 25 18 10 0 0 -1 0 0 0 1 -1 0 0 98138.dat






0 FILE 60059 - Wood.ldr
0 Wood
0 Name: 60059 - Wood.ldr
0 Author: Marc Giraudet [Mad_Marc]
0 !LDRAW_ORG Model
0 !LICENSE Redistributable under CCAL version 2.0 : see CAreadme.txt

1 70 0 0 0 0.707107 0 -0.707107 -0.707107 0 -0.707107 0 1 0 3941.dat
0 STEP
1 0 0 0 -96 0 -0.707107 -0.707107 0 0.707107 -0.707107 1 0 0 3708.dat
0 STEP
1 70 0 0 -24.001 0.707107 0 -0.707107 -0.707107 0 -0.707107 0 1 0 3941.dat
1 70 0 0 -48 0.707107 0 -0.707107 -0.707107 0 -0.707107 0 1 0 3941.dat
1 70 0 0 -72 0.707107 0 -0.707107 -0.707107 0 -0.707107 0 1 0 3941.dat
1 70 0 0 -96 0.707107 0 -0.707107 -0.707107 0 -0.707107 0 1 0 3941.dat
0 STEP
1 70 0 0 -104 0.707107 0 -0.707107 -0.707107 0 -0.707107 0 1 0 98284.dat
0 STEP
1 70 0 0 -128 0.707107 0 -0.707107 -0.707107 0 -0.707107 0 1 0 3941.dat
1 70 0 0 -152 0.707107 0 -0.707107 -0.707107 0 -0.707107 0 1 0 3941.dat
1 70 0 0 -176 0.707107 0 -0.707107 -0.707107 0 -0.707107 0 1 0 3941.dat
0 STEP
1 70 0 0 -199.999 0.707107 0 -0.707107 -0.707107 0 -0.707107 0 1 0 3941.dat
1 70 0 0 -224 0.707107 0 -0.707107 -0.707107 0 -0.707107 0 1 0 3941.dat






0 FILE 60059 - Claw.ldr
0 Claw
0 Name: 60059 - Claw.ldr
0 Author: Marc Giraudet [Mad_Marc]
0 !LDRAW_ORG Model
0 !LICENSE Redistributable under CCAL version 2.0 : see CAreadme.txt

1 14 0 20 30 1 0 0 0 0 -1 0 1 0 4032b.dat
0 STEP
1 0 10 30 22 1 0 0 0 0 -1 0 1 0 4085c.dat
1 72 -10 10 22 0 0 1 1 0 0 0 1 0 2420.dat
0 STEP
1 71 0 20 14 0 0 1 1 0 0 0 1 0 3022.dat
0 STEP
1 0 -10 30 -10 0 0 1 1 0 0 0 1 0 3062b.dat
1 14 0 10 -10 1 0 0 0 0 -1 0 1 0 3700.dat
0 STEP
1 0 10 30 6 1 0 0 0 0 -1 0 1 0 4085c.dat
1 1 10 30 -2 1 0 0 0 0 -1 0 1 0 6141.dat
1 0 10 30 -10 1 0 0 0 0 -1 0 1 0 4085c.dat
0 STEP
1 0 0 0 0 0 0 1 1 0 0 0 1 0 6628.dat
0 STEP
1 71 0 20 -18 0 0 1 1 0 0 0 1 0 3022.dat
0 STEP
1 0 10 30 -26 1 0 0 0 0 -1 0 1 0 4085c.dat
1 72 -10 10 -26 0 0 1 1 0 0 0 1 0 2420.dat
0 STEP
1 14 0 20 -34 0 0 1 1 0 0 0 1 0 4150.dat
0 STEP
1 14 10 50 -38 0 0 1 1 0 0 0 1 0 30374.dat
0 STEP
1 14 10 50 18 0 0.515038 0.857167 0 0.857167 -0.515038 -1 0 0 92220.dat
1 14 10 50 2 0 -0.515038 -0.857167 0 0.857167 -0.515038 1 0 0 92220.dat
1 14 10 50 -14 0 0.515038 0.857167 0 0.857167 -0.515038 -1 0 0 92220.dat






0 FILE 60059 - Worker.ldr
0 Worker
0 Name: 60059 - Worker.ldr
0 Author: Marc Giraudet [Mad_Marc]
0 !LDRAW_ORG Model
0 !LICENSE Redistributable under CCAL version 2.0 : see CAreadme.txt

1 4 0 -24 0 1 0 0 0 1 0 0 0 1 11303c01.dat
1 14 0 -24 0 1 0 0 0 1 0 0 0 1 3626bp01.dat
1 272 0 0 0 1 0 0 0 1 0 0 0 1 973pdd.dat
1 379 0 32 0 1 0 0 0 1 0 0 0 1 3815b.dat
1 272 -15.552 9 0 0.985 -0.17 0 0.17 0.985 0 0 0 1 3818.dat
1 272 15.552 9 0 0.985 0.17 0 -0.17 0.985 0 0 0 1 3819.dat
1 14 -23.8634 26.5956 -10.321 0.985 -0.12019 0.12019 0.17 0.696395 -0.696395 0 0.707 0.707 3820.dat
1 14 23.8634 26.5956 -10.321 0.985 0.12019 -0.12019 -0.17 0.696395 -0.696395 0 0.707 0.707 3820.dat
1 379 0 44 0 1 0 0 0 1 0 0 0 1 3816b.dat
1 379 0 44 0 1 0 0 0 1 0 0 0 1 3817b.dat






0 FILE 60059 - Driver.ldr
0 Driver
0 Name: 60059 - Driver.ldr
0 Author: Marc Giraudet [Mad_Marc]
0 !LDRAW_ORG Model
0 !LICENSE Redistributable under CCAL version 2.0 : see CAreadme.txt

1 4 0 -24 0 1 0 0 0 1 0 0 0 1 3833.dat
1 14 0 -24 0 1 0 0 0 1 0 0 0 1 3626bp01.dat
1 320 0 0 0 1 0 0 0 1 0 0 0 1 973.dat
1 28 0 32 0 1 0 0 0 1 0 0 0 1 3815b.dat
1 320 -15.552 9 0 0.985 -0.17 0 0.17 0.985 0 0 0 1 3818.dat
1 320 15.552 9 0 0.985 0.17 0 -0.17 0.985 0 0 0 1 3819.dat
1 14 -23.8634 26.5956 -10.321 0.985 -0.12019 0.12019 0.17 0.696395 -0.696395 0 0.707 0.707 3820.dat
1 14 23.8634 26.5956 -10.321 0.985 0.12019 -0.12019 -0.17 0.696395 -0.696395 0 0.707 0.707 3820.dat
1 28 0 44 0 1 0 0 0 1 0 0 0 1 3816b.dat
1 28 0 44 0 1 0 0 0 1 0 0 0 1 3817b.dat
0 STEP
1 72 -23.8951 26.7794 -26.9666 0.985 -0.0874983 0.14567 0.17 0.506976 -0.844031 0 0.856884 0.514696 3837.dat










