0 FILE 60065 - ATV Patrol.ldr
0 ATV Patrol
0 Name: 60065 - ATV Patrol.ldr
0 Author: Merlijn Wissink [Legolijntje]
0 !LDRAW_ORG Model
0 !LICENSE Redistributable under CCAL version 2.0 : see CAreadme.txt

0 // Missing all printed parts except 1x2 money tiles, substituted with non-printed versions

1 71 0 0 0 1 0 0 0 1 0 0 0 1 60065 - Quad.ldr
1 71 -145 36 -70 0.707 0 -0.707 0 1 0 0.707 0 0.707 60065 - Bush.ldr
1 71 100 8 15 1 0 0 0 1 0 0 0 1 60065 - Police.ldr
1 71 175 8 15 1 0 0 0 1 0 0 0 1 60065 - Thief.ldr
1 4 15 44 -105 0 0 -1 0 1 0 1 0 0 30115.dat


0 FILE 60065 - Police.ldr
0 Police
0 Name: 60065 - Police.ldr
0 Author: Merlijn Wissink [Legolijntje]
0 !LDRAW_ORG Model
0 !LICENSE Redistributable under CCAL version 2.0 : see CAreadme.txt

1 272 0 0 0 1 0 0 0 1 0 0 0 1 3815.dat
1 272 0 12 0 1 0 0 0 1 0 0 0 1 3817.dat
1 272 0 12 0 1 0 0 0 1 0 0 0 1 3816.dat
1 19 0 -32 0 1 0 0 0 1 0 0 0 1 973.dat
1 19 15.552 -23 0 0.985 0.17 0 -0.17 0.985 0 0 0 1 3819.dat
1 14 23.688 -5.24 -9.884 0.985 0.12 -0.12 -0.17 0.697 -0.697 0 0.707 0.707 3820.dat
1 19 -15.552 -23 0 0.985 -0.17 0 0.17 0.985 0 0 0 1 3818.dat
1 14 -23.688 -5.24 -9.884 0.985 -0.12 0.12 0.17 0.697 -0.697 0 0.707 0.707 3820.dat
1 14 0 -56 0 1 0 0 0 1 0 0 0 1 3626c.dat
1 28 0 -56 0 1 0 0 0 1 0 0 0 1 11303.dat


0 FILE 60065 - Thief.ldr
0 Thief
0 Name: 60065 - Thief.ldr
0 Author: Merlijn Wissink [Legolijntje]
0 !LDRAW_ORG Model
0 !LICENSE Redistributable under CCAL version 2.0 : see CAreadme.txt

1 28 0 0 0 1 0 0 0 1 0 0 0 1 3815.dat
1 28 0 12 0 1 0 0 0 1 0 0 0 1 3817.dat
1 28 0 12 0 1 0 0 0 1 0 0 0 1 3816.dat
1 15 0 -32 0 1 0 0 0 1 0 0 0 1 973.dat
1 15 15.552 -23 0 0.985 0.17 0 -0.17 0.985 0 0 0 1 3819.dat
1 14 23.688 -5.24 -9.884 0.985 0.12 -0.12 -0.17 0.697 -0.697 0 0.707 0.707 3820.dat
1 15 -15.552 -23 0 0.985 -0.17 0 0.17 0.985 0 0 0 1 3818.dat
1 14 -23.688 -5.24 -9.884 0.985 -0.12 0.12 0.17 0.697 -0.697 0 0.707 0.707 3820.dat
1 28 0 -32 0 1 0 0 0 1 0 0 0 1 92590.dat
1 14 0 -58 0 1 0 0 0 1 0 0 0 1 3626c.dat
1 72 0 -58 0 1 0 0 0 1 0 0 0 1 41334.dat
1 2 0 -25 22 0 0 1 -1 0 0 0 -1 0 3069bpw2.dat
1 2 0 -25 30 0 0 1 -1 0 0 0 -1 0 3069bpw2.dat


0 FILE 60065 - Bush.ldr
0 Bush
0 Name: 60065 - Bush.ldr
0 Author: Merlijn Wissink [Legolijntje]
0 !LDRAW_ORG Model
0 !LICENSE Redistributable under CCAL version 2.0 : see CAreadme.txt

1 70 0 0 0 1 0 0 0 1 0 0 0 1 3020.dat
1 70 0 -24 10 1 0 0 0 1 0 0 0 1 30137.dat
1 72 -30 -24 -10 1 0 0 0 1 0 0 0 1 4286.dat
1 288 30 -24 -10 1 0 0 0 1 0 0 0 1 3040b.dat
1 70 0 0 -60 1 0 0 0 1 0 0 0 1 30503.dat
1 70 -30 -32 0 0 0 -1 0 1 0 1 0 0 3023.dat
1 70 30 -32 0 0 0 -1 0 1 0 1 0 0 3023.dat
1 70 0 -56 10 1 0 0 0 1 0 0 0 1 2432.dat
1 0 0 -52 16 0 0 -1 0.53 -0.848 0 -0.848 -0.53 0 48729b.dat
1 27 30 -40 10 0 0 1 0 1 0 -1 0 0 6141.dat
1 288 0 -33.774 -43.362 -1 0 0 0 0.848 0.53 0 0.53 -0.848 2417.dat


0 FILE 60065 - Quad.ldr
0 Quad
0 Name: 60065 - Quad.ldr
0 Author: Merlijn Wissink [Legolijntje]
0 !LDRAW_ORG Model
0 !LICENSE Redistributable under CCAL version 2.0 : see CAreadme.txt

1 72 0 0 0 0 0 -1 0 1 0 1 0 0 2456.dat
1 0 0 16 40 -1 0 0 0 1 0 0 0 -1 6157.dat
1 0 0 16 -40 -1 0 0 0 1 0 0 0 -1 6157.dat
1 272 0 -8 -40 -1 0 0 0 1 0 0 0 -1 44674.dat
1 272 0 -8 40 1 0 0 0 1 0 0 0 1 44674.dat
1 15 -10 -16 50 -1 0 0 0 1 0 0 0 -1 60897.dat
1 15 10 -16 50 -1 0 0 0 1 0 0 0 -1 60897.dat
1 15 -10 -24 50 0 0 1 0 1 0 -1 0 0 60897.dat
1 15 10 -24 50 0 0 -1 0 1 0 1 0 0 60897.dat
1 272 0 -32 50 -1 0 0 0 1 0 0 0 -1 2412b.dat
1 14 0 -40 30 1 0 0 0 1 0 0 0 1 2432.dat
1 71 30 -36 54 1 0 0 0 0 1 0 -1 0 4599b.dat
1 36 30 -36 62 1 0 0 0 0 1 0 -1 0 98138.dat
1 33 30 -36 30 1 0 0 0 0 1 0 -1 0 6141.dat
1 71 -30 -36 54 1 0 0 0 0 1 0 -1 0 4599b.dat
1 36 -30 -36 62 1 0 0 0 0 1 0 -1 0 98138.dat
1 33 -30 -36 30 1 0 0 0 0 1 0 -1 0 6141.dat
1 15 0 -16 -30 -1 0 0 0 1 0 0 0 -1 15573.dat
1 71 0 -16 -50 1 0 0 0 1 0 0 0 1 48336.dat
1 72 0 -24 -30 0 0 -1 0 1 0 1 0 0 15712.dat
1 72 0 -30 -30 1 0 0 0 0.966 0.259 0 -0.259 0.966 30031.dat
1 15 0 -16 -50 1 0 0 0 1 0 0 0 1 85984.dat
1 0 0 6 -72 -1 0 0 0 0 1 0 1 0 60470a.dat
1 46 -10 6 -80 -1 0 0 0 0 1 0 1 0 6141.dat
1 46 10 6 -80 -1 0 0 0 0 1 0 1 0 6141.dat
1 71 -40 21 -40 -1 0 0 0 0 1 0 1 0 60065 -Wheel.ldr
1 71 -40 21 40 -1 0 0 0 0 1 0 1 0 60065 -Wheel.ldr
1 71 40 21 40 1 0 0 0 0 1 0 -1 0 60065 -Wheel.ldr
1 71 40 21 -40 1 0 0 0 0 1 0 -1 0 60065 -Wheel.ldr
1 71 10 28 70 1 0 0 0 -1 0 0 0 -1 87994.dat
1 72 10 -52 70 -1 0 0 0 1 0 0 0 -1 11090.dat
1 71 -10 -12 70 0 0 1 -1 0 0 0 -1 0 61482.dat


0 FILE 60065 -Wheel.ldr
0 60065 -Wheel
0 Name: 60065 -Wheel.ldr
0 Author: Merlijn Wissink [Legolijntje]
0 !LDRAW_ORG Model
0 !LICENSE Redistributable under CCAL version 2.0 : see CAreadme.txt

1 71 0 0 0 0 0 -1 0 1 0 1 0 0 6014.dat
1 0 6 0 0 0 0 -1 0 1 0 1 0 0 87697.dat
