0 FILE 60066 - Swamp Police Starter Set.ldr
0 Swamp Police Starter Set
0 Name: 60066 - Swamp Police Starter Set.ldr
0 Author: Merlijn Wissink [Legolijntje]
0 !LDRAW_ORG Model
0 !LICENSE Redistributable under CCAL version 2.0 : see CAreadme.txt

1 379 0 0 0 1 0 0 0 1 0 0 0 1 60066 - Airboat.ldr
1 379 110 16 -20 1 0 0 0 1 0 0 0 1 60066 - Raft.ldr
1 379 -90 16 -160 1 0 0 0 1 0 0 0 1 60066 - Bush.ldr
1 4 110 -34 -33 1 0 0 0 1 0 0 0 1 60066 - Thief 1.ldr
1 4 200 -14 -35 1 0 0 0 1 0 0 0 1 60066 - Thief 2.ldr
1 4 200 -14 -155 1 0 0 0 1 0 0 0 1 60066 - Police 1.ldr
1 4 110 -14 -155 1 0 0 0 1 0 0 0 1 60066 - Police 2.ldr
1 4 10 24 -180 1 0 0 0 1 0 0 0 1 30115.dat


0 FILE 60066 - Police 1.ldr
0 Police 1
0 Name: 60066 - Police 1.ldr
0 Author: Merlijn Wissink [Legolijntje]
0 !LDRAW_ORG Model
0 !LICENSE Redistributable under CCAL version 2.0 : see CAreadme.txt

1 272 0 0 0 1 0 0 0 1 0 0 0 1 3815.dat
1 272 0 12 0 1 0 0 0 1 0 0 0 1 3817.dat
1 272 0 12 0 1 0 0 0 1 0 0 0 1 3816.dat
1 19 0 -32 0 1 0 0 0 1 0 0 0 1 973.dat
1 19 15.552 -23 0 0.985 0.17 0 -0.17 0.985 0 0 0 1 3819.dat
1 14 23.688 -5.24 -9.884 0.985 0.12 -0.12 -0.17 0.697 -0.697 0 0.707 0.707 3820.dat
1 19 -15.552 -23 0 0.985 -0.17 0 0.17 0.985 0 0 0 1 3818.dat
1 14 -23.688 -5.24 -9.884 0.985 -0.12 0.12 0.17 0.697 -0.697 0 0.707 0.707 3820.dat
1 14 0 -56 0 1 0 0 0 1 0 0 0 1 3626c.dat


0 FILE 60066 - Police 2.ldr
0 Police 2
0 Name: 60066 - Police 2.ldr
0 Author: Merlijn Wissink [Legolijntje]
0 !LDRAW_ORG Model
0 !LICENSE Redistributable under CCAL version 2.0 : see CAreadme.txt

1 272 0 0 0 1 0 0 0 1 0 0 0 1 3815.dat
1 272 0 12 0 1 0 0 0 1 0 0 0 1 3817.dat
1 272 0 12 0 1 0 0 0 1 0 0 0 1 3816.dat
1 19 0 -32 0 1 0 0 0 1 0 0 0 1 973.dat
1 19 15.552 -23 0 0.985 0.17 0 -0.17 0.985 0 0 0 1 3819.dat
1 14 23.688 -5.24 -9.884 0.985 0.12 -0.12 -0.17 0.697 -0.697 0 0.707 0.707 3820.dat
1 19 -15.552 -23 0 0.985 -0.17 0 0.17 0.985 0 0 0 1 3818.dat
1 14 -23.688 -5.24 -9.884 0.985 -0.12 0.12 0.17 0.697 -0.697 0 0.707 0.707 3820.dat
1 14 0 -56 0 1 0 0 0 1 0 0 0 1 3626c.dat
1 71 -24.77 1.039 -17.767 -0.085 0.147 0.985 0.492 -0.853 0.17 0.865 0.5 -0.001 61482.dat
1 0 23.14 -8.423 -33.834 0.985 0.086 -0.146 -0.17 0.5 -0.849 0 0.862 0.507 577b.dat
1 46 22.451 -12.426 -40.726 0.985 0.086 -0.146 -0.17 0.5 -0.849 0 0.862 0.507 6141.dat


0 FILE 60066 - Thief 1.ldr
0 Thief 1
0 Name: 60066 - Thief 1.ldr
0 Author: Merlijn Wissink [Legolijntje]
0 !LDRAW_ORG Model
0 !LICENSE Redistributable under CCAL version 2.0 : see CAreadme.txt

1 28 0 0 0 1 0 0 0 1 0 0 0 1 3815.dat
1 28 0 12 0 1 0 0 0 1 0 0 0 1 3817.dat
1 28 0 12 0 1 0 0 0 1 0 0 0 1 3816.dat
1 15 0 -32 0 1 0 0 0 1 0 0 0 1 973.dat
1 15 15.552 -23 0 0.985 0.17 0 -0.17 0.985 0 0 0 1 3819.dat
1 14 23.688 -5.24 -9.884 0.985 0.12 -0.12 -0.17 0.697 -0.697 0 0.707 0.707 3820.dat
1 15 -15.552 -23 0 0.985 -0.17 0 0.17 0.985 0 0 0 1 3818.dat
1 14 -23.688 -5.24 -9.884 0.985 -0.12 0.12 0.17 0.697 -0.697 0 0.707 0.707 3820.dat
1 28 0 -32 0 1 0 0 0 1 0 0 0 1 92590.dat
1 14 0 -58 0 1 0 0 0 1 0 0 0 1 3626c.dat
1 72 0 -58 0 1 0 0 0 1 0 0 0 1 41334.dat
1 2 0 -26 25 0 0 -1 1 0 0 0 -1 0 3069bpw2.dat
1 70 -28.696 23.849 21.744 -0.146 0.087 -0.986 0.849 -0.5 -0.17 -0.508 -0.862 0 87585.dat
1 70 28.69 23.815 21.765 0.146 -0.086 -0.986 0.849 -0.5 0.17 -0.507 -0.862 0 87585.dat


0 FILE 60066 - Thief 2.ldr
0 Thief 2
0 Name: 60066 - Thief 2.ldr
0 Author: Merlijn Wissink [Legolijntje]
0 !LDRAW_ORG Model
0 !LICENSE Redistributable under CCAL version 2.0 : see CAreadme.txt

1 379 0 0 0 1 0 0 0 1 0 0 0 1 3815.dat
1 379 0 12 0 1 0 0 0 1 0 0 0 1 3817.dat
1 379 0 12 0 1 0 0 0 1 0 0 0 1 3816.dat
1 15 0 -32 0 1 0 0 0 1 0 0 0 1 973.dat
1 15 15.552 -23 0 0.985 0.17 0 -0.17 0.985 0 0 0 1 3819.dat
1 14 23.688 -5.24 -9.884 0.985 0.12 -0.12 -0.17 0.697 -0.697 0 0.707 0.707 3820.dat
1 15 -15.552 -23 0 0.985 -0.17 0 0.17 0.985 0 0 0 1 3818.dat
1 14 -23.688 -5.24 -9.884 0.985 -0.12 0.12 0.17 0.697 -0.697 0 0.707 0.707 3820.dat
1 484 0 -32 0 1 0 0 0 1 0 0 0 1 15501.dat
1 14 0 -56 0 1 0 0 0 1 0 0 0 1 3626c.dat
1 0 0 -56 0 1 0 0 0 1 0 0 0 1 41334.dat
1 72 -23.873 -4.168 -26.505 0.985 -0.086 0.146 0.17 0.5 -0.849 0 0.862 0.507 3837.dat


0 FILE 60066 - Airboat.ldr
0 Airboat
0 Name: 60066 - Airboat.ldr
0 Author: Merlijn Wissink [Legolijntje]
0 !LDRAW_ORG Model
0 !LICENSE Redistributable under CCAL version 2.0 : see CAreadme.txt

1 15 0 0 0 1 0 0 0 1 0 0 0 1 43713.dat
1 0 -10 8 0 0 0 -1 0 1 0 1 0 0 3666.dat
1 0 10 8 0 0 0 -1 0 1 0 1 0 0 3666.dat
1 15 0 0 40 0 0 -1 0 1 0 1 0 0 4871.dat
1 272 -30 -8 20 0 0 -1 0 1 0 1 0 0 2431.dat
1 272 30 -8 20 0 0 -1 0 1 0 1 0 0 2431.dat
1 272 0 -8 -80 1 0 0 0 1 0 0 0 1 43719.dat
1 71 0 -16 -30 1 0 0 0 1 0 0 0 1 3039.dat
1 71 0 -16 20 0 0 -1 0 1 0 1 0 0 3001.dat
1 71 10 -24 -20 0 0 -1 0 1 0 1 0 0 11476.dat
1 71 -10 -24 -20 0 0 1 0 1 0 -1 0 0 11476.dat
1 15 0 -8 -70 1 0 0 0 1 0 0 0 1 85984.dat
1 0 0 -24 30 1 0 0 0 1 0 0 0 1 4598.dat
1 15 -10 -32 30 0 0 1 0 1 0 -1 0 0 60897.dat
1 15 10 -32 30 0 0 -1 0 1 0 1 0 0 60897.dat
1 33 30 -24 30 0 0 -1 0 1 0 1 0 0 58176.dat
1 33 -30 -24 30 0 0 -1 0 1 0 1 0 0 58176.dat
1 15 0 -32 0 1 0 0 0 1 0 0 0 1 4079.dat
1 72 -35.196 -19 -22 -0.866 0.5 0 0.5 0.866 0 0 0 -1 30162.dat
1 0 30 -22 -20 -0.866 0 -0.5 -0.5 0 0.866 0 1 0 3962b.dat
1 14 10 -32 -30 -1 0 0 0 1 0 0 0 -1 4592.dat
1 0 10 -32 -30 -1 0 0 0 1 0 0 0 -1 4593.dat
1 14 -10 -32 -30 -1 0 0 0 1 0 0 0 -1 4592.dat
1 0 -10 -32 -30 -1 0 0 0 1 0 0 0 -1 4593.dat
1 72 0 -44 68 1 0 0 0 0 -1 0 1 0 4285b.dat
1 15 0 -44 76 1 0 0 0 0 -1 0 1 0 2476a.dat
1 0 0 -44 94 1 0 0 0 -1 0 0 0 -1 92842.dat


0 FILE 60066 - Raft.ldr
0 Raft
0 Name: 60066 - Raft.ldr
0 Author: Merlijn Wissink [Legolijntje]
0 !LDRAW_ORG Model
0 !LICENSE Redistributable under CCAL version 2.0 : see CAreadme.txt

1 70 0 0 72 -1 0 0 0 0 1 0 1 0 3710.dat
1 70 0 0 48 -1 0 0 0 0 1 0 1 0 30137.dat
1 70 30 0 24 -1 0 0 0 0 1 0 1 0 3062b.dat
1 70 -30 0 24 -1 0 0 0 0 1 0 1 0 3062b.dat
1 19 0 0 24 -1 0 0 0 0 1 0 1 0 11211.dat
1 70 0 0 0 -1 0 0 0 0 1 0 1 0 30137.dat
1 70 30 0 -24 -1 0 0 0 0 1 0 1 0 3062b.dat
1 70 -30 0 -24 -1 0 0 0 0 1 0 1 0 3062b.dat
1 19 0 0 -24 -1 0 0 0 0 1 0 1 0 11211.dat
1 70 0 0 -48 -1 0 0 0 0 1 0 1 0 30137.dat
1 70 0 0 -56 -1 0 0 0 0 1 0 1 0 3710.dat


0 FILE 60066 - Bush.ldr
0 Bush
0 Name: 60066 - Bush.ldr
0 Author: Merlijn Wissink [Legolijntje]
0 !LDRAW_ORG Model
0 !LICENSE Redistributable under CCAL version 2.0 : see CAreadme.txt

1 2 0 0 0 1 0 0 0 1 0 0 0 1 3031.dat
1 70 -30 -24 0 0 0 -1 0 1 0 1 0 0 30137.dat
1 70 0 -24 30 -1 0 0 0 1 0 0 0 -1 30136.dat
1 70 0 -24 -30 -1 0 0 0 1 0 0 0 -1 30136.dat
1 70 0 -8 0 -1 0 0 0 1 0 0 0 -1 3068b.dat
1 70 30 -24 0 0 0 -1 0 1 0 1 0 0 30137.dat
1 72 -20 -32 30 -1 0 0 0 1 0 0 0 -1 88072.dat
1 2 30 -48 -30 0.707 0 0.707 0 1 0 -0.707 0 0.707 30176.dat
1 2 -20 -40 50 0.966 0 -0.259 0 1 0 0.259 0 0.966 2423.dat
1 4 -4.471 -40 -7.956 0.259 0 0.966 0 1 0 -0.966 0 0.259 30238.dat
