0 FILE 6010 - Supply Wagon.ldr
0 Supply Wagon
0 Name: 6010 - Supply Wagon.ldr
0 Author: Antony Lodge
0 !LDRAW_ORG Model
0 !LICENSE Redistributable under CCAL version 2.0 : see CAreadme.txt
0 !THEME Castle, Lion Knights
1 15 0 0 0 1 0 0 0 1 0 0 0 1 6010 - Wagon.ldr
1 15 0 -77 -12 1 0 0 0 1 0 0 0 1 6010 - Peasant.ldr
1 15 22.863 -52.404 -43.321 0.985 0.12 -0.12 -0.166 0.52 -0.838 -0.038 0.846 0.532 6010 - Peasant Sword.ldr


0 FILE 6010 - Wagon.ldr
0 Wagon
0 Name: 6010 - Wagon.ldr
0 Author: Antony Lodge
0 !LDRAW_ORG Model
0 !LICENSE Redistributable under CCAL version 2.0 : see CAreadme.txt
0 !THEME Castle, Lion Knights
0 STEP
1 0 0 0 0 0 0 -1 0 1 0 1 0 0 3022.dat
0 STEP
1 0 20 -8 0 1 0 0 0 1 0 0 0 1 4488.dat
1 0 -20 -8 0 -1 0 0 0 1 0 0 0 -1 4488.dat
0 STEP
1 0 -20 -16 10 -1 0 0 0 1 0 0 0 -1 4623.dat
1 0 20 -16 10 -1 0 0 0 1 0 0 0 -1 4623.dat
1 0 30 -16 -10 1 0 0 0 1 0 0 0 1 4085a.dat
1 0 -30 -16 -10 1 0 0 0 1 0 0 0 1 4085a.dat
0 STEP
1 0 0 -16 -20 1 0 0 0 1 0 0 0 1 251c01.dat
1 1 0 -12 -60 0 0 -1 0 1 0 1 0 0 4587.dat
1 15 0 -25 -158 1 0 0 0 1 0 0 0 1 3023.dat
0 STEP
1 0 0 -24 0 1 0 0 0 1 0 0 0 1 3020.dat
1 0 0 -24 -30 1 0 0 0 1 0 0 0 1 3023.dat
1 1 0 -41 -158 1 0 0 0 1 0 0 0 1 3023.dat
1 1 0 -49 -158 1 0 0 0 1 0 0 0 1 3023.dat
0 STEP
1 4 0 -17 62 1 0 0 0 1 0 0 0 1 3021.dat
0 STEP
1 4 -20 -25 52 1 0 0 0 1 0 0 0 1 4085a.dat
1 4 20 -25 52 1 0 0 0 1 0 0 0 1 4085a.dat
1 4 20 -25 72 0 0 -1 0 1 0 1 0 0 4085a.dat
1 4 0 -25 72 -1 0 0 0 1 0 0 0 -1 4085a.dat
1 4 -20 -25 72 0 0 1 0 1 0 -1 0 0 4085a.dat
0 STEP
1 4 0 -33 62 1 0 0 0 1 0 0 0 1 3021.dat
0 STEP
1 4 0 -57 62 1 0 0 0 1 0 0 0 1 3042.dat
0 STEP
1 86 50 -3 0 0 0 -1 0 1 0 1 0 0 4489a.dat
1 86 -50 -3 0 0 0 1 0 1 0 -1 0 0 4489a.dat
1 15 0 -17 -158 1 0 0 0 1 0 0 0 1 4493c02.dat
0 STEP
1 0 30 -25 -30 -1 0 0 0 1 0 0 0 -1 4522.dat
1 86 -30 -73 -30 0 0 1 0 1 0 -1 0 0 4497.dat
1 0 -40 -49 72 -1 0 0 0 1 0 0 0 -1 3848.dat
1 72 40 -5 72 -0.515 0 -0.857 0 -1 0 -0.857 0 0.515 3876.dat




0 FILE 6010 - Peasant.ldr
0 Peasant
0 Name: 6010 - Peasant.ldr
0 Author: Antony Lodge
0 !LDRAW_ORG Model
0 !LICENSE Redistributable under CCAL version 2.0 : see CAreadme.txt
0 !THEME Castle, Lion Knights
1 0 0 32 0 1 0 0 0 1 0 0 0 1 3815.dat
1 71 0 44 0 1 0 0 0 0 1 0 -1 0 3816.dat
1 71 0 44 0 1 0 0 0 0 1 0 -1 0 3817.dat
1 71 0 0 0 1 0 0 0 1 0 0 0 1 973p46.dat
1 1 -15.552 9 0 0.985 -0.17 0 0.151471 0.877641 -0.45399 0.0771784 0.447181 0.891007 3818.dat
1 14 -23.863 29.359 -1.205 0.985 -0.12019 0.12019 0.151471 0.299521 -0.941464 0.0771784 0.946098 0.313785 3820.dat
1 1 15.552 9 0 0.985 0.17 0 -0.17 0.985 0 0 0 1 3819.dat
1 14 23.8634 26.5956 -10.321 0.985 0.12019 -0.12019 -0.17 0.696395 -0.696395 0 0.707 0.707 3820.dat
1 14 0 -24 0 0.848048 0 -0.529919 0 1 0 0.529919 0 0.848048 3626ap01.dat
1 86 0 -24 0 0.848048 0 -0.529919 0 1 0 0.529919 0 0.848048 4505a.dat




0 FILE 6010 - Peasant Sword.ldr
0 Peasant Sword
0 Name: 6010 - Peasant Sword.ldr
0 Author: Antony Lodge
0 !LDRAW_ORG Model
0 !LICENSE Redistributable under CCAL version 2.0 : see CAreadme.txt
0 !THEME Castle, Lion Knights
1 71 0 0 0 1 0 0 0 1 0 0 0 1 3847.dat


