0 FILE 6021 - main.ldr
0 main
0 Name: 6021 - main.ldr
0 Author: Takeshi Takahashi [RainbowDolphin]
0 !LDRAW_ORG Model
0 !LICENSE Redistributable under CCAL version 2.0 : see CAreadme.txt
0 ROTATION CENTER 0 0 0 1 "Custom"
0 ROTATION CONFIG 0 0
1 0 0 -80 0 1 0 0 0 1 0 0 0 1 6021 - Minifig 1.ldr
1 0 160 -80 -140 0 0 1 0 1 0 -1 0 0 6021 - Minifig 2.ldr
1 1 0 0 0 1 0 0 0 1 0 0 0 1 6021 - Horse 1.ldr
1 1 160 0 -140 0 0 1 0 1 0 -1 0 0 6021 - Horse 2.ldr
1 1 120 48 -20 0 0 1 0 1 0 -1 0 0 6021 - Accessories.ldr



0 FILE 6021 - Horse 1.ldr
0 Horse 1
0 Name: 6021 - Horse 1.ldr
0 Author: Takeshi Takahashi [RainbowDolphin]
0 !LDRAW_ORG Model
0 !LICENSE Redistributable under CCAL version 2.0 : see CAreadme.txt
0 ROTATION CENTER 0 0 0 1 "Custom"
0 ROTATION CONFIG 0 0
1 15 0 0 0 1 0 0 0 1 0 0 0 1 4493c02.dat
1 1 0 -8 0 1 0 0 0 1 0 0 0 1 4491a.dat
1 8 -30 -8 18 -1 0 0 0 -1 0 0 0 1 3847.dat



0 FILE 6021 - Horse 2.ldr
0 Horse 2
0 Name: 6021 - Horse 2.ldr
0 Author: Takeshi Takahashi [RainbowDolphin]
0 !LDRAW_ORG Model
0 !LICENSE Redistributable under CCAL version 2.0 : see CAreadme.txt
0 ROTATION CENTER 0 0 0 1 "Custom"
0 ROTATION CONFIG 0 0
1 0 0 0 0 1 0 0 0 1 0 0 0 1 4493c01.dat
1 15 0 -8 0 1 0 0 0 1 0 0 0 1 4491a.dat
1 8 -30 -8 18 -1 0 0 0 -1 0 0 0 1 3847.dat



0 FILE 6021 - Minifig 1.ldr
0 Minifig 1
0 Name: 6021 - Minifig 1.ldr
0 Author: Takeshi Takahashi [RainbowDolphin]
0 !LDRAW_ORG Model
0 !LICENSE Redistributable under CCAL version 2.0 : see CAreadme.txt
0 ROTATION CENTER 0 0 0 1 "Custom"
0 ROTATION CONFIG 0 0
1 8 0 -24 0 1 0 0 0 1 0 0 0 1 4503.dat
1 14 0 -24 0 1 0 0 0 1 0 0 0 1 3626bp01.dat
1 1 0 0 0 1 0 0 0 1 0 0 0 1 973p40.dat
1 4 0 32 0 1 0 0 0 1 0 0 0 1 3815.dat
1 4 -15.552 9 0 0.985 -0.085 -0.147224 0.17 0.4925 0.853035 0 -0.866025 0.5 3818.dat
1 4 15.552 9 0 0.985 0.085 0.147224 -0.17 0.4925 0.853035 0 -0.866025 0.5 3819.dat
1 14 -20.7492 8.5516 -21.408 0.998546 0.00935516 -0.0439926 0.00222698 0.966361 0.254898 0.0449367 -0.254849 0.96578 3820.dat
1 14 20.7492 8.5516 -21.408 0.998546 -0.00935516 0.0439926 -0.00222698 0.966361 0.254898 -0.0449367 -0.254849 0.96578 3820.dat
1 7 20.3344 -5.7311 -29.9382 0.998546 0.0015717 0.0449368 -0.00222698 0.999056 0.0133919 -0.0449367 -0.0134843 0.99848 3846p4h.dat
1 0 0 44 0 1 0 0 0 1 0 0 0 1 3816.dat
1 0 0 44 0 1 0 0 0 1 0 0 0 1 3817.dat
1 6 -19 -2 -30 1 0 0 0 0 1 0 -1 0 3849.dat
1 4 -19 -136 -30 1 0 0 0 1 0 0 0 1 4495a.dat
1 4 0 -36 7 1 0 0 0 1 0 0 0 1 87694.dat



0 FILE 6021 - Minifig 2.ldr
0 Minifig 2
0 Name: 6021 - Minifig 2.ldr
0 Author: Takeshi Takahashi [RainbowDolphin]
0 !LDRAW_ORG Model
0 !LICENSE Redistributable under CCAL version 2.0 : see CAreadme.txt
0 ROTATION CENTER 0 0 0 1 "Custom"
0 ROTATION CONFIG 0 0
1 0 0 -24 0 1 0 0 0 1 0 0 0 1 4503.dat
1 14 0 -24 0 1 0 0 0 1 0 0 0 1 3626bp01.dat
1 4 0 0 0 1 0 0 0 1 0 0 0 1 973p40.dat
1 4 0 32 0 1 0 0 0 1 0 0 0 1 3815.dat
1 0 -15.552 9 0 0.985 -0.085 -0.147224 0.17 0.4925 0.853035 0 -0.866025 0.5 3818.dat
1 0 15.552 9 0 0.985 0.085 0.147224 -0.17 0.4925 0.853035 0 -0.866025 0.5 3819.dat
1 14 -20.7492 8.5516 -21.408 0.998546 0.00935516 -0.0439926 0.00222698 0.966361 0.254898 0.0449367 -0.254849 0.96578 3820.dat
1 14 20.749 8.5516 -21.408 0.998546 -0.00935516 0.0439926 -0.00222698 0.966361 0.254898 -0.0449367 -0.254849 0.96578 3820.dat
1 7 20.334 -5.7311 -29.9382 0.998546 0.0015717 0.0449368 -0.00222698 0.999056 0.0133919 -0.0449367 -0.0134843 0.99848 3846p46.dat
1 0 0 44 0 1 0 0 0 1 0 0 0 1 3816.dat
1 0 0 44 0 1 0 0 0 1 0 0 0 1 3817.dat
1 6 -19 -2 -30 1 0 0 0 0 1 0 -1 0 3849.dat
1 1 -19 -136 -30 1 0 0 0 1 0 0 0 1 4495a.dat
1 1 0 -36 7 1 0 0 0 1 0 0 0 1 87694.dat



0 FILE 6021 - Accessories.ldr
0 Accessories
0 Name: 6021 - Accessories.ldr
0 Author: Takeshi Takahashi [RainbowDolphin]
0 !LDRAW_ORG Model
0 !LICENSE Redistributable under CCAL version 2.0 : see CAreadme.txt
0 ROTATION CENTER 0 0 0 1 "Custom"
0 ROTATION CONFIG 0 0
1 0 0 0 0 -1 0 0 0 1 0 0 0 -1 4032a.dat
1 0 0 -24 0 -1 0 0 0 1 0 0 0 -1 3941.dat
1 0 -10 -32 10 -1 0 0 0 1 0 0 0 -1 4085c.dat
1 0 10 -32 10 0 0 -1 0 1 0 1 0 0 4085c.dat
1 0 10 -32 -10 1 0 0 0 1 0 0 0 1 4085c.dat
1 0 -10 -32 -10 0 0 1 0 1 0 -1 0 0 4085c.dat
1 0 0 -40 0 0 0 1 0 1 0 -1 0 0 4032a.dat
1 6 -30 -38 -10 0 -1 0 0 0 1 -1 0 0 3849.dat
1 6 30 -38 10 0 1 0 0 0 1 1 0 0 3849.dat
1 8 10 -40 -30 1 0 0 0 1 0 0 0 1 3876.dat
1 8 -10 -40 30 -1 0 0 0 1 0 0 0 -1 3876.dat





