0 FILE 6022 - main.ldr
0 main
0 Name: 6022 - main.ldr
0 Author: Stefan Frenz [smf]
0 !LDRAW_ORG Model
0 !LICENSE Redistributable under CCAL version 2.0 : see CAreadme.txt

1 0 0 0 0 1 0 0 0 1 0 0 0 1 6022 - Horse Cart.ldr
1 8 100 0 0 1 0 0 0 1 0 0 0 1 6022 - MiniFig1.ldr
1 8 200 0 0 1 0 0 0 1 0 0 0 1 6022 - MiniFig2.ldr


0 FILE 6022 - Horse Cart.ldr
0 Horse Cart
0 Name: 6022 - Horse Cart.ldr
0 Author: Stefan Frenz [smf]
0 !LDRAW_ORG Model
0 !LICENSE Redistributable under CCAL version 2.0 : see CAreadme.txt

1 4 -10 -36 143 0 0 -1 0 1 0 1 0 0 4587.dat
1 0 -10 -40 183 1 0 0 0 1 0 0 0 1 4508.dat
1 7 -10 -40 183 1 0 0 0 1 0 0 0 1 3679.dat
0 STEP
1 0 -10 -32 203 0 0 1 0 1 0 -1 0 0 3020.dat
0 STEP
1 0 -30 -40 223 -1 0 0 0 1 0 0 0 -1 4488.dat
1 0 10 -40 223 1 0 0 0 1 0 0 0 1 4488.dat
0 STEP
1 0 -10 -48 223 0 0 -1 0 1 0 1 0 0 3032.dat
0 STEP
1 0 -10 -72 273 -1 0 0 0 1 0 0 0 -1 3004.dat
1 0 -40 -72 263 0 0 1 0 1 0 -1 0 0 3004.dat
1 0 20 -72 263 0 0 1 0 1 0 -1 0 0 3004.dat
1 0 -10 -72 193 1 0 0 0 1 0 0 0 1 3010.dat
1 0 -10 -72 173 -1 0 0 0 1 0 0 0 -1 3004.dat
0 STEP
1 0 -10 -80 283 -1 0 0 0 1 0 0 0 -1 3020.dat
0 STEP
1 0 -40 -88 273 0 0 1 0 1 0 -1 0 0 4085a.dat
1 0 20 -88 273 0 0 -1 0 1 0 1 0 0 4085a.dat
1 0 -30 -88 293 -1 0 0 0 1 0 0 0 -1 4623.dat
1 0 10 -88 293 -1 0 0 0 1 0 0 0 -1 4623.dat
0 STEP
1 0 -50 -88 223 0 0 1 0 1 0 -1 0 0 4590.dat
1 0 30 -88 223 0 0 -1 0 1 0 1 0 0 4590.dat
1 0 -40 -96 273 0 0 -1 0 1 0 1 0 0 3623.dat
1 0 20 -96 273 0 0 -1 0 1 0 1 0 0 3623.dat
1 4 -10 -81 45 -1 0 0 0 1 0 0 0 -1 3004.dat
0 STEP
1 6 40 -35 223 0 0 -1 0 1 0 1 0 0 4489a.dat
1 6 -60 -35 223 0 0 1 0 -1 0 1 0 0 4489a.dat
1 0 -10 -49 45 1 0 0 0 1 0 0 0 1 4493c01.dat
0 STEP
1 1 -30 -65 320 1 0 0 0 1 0 0 0 1 4491a.dat
1 6 20 -136 193 1 0 0 0 1 0 0 0 1 3848.dat
1 6 -40 -173 193 0 0 -1 0 1 0 1 0 0 4497.dat
1 4 -40 -171 193 1 0 0 0 1 0 0 0 1 4495a.dat
1 14 -40 -146 193 1 0 0 0 1 0 0 0 1 4495a.dat
1 8 -60 -100 273 -0.643 0 0.766 0 1 0 -0.766 0 -0.643 3876.dat


0 FILE 6022 - MiniFig1.ldr
0 MiniFig1
0 Name: 6022 - MiniFig1.ldr
0 Author: Stefan Frenz [smf]
0 !LDRAW_ORG Model
0 !LICENSE Redistributable under CCAL version 2.0 : see CAreadme.txt

1 0 10 -32 1 1 0 0 0 1 0 0 0 1 3815.dat
1 4 10 -20 1 1 0 0 0 1 0 0 0 1 3817.dat
1 4 10 -20 1 1 0 0 0 1 0 0 0 1 3816.dat
1 4 10 -64 1 1 0 0 0 1 0 0 0 1 973p42.dat
1 1 25.552 -55 1 0.985 0.17 0 -0.12 0.697 0.707 0.12 -0.697 0.707 3819.dat
1 1 -5.552 -55 1 0.985 -0.17 0 0.17 0.985 0 0 0 1 3818.dat
1 14 -13.688 -37.24 -8.884 0.985 -0.12 0.12 0.17 0.697 -0.697 0 0.707 0.707 3820.dat
1 14 33.688 -49.431 -18.547 0.968 0.227 -0.11 -0.223 0.974 0.048 0.118 -0.022 0.993 3820.dat
1 14 10 -92 1 0.986 0 -0.169 0 1 0 0.169 0 0.986 3626ap01.dat
1 6 10 -64 1 -0.986 0 0.169 0 1 0 -0.169 0 -0.986 4498.dat
1 8 10 -92 1 0.986 0 -0.169 0 1 0 0.169 0 0.986 3896.dat
1 6 35.265 -47.365 -27.556 -0.062 0.192 -0.98 -0.22 0.955 0.201 0.974 0.227 -0.017 4499.dat


0 FILE 6022 - MiniFig2.ldr
0 MiniFig2
0 Name: 6022 - MiniFig2.ldr
0 Author: Stefan Frenz [smf]
0 !LDRAW_ORG Model
0 !LICENSE Redistributable under CCAL version 2.0 : see CAreadme.txt

1 0 10 -32 1 1 0 0 0 1 0 0 0 1 3815.dat
1 4 10 -20 1 1 0 0 0 1 0 0 0 1 3817.dat
1 4 10 -20 1 1 0 0 0 1 0 0 0 1 3816.dat
1 4 10 -64 1 1 0 0 0 1 0 0 0 1 973p42.dat
1 1 25.552 -55 1 0.985 0.17 0 -0.17 0.985 0 0 0 1 3819.dat
1 1 -5.552 -55 1 0.985 -0.17 0 0.17 0.985 0 0 0 1 3818.dat
1 14 -13.688 -37.24 -8.884 0.985 -0.12 0.12 0.17 0.697 -0.697 0 0.707 0.707 3820.dat
1 14 33.688 -37.24 -8.884 0.968 0.227 -0.11 -0.241 0.704 -0.668 -0.074 0.673 0.736 3820.dat
1 14 10 -88 1 0.986 0 -0.169 0 1 0 0.169 0 0.986 3626ap01.dat
1 8 10 -88 1 0.986 0 -0.169 0 1 0 0.169 0 0.986 3844.dat



