0 FILE 6030 - main.ldr
0 main
0 Name: 6030 - main.ldr
0 Author: Takeshi Takahashi [RainbowDolphin]
0 !LDRAW_ORG Model
0 !LICENSE Redistributable under CCAL version 2.0 : see CAreadme.txt
0 ROTATION CENTER 0 0 0 1 "Custom"
0 ROTATION CONFIG 0 0
1 0 0 0 0 1 0 0 0 1 0 0 0 1 6030 - Car.ldr
1 0 -60 -32 -110 1 0 0 0 1 0 0 0 1 6030 - Minifig 1.ldr
1 0 60 -32 -110 1 0 0 0 1 0 0 0 1 6030 - Minifig 2.ldr
1 14 -200 16 -80 1 0 0 0 1 0 0 0 1 3062b.dat
1 14 -180 16 -80 1 0 0 0 1 0 0 0 1 3062b.dat
1 14 -200 16 -100 1 0 0 0 1 0 0 0 1 3062b.dat
1 14 -180 16 -100 1 0 0 0 1 0 0 0 1 3062b.dat



0 FILE 6030 - Car.ldr
0 Car
0 Name: 6030 - Car.ldr
0 Author: Takeshi Takahashi [RainbowDolphin]
0 !LDRAW_ORG Model
0 !LICENSE Redistributable under CCAL version 2.0 : see CAreadme.txt
0 ROTATION CENTER 0 0 0 1 "Custom"
0 ROTATION CONFIG 0 0
1 0 0 0 -50 1 0 0 0 1 0 0 0 1 3702.dat
1 0 0 0 50 1 0 0 0 1 0 0 0 1 3702.dat
1 7 -60 10 -60 0 0 1 0 1 0 -1 0 0 3749.dat
1 7 60 10 -60 0 0 1 0 1 0 -1 0 0 3749.dat
1 7 60 10 60 0 0 -1 0 1 0 1 0 0 3749.dat
1 7 -60 10 60 0 0 -1 0 1 0 1 0 0 3749.dat
0 STEP
1 0 -70 -8 0 0 0 1 0 1 0 -1 0 0 3666.dat
1 0 70 -8 0 0 0 1 0 1 0 -1 0 0 3666.dat
0 STEP
1 0 0 -8 0 0 0 1 0 1 0 -1 0 0 4597.dat
0 STEP
1 0 0 -8 30 1 0 0 0 1 0 0 0 1 3004.dat
1 0 0 -8 -30 1 0 0 0 1 0 0 0 1 3004.dat
0 STEP
1 0 50 -80 30 0 0 -1 0 1 0 1 0 0 4460a.dat
1 0 50 -80 -30 0 0 -1 0 1 0 1 0 0 4460a.dat
1 0 0 -80 30 -1 0 0 0 1 0 0 0 -1 3684a.dat
0 STEP
1 0 0 -80 -30 1 0 0 0 1 0 0 0 1 3684a.dat
1 0 -50 -80 30 0 0 1 0 1 0 -1 0 0 4460a.dat
1 0 -50 -80 -30 0 0 1 0 1 0 -1 0 0 4460a.dat
0 STEP
1 0 -50 -88 -30 1 0 0 0 1 0 0 0 1 4085a.dat
1 0 50 -88 -30 1 0 0 0 1 0 0 0 1 4085a.dat
1 0 50 -88 30 -1 0 0 0 1 0 0 0 -1 4085a.dat
1 0 -50 -88 30 -1 0 0 0 1 0 0 0 -1 4085a.dat
1 0 0 -88 30 -1 0 0 0 1 0 0 0 -1 4623.dat
1 0 0 -88 -30 1 0 0 0 1 0 0 0 1 4623.dat
0 STEP
1 0 0 -96 30 1 0 0 0 1 0 0 0 1 3666.dat
1 0 0 -96 -30 1 0 0 0 1 0 0 0 1 3666.dat
0 STEP
1 0 -50 -120 0 0 0 1 0 1 0 -1 0 0 3010.dat
1 0 50 -120 -30 1 0 0 0 1 0 0 0 1 3005.dat
1 0 50 -120 30 1 0 0 0 1 0 0 0 1 3005.dat
1 0 0 -120 30 1 0 0 0 1 0 0 0 1 3004.dat
1 0 0 -120 -30 1 0 0 0 1 0 0 0 1 3004.dat
0 STEP
1 0 0 -144 -30 1 0 0 0 1 0 0 0 1 3004.dat
1 0 0 -144 30 1 0 0 0 1 0 0 0 1 3004.dat
1 0 -50 -144 30 1 0 0 0 1 0 0 0 1 3005.dat
1 0 -50 -144 -30 1 0 0 0 1 0 0 0 1 3005.dat
1 0 50 -144 -30 1 0 0 0 1 0 0 0 1 3005.dat
1 0 50 -144 30 1 0 0 0 1 0 0 0 1 3005.dat
0 STEP
1 0 -50 -168 30 1 0 0 0 1 0 0 0 1 3005.dat
1 0 50 -168 30 1 0 0 0 1 0 0 0 1 3005.dat
1 0 0 -168 30 1 0 0 0 1 0 0 0 1 3700.dat
1 0 0 -176 30 1 0 0 0 1 0 0 0 1 3666.dat
0 STEP
1 0 -20 -158 10 1 0 0 0 0 -1 0 1 0 3738.dat
1 0 100 -158 10 1 0 0 0 0 -1 0 1 0 3020.dat
1 0 120 -158 2 1 0 0 0 0 -1 0 1 0 4032a.dat
1 0 20 -158 2 1 0 0 0 0 -1 0 1 0 3738.dat
1 0 -100 -158 2 0 0 1 1 0 0 0 1 0 3639.dat
1 0 -20 -158 -6 1 0 0 0 0 -1 0 1 0 3738.dat
1 0 100 -158 -6 1 0 0 0 0 -1 0 1 0 3020.dat
1 0 0 -158 -14 1 0 0 0 0 -1 0 1 0 4032a.dat
1 0 120 -158 -14 1 0 0 0 0 -1 0 1 0 4032a.dat
1 0 120 -158 18 1 0 0 0 0 -1 0 1 0 4032a.dat
1 0 -161 -158 6 -1 0 0 0 1 0 0 0 -1 784.dat
1 0 0 -158 0 0 0 -1 0 1 0 1 0 0 3706.dat
1 7 0 -158 50 -1 0 0 0 1 0 0 0 -1 3713.dat
0 STEP
1 0 -50 -168 -30 1 0 0 0 1 0 0 0 1 3005.dat
1 0 50 -168 -30 1 0 0 0 1 0 0 0 1 3005.dat
1 7 0 -158 -50 1 0 0 0 1 0 0 0 1 3713.dat
1 0 0 -168 -30 1 0 0 0 1 0 0 0 1 3700.dat
1 0 0 -176 -30 1 0 0 0 1 0 0 0 1 3666.dat
1 7 -60 10 -70 1 0 0 0 1 0 0 0 1 4185a.dat
1 7 60 10 -70 1 0 0 0 1 0 0 0 1 4185a.dat
1 7 60 10 70 1 0 0 0 1 0 0 0 1 4185a.dat
1 7 -60 10 70 1 0 0 0 1 0 0 0 1 4185a.dat
0 STEP
1 0 -10 -184 30 1 0 0 0 1 0 0 0 1 3957a.dat
1 2 -10 -264 30 0 0 1 0 1 0 -1 0 0 4495a.dat
1 15 -10 -240 30 0 0 1 0 1 0 -1 0 0 4495a.dat
1 6 -50 -120 -50 1 0 0 0 1 0 0 0 1 4497.dat
1 8 50 -72 -50 0 0 1 0 -1 0 1 0 0 3847.dat



0 FILE 6030 - Minifig 1.ldr
0 Minifig 1
0 Name: 6030 - Minifig 1.ldr
0 Author: Takeshi Takahashi [RainbowDolphin]
0 !LDRAW_ORG Model
0 !LICENSE Redistributable under CCAL version 2.0 : see CAreadme.txt
0 ROTATION CENTER 0 0 0 1 "Custom"
0 ROTATION CONFIG 0 0
1 8 0 -24 0 1 0 0 0 1 0 0 0 1 3844.dat
1 14 0 -24 0 1 0 0 0 1 0 0 0 1 3626bp01.dat
1 1 0 0 0 1 0 0 0 1 0 0 0 1 973p43.dat
1 0 0 32 0 1 0 0 0 1 0 0 0 1 3815.dat
1 0 -15.552 9 0 0.985 -0.147224 -0.085 0.17 0.853035 0.4925 0 -0.5 0.866025 3818.dat
1 0 15.552 9 0 0.985 0.147224 0.085 -0.17 0.853035 0.4925 0 -0.5 0.866025 3819.dat
1 14 -22.5588 19.0367 -18.319 0.985 -0.164183 0.0439926 0.17 0.951293 -0.254898 0 0.25878 0.96578 3820.dat
1 14 22.5588 19.0367 -18.319 0.985 0.164183 -0.0439926 -0.17 0.951293 -0.254898 0 0.25878 0.96578 3820.dat
1 8 -21.1714 10.998 -32.828 0.985 -0.148611 0.082405 0.17 0.861069 -0.477464 0 0.484735 0.874182 3847.dat
1 8 21.1714 10.998 -32.828 0.985 0.148611 -0.082405 -0.17 0.861069 -0.477464 0 0.484735 0.874182 3876.dat
1 0 0 44 0 1 0 0 0 1 0 0 0 1 3816.dat
1 0 0 44 0 1 0 0 0 1 0 0 0 1 3817.dat



0 FILE 6030 - Minifig 2.ldr
0 Minifig 2
0 Name: 6030 - Minifig 2.ldr
0 Author: Takeshi Takahashi [RainbowDolphin]
0 !LDRAW_ORG Model
0 !LICENSE Redistributable under CCAL version 2.0 : see CAreadme.txt
0 ROTATION CENTER 0 0 0 1 "Custom"
0 ROTATION CONFIG 0 0
1 8 0 -24 0 1 0 0 0 1 0 0 0 1 3844.dat
1 14 0 -24 0 1 0 0 0 1 0 0 0 1 3626bp01.dat
1 1 0 0 0 1 0 0 0 1 0 0 0 1 973p43.dat
1 0 0 32 0 1 0 0 0 1 0 0 0 1 3815.dat
1 0 -15.552 9 0 0.985 -0.085 -0.147224 0.17 0.4925 0.853035 0 -0.866025 0.5 3818.dat
1 0 15.552 9 0 0.985 0.147224 0.085 -0.17 0.853035 0.4925 0 -0.5 0.866025 3819.dat
1 14 -20.7492 8.5516 -21.408 0.985 -0.164183 -0.0439926 0.17 0.951293 0.254898 0 -0.25878 0.96578 3820.dat
1 14 22.5588 19.0367 -18.319 0.985 0.164183 -0.0439926 -0.17 0.951293 -0.254898 0 0.25878 0.96578 3820.dat
1 6 -13.5571 -33.1201 -29.408 0.985 -0.169903 -0.00294063 0.17 0.98444 0.0170383 0 -0.0172978 0.999431 4497.dat
1 8 21.1714 10.998 -32.828 0.985 0.148611 -0.082405 -0.17 0.861069 -0.477464 0 0.484735 0.874182 3876.dat
1 0 0 44 0 1 0 0 0 1 0 0 0 1 3816.dat
1 0 0 44 0 1 0 0 0 1 0 0 0 1 3817.dat





