0 FILE 6040 - main.ldr
0 main
0 Name: 6040 - main.ldr
0 Author: Stefan Frenz [smf]
0 !LDRAW_ORG Model
0 !LICENSE Redistributable under CCAL version 2.0 : see CAreadme.txt

1 0 0 -8 0 1 0 0 0 1 0 0 0 1 6040 - building.ldr
1 0 270 -17 55 0 0 1 0 1 0 -1 0 0 6040 - Horse.ldr
1 0 -30 -176 -50 -1 0 0 0 1 0 0 0 -1 6040 - MiniFig2.ldr
1 0 -9 -56 40 0 0 1 0 1 0 -1 0 0 6040 - MiniFig1.ldr


0 FILE 6040 - building.ldr
0 building
0 Name: 6040 - building.ldr
0 Author: Stefan Frenz [smf]
0 !LDRAW_ORG Model
0 !LICENSE Redistributable under CCAL version 2.0 : see CAreadme.txt

1 2 0 -8 0 1 0 0 0 1 0 0 0 1 3028.dat
1 2 150 -8 -40 1 0 0 0 1 0 0 0 1 3021.dat
0 STEP
1 7 -110 -32 -40 0 0 -1 0 1 0 1 0 0 3700.dat
1 7 170 -32 -40 0 0 -1 0 1 0 1 0 0 3700.dat
1 7 -20 -32 -50 -1 0 0 0 1 0 0 0 -1 3004.dat
1 7 80 -32 -50 -1 0 0 0 1 0 0 0 -1 3004.dat
0 STEP
1 7 170 -56 -30 -1 0 0 0 1 0 0 0 -1 3005.dat
1 7 170 -80 -30 -1 0 0 0 1 0 0 0 -1 3005.dat
1 7 170 -104 -30 -1 0 0 0 1 0 0 0 -1 3005.dat
1 7 170 -128 -30 -1 0 0 0 1 0 0 0 -1 3005.dat
1 7 170 -152 -30 -1 0 0 0 1 0 0 0 -1 3005.dat
1 7 -110 -56 -30 -1 0 0 0 1 0 0 0 -1 3005.dat
1 7 -110 -80 -30 -1 0 0 0 1 0 0 0 -1 3005.dat
1 7 -110 -104 -30 -1 0 0 0 1 0 0 0 -1 3005.dat
1 7 -110 -128 -30 -1 0 0 0 1 0 0 0 -1 3005.dat
1 7 -110 -152 -30 -1 0 0 0 1 0 0 0 -1 3005.dat
1 7 -120 -22 -40 -1 0 0 0 1 0 0 0 -1 3673.dat
0 STEP
1 7 -70 -152 -50 1 0 0 0 1 0 0 0 1 4444.dat
1 7 30 -152 -50 1 0 0 0 1 0 0 0 1 4444p01.dat
1 7 130 -152 -50 1 0 0 0 1 0 0 0 1 4444.dat
0 STEP
1 0 170 -152 -50 1 0 0 0 1 0 0 0 1 3665b.dat
1 0 80 -152 -50 1 0 0 0 1 0 0 0 1 3660.dat
1 0 -20 -152 -50 1 0 0 0 1 0 0 0 1 3660.dat
1 0 -110 -152 -50 1 0 0 0 1 0 0 0 1 3665b.dat
0 STEP
1 4 80 -32 -10 -1 0 0 0 1 0 0 0 -1 6040 - Chimney.ldr
0 STEP
1 1 -90 -32 10 1 0 0 0 1 0 0 0 1 3665b.dat
1 1 -90 -32 30 -1 0 0 0 1 0 0 0 -1 3665b.dat
1 1 -90 -40 20 0 0 1 0 1 0 -1 0 0 3710.dat
1 1 -90 -48 20 0 0 1 0 1 0 -1 0 0 3710.dat
1 1 -90 -56 0 0 0 1 0 1 0 -1 0 0 3069b.dat
1 1 -90 -56 40 0 0 1 0 1 0 -1 0 0 3794a.dat
1 7 -70 -152 -30 1 0 0 0 1 0 0 0 1 3623.dat
1 7 60 -152 -30 1 0 0 0 1 0 0 0 1 4477.dat
0 STEP
1 7 -110 -160 -30 1 0 0 0 1 0 0 0 1 3024.dat
1 7 -60 -160 -60 1 0 0 0 1 0 0 0 1 3795.dat
1 7 80 -160 -60 1 0 0 0 1 0 0 0 1 3034.dat
1 7 170 -160 -50 0 0 -1 0 1 0 1 0 0 3623.dat
0 STEP
1 7 -110 -184 -40 0 0 -1 0 1 0 1 0 0 3004.dat
1 7 -90 -184 -70 -1 0 0 0 1 0 0 0 -1 3622.dat
1 7 0 -184 -70 -1 0 0 0 1 0 0 0 -1 3009.dat
1 7 120 -184 -70 -1 0 0 0 1 0 0 0 -1 3009.dat
1 7 170 -184 -40 0 0 -1 0 1 0 1 0 0 3004.dat
1 7 -110 -208 -60 0 0 -1 0 1 0 1 0 0 3004.dat
1 7 -60 -208 -70 -1 0 0 0 1 0 0 0 -1 3004.dat
1 7 0 -208 -70 -1 0 0 0 1 0 0 0 -1 3004.dat
1 7 60 -208 -70 -1 0 0 0 1 0 0 0 -1 3004.dat
1 7 120 -208 -70 -1 0 0 0 1 0 0 0 -1 3004.dat
1 7 170 -208 -60 0 0 1 0 1 0 -1 0 0 3004.dat
1 4 80 -168 0 0 0 1 0 1 0 -1 0 0 3003.dat
1 4 80 -192 0 0 0 1 0 1 0 -1 0 0 3003.dat
1 4 80 -216 0 0 0 1 0 1 0 -1 0 0 3003.dat
0 STEP
1 0 70 -240 -10 0 0 1 0 1 0 -1 0 0 3062b.dat
1 0 90 -240 -10 0 0 1 0 1 0 -1 0 0 3062b.dat
1 0 70 -240 10 0 0 1 0 1 0 -1 0 0 3062b.dat
1 0 90 -240 10 0 0 1 0 1 0 -1 0 0 3062b.dat
1 6 130 -51 0 0 0 -1 0 1 0 1 0 0 4489a.dat
1 6 30 -57 10 0 0 -1 0 1 0 1 0 0 4496.dat
1 6 -90 -64 40 0 -1 0 0 0 1 -1 0 0 4489a.dat


0 FILE 6040 - Chimney.ldr
0 Chimney
0 Name: 6040 - Chimney.ldr
0 Author: Stefan Frenz [smf]
0 !LDRAW_ORG Model
0 !LICENSE Redistributable under CCAL version 2.0 : see CAreadme.txt

1 4 0 0 0 1 0 0 0 1 0 0 0 1 3010.dat
1 4 -30 0 -30 0 0 -1 0 1 0 1 0 0 3004.dat
1 4 30 0 -30 0 0 -1 0 1 0 1 0 0 3004.dat
0 STEP
1 4 30 -8 -10 0 0 -1 0 1 0 1 0 0 3023.dat
1 4 -30 -8 -10 0 0 -1 0 1 0 1 0 0 3023.dat
1 4 0 -8 0 -1 0 0 0 1 0 0 0 -1 3023.dat
0 STEP
1 4 10 -16 -10 -1 0 0 0 1 0 0 0 -1 3021.dat
1 0 -20 -24 -10 -1 0 0 0 1 0 0 0 -1 4488.dat
0 STEP
1 4 10 -24 -10 0 0 1 0 1 0 -1 0 0 3023.dat
1 7 30 -24 0 0 0 -1 0 1 0 1 0 0 4085a.dat
1 7 30 -24 -20 0 0 -1 0 1 0 1 0 0 4085a.dat
0 STEP
1 4 0 -24 -40 -1 0 0 0 1 0 0 0 -1 3659.dat
1 4 10 -96 0 0 0 -1 0 1 0 1 0 0 4460a.dat
0 STEP
1 4 -10 -96 0 0 0 1 0 1 0 -1 0 0 4460a.dat
1 4 -10 -96 -20 0 0 1 0 1 0 -1 0 0 3685.dat
1 4 10 -96 -20 1 0 0 0 1 0 0 0 1 3685.dat
0 STEP
1 4 0 -104 0 0 0 -1 0 1 0 1 0 0 3021.dat
1 4 0 -112 0 0 0 -1 0 1 0 1 0 0 3021.dat


0 FILE 6040 - MiniFig1.ldr
0 MiniFig1
0 Name: 6040 - MiniFig1.ldr
0 Author: Stefan Frenz [smf]
0 !LDRAW_ORG Model
0 !LICENSE Redistributable under CCAL version 2.0 : see CAreadme.txt

1 0 0 0 0 1 0 0 0 1 0 0 0 1 3815c01.dat
1 14 0 -32 0 1 0 0 0 1 0 0 0 1 973.dat
1 14 -15.552 -23 0 0.985 -0.147 -0.085 0.17 0.853 0.492 0 -0.5 0.866 3818.dat
1 14 15.552 -23 0 0.985 0.17 0 -0.17 0.985 0 0 0 1 3819.dat
1 0 -22.418 -12.596 -18.018 0.985 -0.164 0.044 0.17 0.951 -0.255 0 0.259 0.965 3820.dat
1 0 23.684 -5.248 -9.884 0.985 0.12 -0.12 -0.17 0.696 -0.696 0 0.707 0.707 3820.dat
1 6 0 -34 0 1 0 0 0 1 0 0 0 1 4524.dat
1 14 0 -58 0 1 0 0 0 1 0 0 0 1 3626ap01.dat
1 0 0 -58 0 1 0 0 0 1 0 0 0 1 4505a.dat
1 0 -18.132 -37.429 -43.055 -0.989 -0.148 0.013 -0.122 0.857 0.5 -0.085 0.493 -0.866 4522.dat


0 FILE 6040 - Horse.ldr
0 Horse
0 Name: 6040 - Horse.ldr
0 Author: Stefan Frenz [smf]
0 !LDRAW_ORG Model
0 !LICENSE Redistributable under CCAL version 2.0 : see CAreadme.txt

1 0 0 -48 0 1 0 0 0 1 0 0 0 1 4493c01.dat
1 0 0 -72 0 1 0 0 0 1 0 0 0 1 3004.dat
1 0 0 -80 0 1 0 0 0 1 0 0 0 1 3023.dat


0 FILE 6040 - MiniFig2.ldr
0 MiniFig2
0 Name: 6040 - MiniFig2.ldr
0 Author: Stefan Frenz [smf]
0 !LDRAW_ORG Model
0 !LICENSE Redistributable under CCAL version 2.0 : see CAreadme.txt

1 0 10 -32 1 1 0 0 0 1 0 0 0 1 3815.dat
1 1 10 -20 1 1 0 0 0 1 0 0 0 1 3817.dat
1 1 10 -20 1 1 0 0 0 1 0 0 0 1 3816.dat
1 4 10 -64 1 1 0 0 0 1 0 0 0 1 973p42.dat
1 1 25.551 -55 1 0.985 0.164 -0.043 -0.17 0.952 -0.252 0 0.255 0.967 3819.dat
1 1 -5.551 -55 1 0.985 -0.122 -0.119 0.17 0.704 0.69 0 -0.7 0.714 3818.dat
1 14 -11.598 -49.373 -19.275 0.985 -0.17 0.002 0.17 0.986 -0.01 0 0.01 1 3820.dat
1 14 34.011 -35.371 -3.738 0.972 0.194 -0.138 -0.22 0.511 -0.831 -0.09 0.837 0.539 3820.dat
1 14 10 -88 1 0.986 0 -0.169 0 1 0 0.169 0 0.986 3626ap01.dat
1 8 10 -88 1 0.986 0 -0.169 0 1 0 0.169 0 0.986 3844.dat
1 0 -9.135 -63.919 -32.957 -0.453 -0.164 -0.874 -0.307 0.948 -0.02 0.834 0.259 -0.483 3848.dat



