0 FILE 6041 - main.ldr
0 main
0 Name: 6041 - main.ldr
0 Author: Stefan Frenz [smf]
0 !LDRAW_ORG Model
0 !LICENSE Redistributable under CCAL version 2.0 : see CAreadme.txt

1 4 100 0 150 1 0 0 0 1 0 0 0 1 6041 - MiniFig1.ldr
1 4 200 0 150 1 0 0 0 1 0 0 0 1 6041 - MiniFig2.ldr
1 0 0 0 0 1 0 0 0 1 0 0 0 1 6041 - Shop.ldr
1 0 150 0 -110 1 0 0 0 1 0 0 0 1 6041 - Rack.ldr
1 7 150 0 -200 0 0 -1 0 1 0 1 0 0 6041 - Horse.ldr


0 FILE 6041 - MiniFig1.ldr
0 MiniFig1
0 Name: 6041 - MiniFig1.ldr
0 Author: Stefan Frenz [smf]
0 !LDRAW_ORG Model
0 !LICENSE Redistributable under CCAL version 2.0 : see CAreadme.txt

1 0 10 -32 1 1 0 0 0 1 0 0 0 1 3815.dat
1 4 10 -20 1 1 0 0 0 1 0 0 0 1 3817.dat
1 4 10 -20 1 1 0 0 0 1 0 0 0 1 3816.dat
1 1 10 -64 1 1 0 0 0 1 0 0 0 1 973p40.dat
1 0 25.552 -55 1 0.985 0.17 0 -0.17 0.985 0 0 0 1 3819.dat
1 0 -5.552 -55 1 0.985 -0.17 0 0.12 0.697 0.707 -0.12 -0.697 0.707 3818.dat
1 14 -13.688 -49.431 -18.547 0.985 -0.12 0.12 0.12 0.993 0.007 -0.12 0.007 0.993 3820.dat
1 14 33.688 -37.24 -8.884 0.968 0.227 -0.11 -0.241 0.704 -0.668 -0.074 0.673 0.736 3820.dat
1 14 10 -90 1 0.986 0 -0.169 0 1 0 0.169 0 0.986 3626ap01.dat
1 0 10 -90 1 0.986 0 -0.169 0 1 0 0.169 0 0.986 4503.dat
1 1 9 -102 8 0.986 0 -0.169 0 1 0 0.169 0 0.986 87692.dat
1 7 32.571 -36.609 -25.497 0.98 -0.054 0.192 -0.054 0.856 0.514 -0.192 -0.514 0.836 3846p4g.dat
1 4 10 -66 1 1 0 0 0 1 0 0 0 1 4524.dat
1 6 -13.528 -64.28 -32.081 0.985 -0.147 -0.086 0.12 0.241 0.963 -0.12 -0.959 0.255 3849.dat
1 4 -1.472 -199.066 -67.837 0.984 -0.086 0.147 0.12 0.962 -0.241 -0.12 0.255 0.959 2335p45.dat


0 FILE 6041 - MiniFig2.ldr
0 MiniFig2
0 Name: 6041 - MiniFig2.ldr
0 Author: Stefan Frenz [smf]
0 !LDRAW_ORG Model
0 !LICENSE Redistributable under CCAL version 2.0 : see CAreadme.txt

1 1 10 -32 1 1 0 0 0 1 0 0 0 1 3815.dat
1 1 10 -20 1 1 0 0 0 1 0 0 0 1 3817.dat
1 1 10 -20 1 1 0 0 0 1 0 0 0 1 3816.dat
1 4 10 -64 1 1 0 0 0 1 0 0 0 1 973p40.dat
1 0 25.552 -55 1 0.985 0.17 0 -0.164 0.952 -0.259 -0.044 0.255 0.966 3819.dat
1 0 -5.552 -55 1 0.985 -0.17 0 0.147 0.854 -0.5 0.085 0.493 0.866 3818.dat
1 14 -13.688 -34.678 1.32 0.985 -0.12 0.12 0.147 0.25 -0.957 0.085 0.961 0.264 3820.dat
1 14 33.688 -35.287 -3.951 0.968 0.227 -0.11 -0.214 0.506 -0.836 -0.134 0.832 0.538 3820.dat
1 14 10 -88 1 0.986 0 -0.169 0 1 0 0.169 0 0.986 3626ap01.dat
1 6 10 -88 1 0.986 0 -0.169 0 1 0 0.169 0 0.986 4530.dat


0 FILE 6041 - Shop.ldr
0 Shop
0 Name: 6041 - Shop.ldr
0 Author: Stefan Frenz [smf]
0 !LDRAW_ORG Model
0 !LICENSE Redistributable under CCAL version 2.0 : see CAreadme.txt

1 2 0 0 0 0 0 -1 0 1 0 1 0 0 3028.dat
0 STEP
1 7 -40 -24 -110 -1 0 0 0 1 0 0 0 -1 3700.dat
1 7 -40 -24 110 -1 0 0 0 1 0 0 0 -1 3700.dat
1 7 -50 -24 0 0 0 1 0 1 0 -1 0 0 3010.dat
1 7 10 -24 -110 0 0 1 0 1 0 -1 0 0 3005.dat
1 7 10 -24 110 0 0 1 0 1 0 -1 0 0 3005.dat
0 STEP
1 7 0 -48 -110 1 0 0 0 1 0 0 0 1 3010.dat
1 7 0 -48 110 1 0 0 0 1 0 0 0 1 3010.dat
1 7 -50 -48 0 0 0 -1 0 1 0 1 0 0 3004.dat
1 7 -50 -72 0 0 0 -1 0 1 0 1 0 0 3004.dat
1 7 -40 -14 -120 0 0 -1 0 1 0 1 0 0 3673.dat
0 STEP
1 7 -40 -80 0 0 0 -1 0 1 0 1 0 0 3022.dat
1 7 -50 -88 0 0 0 -1 0 1 0 1 0 0 3023.dat
1 7 -50 -96 0 0 0 -1 0 1 0 1 0 0 3023.dat
1 7 -30 -88 10 -1 0 0 0 1 0 0 0 -1 4085b.dat
1 7 -30 -88 -10 1 0 0 0 1 0 0 0 1 4085b.dat
1 7 -30 -72 -110 1 0 0 0 1 0 0 0 1 3062b.dat
1 7 -30 -96 -110 1 0 0 0 1 0 0 0 1 3062b.dat
1 7 10 -72 -110 1 0 0 0 1 0 0 0 1 3062b.dat
1 7 10 -96 -110 1 0 0 0 1 0 0 0 1 3062b.dat
1 7 -30 -72 110 1 0 0 0 1 0 0 0 1 3062b.dat
1 7 -30 -96 110 1 0 0 0 1 0 0 0 1 3062b.dat
1 7 10 -72 110 1 0 0 0 1 0 0 0 1 3062b.dat
1 7 10 -96 110 1 0 0 0 1 0 0 0 1 3062b.dat
0 STEP
1 7 -10 -120 -110 1 0 0 0 1 0 0 0 1 4490.dat
1 7 -10 -120 110 1 0 0 0 1 0 0 0 1 4490.dat
1 7 -50 -120 0 0 0 -1 0 1 0 1 0 0 3004.dat
0 STEP
1 0 10 -128 -110 -1 0 0 0 1 0 0 0 -1 3623.dat
1 0 10 -128 110 -1 0 0 0 1 0 0 0 -1 3623.dat
1 7 -50 -144 70 0 0 1 0 1 0 -1 0 0 4444.dat
1 7 -50 -144 -70 0 0 1 0 1 0 -1 0 0 4444.dat
0 STEP
1 0 -50 -144 -110 -1 0 0 0 1 0 0 0 -1 3622.dat
1 0 -50 -144 110 -1 0 0 0 1 0 0 0 -1 3622.dat
1 7 -50 -144 0 0 0 1 0 1 0 -1 0 0 3010.dat
1 0 -30 -68 -30 -1 0 0 0 1 0 0 0 -1 3848.dat
1 0 -30 -76 30 0 0 -1 0 -1 0 -1 0 0 3847.dat
1 0 10 -136 -100 -1 0 0 0 1 0 0 0 -1 3021.dat
1 0 10 -136 100 -1 0 0 0 1 0 0 0 -1 3021.dat
0 STEP
1 0 20 -144 -110 -1 0 0 0 1 0 0 0 -1 3710.dat
1 0 20 -144 110 -1 0 0 0 1 0 0 0 -1 3710.dat
1 0 0 -144 80 -1 0 0 0 1 0 0 0 -1 3020.dat
1 0 0 -144 -80 -1 0 0 0 1 0 0 0 -1 3020.dat
0 STEP
1 7 -40 -152 0 0 0 -1 0 1 0 1 0 0 3029.dat
1 7 -10 -160 -90 0 0 -1 0 1 0 1 0 0 3623.dat
1 7 -10 -168 -90 0 0 -1 0 1 0 1 0 0 3623.dat
1 7 -10 -160 90 0 0 -1 0 1 0 1 0 0 3623.dat
1 7 -10 -168 90 0 0 -1 0 1 0 1 0 0 3623.dat
0 STEP
1 4 10 -168 -100 0 0 -1 0 1 0 1 0 0 3039.dat
1 4 10 -168 0 0 0 -1 0 1 0 1 0 0 4445.dat
1 4 10 -168 100 0 0 -1 0 1 0 1 0 0 3039.dat
0 STEP
1 7 0 -176 -100 0 0 -1 0 1 0 1 0 0 3022.dat
1 7 0 -176 100 0 0 -1 0 1 0 1 0 0 3022.dat
1 7 -50 -176 110 -1 0 0 0 1 0 0 0 -1 3622.dat
1 7 -70 -176 80 0 0 1 0 1 0 -1 0 0 3004.dat
1 7 -70 -176 -20 0 0 1 0 1 0 -1 0 0 3008.dat
1 7 -50 -176 -110 -1 0 0 0 1 0 0 0 -1 3622.dat
0 STEP
1 7 -70 -200 100 0 0 1 0 1 0 -1 0 0 3004.dat
1 7 -70 -200 50 0 0 1 0 1 0 -1 0 0 3005.dat
1 7 -70 -200 0 0 0 1 0 1 0 -1 0 0 3004.dat
1 7 -70 -200 -50 0 0 1 0 1 0 -1 0 0 3005.dat
1 7 -70 -200 -100 0 0 1 0 1 0 -1 0 0 3004.dat
1 7 -30 -200 110 0 0 1 0 1 0 -1 0 0 3005.dat
1 7 10 -200 100 0 0 1 0 1 0 -1 0 0 3004.dat
1 7 -30 -200 -110 0 0 1 0 1 0 -1 0 0 3005.dat
1 7 10 -200 -100 0 0 1 0 1 0 -1 0 0 3004.dat
1 4 -10 -192 40 0 0 -1 0 1 0 1 0 0 3037.dat
1 4 -10 -192 -40 0 0 -1 0 1 0 1 0 0 3037.dat
1 14 0 -24 60 0 0 -1 0 1 0 1 0 0 6143.dat
0 STEP
1 0 50 -152 110 0 0 -1 0 1 0 1 0 0 3957a.dat
1 0 50 -152 -110 0 0 -1 0 1 0 1 0 0 3957a.dat
1 14 50 -232 -110 0.866 0 -0.5 0 1 0 0.5 0 0.866 4495a.dat
1 14 50 -232 110 0.866 0 -0.5 0 1 0 0.5 0 0.866 4495a.dat
1 6 30 -48 110 0 0 -1 0 1 0 1 0 0 4498.dat


0 FILE 6041 - Rack.ldr
0 Rack
0 Name: 6041 - Rack.ldr
0 Author: Stefan Frenz [smf]
0 !LDRAW_ORG Model
0 !LICENSE Redistributable under CCAL version 2.0 : see CAreadme.txt

1 0 -20 0 0 -1 0 0 0 1 0 0 0 -1 3623.dat
1 0 -20 0 140 -1 0 0 0 1 0 0 0 -1 3623.dat
0 STEP
1 0 -20 -24 0 0 0 -1 0 1 0 1 0 0 4070.dat
1 0 -20 -24 140 0 0 -1 0 1 0 1 0 0 4070.dat
0 STEP
1 0 -20 -48 0 0 0 -1 0 1 0 1 0 0 4070.dat
1 0 -20 -48 140 0 0 -1 0 1 0 1 0 0 4070.dat
1 0 -6 -14 70 0 -1 0 0 0 -1 1 0 0 4162.dat
0 STEP
1 0 -6 -38 70 0 -1 0 0 0 -1 1 0 0 4162.dat
1 0 -20 -56 70 0 0 -1 0 1 0 1 0 0 3460.dat
0 STEP
1 0 -20 -64 0 0 0 -1 0 1 0 1 0 0 4085b.dat
1 0 -20 -64 20 0 0 -1 0 1 0 1 0 0 4085b.dat
1 0 -20 -64 100 0 0 -1 0 1 0 1 0 0 4085b.dat
1 0 -20 -64 140 0 0 -1 0 1 0 1 0 0 4085b.dat
1 1 -20 -96 40 0 0 -1 0 1 0 1 0 0 2343.dat
1 4 -20 -96 80 0 0 -1 0 1 0 1 0 0 2343.dat
0 STEP
1 6 0 -93 0 0 0 -1 0 1 0 1 0 0 4497.dat
1 6 0 -39 20 -0.94 0 0.342 0 1 0 -0.342 0 -0.94 4499.dat
1 8 -20 -96 40 0 0 -1 0 1 0 1 0 0 3896.dat
1 8 -20 -96 80 0 0 -1 0 1 0 1 0 0 4503.dat
1 1 -27 -108 80 0 0 -1 0 1 0 1 0 0 87694.dat
1 7 0 -68 140 -0.087 0 -0.996 0 1 0 0.996 0 -0.087 3846p45.dat
1 7 0 -68 100 0.087 0 -0.996 0 1 0 0.996 0 0.087 3846p4g.dat


0 FILE 6041 - Horse.ldr
0 Horse
0 Name: 6041 - Horse.ldr
0 Author: Stefan Frenz [smf]
0 !LDRAW_ORG Model
0 !LICENSE Redistributable under CCAL version 2.0 : see CAreadme.txt

1 15 -10 -49 45 1 0 0 0 1 0 0 0 1 4493c02.dat
1 1 -10 -57 45 1 0 0 0 1 0 0 0 1 4491a.dat
1 8 -41 -59 62.5 1 0 0 0 -1 0 0 0 -1 3847.dat



