0 FILE 6043 - Dragon Defender.ldr
0 6043 - Dragon Defender
0 Name: 6043 - Dragon Defender.ldr
0 Author: Chris Böhnke [KnightOfTarenta]
0 !LDRAW_ORG Unofficial_Model
0 !LICENSE Licenced under CC BY 4.0 : see CAreadme.txt

0 !THEME Castle / Dragon Knights
0 !KEYWORDS Dragon Masters, Fantasy, Medieval, Siege Weapon, Trebuchet, Catapult

1 16 0 0 0 1 0 0 0 1 0 0 0 1 6043 - Trebuchet Base.ldr
1 16 90 -59 -110 0 -1 0 0 0 1 -1 0 0 6043 - Flagpole.ldr
1 25 -90 -120 -110 1 0 0 0 1 0 0 0 1 6043 - Spear.ldr
1 16 -131 -28 -280 0 0 -1 0 1 0 1 0 0 6043 - Swordsman.ldr
1 16 60.261 -28 -212.481 .93969 0 -.34202 0 1 0 .34202 0 .93969 6043 - Halberdier.ldr

0 // Loaded Position
1 16 0 -149.56 -98.508 1 0 0 0 1 0 0 0 1 6043 - Dragon Head.ldr
1 16 -50 -134.041 -38.802 0 0 -1 .682 .73135 0 .73135 -.682 0 6043 - Liftarm Small.ldr
1 16 50 -134.041 -38.802 0 0 1 -.682 .73135 0 -.73135 -.682 0 6043 - Liftarm Small.ldr
1 16 0 -96.324 100.039 1 0 0 0 .73135 .682 0 -.682 .73136 6043 - Liftarm Large.ldr
1 16 0 -86.53 119.833 1 0 0 0 .57358 -.81915 0 .81915 .57358 6043 - Trigger.ldr
1 16 145.937 -24 157.472 -.34202 0 -.93969 0 1 0 .93969 0 -.34202 6043 - Boulders Ready.ldr

0 // Launched Position
0 16 0 -38.431 -96.568 1 0 0 0 1 0 0 0 1 6043 - Dragon Head.ldr
0 16 -50 -78.816 -18.385 0 0 -1 -.7071 .7071 0 .7071 .7071 0 6043 - Liftarm Small.ldr
0 16 50 -78.816 -18.385 0 0 1 .7071 .7071 0 -.7071 .7071 0 6043 - Liftarm Small.ldr
0 16 0 -262.581 72.126 1 0 0 0 .7071 -.7071 0 .7071 .7071 6043 - Liftarm Large.ldr
0 16 0 -71 130 1 0 0 0 1 0 0 0 1 6043 - Trigger.ldr
0 16 145.937 -24 157.472 -.342 0 -.9397 0 1 0 .9397 0 -.342 6043 - Boulders Launched.ldr

0 FILE 6043 - Trebuchet Base.ldr
0 6043 - Trebuchet Base
0 Name: 6043 - Trebuchet Base.ldr
0 Author: Chris Böhnke [KnightOfTarenta]
0 !LDRAW_ORG Unofficial_Model
0 !LICENSE Licenced under CC BY 4.0 : see CAreadme.txt

1 0 0 -39 0 0 0 -1 0 1 0 1 0 0 3795.dat
1 0 70 -39 0 0 0 -1 0 1 0 1 0 0 4477.dat
1 0 -70 -39 0 0 0 -1 0 1 0 1 0 0 4477.dat
0 STEP
1 1 0 -47 0 1 0 0 0 1 0 0 0 1 3832.dat
0 STEP
1 1 0 -47 -40 1 0 0 0 1 0 0 0 1 3022.dat
1 1 0 -47 40 1 0 0 0 1 0 0 0 1 3022.dat
1 0 80 -47 -80 1 0 0 0 1 0 0 0 1 4488.dat
1 0 -80 -47 -80 -1 0 0 0 1 0 0 0 -1 4488.dat
1 0 80 -47 80 1 0 0 0 1 0 0 0 1 4488.dat
1 0 -80 -47 80 -1 0 0 0 1 0 0 0 -1 4488.dat
0 STEP
1 1 0 -55 0 0 0 -1 0 1 0 1 0 0 3795.dat
1 0 -70 -55 0 0 0 -1 0 1 0 1 0 0 4477.dat
1 0 70 -55 0 0 0 -1 0 1 0 1 0 0 4477.dat
0 STEP
1 0 40 -55 0 1 0 0 0 1 0 0 0 1 3022.dat
1 0 -40 -55 0 1 0 0 0 1 0 0 0 1 3022.dat
1 0 90 -55 0 0 0 -1 0 1 0 1 0 0 3839b.dat
1 0 -90 -55 0 0 0 1 0 1 0 -1 0 0 3839b.dat
1 1 90 -55 -70 1 0 0 0 1 0 0 0 1 3024.dat
1 1 -90 -55 -70 1 0 0 0 1 0 0 0 1 3024.dat
1 1 90 -55 70 1 0 0 0 1 0 0 0 1 3024.dat
1 1 -90 -55 70 1 0 0 0 1 0 0 0 1 3024.dat
1 0 90 -55 -90 1 0 0 0 1 0 0 0 1 4085c.dat
1 0 -90 -55 -90 1 0 0 0 1 0 0 0 1 4085c.dat
1 0 90 -55 90 -1 0 0 0 1 0 0 0 -1 4085c.dat
1 0 -90 -55 90 -1 0 0 0 1 0 0 0 -1 4085c.dat
0 STEP
1 1 0 -63 80 1 0 0 0 1 0 0 0 1 3832.dat
1 1 80 -63 -80 1 0 0 0 1 0 0 0 1 3022.dat
1 1 -80 -63 -80 1 0 0 0 1 0 0 0 1 3022.dat
1 1 70 -63 0 1 0 0 0 1 0 0 0 1 3021.dat
1 1 -70 -63 0 1 0 0 0 1 0 0 0 1 3021.dat
0 STEP
1 0 0 -71 90 -1 0 0 0 1 0 0 0 -1 2540.dat
1 1 -30 -79 0 0 0 -1 0 1 0 1 0 0 3004.dat
1 1 -30 -103 0 0 0 -1 0 1 0 1 0 0 3004.dat
1 1 30 -79 0 0 0 -1 0 1 0 1 0 0 3004.dat
1 1 30 -103 0 0 0 -1 0 1 0 1 0 0 3004.dat
0 STEP
1 1 -30 -127 0 0 0 -1 0 1 0 1 0 0 3700.dat
1 1 30 -127 0 0 0 -1 0 1 0 1 0 0 3700.dat
1 1 0 -127 30 -1 0 0 0 1 0 0 0 -1 3684.dat
1 1 0 -127 -30 1 0 0 0 1 0 0 0 1 3684.dat
0 STEP
1 1 0 -151 0 1 0 0 0 1 0 0 0 1 3001.dat
1 1 0 -151 30 1 0 0 0 1 0 0 0 1 3004.dat
1 1 0 -151 -30 1 0 0 0 1 0 0 0 1 3004.dat
0 STEP
1 1 0 -175 10 -1 0 0 0 1 0 0 0 -1 3039.dat
1 1 0 -175 -10 1 0 0 0 1 0 0 0 1 3039.dat
1 1 -30 -175 0 0 0 -1 0 1 0 1 0 0 3700.dat
1 1 30 -175 0 0 0 -1 0 1 0 1 0 0 3700.dat
0 STEP
1 1 0 -183 0 1 0 0 0 1 0 0 0 1 3020.dat
0 STEP
1 6 -110 -42 80 0 0 1 0 1 0 -1 0 0 4489a.dat
1 6 110 -42 80 0 0 -1 0 1 0 1 0 0 4489a.dat
1 6 -110 -42 -80 0 0 1 0 1 0 -1 0 0 4489a.dat
1 6 110 -42 -80 0 0 -1 0 1 0 1 0 0 4489a.dat

0 FILE 6043 - Dragon Head.ldr
0 Dragon Head
0 Name: 6043 - Dragon Head.ldr
0 Author: Chris Böhnke [KnightOfTarenta]
0 !LDRAW_ORG Unofficial_Model
0 !LICENSE Licenced under CC BY 4.0 : see CAreadme.txt

1 0 0 0 0 1 0 0 0 1 0 0 0 1 3020.dat
1 0 -30 0 40 0 0 -1 0 1 0 1 0 0 3023b.dat
1 0 30 0 40 0 0 1 0 1 0 -1 0 0 3023b.dat
0 STEP
1 0 0 -8 0 1 0 0 0 1 0 0 0 1 3022.dat
1 0 -30 -8 20 0 0 -1 0 1 0 1 0 0 3710.dat
1 0 30 -8 20 0 0 -1 0 1 0 1 0 0 3710.dat
0 STEP
1 0 0 -32 10 1 0 0 0 1 0 0 0 1 3010.dat
0 STEP
1 0 -30 -32 40 0 0 -1 0 1 0 1 0 0 3700.dat
1 0 30 -32 40 0 0 -1 0 1 0 1 0 0 3700.dat
1 0 -20 -32 -10 1 0 0 0 1 0 0 0 1 3747a.dat
1 0 20 -32 -10 1 0 0 0 1 0 0 0 1 3747a.dat
0 STEP
1 4 0 -40 -40 0 0 -1 0 1 0 1 0 0 3795.dat
0 STEP
1 0 -30 -56 40 0 0 -1 0 1 0 1 0 0 3004.dat
1 0 30 -56 40 0 0 -1 0 1 0 1 0 0 3004.dat
1 4 0 -48 10 1 0 0 0 1 0 0 0 1 3023b.dat
0 STEP
1 0 -30 -56 10 1 0 0 0 1 0 0 0 1 3040b.dat
1 0 30 -56 10 1 0 0 0 1 0 0 0 1 3040b.dat
1 15 -30 -40 -50 1 0 0 0 1 0 0 0 1 6141.dat
1 15 30 -40 -50 1 0 0 0 1 0 0 0 1 6141.dat
1 4 0 -56 10 1 0 0 0 1 0 0 0 1 3023b.dat
0 STEP
1 0 -30 -80 40 0 0 -1 0 1 0 1 0 0 3700.dat
1 0 30 -80 40 0 0 -1 0 1 0 1 0 0 3700.dat
1 0 -30 -80 10 1 0 0 0 1 0 0 0 1 4287.dat
1 0 30 -80 10 1 0 0 0 1 0 0 0 1 4287.dat
0 STEP
1 0 -30 -104 10 -1 0 0 0 1 0 0 0 -1 3040b.dat
1 0 30 -104 10 -1 0 0 0 1 0 0 0 -1 3040b.dat
0 STEP
1 14 -30 -128 10 0 0 1 0 1 0 -1 0 0 4070.dat
1 14 30 -128 10 0 0 -1 0 1 0 1 0 0 4070.dat
1 0 0 -128 10 -1 0 0 0 1 0 0 0 -1 2362a.dat
0 STEP
1 0 0 -88 -40 1 0 0 0 1 0 0 0 1 3031.dat
1 4 0 -80 -30 0 0 -1 0 1 0 1 0 0 3021.dat
1 0 0 -80 -80 1 0 0 0 1 0 0 0 1 3020.dat
1 15 30 -72 -90 1 0 0 0 1 0 0 0 1 6141.dat
1 15 -30 -72 -90 1 0 0 0 1 0 0 0 1 6141.dat
1 0 0 -88 -90 1 0 0 0 1 0 0 0 1 3023b.dat
1 0 -30 -112 -20 0 0 1 0 1 0 -1 0 0 3048b.dat
1 0 30 -112 -20 0 0 -1 0 1 0 1 0 0 3048b.dat
1 0 0 -112 -10 1 0 0 0 1 0 0 0 1 3298.dat
1 0 0 -96 -80 1 0 0 0 1 0 0 0 1 3022.dat
1 0 -30 -104 -90 1 0 0 0 1 0 0 0 1 4070.dat
1 0 30 -104 -90 1 0 0 0 1 0 0 0 1 4070.dat
1 0 -10 -136 -10 0 0 1 0 1 0 -1 0 0 3665.dat
1 0 10 -136 -10 0 0 -1 0 1 0 1 0 0 3665.dat
1 0 0 -104 -70 1 0 0 0 1 0 0 0 1 3023b.dat
1 38 -30 -94 -102 0 1 0 1 0 0 0 0 -1 6126a.dat
1 38 30 -94 -102 0 1 0 1 0 0 0 0 -1 6126a.dat
1 0 0 -136 10 1 0 0 0 1 0 0 0 1 3710.dat
0 STEP
1 0 0 -144 0 1 0 0 0 1 0 0 0 1 3022.dat
1 0 0 -152 10 1 0 0 0 1 0 0 0 1 3023b.dat
0 STEP
1 0 -44 -118 30 0 1 0 0 0 -1 -1 0 0 2420.dat
1 0 44 -118 30 0 -1 0 -1 0 0 0 0 -1 2420.dat
0 STEP
1 0 -52 -145.071 22.929 0 1 0 .7071 0 .7071 .7071 0 -.7071 3023b.dat
1 0 52 -145.071 22.929 0 -1 0 .7071 0 -.7071 .7071 0 .7071 3023b.dat

0 FILE 6043 - Liftarm Large.ldr
0 Liftarm Large
0 Name: 6043 - Liftarm Large.ldr
0 Author: Chris Böhnke [KnightOfTarenta]
0 !LDRAW_ORG Unofficial_Model
0 !LICENSE Licenced under CC BY 4.0 : see CAreadme.txt

1 4 50 8 -40 0 0 1 0 1 0 -1 0 0 3666.dat
0 STEP
1 4 50 0 -120 0 0 1 0 1 0 -1 0 0 4477.dat
0 STEP
1 4 50 8 -120 0 0 1 0 1 0 -1 0 0 2458.dat
1 4 50 8 -200 0 0 1 0 1 0 -1 0 0 2458.dat
0 STEP
1 4 50 -8 -150 -1 0 0 0 1 0 0 0 -1 2555.dat
0 STEP
1 4 -50 8 -40 0 0 1 0 1 0 -1 0 0 3666.dat
0 STEP
1 4 -50 0 -120 0 0 1 0 1 0 -1 0 0 4477.dat
0 STEP
1 4 -50 8 -120 0 0 -1 0 1 0 1 0 0 2458.dat
1 4 -50 8 -200 0 0 -1 0 1 0 1 0 0 2458.dat
0 STEP
1 4 -50 -8 -150 1 0 0 0 1 0 0 0 1 2555.dat
0 STEP
1 4 0 0 0 1 0 0 0 1 0 0 0 1 3795.dat
1 4 -50 -24 10 0 0 1 0 1 0 -1 0 0 3005.dat
1 4 50 -24 10 0 0 1 0 1 0 -1 0 0 3005.dat
1 4 -50 -24 -10 1 0 0 0 1 0 0 0 1 3040b.dat
1 4 50 -24 -10 1 0 0 0 1 0 0 0 1 3040b.dat
1 4 -50 -32 0 0 0 -1 0 1 0 1 0 0 4275b.dat
1 4 50 -32 0 0 0 -1 0 1 0 1 0 0 4275b.dat
1 0 -50 -38.072 63.445 0 0 -1 -.5 .866 0 .866 .5 0 4626.dat
1 0 50 -38.072 63.445 0 0 -1 -.5 .866 0 .866 .5 0 4626.dat
1 4 -50 -14 -150 -.7071 .7071 0 -.7071 -.7071 0 0 0 1 6133.dat
1 4 50 -14 -150 .7071 .7071 0 -.7071 .7071 0 0 0 1 6133.dat

0 FILE 6043 - Liftarm Small.ldr
0 Liftarm Small
0 Name: 6043 - Liftarm Small.ldr
0 Author: Chris Böhnke [KnightOfTarenta]
0 !LDRAW_ORG Unofficial_Model
0 !LICENSE Licenced under CC BY 4.0 : see CAreadme.txt

1 4 0 0 0 1 0 0 0 1 0 0 0 1 3666.dat
1 4 -40 -24 0 1 0 0 0 1 0 0 0 1 2458.dat
1 4 40 -24 0 1 0 0 0 1 0 0 0 1 2458.dat

0 FILE 6043 - Trigger.ldr
0 Trigger
0 Name: 6043 - Trigger.ldr
0 Author: Chris Böhnke [KnightOfTarenta]
0 !LDRAW_ORG Unofficial_Model
0 !LICENSE Licenced under CC BY 4.0 : see CAreadme.txt

1 1 0 0 0 1 0 0 0 1 0 0 0 1 6019.dat
1 1 0 8 0 1 0 0 0 1 0 0 0 1 3062b.dat

0 FILE 6043 - Flagpole.ldr
0 Flagpole
0 Name: 6043 - Flagpole.ldr
0 Author: Chris Böhnke [KnightOfTarenta]
0 !LDRAW_ORG Unofficial_Model
0 !LICENSE Licenced under CC BY 4.0 : see CAreadme.txt

1 8 0 0 0 1 0 0 0 1 0 0 0 1 3849.dat
1 7 0 0 -52 -.342023 0 -.939692 -.939692 0 .342023 0 1 0 2586p4b.dat
1 14 0 0 -118 .5 0 -.866024 -.866024 0 -.5 0 1 0 4495a.dat
1 4 0 0 -142 .5 0 -.866025 -.866025 0 -.5 0 1 0 4495a.dat

0 FILE 6043 - Spear.ldr
0 Spear
0 Name: 6043 - Spear.ldr
0 Author: Chris Böhnke [KnightOfTarenta]
0 !LDRAW_ORG Unofficial_Model
0 !LICENSE Licenced under CC BY 4.0 : see CAreadme.txt

1 6 0 0 0 1 0 0 0 1 0 0 0 1 4497.dat

0 FILE 6043 - Swordsman.ldr
0 Swordsman
0 Name: 6043 - Swordsman.ldr
0 Author: Chris Böhnke [KnightOfTarenta]
0 !LDRAW_ORG Unofficial_Model
0 !LICENSE Licenced under CC BY 4.0 : see CAreadme.txt

0 // Lower Part
1 0 0 0 0 1 0 0 0 1 0 0 0 1 3816.dat
1 0 0 0 0 1 0 0 0 1 0 0 0 1 3817.dat
1 4 0 -12 0 1 0 0 0 1 0 0 0 1 3815.dat
0 // Upper Part
1 4 0 -44 0 1 0 0 0 1 0 0 0 1 973pf7.dat
1 1 15.472 -35.124 0 .98533 .1097 .13074 -.17067 .63336 .75481 0 -.76605 .64279 3819.dat
1 1 -15.575 -35.093 0 .9855 -.16392 .04392 .1697 .95192 -.25506 0 .25882 .96593 3818.dat
1 14 21.175 -31.492 -20.983 .00064 .99989 .01488 -.99631 -.00063 .08588 .08589 -.01488 .9962 3820.dat
1 14 -24.033 -15.432 -4.259 .98561 .08362 .14697 .08362 .5144 -.85346 -.14697 .85346 .5 3820.dat
0 // Head
1 14 0 -68 0 .98481 0 -.17365 0 1 0 .17365 0 .98481 3626bp4l.dat
0 // Helmet
1 0 0 -68 0 .98481 0 -.17365 0 1 0 .17365 0 .98481 6122.dat
1 14 18.833 -64.6 2.61 .12279 -.98481 -.12279 .70711 0 .70711 -.69637 -.17365 .69637 87685.dat
1 14 -18.59 -64.6 -3.989 -.12279 .98481 -.12279 -.70711 0 .70711 .69637 .17365 .69637 87686.dat
1 14 -1.563 -90 8.863 .98481 0 -.17365 0 1 0 .17365 0 .98481 87687.dat
0 // Weapons
1 7 20.847 -32.366 -35.124 .97235 -.02068 -.23262 .02068 .99978 -.00244 .23262 -.00244 .97257 2586p4b.dat
1 8 -26.783 -9.994 -19.607 .99229 .11745 .03968 .00438 .28669 -.95801 -.12389 .9508 .28397 3847.dat

0 FILE 6043 - Halberdier.ldr
0 Halberdier
0 Name: 6043 - Halberdier.ldr
0 Author: Chris Böhnke [KnightOfTarenta]
0 !LDRAW_ORG Unofficial_Model
0 !LICENSE Licenced under CC BY 4.0 : see CAreadme.txt

0 // Lower Part
1 7 0 0 0 1 0 0 0 1 0 0 0 1 3816.dat
1 7 0 0 0 1 0 0 0 1 0 0 0 1 3817.dat
1 0 0 -12 0 1 0 0 0 1 0 0 0 1 3815.dat
0 // Upper Part
1 4 0 -44 0 1 0 0 0 1 0 0 0 1 973p4b.dat
1 1 15.472 -35.124 0 .98533 .16808 .02964 -.17067 .97036 .1711 0 -.17365 .98481 3819.dat
1 1 -15.575 -35.093 0 .9855 -.13 -.10908 .1697 .75493 .63347 0 -.64279 .76604 3818.dat
1 14 23.296 -19.252 -13.147 .99473 -.03041 -.09789 -.03041 .82442 -.56516 .09789 .56516 .81915 3820.dat
1 14 -21.936 -27.616 -19.49 .99855 -.0517 .01479 .05278 .99491 -.08589 -.01028 .08655 .9962 3820.dat
0 // Head
1 14 0 -68 0 .98481 0 .17365 0 1 0 -.17365 0 .98481 3626bp4m.dat
0 // Helmet
1 0 0 -68 0 .98481 0 .17365 0 1 0 -.17365 0 .98481 3844.dat
0 // Weapon
1 8 -21.437 -39.885 -34.086 .86111 -.04642 .50629 .20564 .94253 -.26334 -.46497 .33088 .82117 6123.dat

0 FILE 6043 - Boulders Ready.ldr
0 Boulders Ready
0 Name: 6043 - Boulders Ready.ldr
0 Author: Chris Böhnke [KnightOfTarenta]
0 !LDRAW_ORG Unofficial_Model
0 !LICENSE Licenced under CC BY 4.0 : see CAreadme.txt

1 7 59.168 -58.489 92.266 -.32139 -.34202 .88302 -.93969 0 -.34202 .11698 -.93969 -.32139 3005.dat
1 7 0 0 0 1 0 0 0 1 0 0 0 1 3005.dat
1 7 0 -1.97276 -19.748 1 0 0 0 .93969 .34202 0 -.34202 .93969 3005.dat
1 7 -30 14 20 0 1 0 -1 0 0 0 0 1 3005.dat

0 FILE 6043 - Boulders Launched.ldr
0 Boulders Launched
0 Name: 6043 - Boulders Launched.ldr
0 Author: Chris Böhnke [KnightOfTarenta]
0 !LDRAW_ORG Unofficial_Model
0 !LICENSE Licenced under CC BY 4.0 : see CAreadme.txt

1 7 -105.70939 -370.342 145.08744 .192021 -.945658 -.262494 .7947 .3068 -.5238 .575853 -.107997 .810336 3005.dat
1 7 0 0 0 1 0 0 0 1 0 0 0 1 3005.dat
1 7 -171.40371 -395.466 273.1405 -.028026 .804288 .593617 -.8886 -.292 .3537 .45779 -.517576 .722872 3005.dat
1 7 -30.00032 14 19.99909 0 1 0 -1 0 0 0 0 1 3005.dat