0 FILE 6049 - main.ldr
0 main
0 Name: 6049 - main.ldr
0 Author: Stefan Frenz [smf]
0 !LDRAW_ORG Model
0 !LICENSE Redistributable under CCAL version 2.0 : see CAreadme.txt

1 4 100 0 150 1 0 0 0 1 0 0 0 1 6049 - MiniFig1.ldr
1 4 200 0 150 1 0 0 0 1 0 0 0 1 6049 - MiniFig2.ldr
1 4 300 0 150 1 0 0 0 1 0 0 0 1 6049 - MiniFig3-5.ldr
1 4 400 0 150 1 0 0 0 1 0 0 0 1 6049 - MiniFig3-5.ldr
1 4 500 0 150 1 0 0 0 1 0 0 0 1 6049 - MiniFig3-5.ldr
1 0 0 0 0 1 0 0 0 1 0 0 0 1 6049 - Boat.ldr




0 FILE 6049 - MiniFig3-5.ldr
0 MiniFig3-5
0 Name: 6049 - MiniFig3-5.ldr
0 Author: Stefan Frenz [smf]
0 !LDRAW_ORG Model
0 !LICENSE Redistributable under CCAL version 2.0 : see CAreadme.txt

1 0 10 -32 1 1 0 0 0 1 0 0 0 1 3815.dat
1 1 10 -20 1 1 0 0 0 1 0 0 0 1 3817.dat
1 1 10 -20 1 1 0 0 0 1 0 0 0 1 3816.dat
1 4 10 -64 1 1 0 0 0 1 0 0 0 1 973p42.dat
1 1 25.552 -55 1 0.985 0.17 0 -0.164 0.952 0.259 0.044 -0.255 0.966 3819.dat
1 1 -5.552 -55 1 0.985 -0.17 0 0.17 0.985 0 0 0 1 3818.dat
1 14 -13.688 -37.24 -8.884 0.985 -0.12 0.12 0.17 0.697 -0.697 0 0.707 0.707 3820.dat
1 14 33.688 -40.404 -13.144 0.968 0.227 -0.11 -0.252 0.855 -0.455 -0.009 0.468 0.884 3820.dat
1 14 10 -88 1 0.986 0 -0.169 0 1 0 0.169 0 0.986 3626ap01.dat
1 8 10 -88 1 0.986 0 -0.169 0 1 0 0.169 0 0.986 3896.dat
1 6 31.995 -46.235 -31.38 0.961 0.192 -0.197 -0.274 0.713 -0.645 0.016 0.674 0.738 4497.dat
1 6 -13.614 -37.669 -28.089 0.972 -0.086 -0.215 -0.144 0.5 -0.854 0.181 0.862 0.474 4497.dat


0 FILE 6049 - MiniFig1.ldr
0 MiniFig1
0 Name: 6049 - MiniFig1.ldr
0 Author: Stefan Frenz [smf]
0 !LDRAW_ORG Model
0 !LICENSE Redistributable under CCAL version 2.0 : see CAreadme.txt

1 0 10 -32 1 1 0 0 0 1 0 0 0 1 3815.dat
1 1 10 -20 1 1 0 0 0 1 0 0 0 1 3817.dat
1 1 10 -20 1 1 0 0 0 1 0 0 0 1 3816.dat
1 4 10 -64 1 1 0 0 0 1 0 0 0 1 973p4f.dat
1 1 25.552 -55 1 0.985 0.17 0 -0.17 0.985 0 0 0 1 3819.dat
1 1 -5.552 -55 1 0.985 -0.17 0 0.17 0.985 0 0 0 1 3818.dat
1 14 -13.688 -37.24 -8.884 0.985 -0.12 0.12 0.17 0.697 -0.697 0 0.707 0.707 3820.dat
1 14 33.688 -37.24 -8.884 0.968 0.227 -0.11 -0.241 0.704 -0.668 -0.074 0.673 0.736 3820.dat
1 14 10 -88 1 0.986 0 -0.169 0 1 0 0.169 0 0.986 3626ap01.dat
1 8 10 -88 1 0.986 0 -0.169 0 1 0 0.169 0 0.986 3844.dat
1 6 -14.82 -30.666 -16.03 0.995 -0.086 0.049 0.086 0.5 -0.862 0.049 0.862 0.505 4497.dat
1 6 33.917 -33.009 -19.646 0.98 0.192 0.05 -0.057 0.514 -0.856 -0.19 0.836 0.515 4497.dat


0 FILE 6049 - MiniFig2.ldr
0 MiniFig2
0 Name: 6049 - MiniFig2.ldr
0 Author: Stefan Frenz [smf]
0 !LDRAW_ORG Model
0 !LICENSE Redistributable under CCAL version 2.0 : see CAreadme.txt

1 0 10 -32 1 1 0 0 0 1 0 0 0 1 3815.dat
1 1 10 -20 1 1 0 0 0 1 0 0 0 1 3817.dat
1 1 10 -20 1 1 0 0 0 1 0 0 0 1 3816.dat
1 4 10 -64 1 1 0 0 0 1 0 0 0 1 973p40.dat
1 1 25.552 -55 1 0.985 0.17 0 -0.085 0.493 0.866 0.147 -0.853 0.5 3819.dat
1 1 -5.552 -55 1 0.985 -0.17 0 0.12 0.697 0.707 -0.12 -0.697 0.707 3818.dat
1 14 -13.688 -49.431 -18.547 0.985 -0.12 0.12 0.12 0.993 0.007 -0.12 0.007 0.993 3820.dat
1 14 33.688 -54.68 -19.323 0.968 0.227 -0.11 -0.185 0.935 0.303 0.172 -0.273 0.947 3820.dat
1 14 10 -88 1 0.986 0 -0.169 0 1 0 0.169 0 0.986 3626ap01.dat
1 0 10 -88 1 0.986 0 -0.169 0 1 0 0.169 0 0.986 3844.dat
1 7 32.571 -68.751 -28.175 0.981 0.192 -0.022 -0.191 0.981 0.032 0.028 -0.027 0.999 3846p4g.dat
1 6 -13.528 -64.278 -32.08 -0.985 -0.086 -0.146 -0.12 0.961 0.241 0.12 0.255 -0.959 3848.dat


0 FILE 6049 - Boat.ldr
0 Boat
0 Name: 6049 - Boat.ldr
0 Author: Stefan Frenz [smf]
0 !LDRAW_ORG Model
0 !LICENSE Redistributable under CCAL version 2.0 : see CAreadme.txt

1 4 0 0 0 0 0 -1 0 1 0 1 0 0 3832.dat
0 STEP
1 4 0 -24 90 -1 0 0 0 1 0 0 0 -1 4855.dat
1 4 0 -24 -90 1 0 0 0 1 0 0 0 1 4855.dat
0 STEP
1 4 0 -24 60 0 0 1 0 1 0 -1 0 0 4871.dat
1 4 0 -24 0 0 0 1 0 1 0 -1 0 0 4854.dat
1 4 0 -24 -60 0 0 1 0 1 0 -1 0 0 4871.dat
0 STEP
1 0 0 -16 0 0 0 1 0 1 0 -1 0 0 3832.dat
0 STEP
1 0 -30 -32 0 0 0 1 0 1 0 -1 0 0 3666.dat
1 0 30 -32 0 0 0 1 0 1 0 -1 0 0 3666.dat
1 4 0 -24 -100 -1 0 0 0 1 0 0 0 -1 3022.dat
1 4 0 -24 100 -1 0 0 0 1 0 0 0 -1 3022.dat
0 STEP
1 0 -30 -32 90 0 0 1 0 1 0 -1 0 0 63325.dat
1 0 30 -32 90 -1 0 0 0 1 0 0 0 -1 63325.dat
1 0 -30 -32 -90 1 0 0 0 1 0 0 0 1 63325.dat
1 0 30 -32 -90 0 0 -1 0 1 0 1 0 0 63325.dat
0 STEP
1 0 30 -56 -90 0 0 -1 0 1 0 1 0 0 4070.dat
1 0 -30 -56 -90 0 0 1 0 1 0 -1 0 0 4070.dat
1 0 -30 -40 90 0 0 1 0 1 0 -1 0 0 4085b.dat
1 0 30 -40 90 0 0 -1 0 1 0 1 0 0 4085b.dat
1 0 -30 -48 90 0 0 -1 0 1 0 1 0 0 3024.dat
1 0 30 -48 90 0 0 -1 0 1 0 1 0 0 3024.dat
0 STEP
1 0 -30 -56 -40 0 0 1 0 1 0 -1 0 0 3633.dat
1 0 -30 -56 40 0 0 1 0 1 0 -1 0 0 3633.dat
1 0 30 -56 40 0 0 -1 0 1 0 1 0 0 3633.dat
1 0 30 -56 -40 0 0 -1 0 1 0 1 0 0 3633.dat
1 4 0 -48 150 1 0 0 0 1 0 0 0 1 4856.dat
1 4 0 -48 -150 -1 0 0 0 1 0 0 0 -1 4856.dat
0 STEP
1 4 0 -56 -200 1 0 0 0 1 0 0 0 1 4859.dat
1 0 0 -56 200 -1 0 0 0 1 0 0 0 -1 4859.dat
1 0 30 -56 150 0 0 -1 0 1 0 1 0 0 4085b.dat
1 0 -30 -56 150 0 0 1 0 1 0 -1 0 0 4085b.dat
1 0 -30 -56 110 0 0 1 0 1 0 -1 0 0 3623.dat
1 0 30 -56 110 0 0 1 0 1 0 -1 0 0 3623.dat
1 0 -30 -56 -130 0 0 1 0 1 0 -1 0 0 3623.dat
1 0 30 -56 -130 0 0 1 0 1 0 -1 0 0 3623.dat
1 15 0 -40 90 1 0 0 0 1 0 0 0 1 3069b.dat
1 15 0 -40 150 1 0 0 0 1 0 0 0 1 3069b.dat
1 0 0 -48 170 1 0 0 0 1 0 0 0 1 3023.dat
1 0 0 -48 -170 1 0 0 0 1 0 0 0 1 3794a.dat
0 STEP
1 7 0 -80 210 -1 0 0 0 1 0 0 0 -1 3660.dat
1 0 -30 -64 -120 0 0 1 0 1 0 -1 0 0 3710.dat
1 0 30 -64 -120 0 0 1 0 1 0 -1 0 0 3710.dat
1 0 0 -64 -200 1 0 0 0 1 0 0 0 1 4859.dat
1 0 0 -72 -170 1 0 0 0 1 0 0 0 1 3062b.dat
0 STEP
1 7 0 -104 230 -1 0 0 0 1 0 0 0 -1 3660.dat
1 7 0 -88 -210 -1 0 0 0 1 0 0 0 -1 3039.dat
1 7 0 -112 -210 -1 0 0 0 1 0 0 0 -1 3004.dat
1 7 0 -136 -210 1 0 0 0 1 0 0 0 1 3747a.dat
1 14 0 -144 -240 0 0 -1 0 1 0 1 0 0 3020.dat
1 14 0 -152 -210 -1 0 0 0 1 0 0 0 -1 4590.dat
1 15 30 -56 90 -1 0 0 0 1 0 0 0 -1 6049 - Flexible Hose.ldr
1 15 30 -56 110 -1 0 0 0 1 0 0 0 -1 6049 - Flexible Hose.ldr
1 15 30 -56 130 -1 0 0 0 1 0 0 0 -1 6049 - Flexible Hose.ldr
1 15 30 -56 150 -1 0 0 0 1 0 0 0 -1 6049 - Flexible Hose.ldr
0 STEP
1 14 0 -112 250 0 0 1 0 1 0 -1 0 0 3021.dat
1 6 0 -72 120 0 0 1 0 1 0 -1 0 0 4738b.dat
1 14 0 -60 125 1 0 0 0 0 1 0 -1 0 2343.dat
1 14 0 -57 142 0 0 -1 0 1 0 1 0 0 6141.dat
1 14 0 -69 136 0 0 -1 0 1 0 1 0 0 6141.dat
1 7 44 -46 -90 0 0 -1 0 1 0 1 0 0 3846p4g.dat
1 7 50 -60 150 0.707 0 -0.707 0 1 0 0.707 0 0.707 3846p4h.dat
1 7 -50 -60 150 0.707 0 0.707 0 1 0 -0.707 0 0.707 3846p4h.dat
1 7 -44 -46 -90 0 0 1 0 1 0 -1 0 0 3846p4g.dat
1 6 0 -88 120 0 0 1 0 1 0 -1 0 0 4739.dat
1 6 0 -82 -170 -1 0 0 0 0 1 0 1 0 3849.dat
1 6 50 -44 90 -1 0 0 0 0 1 0 1 0 3849.dat
1 6 -50 -44 90 -1 0 0 0 0 1 0 1 0 3849.dat
1 15 0 -222 -170 1 0 0 0 1 0 0 0 1 4495a.dat
1 1 0 -200 -170 1 0 0 0 1 0 0 0 1 4495a.dat
1 4 -50 -184 90 1 0 0 0 1 0 0 0 1 4495a.dat
1 14 50 -184 90 1 0 0 0 1 0 0 0 1 4495a.dat


0 FILE 6049 - Flexible Hose.ldr
0 Flexible Hose
0 Name: 6049 - Flexible Hose.ldr
0 Author: Stefan Frenz [smf]
0 !LDRAW_ORG Model
0 !LICENSE Redistributable under CCAL version 2.0 : see CAreadme.txt

0 !CATEGORY hose
0 !KEYWORDS flexible

0 !LDCAD CONTENT [type=path] [addFallBack=default] [looped=false] [displayKind=mm] [curveStep=0] [displayLenCor=0]
0 !LDCAD PATH_POINT [type=bezier] [posOri=0 -22 0 0 0 1 0 1 0 -1 0 0] [prevCPDist=25] [nextCPDist=50] [cirR=20] [cirDir=xyCW] [prevYRoll=0] [nextYRoll=0]
0 !LDCAD PATH_POINT [type=bezier] [posOri=60 -22 0 0 0 -1 0 -1 0 -1 0 0] [prevCPDist=50] [nextCPDist=25] [cirR=20] [cirDir=xyCW] [prevYRoll=0] [nextYRoll=0]

0 !LDCAD PATH_SKIN [donCol=16] [donOri=1 0 0 0 1 0 0 0 1] [donPart=754.dat] [donYSize=100%] [donCen=absCen] [donCenYOfs=0] [donFinScale=none] [donPlace=refsStat] [donYAlign=0] [donInline=false] [segSize=50%] [segSizeTol=5%] [segsCnt=0] [segsGrp=0] [segsMaxMerge=1] [segsMrgAng=0] [segsMrgRollAng=0] [segsEdgeDelKind=keepFirstLeft]
0 !LDCAD PATH_SKIN [donCol=16] [donOri=1 0 0 0 1 0 0 0 1] [donPart=756.dat] [donYSize=100%] [donCen=absCen] [donCenYOfs=0] [donFinScale=none] [donPlace=refsStat] [donYAlign=0] [donInline=false] [segSize=60%] [segSizeTol=5%] [segsCnt=1] [segsGrp=0] [segsMaxMerge=1] [segsMrgAng=0] [segsMrgRollAng=0] [segsEdgeDelKind=keepFirstLeft]
0 !LDCAD PATH_SKIN [donCol=16] [donOri=1 0 0 0 -1 0 0 0 -1] [donPart=754.dat] [donYSize=100%] [donCen=absCen] [donCenYOfs=0] [donFinScale=none] [donPlace=refsStat] [donYAlign=0] [donInline=false] [segSize=50%] [segSizeTol=5%] [segsCnt=0] [segsGrp=0] [segsMaxMerge=1] [segsMrgAng=0] [segsMrgRollAng=0] [segsEdgeDelKind=keepFirstLeft]

0 !LDCAD PATH_CAP [group=start] [color=16] [posOri=0 -18 0 0 0 1 0 1 0 -1 0 0] [part=752.dat] [extraLen=0mm] [inlineRef=false]
0 !LDCAD PATH_CAP [group=end] [color=16] [posOri=60 -18 0 0 0 1 0 1 0 -1 0 0] [part=752.dat] [extraLen=0mm] [inlineRef=false]
0 !LDCAD PATH_CAP [group=start] [color=16] [posOri=0 -18 0 0 0 -1 0 -1 0 -1 0 0] [part=755.dat] [extraLen=0mm] [inlineRef=false]
0 !LDCAD PATH_CAP [group=end] [color=16] [posOri=60 -18 0 0 0 -1 0 -1 0 -1 0 0] [part=755.dat] [extraLen=0mm] [inlineRef=false]

0 !LDCAD GENERATED [generator=LDCad 1.6c]
0 //This is the fallback LDraw content for above PATH configuration.
0 // Do not edit, any changes will be lost upon regeneration.
0 // The path is approx 42.92 mm (107.31) and exists out of 42 segments.

0 //Some general hints about the document.
0 UNOFFICIAL PART
0 BFC CERTIFY CCW

0 //Start cap reference(s)
1 16 0 -18 0 0 0 1 0 1 0 -1 0 0 752.dat
1 16 0 -18 0 0 0 -1 0 -1 0 -1 0 0 755.dat

0 //End cap reference(s)
1 16 60 -18 0 0 0 1 0 1 0 -1 0 0 752.dat
1 16 60 -18 0 0 0 -1 0 -1 0 -1 0 0 755.dat

0 //Segments
1 16 0.040345 -23.749484 0 0 -0.023055 0.999734 0 0.999734 0.023055 -1 0 0 754.dat
1 16 0.17047 -26.245492 0 0 -0.06448 0.997919 0 0.997919 0.06448 -1 0 0 754.dat
1 16 0.406996 -28.733486 0 0 -0.107539 0.994201 0 0.994201 0.107539 -1 0 0 754.dat
1 16 0.765289 -31.206611 0 0 -0.158677 0.98733 0 0.98733 0.158677 -1 0 0 754.dat
1 16 1.249671 -33.658088 0 0 -0.208833 0.977951 0 0.977951 0.208833 -1 0 0 754.dat
1 16 1.866954 -36.079229 0 0 -0.263312 0.964711 0 0.964711 0.263312 -1 0 0 754.dat
1 16 2.623861 -38.460262 0 0 -0.319777 0.947493 0 0.947493 0.319777 -1 0 0 754.dat
1 16 3.526897 -40.789699 0 0 -0.379091 0.925359 0 0.925359 0.379091 -1 0 0 754.dat
1 16 4.584634 -43.052937 0 0 -0.44208 0.896976 0 0.896976 0.44208 -1 0 0 754.dat
1 16 5.794353 -45.238758 0 0 -0.501952 0.864896 0 0.864896 0.501952 -1 0 0 754.dat
1 16 7.16745 -47.325187 0 0 -0.569688 0.821861 0 0.821861 0.569688 -1 0 0 754.dat
1 16 8.696259 -49.30052 0 0 -0.629688 0.776848 0 0.776848 0.629688 -1 0 0 754.dat
1 16 10.380624 -51.144402 0 0 -0.692907 0.721027 0 0.721027 0.692907 -1 0 0 754.dat
1 16 12.20991 -52.844775 0 0 -0.748671 0.662941 0 0.662941 0.748671 -1 0 0 754.dat
1 16 14.17973 -54.379395 0 0 -0.805123 0.593107 0 0.593107 0.805123 -1 0 0 754.dat
1 16 16.278895 -55.731236 0 0 -0.854995 0.518636 0 0.518636 0.854995 -1 0 0 754.dat
1 16 18.488357 -56.894483 0 0 -0.896651 0.442737 0 0.442737 0.896651 -1 0 0 754.dat
1 16 20.794195 -57.852354 0 0 -0.933796 0.357806 0 0.357806 0.933796 -1 0 0 754.dat
1 16 23.179352 -58.589976 0 0 -0.963324 0.268339 0 0.268339 0.963324 -1 0 0 754.dat
1 16 25.620785 -59.113821 0 0 -0.982837 0.184477 0 0.184477 0.982837 -1 0 0 754.dat
1 16 27.902703 -59.314275 0 0 -0.999191 0.040209 0 0.040209 0.999191 -1 0 0 756.dat
1 16 32.192074 -59.380667 0 0 0.994819 0.10166 0 0.10166 -0.994819 -1 0 0 754.dat
1 16 34.66798 -59.058914 0 0 0.981389 0.192029 0 0.192029 -0.981389 -1 0 0 754.dat
1 16 37.104915 -58.515071 0 0 0.96076 0.27738 0 0.27738 -0.96076 -1 0 0 754.dat
1 16 39.482827 -57.753809 0 0 0.929772 0.368136 0 0.368136 -0.929772 -1 0 0 754.dat
1 16 41.777842 -56.770091 0 0 0.891482 0.453056 0 0.453056 -0.891482 -1 0 0 754.dat
1 16 43.975303 -55.583425 0 0 0.850729 0.525605 0 0.525605 -0.850729 -1 0 0 754.dat
1 16 46.061605 -54.211639 0 0 0.79757 0.603227 0 0.603227 -0.79757 -1 0 0 754.dat
1 16 48.012889 -52.653583 0 0 0.741711 0.67072 0 0.67072 -0.741711 -1 0 0 754.dat
1 16 49.823893 -50.933995 0 0 0.68491 0.728628 0 0.728628 -0.68491 -1 0 0 754.dat
1 16 51.491779 -49.074902 0 0 0.626426 0.779481 0 0.779481 -0.626426 -1 0 0 754.dat
1 16 53.00563 -47.088753 0 0 0.557424 0.830228 0 0.830228 -0.557424 -1 0 0 754.dat
1 16 54.353521 -44.98549 0 0 0.496927 0.867792 0 0.867792 -0.496927 -1 0 0 754.dat
1 16 55.549849 -42.792293 0 0 0.435914 0.899988 0 0.899988 -0.435914 -1 0 0 754.dat
1 16 56.593094 -40.52198 0 0 0.374007 0.927426 0 0.927426 -0.374007 -1 0 0 754.dat
1 16 57.478911 -38.185773 0 0 0.308502 0.951224 0 0.951224 -0.308502 -1 0 0 754.dat
1 16 58.211313 -35.796752 0 0 0.256873 0.966445 0 0.966445 -0.256873 -1 0 0 754.dat
1 16 58.812422 -33.371556 0 0 0.202293 0.979325 0 0.979325 -0.202293 -1 0 0 754.dat
1 16 59.283145 -30.917278 0 0 0.155715 0.987802 0 0.987802 -0.155715 -1 0 0 754.dat
1 16 59.632417 -28.442769 0 0 0.102398 0.994744 0 0.994744 -0.102398 -1 0 0 754.dat
1 16 59.853499 -25.953298 0 0 0.055865 0.998438 0 0.998438 -0.055865 -1 0 0 754.dat
1 16 59.964586 -23.60293 0 0 0.022088 0.999756 0 0.999756 -0.022088 -1 0 0 754.dat



0 FILE 6049 - Horse Cart.ldr
0 Horse Cart
0 Name: 6049 - Horse Cart.ldr
0 Author: Stefan Frenz [smf]
0 !LDRAW_ORG Model
0 !LICENSE Redistributable under CCAL version 2.0 : see CAreadme.txt

1 4 -10 -36 143 0 0 -1 0 1 0 1 0 0 4587.dat
1 0 -10 -40 183 1 0 0 0 1 0 0 0 1 4508.dat
1 7 -10 -40 183 1 0 0 0 1 0 0 0 1 3679.dat
0 STEP
1 0 -10 -32 203 0 0 1 0 1 0 -1 0 0 3020.dat
0 STEP
1 0 -30 -40 223 -1 0 0 0 1 0 0 0 -1 4488.dat
1 0 10 -40 223 1 0 0 0 1 0 0 0 1 4488.dat
0 STEP
1 0 -10 -48 223 0 0 -1 0 1 0 1 0 0 3032.dat
0 STEP
1 0 -10 -72 273 -1 0 0 0 1 0 0 0 -1 3004.dat
1 0 -40 -72 263 0 0 1 0 1 0 -1 0 0 3004.dat
1 0 20 -72 263 0 0 1 0 1 0 -1 0 0 3004.dat
1 0 -10 -72 193 1 0 0 0 1 0 0 0 1 3010.dat
1 0 -10 -72 173 -1 0 0 0 1 0 0 0 -1 3004.dat
0 STEP
1 0 -10 -80 283 -1 0 0 0 1 0 0 0 -1 3020.dat
0 STEP
1 0 -40 -88 273 0 0 1 0 1 0 -1 0 0 4085a.dat
1 0 20 -88 273 0 0 -1 0 1 0 1 0 0 4085a.dat
1 0 -30 -88 293 -1 0 0 0 1 0 0 0 -1 4623.dat
1 0 10 -88 293 -1 0 0 0 1 0 0 0 -1 4623.dat
0 STEP
1 0 -50 -88 223 0 0 1 0 1 0 -1 0 0 4590.dat
1 0 30 -88 223 0 0 -1 0 1 0 1 0 0 4590.dat
1 0 -40 -96 273 0 0 -1 0 1 0 1 0 0 3623.dat
1 0 20 -96 273 0 0 -1 0 1 0 1 0 0 3623.dat
1 4 -10 -81 45 -1 0 0 0 1 0 0 0 -1 3004.dat
0 STEP
1 6 40 -35 223 0 0 -1 0 1 0 1 0 0 4489a.dat
1 6 -60 -35 223 0 0 1 0 -1 0 1 0 0 4489a.dat
1 0 -10 -49 45 1 0 0 0 1 0 0 0 1 4493c01.dat
0 STEP
1 1 -30 -65 320 1 0 0 0 1 0 0 0 1 4491a.dat
1 6 20 -136 193 1 0 0 0 1 0 0 0 1 3848.dat
1 6 -40 -173 193 0 0 -1 0 1 0 1 0 0 4497.dat
1 4 -40 -171 193 1 0 0 0 1 0 0 0 1 4495a.dat
1 14 -40 -146 193 1 0 0 0 1 0 0 0 1 4495a.dat
1 8 -60 -100 273 -0.643 0 0.766 0 1 0 -0.766 0 -0.643 3876.dat





