0 FILE 605-1 - Main Model.ldr
0 Main Model
0 Name: 605-1 - Main Model.ldr
0 Author: Mirjan Lipovcan [LegoZG]
0 !LDRAW_ORG Model
0 !LICENSE Redistributable under CCAL version 2.0 : see CAreadme.txt
0 !THEME Classic Town
0 !HISTORY 2017-06-06 [LegoZG] Created

1 16 0 0 0 1 0 0 0 1 0 0 0 1 605-1 - CART.LDR
1 16 0 0 0 1 0 0 0 1 0 0 0 1 605-1 - TREE.LDR
1 16 0 0 0 1 0 0 0 1 0 0 0 1 605-1 - SHOVEL.LDR
1 16 0 0 0 1 0 0 0 1 0 0 0 1 605-1 - MINIFIG.LDR

0 NOFILE
0 FILE 605-1 - Cart.ldr
0 Cart
0 Name: 605-1 - Cart.ldr
0 Author: Mirjan Lipovcan [LegoZG]
0 !LDRAW_ORG Model
0 !LICENSE Redistributable under CCAL version 2.0 : see CAreadme.txt
0 !THEME Classic Town
0 !HISTORY 2017-06-06 [LegoZG] Created

1 7 -0.622211 -32 40.581459 -1 0 -0.000025 0 1 0 0.000025 0 -1 3839B.DAT
1 14 -0.623407 -32 -9.420013 -0.000002 0 -1 0 1 0 1 0 -0.000002 3020.DAT
1 14 9.377396 -56 10.580444 -0.000001 0 -1 0 1 0 1 0 -0.000001 3633.DAT
1 14 -10.623247 -56 10.580872 0.000054 0 1 0 1 0 -1 0 0.000054 3633.DAT
1 14 -0.624243 -56 -39.420891 -1 0 -0.000025 0 1 0 0.000025 0 -1 3004.DAT
1 14 -0.622745 -24 20.581118 -1 0 -0.000025 0 1 0 0.000025 0 -1 3004.DAT
1 7 -0.62396 -24 -29.420639 -1 0 -0.000025 0 1 0 0.000025 0 -1 122C01.DAT
1 0 -30.624954 -18 -29.419868 -0.000051 0 1 0 1 0 -1 0 -0.000051 3641.DAT
1 0 29.377071 -18 -29.421379 -0.000051 0 1 0 1 0 -1 0 -0.000051 3641.DAT

0 NOFILE
0 FILE 605-1 - Tree.ldr
0 Tree
0 Name: 605-1 - Tree.ldr
0 Author: Mirjan Lipovcan [LegoZG]
0 !LDRAW_ORG Model
0 !LICENSE Redistributable under CCAL version 2.0 : see CAreadme.txt
0 !THEME Classic Town
0 !HISTORY 2017-06-06 [LegoZG] Created

1 2 -81.106056 -8 59.513145 1 0 0 0 1 0 0 0 1 3470.DAT

0 NOFILE
0 FILE 605-1 - Shovel.ldr
0 Shovel
0 Name: 605-1 - Shovel.ldr
0 Author: Mirjan Lipovcan [LegoZG]
0 !LDRAW_ORG Model
0 !LICENSE Redistributable under CCAL version 2.0 : see CAreadme.txt
0 !THEME Classic Town
0 !HISTORY 2017-06-06 [LegoZG] Created

1 7 26.139927 -44.944603 6.741808 -0.057986 -0.250004 -0.966507 -0.012282 -0.967884 0.251097 -0.998242 0.026431 0.053053 3837.DAT

0 NOFILE
0 FILE 605-1 - Minifig.ldr
0 Minifig
0 Name: 605-1 - Minifig.ldr
0 Author: Mirjan Lipovcan [LegoZG]
0 !LDRAW_ORG Model
0 !LICENSE Redistributable under CCAL version 2.0 : see CAreadme.txt
0 !THEME Classic Town
0 !HISTORY 2017-06-06 [LegoZG] Created

1 1 4.299163 -104.373795 109.949562 0.844333 0 -0.535819 0 1 0 0.535819 0 0.844333 3624.DAT
1 14 4.299163 -104.373795 109.949562 0.844333 0 -0.535819 0 1 0 0.535819 0 0.844333 3626AP01.DAT
1 14 4.299163 -80.293793 109.949562 0.844333 0 -0.535819 0 1 0 0.535819 0 0.844333 3840.DAT
1 1 4.299163 -80.293793 109.949562 0.844333 0 -0.535819 0 1 0 0.535819 0 0.844333 973.DAT
1 0 4.299163 -48.293793 109.949562 0.844333 0 -0.535819 0 1 0 0.535819 0 0.844333 3815.DAT
1 1 17.386375 -72.293793 118.254784 0.832035 0.529338 -0.165887 -0.170052 0.528037 0.832021 0.528015 -0.664061 0.529361 3819.DAT
1 1 -8.788051 -72.293747 101.644295 0.832035 -0.14358 -0.535819 0.170052 0.985435 -0 0.528015 -0.091117 0.844333 3818.DAT
1 14 33.263004 -71.431625 102.983955 0.865456 0.096549 -0.491594 0.013162 0.976534 0.214963 0.500813 -0.192511 0.843876 3820.DAT
1 14 -10.318096 -54.420639 88.829597 0.832035 -0.480404 -0.277361 0.170052 0.696817 -0.696798 0.528015 0.532595 0.66147 3820.DAT
1 0 4.299163 -36.293793 109.949562 0.844333 0 -0.535819 0 1 0 0.535819 0 0.844333 3817.DAT
1 0 4.299163 -36.293793 109.949562 0.844333 0 -0.535819 0 1 0 0.535819 0 0.844333 3816.DAT
1 6 38.226189 -96.293793 94.727615 0.844333 0 -0.535819 0 1 0 0.535819 0 0.844333 3836.DAT
1 7 10.314851 -8.200027 100.558777 0.844333 0 -0.535819 0 1 0 0.535819 0 0.844333 3022.DAT
1 4 11.147995 -65.788116 99.189774 0.844333 -0.535819 -0.000014 0 0.000026 -1 0.535819 0.844333 0.000022 199025A.DAT
0 NOFILE
