0 FILE 6054 - Main.ldr
0 Main
0 Name: 6054 - Main.ldr
0 Author: Johann Eisner [technicbasics]
0 !LDRAW_ORG Model
0 !LICENSE Redistributable under CCAL version 2.0 : see CAreadme.txt
0 !HISTORY 2018-01-06 [Katie] Create the main file
0 !HISTORY 2019-02-08 [technicbasics] Buid .mpd file and OMRize file

0 !LICENSE Redistributable under CCAL version 2.0 : see CAreadme.txt

1 0 0 0 0 1 0 0 0 1 0 0 0 1 6054 - Forestmen's Hideout.ldr

0 FILE 6054 - Forestmen's Hideout.ldr
0 Forestmen's Hideout
0 Name: 6054 - Forestmen's Hideout.ldr
0 Author: Katie [Katie]
0 !LDRAW_ORG Model
0 !LICENSE Redistributable under CCAL version 2.0 : see CAreadme.txt

1 2 -80 -8 140 1 0 0 0 1 0 0 0 1 3028.dat
1 2 -320 -8 140 1 0 0 0 1 0 0 0 1 3028.dat
1 0 -200.001 -32 200 -1 0 0.000053 0 1 0 -0.000053 0 -1 3831.dat
1 0 -200 -32 200 -1 0 0.000053 0 1 0 -0.000053 0 -1 3830.dat
1 0 -49.9987 -32 189.999 0.000026 0 -1 0 1 0 1 0 0.000026 3040b.dat
1 0 -329.998 -32 170.001 -0.000079 0 1 0 1 0 -1 0 -0.000079 2462.dat
0 STEP
1 0 -280 -32 150 1 0 0 0 1 0 0 0 1 3039.dat
1 0 -210 -32 170 1 0 0 0 1 0 0 0 1 3040b.dat
1 0 -190 -32 170 1 0 0 0 1 0 0 0 1 3040b.dat
1 0 -100 -32 150 1 0 0 0 1 0 0 0 1 3298.dat
1 0 -130 -32 150 1 0 0 0 1 0 0 0 1 3040b.dat
0 STEP
1 0 -350 -56 190 1 0 0 0 1 0 0 0 1 3005.dat
1 0 -290 -56 150 0.000026 0 1 0 1 0 -1 0 0.000026 3040b.dat
1 0 -210 -56 190 1 0 0 0 1 0 0 0 1 3040b.dat
1 0 -190 -56 190 1 0 0 0 1 0 0 0 1 3040b.dat
0 STEP
1 0 -350 -80 190 0.000026 0 1 0 1 0 -1 0 0.000026 30008.dat
1 0 -350 -72 190 0.000026 0 1 0 1 0 -1 0 0.000026 4085b.dat
1 0 -350 -64 190 0.000026 0 1 0 1 0 -1 0 0.000026 30008.dat
1 0 -290 -80 150 1 0 0 0 1 0 0 0 1 3005.dat
1 0 -210 -80 190 1 0 0 0 1 0 0 0 1 3005.dat
1 0 -190 -80 190 1 0 0 0 1 0 0 0 1 3005.dat
0 STEP
1 0 -150 -152 170 0.000026 0 1 0 1 0 -1 0 0.000026 2345.dat
1 0 -250 -152 170 1 0 0 0 1 0 0 0 1 2345.dat
1 0 -190 -104 190 1 0 0 0 1 0 0 0 1 30008.dat
1 0 -190 -96 190 1 0 0 0 1 0 0 0 1 4085b.dat
1 0 -190 -88 190 1 0 0 0 1 0 0 0 1 30008.dat
1 0 -210 -128 190 1 0 0 0 1 0 0 0 1 3005.dat
1 0 -210 -104 190 1 0 0 0 1 0 0 0 1 3005.dat
1 0 -290 -104 150 1 0 0 0 1 0 0 0 1 3005.dat
1 0 -190 -128 190 0.000026 0 -1 0 1 0 1 0 0.000026 3005.dat
1 0 -350 -104 190 1 0 0 0 1 0 0 0 1 3005.dat
1 0 -210 -128 190 1 0 0 0 1 0 0 0 1 3005.dat
1 0 -210 -104 190 1 0 0 0 1 0 0 0 1 3005.dat
0 STEP
1 0 -110 -56 150 1 0 0 0 1 0 0 0 1 30071.dat
1 0 -110 -80 150 1 0 0 0 1 0 0 0 1 30071.dat
1 0 -110 -176 150 -1 0 0 0 1 0 0 0 -1 6054 - 14395.dat
1 0 -70 -152 170 1 0 0 0 1 0 0 0 1 2345.dat
1 0 -350 -128 190 0.000026 0 -1 0 1 0 1 0 0.000026 3665a.dat
1 0 -290 -128 150 0.000027 0 1 0 1 0 -1 0 0.000027 3665a.dat
0 STEP
1 0 -330 -152 190 0.000026 0 -1 0 1 0 1 0 0.000026 3665a.dat
1 0 -280 -152 150 -1 0 0.000053 0 1 0 -0.000053 0 -1 93792.dat
1 0 -60 -152 190 -1 0 0.000053 0 1 0 -0.000053 0 -1 93792.dat
1 0 -200 -152 200 -1 0 0.000053 0 1 0 -0.000053 0 -1 3831.dat
1 0 -200 -152 200 -1 0 0.000053 0 1 0 -0.000053 0 -1 3830.dat
1 0 -270 -152 190 0.000026 0 1 0 1 0 -1 0 0.000026 2357.dat
1 0 -110 -152 150 1 0 0 0 1 0 0 0 1 3622.dat
0 STEP
1 0 -330 -152 170 0.000026 0 1 0 1 0 -1 0 0.000026 2462.dat
1 0 -230 -176 190 1 0 0 0 1 0 0 0 1 30071.dat
1 0 -90 -176 150 1 0 0 0 1 0 0 0 1 3665a.dat
1 0 -170 -176 190 1 0 0 0 1 0 0 0 1 4287a.dat
1 0 -110 -176 140 -0.000079 0 -1 0 1 0 1 0 -0.000079 93792.dat
1 0 -130 -176 150 0.000026 0 1 0 1 0 -1 0 0.000026 3676.dat
1 0 -70 -176 190 0.000132 0 1 0 1 0 -1 0 0.000132 2357.dat
1 0 -110 -176 70 0.000026 0 1 0 1 0 -1 0 0.000026 3623.dat
0 STEP
1 0 -330 -176 190 0.000026 0 1 0 1 0 -1 0 0.000026 3040b.dat
1 0 -280 -176 150 -1 0 0.000053 0 1 0 -0.000053 0 -1 93792.dat
1 0 -190 -272 190 0.000026 0 -1 0 1 0 1 0 0.000026 2453a.dat
1 0 -110 -184 90 0.000026 0 1 0 1 0 -1 0 0.000026 30008.dat
1 7 -120 -184 180 1 0 -0.000106 0 1 0 0.000106 0 1 3795.dat
1 7 -120 -184 130 1 0 0 0 1 0 0 0 1 2419.dat
1 0 -50 -200 190 0.000132 0 1 0 1 0 -1 0 0.000132 3005.dat
0 STEP
1 0 -310 -296 170 0.000026 0 1 0 1 0 -1 0 0.000026 2345.dat
1 0 -250 -296 170 1 0 -0.000106 0 1 0 0.000106 0 1 2345.dat
1 0 -210 -248 190 -1 0 0 0 1 0 0 0 -1 6054 - 14395.dat
1 0 -210 -224 190 -1 0 0.000053 0 1 0 -0.000053 0 -1 30071.dat
1 0 -210 -248 190 1 0 0 0 1 0 0 0 1 3040b.dat
1 0 -210 -272 190 1 0 0 0 1 0 0 0 1 3005.dat
1 7 -170 -208 170 0.000027 0 -1 0 1 0 1 0 0.000027 45505.dat
1 7 -70 -208 170 0.000027 0 -1 0 1 0 1 0 0.000027 45505.dat
1 7 -150 -208 130 0.000026 0 1 0 1 0 -1 0 0.000026 3665a.dat
1 7 -130 -208 110 0.000026 0 1 0 1 0 -1 0 0.000026 3665a.dat
1 7 -110 -208 110 -0.000079 0 -1 0 1 0 1 0 -0.000079 3665a.dat
1 7 -90 -208 130 -0.000079 0 -1 0 1 0 1 0 -0.000079 3665a.dat
0 STEP
1 0 -310 -296 190 -1 0 0.000053 0 1 0 -0.000053 0 -1 3622.dat
1 0 -260 -296 190 1 0 -0.000106 0 1 0 0.000106 0 1 93792.dat
1 0 -70 -216 160 0.000027 0 -1 0 1 0 1 0 0.000027 3710.dat
1 0 -170 -216 160 0.000027 0 -1 0 1 0 1 0 0.000027 3710.dat
1 0 -150 -216 110 -0.000079 0 -1 0 1 0 1 0 -0.000079 2420.dat
1 0 -90 -216 110 1 0 -0.000105 0 1 0 0.000105 0 1 2420.dat
1 0 -120 -216 110 1 0 0 0 1 0 0 0 1 6225.dat
0 STEP
1 0 -290 -368 170 0 0 -1 0 1 0 1 0 0 6054 - 14395.dat
1 7 -70 -240 160 0.000027 0 -1 0 1 0 1 0 0.000027 3010.dat
1 7 -170 -240 160 0.000027 0 -1 0 1 0 1 0 0.000027 3010.dat
1 7 -120 -240 110 1 0 0.000001 0 1 0 -0.000001 0 1 3010.dat
1 0 -70 -240 110 1 0 -0.000105 0 1 0 0.000105 0 1 4070.dat
1 0 -170 -240 110 1 0 -0.000105 0 1 0 0.000105 0 1 4070.dat
0 STEP
1 0 -270 -296 170 1 0 -0.000106 0 1 0 0.000106 0 1 3005.dat
1 0 -170 -264 190 0.000026 0 -1 0 1 0 1 0 0.000026 3005.dat
1 0 -170 -272 190 0.000026 0 -1 0 1 0 1 0 0.000026 4085b.dat
1 0 -170 -264 150 0.000027 0 -1 0 1 0 1 0 0.000027 30068.dat
1 0 -170 -264 110 1 0 -0.000105 0 1 0 0.000105 0 1 30068.dat
1 0 -130 -264 110 1 0 0.000001 0 1 0 -0.000001 0 1 30068.dat
1 0 -110 -264 110 1 0 0.000001 0 1 0 -0.000001 0 1 30068.dat
1 0 -70 -264 110 1 0 -0.000105 0 1 0 0.000105 0 1 30068.dat
1 0 -70 -264 150 0.000027 0 -1 0 1 0 1 0 0.000027 30068.dat
1 7 -70 -264 180 0.000027 0 -1 0 1 0 1 0 0.000027 93792.dat
1 7 -70 -272 180 0.000027 0 -1 0 1 0 1 0 0.000027 6225.dat
1 8 -150 -256 190 1 0 0 0 -1 -0.000053 0 0.000053 -1 3847.dat
0 STEP
1 0 -200 -296 200 -1 0 -0.000052 0 1 0 0.000052 0 -1 3831.dat
1 0 -200 -296 200 -1 0 0.000053 0 1 0 -0.000053 0 -1 3830.dat
1 0 -170 -288 150 0.000027 0 -1 0 1 0 1 0 0.000027 30068.dat
1 0 -170 -288 110 1 0 -0.000105 0 1 0 0.000105 0 1 30068.dat
1 0 -130 -288 110 1 0 0.000001 0 1 0 -0.000001 0 1 30068.dat
1 0 -110 -288 110 1 0 0.000001 0 1 0 -0.000001 0 1 30068.dat
1 0 -70 -288 110 1 0 -0.000105 0 1 0 0.000105 0 1 30068.dat
1 0 -70 -288 150 0.000027 0 -1 0 1 0 1 0 0.000027 30068.dat
1 0 -70 -296 190 0.000027 0 -1 0 1 0 1 0 0.000027 30071.dat
1 0 -50 -296 190 -1 0 0 0 1 0 0 0 -1 6054 - 14395.dat
1 0 -280 -296 150 1 0 0 0 1 0 0 0 1 3660.dat
0 STEP
1 0 -270 -320 190 0.000132 0 1 0 1 0 -1 0 0.000132 3040b.dat
1 0 -250 -320 190 -0.000079 0 -1 0 1 0 1 0 -0.000079 3040b.dat
1 0 -70 -296 170 0.000027 0 -1 0 1 0 1 0 0.000027 3040b.dat
1 0 -170 -312 150 -1 0 -0.000053 0 1 0 0.000053 0 -1 2341.dat
1 0 -170 -304 190 -1 0 -0.000053 0 1 0 0.000053 0 -1 30008.dat
1 0 -170 -312 190 -1 0 -0.000053 0 1 0 0.000053 0 -1 30008.dat
1 0 -70 -312 150 1 0 0.000001 0 1 0 -0.000001 0 1 3665a.dat
1 0 -50 -344 190 0 0 1 0 1 0 -1 0 0 6054 - 14395.dat
0 STEP
1 0 -270 -320 150 0.000026 0 -1 0 1 0 1 0 0.000026 2357.dat
1 0 -270 -320 130 1 0 0 0 1 0 0 0 1 4287a.dat
1 0 -70 -320 190 0.000026 0 1 0 1 0 -1 0 0.000026 2357.dat
1 0 -150 -312 110 1 0 -0.000105 0 1 0 0.000105 0 1 4490.dat
1 0 -90 -312 110 1 0 0.000001 0 1 0 -0.000001 0 1 4490.dat
0 STEP
1 0 -290 -344 170 1 0 0 0 1 0 0 0 1 3040b.dat
1 0 -270 -328 140 0.000026 0 1 0 1 0 -1 0 0.000026 6225.dat
1 0 -170 -320 140 -0.000079 0 -1 0 1 0 1 0 -0.000079 3666.dat
1 7 -260 -328 180 -0.000079 0 -1 0 1 0 1 0 -0.000079 3022.dat
1 0 -70 -320 120 0.000026 0 1 0 1 0 -1 0 0.000026 3710.dat
1 0 -30 -344 190 0.000132 0 1 0 1 0 -1 0 0.000132 3040b.dat
1 0 -190 -392 190 0 0 -1 0 1 0 1 0 0 6054 - 14395.dat
0 STEP
1 0 -300 -352 170 1 0 -0.000105 0 1 0 0.000105 0 1 6225.dat
1 0 -310 -360 170 -0.000079 0 -1 0 1 0 1 0 -0.000079 30008.dat
1 0 -310 -368 170 -0.000079 0 -1 0 1 0 1 0 -0.000079 30008.dat
1 0 -320 -376 170 1 0 -0.000105 0 1 0 0.000105 0 1 6225.dat
1 0 -170 -344 120 -0.000079 0 -1 0 1 0 1 0 -0.000079 93792.dat
1 0 -70 -344 120 0.000026 0 1 0 1 0 -1 0 0.000026 93792.dat
1 7 -170 -344 170 -0.000079 0 -1 0 1 0 1 0 -0.000079 45505.dat
1 7 -70 -344 170 0.000026 0 1 0 1 0 -1 0 0.000026 45505.dat
1 2 -270 -328 90 1 0 0 0 1 0 0 0 1 2417.dat
1 2 30 -344 190 -0.000079 0 -1 0 1 0 1 0 -0.000079 2417.dat
1 2 -110 -184 50 1 0 0 0 1 0 0 0 1 2417.dat
1 2 -50 -296 110 0.499924 0 -0.866069 0 1 0 0.866069 0 0.499924 2423.dat
1 2 -210 -248 110 1 0 0 0 1 0 0 0 1 2423.dat
0 STEP
1 0 -290 -448 170 1 0 0 0 1 0 0 0 1 6054 - 14395.dat
1 0 -310 -400 170 1 0 -0.000105 0 1 0 0.000105 0 1 4287a.dat
1 0 -310 -408 150 1 0 -0.000105 0 1 0 0.000105 0 1 30008.dat
1 0 -180 -368 190 1 0 0 0 1 0 0 0 1 93792.dat
1 0 -170 -368 140 -0.000079 0 -1 0 1 0 1 0 -0.000079 93792.dat
1 0 -210 -392 190 -0.00008 0 -1 0 1 0 1 0 -0.00008 3040b.dat
1 7 -170 -368 170 -0.000079 0 -1 0 1 0 1 0 -0.000079 3005.dat
1 0 -270 -336 110 0.000026 0 1 0 1 0 -1 0 0.000026 3623.dat
1 0 -210 -256 130 0.000026 0 -1 0 1 0 1 0 0.000026 3623.dat
1 0 -110 -192 70 0.000026 0 1 0 1 0 -1 0 0.000026 3623.dat
1 0 10 -352 190 1 0 -0.000106 0 1 0 0.000106 0 1 3623.dat
1 0 -50 -304 130 -0.000079 0 -1 0 1 0 1 0 -0.000079 3623.dat
1 0 -70 -368 140 0.000026 0 1 0 1 0 -1 0 0.000026 93792.dat
1 7 -70 -368 180 0.000026 0 1 0 1 0 -1 0 0.000026 93792.dat
0 STEP
1 2 -310 -408 130 0.500106 0 0.865964 0 1 0 -0.865964 0 0.500106 2423.dat
1 2 -250 -392 130 -1 0 0.000158 0 1 0 -0.000158 0 -1 2417.dat
1 0 -290 -424 170 0.000132 0 1 0 1 0 -1 0 0.000132 3040b.dat
1 0 -170 -392 160 -0.000079 0 -1 0 1 0 1 0 -0.000079 93792.dat
1 0 -70 -392 160 0.000026 0 1 0 1 0 -1 0 0.000026 93792.dat
1 0 -120 -392 190 -1 0 0.000052 0 1 0 -0.000052 0 -1 3455.dat
0 STEP
1 321 -120 -400 190 1 0 -0.000105 0 1 0 0.000105 0 1 4315.dat
0 !LEOCAD GROUP BEGIN Roof
1 321 -120 -384 140 1 0 -0.000105 -0.000053 0.86603 -0.499992 0.000091 0.499992 0.86603 4213.dat
1 321 -120 -360 79.9999 1 0 -0.000105 -0.000053 0.86603 -0.499992 0.000091 0.499992 0.86603 3031.dat
0 !LEOCAD GROUP END
1 0 -290 -432 180 0.000132 0 1 0 1 0 -1 0 0.000132 6225.dat
1 0 -310 -416 140 0.000131 0 1 0 1 0 -1 0 0.000131 6225.dat
1 0 -240 -400 190 -1 0 -0.000052 0 1 0 0.000052 0 -1 6225.dat
0 STEP
1 2 -340 -440 160 -0.500061 0 -0.865991 0 1 0 0.865991 0 -0.500061 2417.dat
1 2 -240 -448 160 -0.499878 0 0.866096 0 1 0 -0.866096 0 -0.499878 2417.dat
1 2 -270 -448 290 -0.500061 0 -0.86599 0 1 0 0.86599 0 -0.500061 2417.dat
1 2 0 -184 60 -0.866004 0 0.500038 0 1 0 -0.500038 0 -0.866004 2488.dat
1 2 80 -232 240 0.500107 0 0.865964 0 1 0 -0.865964 0 0.500107 2488.dat
1 2 -170 -232 100 1 0 -0.000105 0 1 0 0.000105 0 1 3846p48.dat
1 2 -70 -232 100 1 0 -0.000105 0 1 0 0.000105 0 1 3846p48.dat
0 STEP
1 0 -290 -456 210 0.000132 0 1 0 1 0 -1 0 0.000132 3623.dat
1 0 10 -360 190 1 0 -0.000106 0 1 0 0.000106 0 1 3957a.dat
1 4 10 -432 190 0.500107 0 0.865964 0 1 0 -0.865964 0 0.500107 4495a.dat
1 2 -400 -16 120 1 0 0 0 1 0 0 0 1 3471.dat
1 2 -180 -16 100 1 0 0 0 1 0 0 0 1 2435.dat
1 70 -190 -144 170 1 0 0 0 1 0 0 0 1 4497.dat
1 70 -370 -112 190 0.000026 0 1 0 1 0 -1 0 0.000026 4497.dat
0 !LEOCAD GROUP BEGIN Minifig #1
1 2 -120 -104.08 90 0.766052 0 -0.642779 0 1 0 0.642779 0 0.766052 4506.dat
1 14 -126.866 -112.962 98.183 0.766052 0.21984 -0.604016 0 0.939695 0.342015 0.642779 -0.262001 0.719855 87693.dat
1 14 -120 -104.08 90 0.766052 0 -0.642779 0 1 0 0.642779 0 0.766052 3626bp01.dat
1 6 -120 -80 90 -1 0 0 0 1 0 0 0 -1 4498.dat
1 2 -120 -80 90 1 0 0 0 1 0 0 0 1 973p46.dat
1 2 -120 -48 90 1 0 0 0 1 0 0 0 1 3815.dat
1 2 -104.5 -72 90 0.985435 0.102342 0.135808 -0.170052 0.593062 0.786994 0 -0.798626 0.601827 3819.dat
1 2 -135.5 -72 90 0.985435 -0.074549 -0.15284 0.170052 0.432003 0.885695 0 -0.898786 0.438388 3818.dat
1 14 -98.9864 -69.452 68.8078 0.992898 0.116593 0.023666 -0.118748 0.983408 0.137144 -0.007284 -0.13898 0.990268 3820.dat
1 14 -140.315 -73.4991 68.5392 0.047632 -0.99733 -0.055363 0.946743 0.027407 0.320821 -0.318447 -0.067696 0.94552 3820.dat
1 6 -99.1065 -69.8401 58.7662 0.023666 0.116593 -0.992898 0.137144 0.983408 0.118748 0.990268 -0.13898 0.007284 4499.dat
1 2 -120 -36 90 1 0 0 0 1 0 0 0 1 3817.dat
1 2 -120 -36 90 1 0 0 0 1 0 0 0 1 3816.dat
0 !LEOCAD GROUP END
0 !LEOCAD GROUP BEGIN Target
1 0 16.6667 -16 90.0012 -1 0 0.000053 0 1 0 -0.000053 0 -1 4276b.dat
1 0 -13.3333 -40 89.9996 -0.000026 1 0.000053 1 0.000026 0 0 0.000053 -1 4275a.dat
1 14 -23.3333 -64 89.9991 -0.000026 1 0.000053 1 0.000026 0 0 0.000053 -1 4150p40.dat
0 !LEOCAD GROUP END
0 !LEOCAD GROUP BEGIN Minifig #2
1 6 -340 -104 130 1 0 0 0 1 0 0 0 1 4506.dat
1 15 -340 -113.25 140.366 1 0 0 0 0.951058 0.309012 0 -0.309012 0.951058 87693.dat
1 14 -340 -104 130 1 0 0 0 1 0 0 0 1 3626bp01.dat
1 2 -340 -80 130 1 0 0 0 1 0 0 0 1 973p48.dat
1 2 -340 -48 130 1 0 0 0 1 0 0 0 1 3815.dat
1 4 -324.5 -72 130 0.985435 0.132156 0.107016 -0.170052 0.765834 0.620146 0 -0.629312 0.777153 3819.dat
1 4 -355.5 -72 130 0.985435 -0.170052 0 0.170052 0.985435 0 0 0 1 3818.dat
1 14 -318.132 -64.5009 110.272 0.999832 -0.004565 -0.017775 0.00271 0.994677 -0.103004 0.018151 0.102939 0.994522 3820.dat
1 14 -363.658 -54.127 120 0.985435 -0.120246 0.120243 0.170052 0.696817 -0.696799 0 0.707097 0.707116 3820.dat
1 6 -317.772 -103.258 96.2088 0.999832 -0.004565 -0.017775 0.00271 0.994677 -0.103004 0.018151 0.102939 0.994522 4497.dat
1 2 -340 -36 130 1 0 0 0 1 0 0 0 1 3817.dat
1 2 -340 -36 130 1 0 0 0 1 0 0 0 1 3816.dat
0 !LEOCAD GROUP END
0 !LEOCAD GROUP BEGIN Barrel
1 6 -100 -224 140 1 0 -0.000106 0 1 0 0.000106 0 1 2489.dat
1 6 -100 -232 140 1 0 -0.000106 0 1 0 0.000106 0 1 4032b.dat
0 !LEOCAD GROUP END
1 14 -110 -192 190 1 0 -0.000106 0 1 0 0.000106 0 1 6141.dat
1 14 -130 -192 170 1 0 -0.000106 0 1 0 0.000106 0 1 6141.dat





0 FILE 6054 - 14395.dat
0 14395
0 Name: 6054 - 14395.dat
0 Author: Michael Heidemann [mikeheide]
0 !LDRAW_ORG Unofficial_Part Alias
0 !LICENSE Redistributable under CCAL version 2.0 : see CAreadme.txt

0 BFC CERTIFY CCW

0 // Alias of 2339
1 16 0 0 0 1 0 0 0 1 0 0 0 1 2339.dat



