0 FILE 6056 - Dragon Wagon.ldr
0 6056 - Dragon Wagon
0 Name: 6056 - Dragon Wagon.ldr
0 Author: Chris Böhnke [KnightOfTarenta]
0 !LDRAW_ORG Unofficial_Model
0 !LICENSE Licenced under CC BY 4.0 : see CAreadme.txt

0 !THEME Castle / Dragon Knights
0 !KEYWORDS Dragon Masters, Fantasy, Medieval, Cart, Cage, Catapult, Ogwen, Dragomil

1 16 0 0 0 1 0 0 0 1 0 0 0 1 6056 - Wagon Main.ldr
1 16 0 -8 -160 1 0 0 0 1 0 0 0 1 6056 - Front Bogie.ldr
1 16 30 -42 86 0 0 1 1 0 0 0 1 0 6056 - Back Latch.ldr
1 16 0 -128 23.77996 1 0 0 0 1 0 0 0 1 6056 - Dragon.ldr
1 16 0 -81 -172 1 0 0 0 0 1 0 -1 0 6056 - Coachman.ldr
1 16 188.132 12 60.125 .0872 0 -.9962 0 1 0 .9962 0 .0872 6056 - Guardsman.ldr
0 16 0 0 0 1 0 0 0 1 0 0 0 1 6056 - Extra Parts for Horses.ldr

0 FILE 6056 - Wagon Main.ldr
0 6056 - Wagon Main
0 Name: 6056 - Wagon Main.ldr
0 Author: Chris Böhnke [KnightOfTarenta]
0 !LDRAW_ORG Unofficial_Model
0 !LICENSE Licenced under CC BY 4.0 : see CAreadme.txt

1 0 0 0 0 0 0 -1 0 1 0 1 0 0 3795.dat
1 0 0 0 70 1 0 0 0 1 0 0 0 1 3666.dat
1 0 0 0 -70 1 0 0 0 1 0 0 0 1 3666.dat
0 STEP
1 0 -20 -8 0 -1 0 0 0 1 0 0 0 -1 4488.dat
1 0 20 -8 0 1 0 0 0 1 0 0 0 1 4488.dat
0 STEP
1 0 0 -8 50 1 0 0 0 1 0 0 0 1 2419.dat
1 0 0 -8 -50 -1 0 0 0 1 0 0 0 -1 2419.dat
1 7 0 -8 -160 1 0 0 0 1 0 0 0 1 3679.dat
0 STEP
1 4 0 -16 -60 0 0 -1 0 1 0 1 0 0 2445.dat
1 4 -30 -16 60 0 0 -1 0 1 0 1 0 0 4275b.dat
1 4 30 -16 60 0 0 -1 0 1 0 1 0 0 4276b.dat
0 STEP
1 4 -30 -16 0 0 0 -1 0 1 0 1 0 0 3710.dat
1 4 30 -16 0 0 0 -1 0 1 0 1 0 0 3710.dat
1 4 -30 -16 -70 0 0 -1 0 1 0 1 0 0 2420.dat
1 4 30 -16 -70 1 0 0 0 1 0 0 0 1 2420.dat
1 4 -50 -16 70 1 0 0 0 1 0 0 0 1 3024.dat
1 4 50 -16 70 1 0 0 0 1 0 0 0 1 3024.dat
0 STEP
1 4 0 -24 -80 1 0 0 0 1 0 0 0 1 3022.dat
0 STEP
1 4 -20 -24 -30 1 0 0 0 1 0 0 0 1 3794a.dat
1 4 -20 -24 -10 1 0 0 0 1 0 0 0 1 3794a.dat
1 4 20 -24 -10 1 0 0 0 1 0 0 0 1 3794a.dat
1 4 20 -24 -30 1 0 0 0 1 0 0 0 1 3794a.dat
1 4 0 -24 10 1 0 0 0 1 0 0 0 1 2431.dat
1 4 0 -72 -150 -1 0 0 0 1 0 0 0 -1 6087.dat
0 STEP
1 0 -50 -64 0 0 0 -1 0 1 0 1 0 0 3308.dat
1 0 50 -64 0 0 0 -1 0 1 0 1 0 0 3308.dat
1 0 0 -48 -100 0 0 -1 0 1 0 1 0 0 4854.dat
0 STEP
1 0 -50 -72 40 0 0 1 0 1 0 -1 0 0 2540.dat
1 0 -50 -72 -20 0 0 1 0 1 0 -1 0 0 2540.dat
1 0 50 -72 40 0 0 -1 0 1 0 1 0 0 2540.dat
1 0 50 -72 -20 0 0 -1 0 1 0 1 0 0 2540.dat
1 0 -50 -72 -60 0 0 1 0 1 0 -1 0 0 4623.dat
1 0 50 -72 -60 0 0 -1 0 1 0 1 0 0 4623.dat
1 0 -30 -72 -100 0 0 1 0 1 0 -1 0 0 3660b.dat
1 0 30 -72 -100 0 0 -1 0 1 0 1 0 0 3660b.dat
0 STEP
1 0 0 -80 -130 1 0 0 0 1 0 0 0 1 2419.dat
1 0 50 -80 -20 0 0 -1 0 1 0 1 0 0 3460.dat
1 0 -50 -80 -20 0 0 -1 0 1 0 1 0 0 3460.dat
0 STEP
1 0 -50 -104 -110 1 0 0 0 1 0 0 0 1 2357.dat
1 0 50 -104 -110 0 0 -1 0 1 0 1 0 0 2357.dat
1 0 -40 -90 20 0 -1 0 0 0 -1 1 0 0 3633.dat
1 0 40 -90 20 0 1 0 0 0 -1 -1 0 0 3633.dat
0 STEP
1 0 0 -104 -130 1 0 0 0 1 0 0 0 1 3004.dat
1 0 -50 -200 -70 1 0 0 0 1 0 0 0 1 2453a.dat
1 0 50 -200 -70 1 0 0 0 1 0 0 0 1 2453a.dat
1 6 -70 -70 40 0 -.9986 .0523 0 -.0523 -.9986 1 0 0 6020.dat
1 6 -70 -70 -20 0 -.9986 .0523 0 -.0523 -.9986 1 0 0 6020.dat
1 6 70 -70 40 0 .9986 -.0523 0 -.0523 -.9986 -1 0 0 6020.dat
1 6 70 -70 -20 0 .9986 -.0523 0 -.0523 -.9986 -1 0 0 6020.dat
0 STEP
1 0 0 -224 -70 1 0 0 0 1 0 0 0 1 3455.dat
1 0 -30 -200 -130 1 0 0 0 1 0 0 0 1 2453a.dat
1 0 30 -200 -130 1 0 0 0 1 0 0 0 1 2453a.dat
0 STEP
1 0 0 -224 -130 1 0 0 0 1 0 0 0 1 3659.dat
0 STEP
1 4 0 -232 -100 1 0 0 0 1 0 0 0 1 3032.dat
1 0 0 -240 -90 1 0 0 0 1 0 0 0 1 3023b.dat
1 0 0 -240 -70 -1 0 0 0 1 0 0 0 -1 2540.dat
1 0 0 -248 -80 1 0 0 0 1 0 0 0 1 3022.dat
1 6 0 -238 -50 1 0 0 0 .9969 .0785 0 -.0785 .9969 6020.dat
0 STEP
1 0 0 -240 -120 1 0 0 0 1 0 0 0 1 3957.dat
1 6 -50 -3 0 0 0 1 0 1 0 -1 0 0 4489a.dat
1 6 50 -3 0 0 0 -1 0 1 0 1 0 0 4489a.dat
0 STEP
1 14 89.5 -66 -92.5 0 0 -1 0 1 0 1 0 0 4491b.dat
1 14 0 -300 -120 0 -1 0 0 0 -1 1 0 0 71303p01.dat

0 FILE 6056 - Front Bogie.ldr
0 6056 - Front Bogie
0 Name: 6056 - Front Bogie.ldr
0 Author: Chris Böhnke [KnightOfTarenta]
0 !LDRAW_ORG Unofficial_Model
0 !LICENSE Licenced under CC BY 4.0 : see CAreadme.txt

1 0 0 8 -10 1 0 0 0 1 0 0 0 1 2926.dat
0 STEP
1 4 0 0 0 1 0 0 0 1 0 0 0 1 4508.dat
0 STEP
1 4 0 -8.967 -98.905 0 0 -1 .12857 .9917 0 .9917 -.12857 0 4504.dat
1 4 0 -18 -188.838 1 0 0 0 1 0 0 0 1 4507.dat
0 STEP
1 6 -50 13 -10 0 0 1 0 1 0 -1 0 0 2470.dat
1 6 50 13 -10 0 0 -1 0 1 0 1 0 0 2470.dat
1 0 -40 -42 -188.838 1 0 0 0 1 0 0 0 1 3004.dat
1 6 40 -42 -188.838 1 0 0 0 1 0 0 0 1 3004.dat
1 0 -40 -10 -188.838 1 0 0 0 1 0 0 0 1 4493c01.dat
1 6 40 -10 -188.838 1 0 0 0 1 0 0 0 1 4493c04.dat
0 STEP
1 4 -40 -84.188 -230.659 1 0 0 0 .98478 -.17383 0 .17383 .98478 6125.dat
1 4 40 -84.188 -230.659 1 0 0 0 .98478 -.17383 0 .17383 .98478 6125.dat

0 FILE 6056 - Back Latch.ldr
0 6056 - Back Latch
0 Name: 6056 - Back Latch.ldr
0 Author: Chris Böhnke [KnightOfTarenta]
0 !LDRAW_ORG Unofficial_Model
0 !LICENSE Licenced under CC BY 4.0 : see CAreadme.txt

1 0 0 0 -60 1 0 0 0 1 0 0 0 1 4276b.dat
1 0 0 0 0 1 0 0 0 1 0 0 0 1 4275b.dat
0 STEP
1 0 -170 0 -30 0 0 -1 0 1 0 1 0 0 4504.dat
1 4 -170 -8 -30 0 0 1 0 1 0 -1 0 0 2540.dat
1 0 -170 -26 -104 0 0 1 1 0 0 0 1 0 4276b.dat
1 0 -170 -26 44 0 0 -1 1 0 0 0 -1 0 4275b.dat
0 STEP
1 0 -80 -8 -60 -1 0 0 0 1 0 0 0 -1 4477.dat
1 0 -80 -8 0 -1 0 0 0 1 0 0 0 -1 4477.dat
0 STEP
1 0 -170 -16 -30 0 0 1 0 1 0 -1 0 0 3710.dat

0 FILE 6056 - Dragon.ldr
0 6056 - Dragon
0 Name: 6056 - Dragon.ldr
0 Author: Chris Böhnke [KnightOfTarenta]
0 !LDRAW_ORG Unofficial_Model
0 !LICENSE Licenced under CC BY 4.0 : see CAreadme.txt

1 2 0 0 0 1 0 0 0 1 0 0 0 1 75174.dat
1 2 0 64 64 1 0 0 0 1 0 0 0 1 6028.dat
1 2 0 -57.033 -59.821 1 0 0 0 .9336 -.3584 0 .3584 .9336 6027.dat
1 2 -20 14 -77 1 0 0 0 .9903 .1392 0 -.1392 .9903 6127.dat
1 2 20 14 -77 1 0 0 0 .9903 .1392 0 -.1392 .9903 6128.dat
1 4 29 18.997 -57.001 0 1 0 -.866 0 .5 .5 0 .866 6133.dat
1 4 -29 18.997 -57.001 0 1 0 -.866 0 .5 .5 0 .866 6133.dat
1 38 0 -31.155 -117.125 0 -1 0 -.9138 0 .4061 -.4061 0 -.9138 6126a.dat

0 FILE 6056 - Guardsman.ldr
0 6056 - Guardsman
0 Name: 6056 - Guardsman.ldr
0 Author: Chris Böhnke [KnightOfTarenta]
0 !LDRAW_ORG Unofficial_Model
0 !LICENSE Licenced under CC BY 4.0 : see CAreadme.txt

0 // Lower Part
1 0 0 0 0 1 0 0 0 1 0 0 0 1 3816.dat
1 0 0 0 0 1 0 0 0 1 0 0 0 1 3817.dat
1 4 0 -12 0 1 0 0 0 1 0 0 0 1 3815.dat
0 // Upper Part
1 4 0 -44 0 1 0 0 0 1 0 0 0 1 973pf7.dat
1 1 -15.574 -35.093 0 .9855 -.1091 -.13 .1697 .6335 .7549 0 -.766 .6428 3818.dat
1 1 15.472 -35.124 0 .9853 .1097 .1307 -.1707 .6334 .7548 0 -.766 .6428 3819.dat
1 14 -21.34 -31.077 -20.661 .9394 .3426 -.0148 -.3402 .9364 .0859 .0433 -.0757 .9962 3820.dat
1 14 21.175 -31.492 -20.982 .0006 1 .0149 -.9963 -.0006 .0859 .0859 -.0149 .9962 3820.dat
0 // Head
1 14 0 -68 0 .9848 0 -.1736 0 1 0 .1736 0 .9848 3626bp4l.dat
0 // Helmet
1 0 0 -68 0 .9848 0 -.1736 0 1 0 .1736 0 .9848 6122.dat
1 14 18.833 -64.6 2.611 .1228 -.9848 -.1228 .7071 0 .7071 -.6964 -.1736 .6964 87685.dat
1 14 -18.59 -64.6 -3.988 -.1228 .9848 -.1228 -.7071 0 .7071 .6964 .1736 .6964 87686.dat
1 14 -1.563 -90 8.863 .9848 0 -.1736 0 1 0 .1736 0 .9848 87687.dat
0 // Weapons
1 7 20.848 -32.366 -35.125 .9723 -.0207 -.2326 .0207 1 -.0024 .2326 -.0024 .9726 2586p4b.dat
1 8 -26.64 -47.352 -33.531 .4977 .3282 .8029 -.0136 .9285 -.3711 -.8673 .1737 .4666 6123.dat

0 FILE 6056 - Coachman.ldr
0 6056 - Coachman
0 Name: 6056 - Coachman.ldr
0 Author: Chris Böhnke [KnightOfTarenta]
0 !LDRAW_ORG Unofficial_Model
0 !LICENSE Licenced under CC BY 4.0 : see CAreadme.txt

0 // Lower Part
1 7 0 0 0 1 0 0 0 1 0 0 0 1 3816.dat
1 7 0 0 0 1 0 0 0 1 0 0 0 1 3817.dat
1 0 0 0 -11.9997 1 0 0 0 0 -1 0 1 0 3815.dat
0 // Upper Part
1 4 0 .00091 -44 1 0 0 0 0 -1 0 1 0 973p4b.dat
1 1 15.472 .00143 -35.12447 .9853 .1288 .112 0 .656002 -.754781 -.170631 .743618 .646416 3819.dat
1 1 -15.578 .00079 -35.09222 .9855 -.1179 -.1221 0 .719279 -.694724 .169725 .684582 .708882 3818.dat
1 14 -21.582 20.26766 -29.66745 1 0 -.003 -.002884 .017184 -.999879 .000303 .999879 .017184 3820.dat
1 14 21.726 20.01287 -28.31241 1 -.0004 -.0119 -.011913 -.06872 -.997545 -.000458 .997644 -.068731 3820.dat
0 // Head
1 14 0 .00192 -67.99952 .9397 0 -.342 -.341979 0 -.939645 0 1 0 3626bp4m.dat
0 // Helmet
1 0 0 .00192 -67.99952 .9397 0 -.342 -.341979 0 -.939645 0 1 0 3844.dat
0 // Weapons
1 8 21.882 33.42581 -37.94383 .9394 -.0033 .3427 .324435 -.314004 -.892295 .110601 .949413 -.293862 3847.dat
1 0 -21.547 32.29087 -38.25694 1 -.0007 -.015 -.014671 -.231297 -.972799 -.002782 .972898 -.231307 2488.dat

0 FILE 6056 - Extra Parts for Horses.ldr
0 6056 - Extra Parts for Horses
0 Name: 6056 - Extra Parts for Horses.ldr
0 Author: Chris Böhnke [KnightOfTarenta]
0 !LDRAW_ORG Unofficial_Model
0 !LICENSE Licenced under CC BY 4.0 : see CAreadme.txt

1 0 0 0 0 1 0 0 0 1 0 0 0 1 3023b.dat
1 6 0 0 -30 1 0 0 0 1 0 0 0 1 3023b.dat