0 FILE 6062 - main.ldr
0 main
0 Name: 6062 - main.ldr
0 Author: Stefan Frenz [smf]
0 !LDRAW_ORG Model
0 !LICENSE Redistributable under CCAL version 2.0 : see CAreadme.txt

1 1 0 -8 0 1 0 0 0 1 0 0 0 1 6062 - Building.ldr
1 4 20 -312 130 0 0 -1 0 1 0 1 0 0 6062 - MiniFig6.ldr
1 4 -20 -168 250 0 0 -1 0 1 0 1 0 0 6062 - MiniFig4.ldr
1 4 -20 -168 390 0 0 -1 0 1 0 1 0 0 6062 - MiniFig5.ldr
1 6 190 -40 500 0 0 1 0 1 0 -1 0 0 6062 - Ram.ldr
1 6 80 -176 510 0 0 1 0 1 0 -1 0 0 6062 - MiniFig1.ldr
1 6 160 -176 510 0 0 1 0 1 0 -1 0 0 6062 - MiniFig2.ldr
1 6 320 -176 510 0 0 1 0 1 0 -1 0 0 6062 - MiniFig3.ldr


0 FILE 6062 - Building.ldr
0 Building
0 Name: 6062 - Building.ldr
0 Author: Stefan Frenz [smf]
0 !LDRAW_ORG Model
0 !LICENSE Redistributable under CCAL version 2.0 : see CAreadme.txt

1 2 0 0 0 1 0 0 0 1 0 0 0 1 3021.dat
1 2 10 0 50 0 0 -1 0 1 0 1 0 0 3021.dat
1 2 30 0 140 0 0 -1 0 1 0 1 0 0 3958.dat
1 2 10 0 210 -1 0 0 0 1 0 0 0 -1 3023.dat
1 2 -10 0 320 0 0 1 0 1 0 -1 0 0 3832.dat
1 2 10 0 440 0 0 1 0 1 0 -1 0 0 3022.dat
1 2 10 0 490 0 0 1 0 1 0 -1 0 0 3021.dat
1 2 0 0 540 -1 0 0 0 1 0 0 0 -1 3021.dat
0 STEP
1 7 -10 -24 -10 -1 0 0 0 1 0 0 0 -1 3700.dat
1 7 20 -24 70 0 0 -1 0 1 0 1 0 0 2357.dat
1 7 60 -24 140 0 0 -1 0 1 0 1 0 0 3039.dat
1 7 -10 -24 370 -1 0 0 0 1 0 0 0 -1 3004.dat
1 7 -10 -24 550 -1 0 0 0 1 0 0 0 -1 3700.dat
1 7 0 -24 290 -1 0 0 0 1 0 0 0 -1 3005.dat
1 7 -10 -24 200 -1 0 0 0 1 0 0 0 -1 3831.dat
1 7 -10 -24 200 1 0 0 0 1 0 0 0 1 3830.dat
1 7 -10 -24 460 -1 0 0 0 1 0 0 0 -1 3831.dat
1 7 -10 -24 460 1 0 0 0 1 0 0 0 1 3830.dat
0 STEP
1 7 -20 -48 -10 -1 0 0 0 1 0 0 0 -1 3005.dat
1 7 -20 -72 -10 -1 0 0 0 1 0 0 0 -1 3005.dat
1 7 -20 -80 -10 -1 0 0 0 1 0 0 0 -1 3024.dat
1 7 -20 -88 -10 0 0 1 0 1 0 -1 0 0 4085b.dat
1 7 -20 -96 -10 -1 0 0 0 1 0 0 0 -1 3024.dat
1 7 -20 -120 -10 -1 0 0 0 1 0 0 0 -1 3005.dat
1 7 -20 -48 550 -1 0 0 0 1 0 0 0 -1 3005.dat
1 7 -20 -72 550 -1 0 0 0 1 0 0 0 -1 3005.dat
1 7 -20 -80 550 -1 0 0 0 1 0 0 0 -1 3024.dat
1 7 -20 -88 550 0 0 1 0 1 0 -1 0 0 4085b.dat
1 7 -20 -96 550 -1 0 0 0 1 0 0 0 -1 3024.dat
1 7 -20 -120 550 -1 0 0 0 1 0 0 0 -1 3005.dat
1 7 -20 -48 370 -1 0 0 0 1 0 0 0 -1 3005.dat
1 7 -20 -96 370 1 0 0 0 1 0 0 0 1 3581.dat
1 7 -20 -120 370 -1 0 0 0 1 0 0 0 -1 3005.dat
1 7 -20 -144 370 -1 0 0 0 1 0 0 0 -1 3005.dat
1 0 -20 -144 358 -1 0 0 0 1 0 0 0 -1 3644.dat
1 7 40 -144 110 1 0 0 0 1 0 0 0 1 2345.dat
1 7 -10 -14 -20 0 0 -1 0 1 0 1 0 0 3673.dat
1 7 0 -48 190 -1 0 0 0 1 0 0 0 -1 3005.dat
1 7 0 -72 190 -1 0 0 0 1 0 0 0 -1 3005.dat
1 7 0 -96 190 -1 0 0 0 1 0 0 0 -1 3005.dat
1 7 0 -120 190 -1 0 0 0 1 0 0 0 -1 3005.dat
0 STEP
1 6 -40 -68 550 -1 0 0 0 1 0 0 0 -1 3848.dat
1 6 -40 -68 -10 1 0 0 0 1 0 0 0 1 3848.dat
1 7 0 -144 30 0 0 -1 0 1 0 1 0 0 4444.dat
1 7 40 -144 170 0 0 -1 0 1 0 1 0 0 2345.dat
1 7 0 -144 250 0 0 -1 0 1 0 1 0 0 4444p02.dat
1 7 0 -144 410 0 0 -1 0 1 0 1 0 0 4444.dat
1 7 0 -144 510 0 0 -1 0 1 0 1 0 0 4444p01.dat
0 STEP
1 0 0 -144 -10 -1 0 0 0 1 0 0 0 -1 3622.dat
1 0 20 -144 70 0 0 -1 0 1 0 1 0 0 2357.dat
1 0 30 -144 140 -1 0 0 0 1 0 0 0 -1 3001.dat
1 0 -10 -144 200 -1 0 0 0 1 0 0 0 -1 3831.dat
1 0 -10 -144 200 1 0 0 0 1 0 0 0 1 3830.dat
1 0 -10 -144 460 -1 0 0 0 1 0 0 0 -1 3831.dat
1 0 -10 -144 460 1 0 0 0 1 0 0 0 1 3830.dat
1 0 0 -144 550 -1 0 0 0 1 0 0 0 -1 3622.dat
0 STEP
1 7 -20 -144 30 0 0 1 0 1 0 -1 0 0 3623.dat
1 7 -20 -144 250 0 0 1 0 1 0 -1 0 0 3623.dat
1 7 -20 -144 410 0 0 1 0 1 0 -1 0 0 3623.dat
1 7 -20 -144 510 0 0 1 0 1 0 -1 0 0 3623.dat
1 7 10 -144 110 1 0 0 0 1 0 0 0 1 3004.dat
1 7 10 -144 170 1 0 0 0 1 0 0 0 1 3004.dat
1 7 0 -144 290 -1 0 0 0 1 0 0 0 -1 3665a.dat
1 7 0 -144 370 1 0 0 0 1 0 0 0 1 3665a.dat
0 STEP
1 7 -20 -152 0 0 0 -1 0 1 0 1 0 0 3023.dat
1 7 10 -152 10 0 0 1 0 1 0 -1 0 0 3021.dat
1 7 -20 -152 50 0 0 1 0 1 0 -1 0 0 3623.dat
1 7 10 -152 60 0 0 1 0 1 0 -1 0 0 3022.dat
1 7 -10 -152 140 0 0 1 0 1 0 -1 0 0 3795.dat
1 7 10 -152 300 0 0 1 0 1 0 -1 0 0 3832.dat
1 7 -20 -152 240 0 0 -1 0 1 0 1 0 0 3023.dat
1 7 -20 -152 360 0 0 -1 0 1 0 1 0 0 4477.dat
1 7 10 -152 430 0 0 1 0 1 0 -1 0 0 3021.dat
1 7 10 -152 490 0 0 1 0 1 0 -1 0 0 3021.dat
1 7 10 -152 540 0 0 1 0 1 0 -1 0 0 3022.dat
1 7 -20 -152 520 0 0 1 0 1 0 -1 0 0 3710.dat
0 STEP
1 7 20 -176 550 0 0 1 0 1 0 -1 0 0 3005.dat
1 7 20 -176 500 0 0 1 0 1 0 -1 0 0 3010.dat
1 7 20 -176 400 0 0 1 0 1 0 -1 0 0 3009.dat
1 7 20 -176 330 0 0 -1 0 1 0 1 0 0 4070.dat
1 7 20 -176 260 0 0 1 0 1 0 -1 0 0 3009.dat
1 7 20 -168 190 0 0 1 0 1 0 -1 0 0 3005.dat
1 7 20 -168 90 0 0 1 0 1 0 -1 0 0 3005.dat
1 7 20 -176 70 0 0 1 0 1 0 -1 0 0 3005.dat
1 7 20 -176 20 0 0 1 0 1 0 -1 0 0 3010.dat
1 7 60 -168 140 0 0 1 0 1 0 -1 0 0 3004.dat
0 STEP
1 7 20 -200 0 0 0 1 0 1 0 -1 0 0 3004.dat
1 7 20 -200 60 0 0 1 0 1 0 -1 0 0 3004.dat
1 7 20 -200 540 0 0 1 0 1 0 -1 0 0 3004.dat
1 7 20 -200 480 0 0 1 0 1 0 -1 0 0 3004.dat
1 7 20 -200 450 0 0 1 0 1 0 -1 0 0 3005.dat
1 7 20 -200 400 0 0 1 0 1 0 -1 0 0 3004.dat
1 7 20 -200 330 0 0 1 0 1 0 -1 0 0 3622.dat
1 7 20 -200 260 0 0 1 0 1 0 -1 0 0 3004.dat
1 7 20 -200 210 0 0 1 0 1 0 -1 0 0 3005.dat
1 7 40 -288 170 0 0 -1 0 1 0 1 0 0 2345.dat
1 7 40 -288 110 1 0 0 0 1 0 0 0 1 2345p02.dat
0 STEP
1 0 60 -288 140 0 0 -1 0 1 0 1 0 0 3660.dat
1 0 20 -288 90 1 0 0 0 1 0 0 0 1 3665a.dat
1 0 20 -288 190 -1 0 0 0 1 0 0 0 -1 3665a.dat
1 7 20 -288 140 0 0 1 0 1 0 -1 0 0 3010.dat
0 STEP
1 7 50 -296 100 0 0 -1 0 1 0 1 0 0 3935.dat
1 7 50 -296 180 0 0 -1 0 1 0 1 0 0 3936.dat
1 7 20 -296 70 0 0 -1 0 1 0 1 0 0 3024.dat
1 7 20 -296 210 0 0 -1 0 1 0 1 0 0 3024.dat
0 STEP
1 7 20 -320 70 -1 0 0 0 1 0 0 0 -1 3040b.dat
1 7 20 -320 210 1 0 0 0 1 0 0 0 1 3040b.dat
1 7 60 -320 90 0 0 -1 0 1 0 1 0 0 2357.dat
1 7 60 -320 190 -1 0 0 0 1 0 0 0 -1 2357.dat
1 7 80 -320 140 0 0 1 0 1 0 -1 0 0 3010.dat
0 STEP
1 7 20 -344 210 0 0 1 0 1 0 -1 0 0 3005.dat
1 7 60 -344 190 0 0 1 0 1 0 -1 0 0 3005.dat
1 7 20 -344 70 0 0 1 0 1 0 -1 0 0 3005.dat
1 7 60 -344 90 0 0 1 0 1 0 -1 0 0 3005.dat
1 7 80 -344 140 0 0 1 0 1 0 -1 0 0 3004.dat
0 STEP
1 0 20 -352 70 0 0 1 0 1 0 -1 0 0 3957a.dat
1 15 20 -412 70 0.5 0 -0.866 0 1 0 0.866 0 0.5 4495a.dat
1 1 20 -432 70 0.5 0 -0.866 0 1 0 0.866 0 0.5 4495a.dat


0 FILE 6062 - MiniFig2.ldr
0 MiniFig2
0 Name: 6062 - MiniFig2.ldr
0 Author: Stefan Frenz [smf]
0 !LDRAW_ORG Model
0 !LICENSE Redistributable under CCAL version 2.0 : see CAreadme.txt

1 0 10 -32 1 1 0 0 0 1 0 0 0 1 3815.dat
1 1 10 -20 1 1 0 0 0 1 0 0 0 1 3817.dat
1 1 10 -20 1 1 0 0 0 1 0 0 0 1 3816.dat
1 4 10 -64 1 1 0 0 0 1 0 0 0 1 973p42.dat
1 1 25.551 -55 1 0.985 0.164 -0.043 -0.17 0.952 -0.252 0 0.255 0.967 3819.dat
1 1 -5.551 -55 1 0.985 -0.122 -0.119 0.17 0.704 0.69 0 -0.7 0.714 3818.dat
1 14 -11.598 -49.373 -19.275 0.985 -0.17 0.002 0.17 0.986 -0.01 0 0.01 1 3820.dat
1 14 34.011 -35.371 -3.738 0.972 0.194 -0.138 -0.22 0.511 -0.831 -0.09 0.837 0.539 3820.dat
1 14 10 -88 1 0.986 0 -0.169 0 1 0 0.169 0 0.986 3626ap01.dat
1 8 10 -88 1 0.986 0 -0.169 0 1 0 0.169 0 0.986 3844.dat
1 6 -2.546 -101.94 -43.342 0.984 -0.165 0.044 0.17 0.951 -0.256 0 0.26 0.965 4497.dat
1 7 33.765 -30.288 -18.743 0.988 -0.01 0.153 -0.035 0.957 0.287 -0.149 -0.289 0.945 3846p4g.dat


0 FILE 6062 - MiniFig3.ldr
0 MiniFig3
0 Name: 6062 - MiniFig3.ldr
0 Author: Stefan Frenz [smf]
0 !LDRAW_ORG Model
0 !LICENSE Redistributable under CCAL version 2.0 : see CAreadme.txt

1 0 10 -32 1 1 0 0 0 1 0 0 0 1 3815.dat
1 4 10 -20 1 1 0 0 0 1 0 0 0 1 3817.dat
1 4 10 -20 1 1 0 0 0 1 0 0 0 1 3816.dat
1 4 10 -64 1 1 0 0 0 1 0 0 0 1 973p4f.dat
1 1 25.551 -55 1 0.985 0.122 0.119 -0.17 0.704 0.69 0 -0.7 0.714 3819.dat
1 1 -5.551 -55 1 0.985 -0.148 0.084 0.17 0.858 -0.486 0 0.494 0.87 3818.dat
1 14 -14.099 -34.858 1.728 0.985 -0.045 0.164 0.17 0.262 -0.95 0 0.964 0.266 3820.dat
1 14 31.598 -49.373 -19.275 0.963 0.272 0.01 -0.272 0.962 0.03 -0.002 -0.032 1 3820.dat
1 14 10 -91 1 0.986 0 -0.169 0 1 0 0.169 0 0.986 3626ap01.dat
1 7 10 -91 1 0.986 0 -0.169 0 1 0 0.169 0 0.986 3896.dat
1 6 10 -64 1 -1 0 0 0 1 0 0 0 -1 4498.dat
1 6 32.202 -47.175 -28.374 0.082 0.265 -0.961 -0.248 0.939 0.238 0.966 0.219 0.142 4499.dat


0 FILE 6062 - MiniFig1.ldr
0 MiniFig1
0 Name: 6062 - MiniFig1.ldr
0 Author: Stefan Frenz [smf]
0 !LDRAW_ORG Model
0 !LICENSE Redistributable under CCAL version 2.0 : see CAreadme.txt

1 0 10 -32 1 1 0 0 0 1 0 0 0 1 3815.dat
1 4 10 -20 1 1 0 0 0 1 0 0 0 1 3817.dat
1 4 10 -20 1 1 0 0 0 1 0 0 0 1 3816.dat
1 4 10 -64 1 1 0 0 0 1 0 0 0 1 973p42.dat
1 1 25.551 -55 1 0.985 0.164 -0.043 -0.17 0.952 -0.252 0 0.255 0.967 3819.dat
1 1 -5.551 -55 1 0.985 -0.122 -0.119 0.17 0.704 0.69 0 -0.7 0.714 3818.dat
1 14 -11.598 -49.373 -19.275 0.985 -0.17 0.002 0.17 0.986 -0.01 0 0.01 1 3820.dat
1 14 34.011 -35.371 -3.738 0.972 0.194 -0.138 -0.22 0.511 -0.831 -0.09 0.837 0.539 3820.dat
1 14 10 -88 1 0.986 0 -0.169 0 1 0 0.169 0 0.986 3626ap01.dat
1 8 10 -88 1 0.986 0 -0.169 0 1 0 0.169 0 0.986 3844.dat
1 6 -9.135 -63.919 -32.957 -0.453 -0.164 -0.874 -0.307 0.948 -0.02 0.834 0.259 -0.483 3848.dat
1 7 33.765 -30.288 -18.743 0.988 -0.01 0.153 -0.035 0.957 0.287 -0.149 -0.289 0.945 3846p4h.dat


0 FILE 6062 - MiniFig5.ldr
0 MiniFig5
0 Name: 6062 - MiniFig5.ldr
0 Author: Stefan Frenz [smf]
0 !LDRAW_ORG Model
0 !LICENSE Redistributable under CCAL version 2.0 : see CAreadme.txt

1 4 10 -32 1 1 0 0 0 1 0 0 0 1 3815.dat
1 0 10 -20 1 1 0 0 0 1 0 0 0 1 3817.dat
1 0 10 -20 1 1 0 0 0 1 0 0 0 1 3816.dat
1 1 10 -64 1 1 0 0 0 1 0 0 0 1 973p43.dat
1 0 25.551 -55 1 0.985 0.164 -0.043 -0.17 0.952 -0.252 0 0.255 0.967 3819.dat
1 0 -5.551 -55 1 0.985 -0.122 -0.119 0.17 0.704 0.69 0 -0.7 0.714 3818.dat
1 14 -11.598 -49.373 -19.275 0.985 -0.17 0.002 0.17 0.986 -0.01 0 0.01 1 3820.dat
1 14 34.011 -35.371 -3.738 0.972 0.194 -0.138 -0.22 0.511 -0.831 -0.09 0.837 0.539 3820.dat
1 14 10 -88 1 0.986 0 -0.169 0 1 0 0.169 0 0.986 3626ap01.dat
1 0 10 -88 1 0.986 0 -0.169 0 1 0 0.169 0 0.986 3844.dat
1 6 -3.879 -94.246 -41.241 -0.98 -0.163 -0.045 -0.171 0.944 0.255 0.001 0.258 -0.961 4497.dat
1 7 35.295 -27.422 -9.285 0.988 -0.01 0.153 -0.035 0.957 0.287 -0.149 -0.289 0.945 3846p45.dat


0 FILE 6062 - MiniFig4.ldr
0 MiniFig4
0 Name: 6062 - MiniFig4.ldr
0 Author: Stefan Frenz [smf]
0 !LDRAW_ORG Model
0 !LICENSE Redistributable under CCAL version 2.0 : see CAreadme.txt

1 4 10 -32 1 1 0 0 0 1 0 0 0 1 3815.dat
1 0 10 -20 1 1 0 0 0 1 0 0 0 1 3817.dat
1 0 10 -20 1 1 0 0 0 1 0 0 0 1 3816.dat
1 1 10 -64 1 1 0 0 0 1 0 0 0 1 973p43.dat
1 0 25.551 -55 1 0.985 0.164 -0.043 -0.17 0.952 -0.252 0 0.255 0.967 3819.dat
1 0 -5.551 -55 1 0.985 -0.122 -0.119 0.17 0.704 0.69 0 -0.7 0.714 3818.dat
1 14 -11.598 -49.373 -19.275 0.985 -0.17 0.002 0.17 0.986 -0.01 0 0.01 1 3820.dat
1 14 34.011 -35.371 -3.738 0.972 0.194 -0.138 -0.22 0.511 -0.831 -0.09 0.837 0.539 3820.dat
1 14 10 -88 1 0.986 0 -0.169 0 1 0 0.169 0 0.986 3626ap01.dat
1 0 10 -88 1 0.986 0 -0.169 0 1 0 0.169 0 0.986 3896.dat
1 6 -9.1 -64.05 -32.996 0.044 -0.161 -0.973 -0.253 0.928 -0.168 0.952 0.254 0.001 3848.dat
1 7 35.292 -27.418 -9.289 0.988 -0.01 0.153 -0.035 0.957 0.287 -0.149 -0.289 0.945 3846p46.dat


0 FILE 6062 - MiniFig6.ldr
0 MiniFig6
0 Name: 6062 - MiniFig6.ldr
0 Author: Stefan Frenz [smf]
0 !LDRAW_ORG Model
0 !LICENSE Redistributable under CCAL version 2.0 : see CAreadme.txt

1 4 10 -32 1 1 0 0 0 1 0 0 0 1 3815.dat
1 0 10 -20 1 1 0 0 0 1 0 0 0 1 3817.dat
1 0 10 -20 1 1 0 0 0 1 0 0 0 1 3816.dat
1 1 10 -64 1 1 0 0 0 1 0 0 0 1 973p43.dat
1 0 25.551 -55 1 0.985 0.122 0.119 -0.17 0.704 0.69 0 -0.7 0.714 3819.dat
1 0 -5.551 -55 1 0.985 -0.148 0.084 0.17 0.858 -0.486 0 0.494 0.87 3818.dat
1 14 -14.099 -34.858 1.728 0.985 -0.045 0.164 0.17 0.262 -0.95 0 0.964 0.266 3820.dat
1 14 31.598 -49.373 -19.275 0.963 0.272 0.01 -0.272 0.962 0.03 -0.002 -0.032 1 3820.dat
1 14 10 -91 1 0.986 0 -0.169 0 1 0 0.169 0 0.986 3626ap01.dat
1 0 10 -91 1 0.986 0 -0.169 0 1 0 0.169 0 0.986 3896.dat
1 6 10 -64 1 -1 0 0 0 1 0 0 0 -1 4498.dat
1 6 32.202 -47.175 -28.374 0.082 0.265 -0.961 -0.248 0.939 0.238 0.966 0.219 0.142 4499.dat


0 FILE 6062 - Ram.ldr
0 Ram
0 Name: 6062 - Ram.ldr
0 Author: Stefan Frenz [smf]
0 !LDRAW_ORG Model
0 !LICENSE Redistributable under CCAL version 2.0 : see CAreadme.txt

1 0 0 0 0 1 0 0 0 1 0 0 0 1 3022.dat
1 0 0 0 160 1 0 0 0 1 0 0 0 1 3022.dat
0 STEP
1 0 -20 -8 0 -1 0 0 0 1 0 0 0 -1 4488.dat
1 0 -20 -8 160 -1 0 0 0 1 0 0 0 -1 4488.dat
1 0 20 -8 160 1 0 0 0 1 0 0 0 1 4488.dat
1 0 20 -8 0 1 0 0 0 1 0 0 0 1 4488.dat
0 STEP
1 0 0 -16 -10 1 0 0 0 1 0 0 0 1 3710.dat
1 0 0 -16 160 1 0 0 0 1 0 0 0 1 3022.dat
1 0 30 -16 100 0 0 -1 0 1 0 1 0 0 4477.dat
1 0 -30 -16 100 0 0 -1 0 1 0 1 0 0 4477.dat
0 STEP
1 0 -30 -24 20 0 0 -1 0 1 0 1 0 0 3710.dat
1 0 0 -24 -10 -1 0 0 0 1 0 0 0 -1 3069b.dat
1 0 30 -24 20 0 0 -1 0 1 0 1 0 0 3710.dat
1 0 -30 -24 100 0 0 -1 0 1 0 1 0 0 2431.dat
1 0 30 -24 100 0 0 -1 0 1 0 1 0 0 2431.dat
1 0 0 -24 180 0 0 -1 0 1 0 1 0 0 3031.dat
0 STEP
1 0 0 0 100 1 0 0 0 1 0 0 0 1 6062 - Slider Bottom.ldr
1 0 0 -48 190 1 0 0 0 1 0 0 0 1 3010.dat
0 STEP
1 0 0 -48 130 1 0 0 0 1 0 0 0 1 3010.dat
1 0 0 -56 130 1 0 0 0 1 0 0 0 1 3460.dat
1 0 0 -64 130 1 0 0 0 1 0 0 0 1 3794a.dat
0 STEP
1 0 0 -32 20 0 0 -1 0 1 0 1 0 0 4477.dat
1 7 0 -32 -100 0 0 -1 0 1 0 1 0 0 3023.dat
1 7 0 -40 -80 0 0 -1 0 1 0 1 0 0 3710.dat
1 0 0 -40 40 0 0 -1 0 1 0 1 0 0 3460.dat
1 7 0 -48 -80 0 0 -1 0 1 0 1 0 0 3023.dat
1 0 0 -64 110 1 0 0 0 1 0 0 0 1 3040b.dat
1 0 0 -72 120 0 0 -1 0 1 0 1 0 0 3023.dat
0 STEP
1 0 -30 -120 -10 1 0 0 0 1 0 0 0 1 2339.dat
1 0 -30 -120 170 -1 0 0 0 1 0 0 0 -1 2339.dat
1 0 30 -120 170 -1 0 0 0 1 0 0 0 -1 2339.dat
1 0 30 -120 -10 1 0 0 0 1 0 0 0 1 2339.dat
0 STEP
1 7 0 -24 -80 0 0 -1 0 1 0 1 0 0 3023.dat
1 0 0 -96 -10 1 0 0 0 1 0 0 0 1 3659.dat
1 0 0 -80 170 1 0 0 0 1 0 0 0 1 3710.dat
1 0 0 -120 80 1 0 0 0 1 0 0 0 1 3031.dat
0 STEP
1 0 0 -104 150 1 0 0 0 1 0 0 0 1 3710.dat
1 0 -30 -120 0 0 0 1 0 1 0 -1 0 0 3660.dat
1 0 0 -120 -10 1 0 0 0 1 0 0 0 1 3660.dat
1 0 30 -120 0 0 0 -1 0 1 0 1 0 0 3660.dat
0 STEP
1 0 0 -128 130 1 0 0 0 1 0 0 0 1 3710.dat
1 0 0 -128 -40 0 0 1 0 1 0 -1 0 0 3035.dat
0 STEP
1 0 -30 -144 60 0 0 1 0 1 0 -1 0 0 3660.dat
1 0 -30 -144 110 0 0 1 0 1 0 -1 0 0 3665a.dat
1 0 30 -144 110 0 0 -1 0 1 0 1 0 0 3665a.dat
1 0 30 -144 60 0 0 -1 0 1 0 1 0 0 3660.dat
1 0 -50 -144 10 0 0 -1 0 1 0 1 0 0 3005.dat
1 0 -50 -144 -10 0 0 1 0 1 0 -1 0 0 4070.dat
1 0 50 -144 10 0 0 -1 0 1 0 1 0 0 3005.dat
1 0 50 -144 -10 0 0 -1 0 1 0 1 0 0 4070.dat
0 STEP
1 0 -50 -168 30 0 0 -1 0 1 0 1 0 0 4490.dat
1 0 -50 -168 90 0 0 -1 0 1 0 1 0 0 4490.dat
1 0 50 -168 90 0 0 -1 0 1 0 1 0 0 4490.dat
1 0 50 -168 30 0 0 -1 0 1 0 1 0 0 4490.dat
1 0 -50 -152 -10 0 0 -1 0 1 0 1 0 0 3024.dat
1 0 -50 -160 -10 1 0 0 0 1 0 0 0 1 4085b.dat
1 0 -50 -168 -10 0 0 -1 0 1 0 1 0 0 3024.dat
1 0 50 -152 -10 0 0 -1 0 1 0 1 0 0 3024.dat
1 0 50 -160 -10 1 0 0 0 1 0 0 0 1 4085b.dat
1 0 50 -168 -10 0 0 -1 0 1 0 1 0 0 3024.dat
0 STEP
1 0 -50 -192 110 0 0 -1 0 1 0 1 0 0 3005.dat
1 0 -50 -192 60 0 0 -1 0 1 0 1 0 0 3004.dat
1 0 -50 -192 0 0 0 -1 0 1 0 1 0 0 3004.dat
1 0 50 -192 110 0 0 -1 0 1 0 1 0 0 3005.dat
1 0 50 -192 60 0 0 -1 0 1 0 1 0 0 3004.dat
1 0 50 -192 0 0 0 -1 0 1 0 1 0 0 3004.dat
1 0 -30 -152 -60 0 0 1 0 1 0 -1 0 0 3633.dat
1 0 30 -152 -60 0 0 -1 0 1 0 1 0 0 3633.dat
0 STEP
1 0 50 -200 110 0 0 -1 0 1 0 1 0 0 3957a.dat
1 14 50 -256 110 1 0 0 0 1 0 0 0 1 4495a.dat
1 4 50 -280 110 1 0 0 0 1 0 0 0 1 4495a.dat
1 6 -50 -179 -30 -1 0 0 0 1 0 0 0 -1 4497.dat
1 6 50 -179 -30 -1 0 0 0 1 0 0 0 -1 4497.dat
1 7 64 -134 -10 0 0 -1 0 1 0 1 0 0 3846p4g.dat
1 7 -64 -134 -10 0 0 1 0 1 0 -1 0 0 3846p4h.dat
1 6 50 -3 160 0 0 -1 0 1 0 1 0 0 4489a.dat
1 6 50 -3 0 0 0 -1 0 1 0 1 0 0 4489a.dat
1 6 -50 -3 0 0 0 1 0 1 0 -1 0 0 4489a.dat
1 6 -50 -3 160 0 0 1 0 1 0 -1 0 0 4489a.dat


0 FILE 6062 - Slider Bottom.ldr
0 Slider Bottom
0 Name: 6062 - Slider Bottom.ldr
0 Author: Stefan Frenz [smf]
0 !LDRAW_ORG Model
0 !LICENSE Redistributable under CCAL version 2.0 : see CAreadme.txt

1 0 0 0 0 1 0 0 0 1 0 0 0 1 3020.dat
0 STEP
1 0 -30 -8 0 0 0 -1 0 1 0 1 0 0 3069b.dat
1 0 0 -8 0 0 0 -1 0 1 0 1 0 0 3022.dat
1 0 30 -8 0 0 0 -1 0 1 0 1 0 0 3069b.dat
0 STEP
1 0 0 -16 10 0 0 -1 0 1 0 1 0 0 3021.dat
0 STEP
1 0 0 -24 30 -1 0 0 0 1 0 0 0 -1 3023.dat
1 0 0 -24 10 -1 0 0 0 1 0 0 0 -1 3794a.dat
1 0 0 -24 -10 -1 0 0 0 1 0 0 0 -1 3794a.dat



