0 FILE 6067 - main.ldr
0 main
0 Name: 6067 - main.ldr
0 Author: Stefan Frenz [smf]
0 !LDRAW_ORG Model
0 !LICENSE Redistributable under CCAL version 2.0 : see CAreadme.txt

1 4 300 0 150 1 0 0 0 1 0 0 0 1 6067 - MiniFig1.ldr
1 4 400 0 150 1 0 0 0 1 0 0 0 1 6067 - MiniFig2.ldr
1 0 0 0 0 1 0 0 0 1 0 0 0 1 6067 - Building.ldr
1 7 300 0 -200 0 0 -1 0 1 0 1 0 0 6067 - Horse.ldr
1 0 500 0 150 1 0 0 0 1 0 0 0 1 6067 - MiniFig3.ldr
1 0 600 0 150 1 0 0 0 1 0 0 0 1 6067 - MiniFig4.ldr


0 FILE 6067 - MiniFig1.ldr
0 MiniFig1
0 Name: 6067 - MiniFig1.ldr
0 Author: Stefan Frenz [smf]
0 !LDRAW_ORG Model
0 !LICENSE Redistributable under CCAL version 2.0 : see CAreadme.txt

1 4 10 -32 1 1 0 0 0 1 0 0 0 1 3815.dat
1 0 10 -20 1 1 0 0 0 1 0 0 0 1 3817.dat
1 0 10 -20 1 1 0 0 0 1 0 0 0 1 3816.dat
1 4 10 -64 1 1 0 0 0 1 0 0 0 1 973p42.dat
1 1 25.552 -55 1 0.985 0.17 0 -0.164 0.951 -0.259 -0.044 0.255 0.966 3819.dat
1 1 -5.552 -55 1 0.985 -0.17 0 0.12 0.697 0.707 -0.12 -0.697 0.707 3818.dat
1 14 -13.688 -49.431 -18.547 0.985 -0.12 0.12 0.12 0.993 0.007 -0.12 0.007 0.993 3820.dat
1 14 33.688 -35.287 -3.951 0.968 0.227 -0.11 -0.214 0.506 -0.836 -0.134 0.832 0.538 3820.dat
1 14 10 -88 1 0.986 0 -0.169 0 1 0 0.169 0 0.986 3626ap01.dat
1 8 10 -88 1 0.986 0 -0.169 0 1 0 0.169 0 0.986 3844.dat
1 7 32.571 -30.378 -19.834 0.98 -0.054 0.192 -0.002 0.96 0.28 -0.199 -0.275 0.941 3846p4g.dat
1 6 -10.088 -102.8 -42.281 0.984 -0.087 0.146 0.12 0.962 -0.241 -0.12 0.255 0.959 4497.dat


0 FILE 6067 - MiniFig2.ldr
0 MiniFig2
0 Name: 6067 - MiniFig2.ldr
0 Author: Stefan Frenz [smf]
0 !LDRAW_ORG Model
0 !LICENSE Redistributable under CCAL version 2.0 : see CAreadme.txt

1 4 10 -32 1 1 0 0 0 1 0 0 0 1 3815.dat
1 0 10 -20 1 1 0 0 0 1 0 0 0 1 3817.dat
1 0 10 -20 1 1 0 0 0 1 0 0 0 1 3816.dat
1 4 10 -64 1 1 0 0 0 1 0 0 0 1 973p42.dat
1 1 25.552 -55 1 0.985 0.17 0 -0.12 0.697 0.707 0.12 -0.697 0.707 3819.dat
1 1 -5.552 -55 1 0.985 -0.17 0 0.147 0.854 -0.5 0.085 0.493 0.866 3818.dat
1 14 -13.688 -34.678 1.32 0.985 -0.12 0.12 0.147 0.25 -0.957 0.085 0.961 0.264 3820.dat
1 14 33.688 -49.431 -18.547 0.968 0.227 -0.11 -0.223 0.974 0.048 0.118 -0.022 0.993 3820.dat
1 14 10 -91 1 0.986 0 -0.169 0 1 0 0.169 0 0.986 3626ap01.dat
1 0 10 -91 1 0.986 0 -0.169 0 1 0 0.169 0 0.986 3896.dat
1 6 10 -64 1 -1 0 0 0 1 0 0 0 -1 4498.dat
1 6 35.263 -47.365 -27.56 -0.022 0.192 -0.981 -0.227 0.955 0.192 0.974 0.227 0.022 4499.dat


0 FILE 6067 - Building.ldr
0 Building
0 Name: 6067 - Building.ldr
0 Author: Stefan Frenz [smf]
0 !LDRAW_ORG Model
0 !LICENSE Redistributable under CCAL version 2.0 : see CAreadme.txt

1 0 0 0 0 0 0 -1 0 1 0 1 0 0 3027.dat
1 0 80 0 0 0 0 -1 0 1 0 1 0 0 4282.dat
0 STEP
1 7 10 -24 -30 0 0 -1 0 1 0 1 0 0 3005.dat
1 7 50 -24 -10 0 0 -1 0 1 0 1 0 0 3005.dat
1 7 100 -24 -40 0 0 1 0 1 0 -1 0 0 3831.dat
1 7 100 -24 -40 0 0 -1 0 1 0 1 0 0 3830.dat
1 2 120 0 0 0 0 -1 0 1 0 1 0 0 3020.dat
0 STEP
1 0 110 0 100 0 0 -1 0 1 0 1 0 0 3666.dat
1 7 70 -48 -10 1 0 0 0 1 0 0 0 1 4490.dat
0 STEP
1 0 110 -24 150 1 0 0 0 1 0 0 0 1 3005.dat
1 0 110 -24 70 1 0 0 0 1 0 0 0 1 3005.dat
1 7 130 -24 -10 0 0 1 0 1 0 -1 0 0 3622.dat
1 7 90 -120 -10 0 0 1 0 1 0 -1 0 0 4460a.dat
0 STEP
1 4 110 -144 30 0 0 -1 0 1 0 1 0 0 4444p03.dat
1 7 50 -144 -30 -1 0 0 0 1 0 0 0 -1 4444.dat
1 0 110 -48 150 1 0 0 0 1 0 0 0 1 3005.dat
0 STEP
1 7 130 -96 -10 -1 0 0 0 1 0 0 0 -1 4460a.dat
1 0 110 -96 150 0 0 -1 0 1 0 1 0 0 3581.dat
1 1 122 -144 150 -1 0 0 0 1 0 0 0 -1 3644.dat
1 7 40 -144 -50 1 0 0 0 1 0 0 0 1 3710.dat
0 STEP
1 0 110 -120 150 1 0 0 0 1 0 0 0 1 3005.dat
1 7 120 -48 -30 1 0 0 0 1 0 0 0 1 3004.dat
1 7 120 -72 -30 1 0 0 0 1 0 0 0 1 3004.dat
1 7 120 -96 -30 1 0 0 0 1 0 0 0 1 3004.dat
1 7 110 -120 -30 1 0 0 0 1 0 0 0 1 3005.dat
0 STEP
1 7 130 -120 -20 0 0 -1 0 1 0 1 0 0 3004.dat
1 7 100 -144 -40 0 0 -1 0 1 0 1 0 0 3830.dat
1 7 100 -144 -40 0 0 1 0 1 0 -1 0 0 3831.dat
1 7 130 -144 -20 0 0 -1 0 1 0 1 0 0 3004.dat
1 0 110 -144 150 1 0 0 0 1 0 0 0 1 3665a.dat
1 0 110 -144 70 -1 0 0 0 1 0 0 0 -1 3665a.dat
0 STEP
1 7 120 -168 -20 -1 0 0 0 1 0 0 0 -1 3003.dat
1 0 110 -168 80 0 0 1 0 1 0 -1 0 0 3008.dat
0 STEP
1 4 110 -192 10 0 0 1 0 1 0 -1 0 0 3622.dat
1 4 110 -192 120 0 0 1 0 1 0 -1 0 0 3004.dat
1 0 110 -192 90 0 0 1 0 1 0 -1 0 0 3005.dat
1 0 120 -192 150 -1 0 0 0 1 0 0 0 -1 3039.dat
1 7 130 -192 -10 0 0 -1 0 1 0 1 0 0 4070.dat
0 STEP
1 7 120 -192 -30 -1 0 0 0 1 0 0 0 -1 3004.dat
1 4 110 -216 20 0 0 1 0 1 0 -1 0 0 3004.dat
1 0 110 -216 90 0 0 1 0 1 0 -1 0 0 3005.dat
1 4 110 -216 110 0 0 1 0 1 0 -1 0 0 3005.dat
1 0 120 -216 130 -1 0 0 0 1 0 0 0 -1 3039.dat
1 0 110 -216 50 0 0 -1 0 1 0 1 0 0 3581.dat
1 14 123 -216 50 -1 0 0 0 1 0 0 0 -1 3582.dat
0 STEP
1 0 120 -240 110 -1 0 0 0 1 0 0 0 -1 3039.dat
1 4 110 -240 30 0 0 1 0 1 0 -1 0 0 3005.dat
1 0 110 -240 70 0 0 1 0 1 0 -1 0 0 4490.dat
1 0 120 -240 10 1 0 0 0 1 0 0 0 1 3004.dat
0 STEP
1 0 120 -264 90 -1 0 0 0 1 0 0 0 -1 3039.dat
1 4 110 -264 60 0 0 1 0 1 0 -1 0 0 3004.dat
1 0 120 -264 30 1 0 0 0 1 0 0 0 1 3039.dat
0 STEP
1 0 120 -288 50 1 0 0 0 1 0 0 0 1 3039.dat
1 0 120 -288 70 -1 0 0 0 1 0 0 0 -1 3039.dat
1 7 120 -216 -20 -1 0 0 0 1 0 0 0 -1 3003.dat
1 7 120 -240 -20 -1 0 0 0 1 0 0 0 -1 3003.dat
1 7 120 -264 -20 -1 0 0 0 1 0 0 0 -1 3003.dat
1 7 120 -288 -20 -1 0 0 0 1 0 0 0 -1 3003.dat
0 STEP
1 0 110 -312 -10 -1 0 0 0 1 0 0 0 -1 3062b.dat
1 0 110 -312 -30 -1 0 0 0 1 0 0 0 -1 3062b.dat
1 0 130 -312 -10 -1 0 0 0 1 0 0 0 -1 3062b.dat
1 0 130 -312 -30 -1 0 0 0 1 0 0 0 -1 3062b.dat
1 7 214 -182 -10 0 1 0 1 0 0 0 0 -1 3957a.dat
1 0 160 -182 -10 0 1 0 0 0 1 1 0 0 2335p40.dat
1 0 120 -312 60 1 0 0 0 1 0 0 0 1 3043.dat
0 STEP
1 0 90 -24 150 1 0 0 0 1 0 0 0 1 3005.dat
1 0 -50 -24 150 1 0 0 0 1 0 0 0 1 3005.dat
1 0 -50 -24 -30 1 0 0 0 1 0 0 0 1 3005.dat
1 0 -50 -48 -30 0 0 1 0 1 0 -1 0 0 4070.dat
0 STEP
1 14 40 -24 100 0 0 1 0 1 0 -1 0 0 3003.dat
1 14 -20 -24 100 0 0 1 0 1 0 -1 0 0 3003.dat
1 0 -50 -144 -30 -1 0 0 0 1 0 0 0 -1 2339.dat
1 0 -40 0 -170 1 0 0 0 1 0 0 0 1 6067 - Outer Wall.ldr
0 STEP
1 7 60 -152 -180 1 0 0 0 1 0 0 0 1 3832.dat
1 7 -140 -152 -180 1 0 0 0 1 0 0 0 1 3832.dat
1 0 -50 -144 -100 0 0 -1 0 1 0 1 0 0 3023.dat
1 0 -50 -120 -30 1 0 0 0 1 0 0 0 1 3005.dat
1 0 -50 -144 -40 0 0 -1 0 1 0 1 0 0 3660.dat
1 14 -20 -48 100 0 0 1 0 1 0 -1 0 0 3003.dat
0 STEP
1 14 -20 -56 100 0 0 1 0 1 0 -1 0 0 3031.dat
1 7 130 -152 -150 1 0 0 0 1 0 0 0 1 3623.dat
1 7 -210 -152 -150 1 0 0 0 1 0 0 0 1 3623.dat
1 7 -120 -152 -150 1 0 0 0 1 0 0 0 1 3666.dat
1 7 20 -152 -100 -1 0 0 0 1 0 0 0 -1 3036.dat
0 STEP
1 7 90 -160 -110 0 0 1 0 1 0 -1 0 0 3623.dat
1 7 -50 -160 -110 0 0 1 0 1 0 -1 0 0 3623.dat
1 7 90 -160 -60 0 0 1 0 1 0 -1 0 0 3023.dat
1 7 -50 -160 -60 0 0 1 0 1 0 -1 0 0 3023.dat
1 7 90 -168 -120 0 0 1 0 1 0 -1 0 0 3023.dat
1 7 -50 -168 -120 0 0 1 0 1 0 -1 0 0 3023.dat
1 7 90 -168 -70 0 0 1 0 1 0 -1 0 0 3623.dat
1 7 -50 -168 -70 0 0 1 0 1 0 -1 0 0 3623.dat
1 7 -30 -168 -30 -1 0 0 0 1 0 0 0 -1 3622.dat
1 7 60 -168 -30 -1 0 0 0 1 0 0 0 -1 3010.dat
1 7 90 -168 -10 -1 0 0 0 1 0 0 0 -1 3005.dat
1 7 120 -176 -190 -1 0 0 0 1 0 0 0 -1 3010.dat
1 7 20 -176 -190 -1 0 0 0 1 0 0 0 -1 3009.dat
1 7 -100 -176 -190 -1 0 0 0 1 0 0 0 -1 3009.dat
1 7 -200 -176 -190 -1 0 0 0 1 0 0 0 -1 3010.dat
0 STEP
1 0 10 -216 -30 1 0 0 0 1 0 0 0 1 2339.dat
1 7 140 -200 -190 1 0 0 0 1 0 0 0 1 3004.dat
1 7 80 -200 -190 1 0 0 0 1 0 0 0 1 3004.dat
1 7 20 -200 -190 1 0 0 0 1 0 0 0 1 3004.dat
1 7 -40 -200 -190 1 0 0 0 1 0 0 0 1 3004.dat
1 7 -100 -200 -190 1 0 0 0 1 0 0 0 1 3004.dat
1 7 -160 -200 -190 1 0 0 0 1 0 0 0 1 3004.dat
1 7 -220 -200 -190 1 0 0 0 1 0 0 0 1 3004.dat
1 7 90 -192 -130 -1 0 0 0 1 0 0 0 -1 3005.dat
1 7 -50 -192 -130 -1 0 0 0 1 0 0 0 -1 3005.dat
1 7 90 -192 -80 0 0 1 0 1 0 -1 0 0 3004.dat
1 7 -50 -192 -80 0 0 1 0 1 0 -1 0 0 3004.dat
1 7 90 -192 -10 -1 0 0 0 1 0 0 0 -1 3005.dat
0 STEP
1 0 20 0 180 -1 0 0 0 1 0 0 0 -1 6067 - Side Wall.ldr
0 STEP
1 0 20 -216 60 -1 0 0 0 1 0 0 0 -1 3031.dat
1 0 50 -168 170 -1 0 0 0 1 0 0 0 -1 4161.dat
1 0 -10 -168 170 -1 0 0 0 1 0 0 0 -1 4161.dat
0 STEP
1 0 20 -192 150 -1 0 0 0 1 0 0 0 -1 4445.dat
1 0 20 -192 -30 1 0 0 0 1 0 0 0 1 4445.dat
0 STEP
1 0 70 -216 130 -1 0 0 0 1 0 0 0 -1 3038.dat
1 0 -30 -216 130 -1 0 0 0 1 0 0 0 -1 3038.dat
1 0 20 -216 -10 1 0 0 0 1 0 0 0 1 4445.dat
1 14 30 -216 150 1 0 0 0 1 0 0 0 1 4070.dat
1 14 10 -216 150 1 0 0 0 1 0 0 0 1 4070.dat
0 STEP
1 0 20 -240 110 -1 0 0 0 1 0 0 0 -1 4445.dat
1 0 20 -240 10 1 0 0 0 1 0 0 0 1 4445.dat
1 0 20 -240 90 1 0 0 0 1 0 0 0 1 3004.dat
1 0 20 -240 30 1 0 0 0 1 0 0 0 1 3004.dat
0 STEP
1 0 20 -264 30 1 0 0 0 1 0 0 0 1 4445.dat
1 0 20 -264 90 -1 0 0 0 1 0 0 0 -1 4445.dat
1 0 20 -240 150 -1 0 0 0 1 0 0 0 -1 3049c.dat
0 STEP
1 0 80 -288 70 -1 0 0 0 1 0 0 0 -1 3039.dat
1 0 80 -288 50 1 0 0 0 1 0 0 0 1 3039.dat
1 0 50 -288 30 1 0 0 0 1 0 0 0 1 3665a.dat
1 0 50 -288 90 -1 0 0 0 1 0 0 0 -1 3665a.dat
1 7 20 -288 60 0 0 -1 0 1 0 1 0 0 3001.dat
1 0 -10 -288 90 -1 0 0 0 1 0 0 0 -1 3665a.dat
1 0 -10 -288 30 1 0 0 0 1 0 0 0 1 3665a.dat
1 0 -40 -288 70 -1 0 0 0 1 0 0 0 -1 3039.dat
1 0 -40 -288 50 1 0 0 0 1 0 0 0 1 3039.dat
0 STEP
1 7 20 -296 60 -1 0 0 0 1 0 0 0 -1 3958.dat
1 0 90 -312 60 -1 0 0 0 1 0 0 0 -1 3044a.dat
1 0 -50 -312 60 -1 0 0 0 1 0 0 0 -1 3044a.dat
1 7 70 -320 60 0 0 -1 0 1 0 1 0 0 3010.dat
1 7 20 -320 10 1 0 0 0 1 0 0 0 1 3009.dat
1 7 20 -320 110 1 0 0 0 1 0 0 0 1 3009.dat
1 7 -30 -320 60 0 0 -1 0 1 0 1 0 0 3010.dat
1 7 70 -344 10 0 0 -1 0 1 0 1 0 0 3005.dat
1 7 70 -344 60 0 0 -1 0 1 0 1 0 0 3004.dat
1 7 70 -344 110 0 0 -1 0 1 0 1 0 0 3005.dat
1 7 20 -344 10 1 0 0 0 1 0 0 0 1 3004.dat
1 7 -30 -344 10 0 0 -1 0 1 0 1 0 0 3005.dat
1 7 20 -344 110 1 0 0 0 1 0 0 0 1 3004.dat
1 7 -30 -344 110 0 0 -1 0 1 0 1 0 0 3005.dat
1 7 -30 -344 60 0 0 -1 0 1 0 1 0 0 3004.dat
0 STEP
1 1 -30 -96 110 0 0 -1 0 1 0 1 0 0 2343.dat
1 15 10 -96 90 0 0 -1 0 1 0 1 0 0 2343.dat
1 2 -50 -68 70 0 0 -1 0 1 0 1 0 0 3741a.dat
1 2 -50 -12 190 0.707 0 -0.707 0 1 0 0.707 0 0.707 3741a.dat
1 2 90 -12 190 0 0 -1 0 1 0 1 0 0 3741a.dat
1 14 -64.974 -85.628 70 0.683 0.259 -0.683 -0.183 0.966 0.183 0.707 0 0.707 3742.dat
1 4 -41.219 -95.288 85.209 0.712 -0.129 -0.69 0.248 0.966 0.075 0.657 -0.224 0.72 3742.dat
1 1 -41.866 -90.458 55.912 0.752 -0.129 -0.646 -0.052 0.966 -0.254 0.657 0.224 0.72 3742.dat
1 7 -64 -38 -30 0 0 1 0 1 0 -1 0 0 3846p46.dat
1 0 70 -352 10 0 0 1 0 1 0 -1 0 0 3957a.dat
1 4 70 -431 10 0 0 1 0 1 0 -1 0 0 4495a.dat
1 14 70 -406 10 0 0 1 0 1 0 -1 0 0 4495a.dat
1 6 -230 -55 -130 0 1 0 0 0 1 1 0 0 3849.dat
1 2 -230 -195 -130 0 0 1 0 1 0 -1 0 0 4495a.dat


0 FILE 6067 - Horse.ldr
0 Horse
0 Name: 6067 - Horse.ldr
0 Author: Stefan Frenz [smf]
0 !LDRAW_ORG Model
0 !LICENSE Redistributable under CCAL version 2.0 : see CAreadme.txt

1 15 -10 -49 45 1 0 0 0 1 0 0 0 1 4493c02.dat
1 14 -10 -57 45 1 0 0 0 1 0 0 0 1 4491a.dat
1 8 -41 -59 62.5 1 0 0 0 -1 0 0 0 -1 3847.dat


0 FILE 6067 - MiniFig3.ldr
0 MiniFig3
0 Name: 6067 - MiniFig3.ldr
0 Author: Stefan Frenz [smf]
0 !LDRAW_ORG Model
0 !LICENSE Redistributable under CCAL version 2.0 : see CAreadme.txt

1 0 10 -32 1 1 0 0 0 1 0 0 0 1 3815.dat
1 1 10 -20 1 1 0 0 0 1 0 0 0 1 3817.dat
1 1 10 -20 1 1 0 0 0 1 0 0 0 1 3816.dat
1 1 10 -64 1 1 0 0 0 1 0 0 0 1 973p40.dat
1 0 25.552 -55 1 0.985 0.17 0 -0.17 0.985 0 0 0 1 3819.dat
1 0 -5.552 -55 1 0.985 -0.17 0 0.17 0.986 0 0 0 1 3818.dat
1 14 -13.688 -37.24 -8.884 0.985 -0.12 0.12 0.17 0.697 -0.697 0 0.707 0.707 3820.dat
1 14 33.688 -37.24 -8.884 0.968 0.227 -0.11 -0.241 0.704 -0.668 -0.074 0.673 0.736 3820.dat
1 14 10 -90 1 0.986 0 -0.169 0 1 0 0.169 0 0.986 3626ap01.dat
1 0 10 -90 1 0.986 0 -0.169 0 1 0 0.169 0 0.986 4503.dat
1 14 9 -102 8 0.986 0 -0.169 0 1 0 0.169 0 0.986 87693.dat
1 0 10 -66 1 1 0 0 0 1 0 0 0 1 4524.dat


0 FILE 6067 - MiniFig4.ldr
0 MiniFig4
0 Name: 6067 - MiniFig4.ldr
0 Author: Stefan Frenz [smf]
0 !LDRAW_ORG Model
0 !LICENSE Redistributable under CCAL version 2.0 : see CAreadme.txt

1 1 10 -32 1 1 0 0 0 1 0 0 0 1 3815.dat
1 1 10 -20 1 1 0 0 0 1 0 0 0 1 3817.dat
1 1 10 -20 1 1 0 0 0 1 0 0 0 1 3816.dat
1 15 10 -64 1 1 0 0 0 1 0 0 0 1 973p71.dat
1 15 25.552 -55 1 0.985 0.17 0 -0.164 0.951 -0.259 -0.044 0.255 0.966 3819.dat
1 15 -5.552 -55 1 0.985 -0.17 0 0.164 0.952 -0.259 0.044 0.255 0.966 3818.dat
1 14 -13.688 -35.287 -3.951 0.985 -0.12 0.12 0.164 0.49 -0.856 0.044 0.863 0.503 3820.dat
1 14 33.688 -35.287 -3.951 0.968 0.227 -0.11 -0.214 0.506 -0.836 -0.134 0.832 0.538 3820.dat
1 14 10 -88 1 0.986 0 -0.169 0 1 0 0.169 0 0.986 3626ap01.dat
1 4 10 -88 1 0.986 0 -0.169 0 1 0 0.169 0 0.986 2338.dat
1 0 -12.971 -36.675 -29.269 0.996 0.011 -0.086 0.011 0.965 0.26 0.086 -0.26 0.962 4528.dat


0 FILE 6067 - Outer Wall.ldr
0 Outer Wall
0 Name: 6067 - Outer Wall.ldr
0 Author: Stefan Frenz [smf]
0 !LDRAW_ORG Model
0 !LICENSE Redistributable under CCAL version 2.0 : see CAreadme.txt

1 2 -80 0 0 1 0 0 0 1 0 0 0 1 3460.dat
1 2 80 0 0 1 0 0 0 1 0 0 0 1 3460.dat
1 2 180 0 10 1 0 0 0 1 0 0 0 1 3022.dat
1 2 -180 0 10 1 0 0 0 1 0 0 0 1 3022.dat
1 7 -100 -24 0 1 0 0 0 1 0 0 0 1 3004.dat
1 7 0 -24 10 1 0 0 0 1 0 0 0 1 3003.dat
1 7 100 -24 10 1 0 0 0 1 0 0 0 1 3003.dat
1 7 190 -24 10 0 0 -1 0 1 0 1 0 0 3700.dat
1 7 -190 -24 10 0 0 -1 0 1 0 1 0 0 3700.dat
0 STEP
0 STEP
1 7 150 -144 0 1 0 0 0 1 0 0 0 1 4444.dat
1 7 50 -144 0 1 0 0 0 1 0 0 0 1 4444p01.dat
1 7 -50 -144 0 1 0 0 0 1 0 0 0 1 4444.dat
1 7 -150 -144 0 1 0 0 0 1 0 0 0 1 4444.dat
0 STEP
1 0 190 -144 0 1 0 0 0 1 0 0 0 1 3665a.dat
1 0 -190 -144 0 1 0 0 0 1 0 0 0 1 3665a.dat
1 0 -100 -144 0 1 0 0 0 1 0 0 0 1 3660.dat
1 0 0 -144 0 1 0 0 0 1 0 0 0 1 3660.dat
1 0 100 -144 0 1 0 0 0 1 0 0 0 1 3660.dat
0 STEP
1 7 190 -48 20 1 0 0 0 1 0 0 0 1 3005.dat
1 7 190 -72 20 1 0 0 0 1 0 0 0 1 3005.dat
1 7 -190 -48 20 1 0 0 0 1 0 0 0 1 3005.dat
1 7 -190 -72 20 1 0 0 0 1 0 0 0 1 3005.dat
1 7 190 -80 20 0 0 1 0 1 0 -1 0 0 4085b.dat
1 7 190 -88 20 -1 0 0 0 1 0 0 0 -1 4085b.dat
1 7 -190 -80 20 0 0 -1 0 1 0 1 0 0 4085b.dat
1 7 -190 -88 20 -1 0 0 0 1 0 0 0 -1 4085b.dat
1 7 190 -112 20 1 0 0 0 1 0 0 0 1 3005.dat
1 7 190 -136 20 1 0 0 0 1 0 0 0 1 3005.dat
1 7 -190 -112 20 1 0 0 0 1 0 0 0 1 3005.dat
1 7 -190 -136 20 1 0 0 0 1 0 0 0 1 3005.dat
0 STEP
1 7 160 -144 20 1 0 0 0 1 0 0 0 1 3710.dat
1 7 50 -144 20 1 0 0 0 1 0 0 0 1 3623.dat
1 7 -50 -144 20 1 0 0 0 1 0 0 0 1 3623.dat
1 7 -160 -144 20 1 0 0 0 1 0 0 0 1 3710.dat
1 6 190 -68 40 0 0 -1 0 1 0 1 0 0 3848.dat
1 8 170 -68 20 -1 0 0 0 -1 0 0 0 1 3847.dat
1 8 -170 -68 20 -1 0 0 0 -1 0 0 0 1 3847.dat
1 7 200 -14 10 -1 0 0 0 -1 0 0 0 1 3673.dat


0 FILE 6067 - Side Wall.ldr
0 Side Wall
0 Name: 6067 - Side Wall.ldr
0 Author: Stefan Frenz [smf]
0 !LDRAW_ORG Model
0 !LICENSE Redistributable under CCAL version 2.0 : see CAreadme.txt

1 2 0 0 0 1 0 0 0 1 0 0 0 1 3034.dat
0 STEP
1 0 0 -24 -10 1 0 0 0 1 0 0 0 1 3010.dat
1 0 0 -48 -10 1 0 0 0 1 0 0 0 1 3004.dat
1 0 0 -72 -10 1 0 0 0 1 0 0 0 1 3004.dat
0 STEP
1 4 50 -144 10 1 0 0 0 1 0 0 0 1 2345p01.dat
1 4 -50 -144 10 0 0 1 0 1 0 -1 0 0 2345p01.dat
0 STEP
1 0 10 -120 -10 1 0 0 0 1 0 0 0 1 3581.dat
1 14 10 -120 -23 0 0 1 0 1 0 -1 0 0 3582.dat
1 0 -30 -144 10 0 0 1 0 1 0 -1 0 0 3005.dat
1 0 30 -144 0 0 0 1 0 1 0 -1 0 0 3004.dat
0 STEP
1 4 -60 -144 30 1 0 0 0 1 0 0 0 1 3004.dat
1 4 -60 -168 30 1 0 0 0 1 0 0 0 1 3004.dat
1 4 60 -144 30 1 0 0 0 1 0 0 0 1 3004.dat
1 4 60 -168 30 1 0 0 0 1 0 0 0 1 3004.dat
1 0 -10 -144 -10 1 0 0 0 1 0 0 0 1 4490.dat
0 STEP
1 0 -30 -216 30 1 0 0 0 1 0 0 0 1 2339.dat
1 0 30 -216 30 1 0 0 0 1 0 0 0 1 2339.dat



