0 FILE 620 - main.ldr
0 main
0 Name: 620 - main.ldr
0 Author: Takeshi Takahashi [RainbowDolphin]
0 !LDRAW_ORG Model
0 !LICENSE Redistributable under CCAL version 2.0 : see CAreadme.txt

0 !THEME Town
0 !KEYWORDS ambulance, car, red cross

0 !HISTORY 2020-04-21 [RainbowDolphin] Initial creation

0 ROTATION CENTER 0 0 0 1 "Custom"
0 ROTATION CONFIG 0 0
1 0 0 0 0 1 0 0 0 1 0 0 0 1 620 - Truck.ldr
1 0 -60 -40 -80 1 0 0 0 1 0 0 0 1 620 - Minifig.ldr



0 FILE 620 - Truck.ldr
0 Truck
0 Name: 620 - Truck.ldr
0 Author: Takeshi Takahashi [RainbowDolphin]
0 !LDRAW_ORG Model
0 !LICENSE Redistributable under CCAL version 2.0 : see CAreadme.txt

0 ROTATION CENTER 0 0 0 1 "Custom"
0 ROTATION CONFIG 0 0
1 4 0 0 0 1 0 0 0 1 0 0 0 1 3795.dat
1 4 -70 0 0 0 0 1 0 1 0 -1 0 0 3023.dat
0 STEP
1 4 -60 -16 0 0 0 1 0 1 0 -1 0 0 3788.dat
1 4 20 -16 0 0 0 1 0 1 0 -1 0 0 3788.dat
1 4 -20 -8 0 0 0 1 0 1 0 -1 0 0 3020.dat
1 4 50 -8 0 0 0 1 0 1 0 -1 0 0 3710.dat
0 STEP
1 4 50 -16 0 0 0 1 0 1 0 -1 0 0 3710.dat
1 4 -30 -16 0 0 0 1 0 1 0 -1 0 0 3023.dat
1 4 -20 -16 30 1 0 0 0 1 0 0 0 1 3023.dat
1 4 -20 -16 -30 1 0 0 0 1 0 0 0 1 3023.dat
0 STEP
1 4 20 -40 -30 1 0 0 0 1 0 0 0 1 3633.dat
1 4 20 -40 30 -1 0 0 0 1 0 0 0 -1 3633.dat
1 4 -60 -24 0 1 0 0 0 1 0 0 0 1 3031.dat
0 STEP
1 4 -90 -16 0 0 0 1 0 1 0 -1 0 0 3010p0d.dat
1 7 -60 8 0 0 0 1 0 1 0 -1 0 0 122c01.dat
1 7 20 8 0 0 0 1 0 1 0 -1 0 0 122c01.dat
1 256 -60 14 -30 1 0 0 0 1 0 0 0 1 3641.dat
1 256 20 14 -30 1 0 0 0 1 0 0 0 1 3641.dat
1 256 20 14 30 1 0 0 0 1 0 0 0 1 3641.dat
1 256 -60 14 30 1 0 0 0 1 0 0 0 1 3641.dat
0 STEP
1 4 -30 -48 0 0 0 1 0 1 0 -1 0 0 3010.dat
1 4 -30 -72 30 1 0 0 0 1 0 0 0 1 3005.dat
1 4 -30 -72 -30 1 0 0 0 1 0 0 0 1 3005.dat
1 47 -30 -72 0 0 0 1 0 1 0 -1 0 0 3004.dat
0 STEP
1 47 -50 -72 0 0 0 1 0 1 0 -1 0 0 3823.dat
1 4 -40 -80 0 0 0 1 0 1 0 -1 0 0 3020.dat
1 33 -40 -104 20 0 0 1 0 1 0 -1 0 0 3062b.dat
1 0 -30 -12 -40 1 0 0 0 0 -1 0 1 0 004659a.dat
1 0 -30 -12 40 -1 0 0 0 0 -1 0 -1 0 004659a.dat



0 FILE 620 - Minifig.ldr
0 Minifig
0 Name: 620 - Minifig.ldr
0 Author: Takeshi Takahashi [RainbowDolphin]
0 !LDRAW_ORG Model
0 !LICENSE Redistributable under CCAL version 2.0 : see CAreadme.txt

0 ROTATION CENTER 0 0 0 1 "Custom"
0 ROTATION CONFIG 0 0
1 0 0 -24 0 1 0 0 0 1 0 0 0 1 3834.dat
1 14 0 -24 0 1 0 0 0 1 0 0 0 1 3626bp01.dat
1 0 0 0 0 1 0 0 0 1 0 0 0 1 973d02.dat
1 0 0 32 0 1 0 0 0 1 0 0 0 1 3815.dat
1 0 -15.552 9 0 0.985 -0.147224 -0.085 0.17 0.853035 0.4925 0 -0.5 0.866025 3818.dat
1 0 15.552 9 0 0.985 0.17 0 -0.17 0.985 0 0 0 1 3819.dat
1 14 -22.559 19.037 -18.319 0.985 -0.164183 0.0439926 0.17 0.951293 -0.254898 0 0.25878 0.96578 3820.dat
1 14 23.863 26.596 -10.321 0.985 0.12019 -0.12019 -0.17 0.696395 -0.696395 0 0.707 0.707 3820.dat
1 7 -20.577 7.554 -34.767 0.985 -0.148611 0.082405 0.17 0.861069 -0.477464 0 0.484735 0.874182 3835.dat
1 0 0 44 0 1 0 0 0 1 0 0 0 1 3816.dat
1 0 0 44 0 1 0 0 0 1 0 0 0 1 3817.dat





