0 FILE 623 - main.ldr
0 main
0 Name: 623 - main.ldr
0 Author: Takeshi Takahashi [RainbowDolphin]
0 !LDRAW_ORG Model
0 !LICENSE Redistributable under CCAL version 2.0 : see CAreadme.txt

0 !THEME Town
0 !KEYWORDS ambulance, car, red cross

0 !HISTORY 2020-04-21 [RainbowDolphin] Initial creation

0 ROTATION CENTER 0 0 0 1 "Custom"
0 ROTATION CONFIG 0 0
1 0 0 0 0 1 0 0 0 1 0 0 0 1 623 - Car.ldr
1 0 10 -48 0 1 0 0 0 1 0 0 0 1 623 - Minifig.ldr



0 FILE 623 - Car.ldr
0 Car
0 Name: 623 - Car.ldr
0 Author: Takeshi Takahashi [RainbowDolphin]
0 !LDRAW_ORG Model
0 !LICENSE Redistributable under CCAL version 2.0 : see CAreadme.txt

0 ROTATION CENTER 0 0 0 1 "Custom"
0 ROTATION CONFIG 0 0
1 4 0 0 0 0 0 1 0 1 0 -1 0 0 4212a.dat
0 STEP
1 4 -60 -16 0 0 0 1 0 1 0 -1 0 0 3788.dat
1 4 60 -16 0 0 0 1 0 1 0 -1 0 0 3788.dat
1 4 -90 -8 0 0 0 1 0 1 0 -1 0 0 3710.dat
1 4 90 -8 0 0 0 1 0 1 0 -1 0 0 3710.dat
1 4 30 -8 -30 1 0 0 0 1 0 0 0 1 3024.dat
1 4 30 -8 30 1 0 0 0 1 0 0 0 1 3024.dat
1 4 -30 -8 0 0 0 1 0 1 0 -1 0 0 3829c01.dat
0 STEP
1 4 30 -16 -30 1 0 0 0 1 0 0 0 1 3024.dat
1 4 30 -16 30 1 0 0 0 1 0 0 0 1 3024.dat
1 4 -90 -16 0 0 0 1 0 1 0 -1 0 0 3710.dat
1 4 90 -16 0 0 0 1 0 1 0 -1 0 0 3710.dat
1 4 -30 -24 30 0 0 1 0 1 0 -1 0 0 3821.dat
0 STEP
1 4 -30 -24 -30 0 0 1 0 1 0 -1 0 0 3822.dat
1 15 -70 -24 -20 1 0 0 0 1 0 0 0 1 3021.dat
1 15 -70 -24 20 1 0 0 0 1 0 0 0 1 3021.dat
1 15 60 -24 0 1 0 0 0 1 0 0 0 1 3031.dat
0 STEP
1 7 -60 8 0 0 0 1 0 1 0 -1 0 0 122c01.dat
1 7 60 8 0 0 0 1 0 1 0 -1 0 0 122c01.dat
1 256 -60 14 -30 1 0 0 0 1 0 0 0 1 3641.dat
1 256 60 14 -30 1 0 0 0 1 0 0 0 1 3641.dat
1 256 -60 14 30 1 0 0 0 1 0 0 0 1 3641.dat
1 256 60 14 30 1 0 0 0 1 0 0 0 1 3641.dat
0 STEP
1 15 50 -48 30 1 0 0 0 1 0 0 0 1 3005.dat
1 15 50 -48 -30 1 0 0 0 1 0 0 0 1 3005.dat
1 47 -30 -72 0 0 0 1 0 1 0 -1 0 0 3823.dat
1 15 50 -56 0 0 0 1 0 1 0 -1 0 0 3710.dat
0 STEP
1 15 50 -64 0 0 0 1 0 1 0 -1 0 0 3794a.dat
1 33 50 -88 0 1 0 0 0 1 0 0 0 1 3062b.dat
1 15 -10 -12 -40 1 0 0 0 0 -1 0 1 0 004511b.dat
1 15 50 -36 -40 1 0 0 0 0 -1 0 1 0 004511b.dat
1 15 -10 -12 40 -1 0 0 0 0 -1 0 -1 0 004511b.dat
1 15 50 -36 40 -1 0 0 0 0 -1 0 -1 0 004511b.dat



0 FILE 623 - Minifig.ldr
0 Minifig
0 Name: 623 - Minifig.ldr
0 Author: Takeshi Takahashi [RainbowDolphin]
0 !LDRAW_ORG Model
0 !LICENSE Redistributable under CCAL version 2.0 : see CAreadme.txt

0 ROTATION CENTER 0 0 0 1 "Custom"
0 ROTATION CONFIG 0 0
1 0 0 -24 0 0 0 1 0 1 0 -1 0 0 3625.dat
1 14 0 -24 0 0 0 1 0 1 0 -1 0 0 3626bp01.dat
1 15 0 0 0 0 0 1 0 1 0 -1 0 0 973.dat
1 4 0 32 0 0 0 1 0 1 0 -1 0 0 3815.dat
1 15 0 9 15.552 0 -0.707107 0.707107 0.17 0.6965 0.6965 -0.985 0.120208 0.120208 3818.dat
1 15 0 9 -15.552 0 -0.707107 0.707107 -0.17 0.6965 0.6965 -0.985 -0.120208 -0.120208 3819.dat
1 14 -20.564 13.994 21.689 0 0 0.999849 0.17 0.984851 0 -0.985 0.169974 0 3820.dat
1 14 -20.564 13.994 -21.689 0 0 0.999849 -0.17 0.984851 0 -0.985 -0.169974 0 3820.dat
1 4 0 44 0 0 -0.999848 0.0174524 0 0.0174524 0.999848 -1 0 0 3816.dat
1 4 0 44 0 0 -0.999848 0.0174524 0 0.0174524 0.999848 -1 0 0 3817.dat






