0 FILE 6389 - main.ldr 
0 main
0 Name: 6389 - main.ldr 
0 Author: Robert Paciorek [bercik]
0 !LICENSE Redistributable under CCAL version 2.0 : see CAreadme.txt
0 !HELP Copyright (c) 2002-2017, Robert Paciorek (http://www.opcode.eu.org/)
0 !HELP Released under a dual license, you can choise "CCAL version 2.0" or "BSD/MIT-type licence":
0 !HELP Redistribution and use in source or any others forms, with or without modification, ARE PERMITTED provided save information about author(s).
0 !HELP This material is distributed WITHOUT any warranty, use at YOUR own risk.
1 16 0 0 0 1 0 0 0 1 0 0 0 1 6389 - building.ldr
1 15 -209.993 -256 250 0 0 -1 0 1 0 1 0 0 6389 - helicopter.ldr
1 15 171.218 -40 -183.518 0.707 0 -0.707 0 1 0 0.707 0 0.707 6389 - car 2.ldr
1 15 -540 -24 -210 0.866 0 -0.5 0 1 0 0.5 0 0.866 6389 - car 1.ldr
1 0 -180 0 -90 1 0 0 0 1 0 0 0 1 6389 - minifig 1.ldr
1 0 -90 0 -90 1 0 0 0 1 0 0 0 1 6389 - minifig 2.ldr
1 0 0 0 -90 1 0 0 0 1 0 0 0 1 6389 - minifig 3.ldr
1 0 0 0 -200 -0.707 0 0.707 0 1 0 -0.707 0 -0.707 6389 - minifig 3.ldr
0 NOFILE


0 FILE 6389 - building.ldr 
0 building
0 Name: 6389 - building.ldr 
0 Author: Robert Paciorek [bercik]
0 !LICENSE Redistributable under CCAL version 2.0 : see CAreadme.txt
0 !HELP Copyright (c) 2002-2017, Robert Paciorek (http://www.opcode.eu.org/)
0 !HELP Released under a dual license, you can choise "CCAL version 2.0" or "BSD/MIT-type licence":
0 !HELP Redistribution and use in source or any others forms, with or without modification, ARE PERMITTED provided save information about author(s).
0 !HELP This material is distributed WITHOUT any warranty, use at YOUR own risk.
1 4 110 -24 210 1 0 0 0 1 0 0 0 1 3005.dat
1 4 -110 -24 310 1 0 0 0 1 0 0 0 1 3005.dat
1 4 300 -24 210 -1 0 0 0 1 0 0 0 -1 3004.dat
1 15 -90 -48 200 0 0 1 0 1 0 -1 0 0 2486.dat
1 15 -290 -24 260 0 0 1 0 1 0 -1 0 0 3010.dat
1 15 -290 -24 160 0 0 1 0 1 0 -1 0 0 3010.dat
1 15 290 -24 260 0 0 1 0 1 0 -1 0 0 3010.dat
1 15 290 -24 60 0 0 1 0 1 0 -1 0 0 3010.dat
1 15 290 -24 160 0 0 1 0 1 0 -1 0 0 3010.dat
1 15 110 -40 70 0 0 1 0 1 0 -1 0 0 3062b.dat
1 4 110 -24 300 0 0 1 0 1 0 -1 0 0 3004.dat
1 4 300 -24 310 -1 0 0 0 1 0 0 0 -1 3004.dat
1 4 300 -24 10 -1 0 0 0 1 0 0 0 -1 3004.dat
1 4 300 -24 110 -1 0 0 0 1 0 0 0 -1 3004.dat
1 4 110 -8 20 0 0 1 0 1 0 -1 0 0 3666.dat
1 4 290 -8 -20 0 0 1 0 1 0 -1 0 0 3023.dat
1 4 -110 -8 60 0 0 1 0 1 0 -1 0 0 3023.dat
1 4 -290 -8 60 0 0 1 0 1 0 -1 0 0 3023.dat
1 4 100 -48 90 -1 0 0 0 1 0 0 0 -1 3004.dat
1 4 -100 -48 90 -1 0 0 0 1 0 0 0 -1 3004.dat
1 4 100 -24 90 -1 0 0 0 1 0 0 0 -1 3004.dat
1 4 -100 -24 90 -1 0 0 0 1 0 0 0 -1 3004.dat
1 4 -290 -24 110 -1 0 0 0 1 0 0 0 -1 2357.dat
1 4 -300 -24 210 1 0 0 0 1 0 0 0 1 3004.dat
1 4 -300 -24 310 1 0 0 0 1 0 0 0 1 3004.dat
1 7 0 0 0 1 0 0 0 1 0 0 0 1 6100p04.dat
0 STEP
1 4 90 -56 90 1 0 0 0 1 0 0 0 1 3024.dat
1 4 -110 -56 90 1 0 0 0 1 0 0 0 1 3024.dat
1 4 -90 -56 90 1 0 0 0 1 0 0 0 1 4085a.dat
1 4 110 -56 90 1 0 0 0 1 0 0 0 1 4085a.dat
1 4 -300 -144 310 1 0 0 0 1 0 0 0 1 2454.dat
1 4 -300 -144 210 1 0 0 0 1 0 0 0 1 2454.dat
1 4 -300 -144 110 1 0 0 0 1 0 0 0 1 2454.dat
1 4 300 -144 10 1 0 0 0 1 0 0 0 1 2454.dat
1 4 300 -144 110 1 0 0 0 1 0 0 0 1 2454.dat
1 4 300 -144 210 1 0 0 0 1 0 0 0 1 2454.dat
1 4 300 -144 310 1 0 0 0 1 0 0 0 1 2454.dat
1 4 110 -144 210 1 0 0 0 1 0 0 0 1 2453.dat
1 4 110 -144 310 1 0 0 0 1 0 0 0 1 2453.dat
1 4 -110 -144 310 1 0 0 0 1 0 0 0 1 2453.dat
1 4 110 -48 290 0 0 1 0 1 0 -1 0 0 3062b.dat
0 STEP
1 14 110 -48 290 -1 0 0 0 1 0 0 0 -1 3838.dat
1 0 -90 -64 250 1 0 0 0 1 0 0 0 1 3837.dat
1 4 -290 -144 90 -1 0 0 0 1 0 0 0 -1 2453.dat
1 4 -110 -152 90 -1 0 0 0 1 0 0 0 -1 3005.dat
1 4 110 -176 90 -1 0 0 0 1 0 0 0 -1 3005.dat
1 4 110 -152 90 -1 0 0 0 1 0 0 0 -1 3005.dat
1 4 100 -128 90 -1 0 0 0 1 0 0 0 -1 3004.dat
1 4 -100 -128 90 -1 0 0 0 1 0 0 0 -1 3004.dat
1 4 100 -104 90 -1 0 0 0 1 0 0 0 -1 3004.dat
1 4 -100 -104 90 -1 0 0 0 1 0 0 0 -1 3004.dat
1 4 100 -80 90 -1 0 0 0 1 0 0 0 -1 3004.dat
1 15 110 -152 210 0 0 1 0 1 0 -1 0 0 4085a.dat
1 15 -110 -152 310 0 0 -1 0 1 0 1 0 0 3024.dat
1 15 110 -152 310 0 0 -1 0 1 0 1 0 0 3024.dat
1 41 290 -144 60 0 0 -1 0 1 0 1 0 0 2494.dat
1 15 290 -144 60 0 0 -1 0 1 0 1 0 0 2493b.dat
1 41 290 -144 160 0 0 -1 0 1 0 1 0 0 2494.dat
1 15 290 -144 160 0 0 -1 0 1 0 1 0 0 2493b.dat
1 41 290 -144 260 0 0 -1 0 1 0 1 0 0 2494.dat
1 15 290 -144 260 0 0 -1 0 1 0 1 0 0 2493b.dat
1 41 -290 -144 160 0 0 1 0 1 0 -1 0 0 2494.dat
1 15 -290 -144 160 0 0 1 0 1 0 -1 0 0 2493b.dat
1 41 -290 -144 260 0 0 1 0 1 0 -1 0 0 2494.dat
1 15 -290 -144 260 0 0 1 0 1 0 -1 0 0 2493b.dat
1 15 110 -64 70 0 0 -1 0 1 0 1 0 0 4599a.dat
1 0 -90 -48 70 0 0 -1 0 1 0 1 0 0 3962b.dat
1 4 -100 -80 90 -1 0 0 0 1 0 0 0 -1 3004.dat
0 STEP
1 15 290 -152 80 0 0 -1 0 1 0 1 0 0 3460.dat
1 15 290 -152 240 0 0 -1 0 1 0 1 0 0 3460.dat
1 15 -290 -152 180 0 0 -1 0 1 0 1 0 0 3460.dat
1 15 -290 -152 290 0 0 -1 0 1 0 1 0 0 3623.dat
1 4 310 -152 10 0 0 -1 0 1 0 1 0 0 3024.dat
1 4 -110 -152 60 0 0 1 0 1 0 -1 0 0 4216.dat
1 4 -110 -128 60 0 0 1 0 1 0 -1 0 0 4216.dat
1 4 -110 -104 60 0 0 1 0 1 0 -1 0 0 4216.dat
1 4 -110 -80 60 0 0 1 0 1 0 -1 0 0 4216.dat
1 4 -110 -56 60 0 0 1 0 1 0 -1 0 0 4216.dat
1 4 -110 -32 60 0 0 1 0 1 0 -1 0 0 4216.dat
1 4 290 -152 -20 0 0 1 0 1 0 -1 0 0 4216.dat
1 4 290 -128 -20 0 0 1 0 1 0 -1 0 0 4216.dat
1 4 290 -104 -20 0 0 1 0 1 0 -1 0 0 4216.dat
1 4 290 -80 -20 0 0 1 0 1 0 -1 0 0 4216.dat
1 4 290 -56 -20 0 0 1 0 1 0 -1 0 0 4216.dat
1 4 290 -32 -20 0 0 1 0 1 0 -1 0 0 4216.dat
1 4 110 -152 -20 0 0 -1 0 1 0 1 0 0 4216.dat
1 4 110 -128 -20 0 0 -1 0 1 0 1 0 0 4216.dat
1 4 110 -104 -20 0 0 -1 0 1 0 1 0 0 4216.dat
1 4 110 -80 -20 0 0 -1 0 1 0 1 0 0 4216.dat
1 4 110 -56 -20 0 0 -1 0 1 0 1 0 0 4216.dat
1 4 110 -32 -20 0 0 -1 0 1 0 1 0 0 4216.dat
1 4 -290 -152 60 0 0 -1 0 1 0 1 0 0 4216.dat
1 4 -290 -128 60 0 0 -1 0 1 0 1 0 0 4216.dat
1 4 -290 -104 60 0 0 -1 0 1 0 1 0 0 4216.dat
1 4 -290 -80 60 0 0 -1 0 1 0 1 0 0 4216.dat
1 4 -290 -56 60 0 0 -1 0 1 0 1 0 0 4216.dat
1 4 -290 -32 60 0 0 -1 0 1 0 1 0 0 4216.dat
1 4 310 -152 110 0 0 -1 0 1 0 1 0 0 3024.dat
1 4 310 -152 210 0 0 -1 0 1 0 1 0 0 3024.dat
1 4 310 -152 310 0 0 -1 0 1 0 1 0 0 3024.dat
1 15 90 -82 208 0 0 -1 1 0 0 0 -1 0 73590b.dat
1 4 -290 -152 90 0 0 -1 0 1 0 1 0 0 3024.dat
1 4 -310 -152 110 0 0 -1 0 1 0 1 0 0 3024.dat
1 4 -310 -152 210 0 0 -1 0 1 0 1 0 0 3024.dat
1 4 -310 -152 310 0 0 -1 0 1 0 1 0 0 3024.dat
1 4 -90 -200 90 0 0 -1 0 1 0 1 0 0 2449.dat
1 4 90 -200 90 0 0 1 0 1 0 -1 0 0 2449.dat
0 STEP
1 4 300 -176 310 -1 0 0 0 1 0 0 0 -1 3004.dat
1 4 -310 -176 310 -1 0 0 0 1 0 0 0 -1 3005.dat
1 4 -310 -176 210 -1 0 0 0 1 0 0 0 -1 3005.dat
1 4 -310 -176 110 -1 0 0 0 1 0 0 0 -1 3005.dat
1 4 -110 -176 180 0 0 1 0 1 0 -1 0 0 4217.dat
1 4 -290 -176 180 0 0 -1 0 1 0 1 0 0 4217.dat
1 4 -200 -32 60 1 0 0 0 1 0 0 0 1 4219a.dat
1 15 -200 -48 60 1 0 0 0 1 0 0 0 1 4218a.dat
1 4 -200 -64 60 1 0 0 0 1 0 0 0 1 4218a.dat
1 41 -200 -80 60 1 0 0 0 1 0 0 0 1 4218a.dat
1 41 -200 -96 60 1 0 0 0 1 0 0 0 1 4218a.dat
1 41 -200 -112 60 1 0 0 0 1 0 0 0 1 4218a.dat
1 41 -200 -128 60 1 0 0 0 1 0 0 0 1 4218a.dat
1 41 -200 -144 60 1 0 0 0 1 0 0 0 1 4218a.dat
1 41 -200 -160 60 1 0 0 0 1 0 0 0 1 4218a.dat
1 4 110 -176 -20 0 0 -1 0 1 0 1 0 0 4216.dat
1 4 290 -176 -20 0 0 1 0 1 0 -1 0 0 4216.dat
1 4 300 -176 10 -1 0 0 0 1 0 0 0 -1 3004.dat
1 15 290 -176 60 0 0 1 0 1 0 -1 0 0 3010.dat
1 4 300 -176 110 -1 0 0 0 1 0 0 0 -1 3004.dat
1 15 290 -176 160 0 0 1 0 1 0 -1 0 0 3010.dat
1 4 300 -176 210 -1 0 0 0 1 0 0 0 -1 3004.dat
1 15 290 -176 260 0 0 1 0 1 0 -1 0 0 3010.dat
1 4 110 -176 260 0 0 1 0 1 0 -1 0 0 3067.dat
1 41 -198 -169.62 71.62 1 0 0 0 0.5 0.87 0 -0.87 0.5 4218a.dat
0 STEP
1 4 -200 -184 300 1 0 0 0 1 0 0 0 1 3832.dat
1 4 -200 -184 219.5 1 0 0 0 1 0 0 0 1 3033.dat
1 4 -200 -184 99.5 1 0 0 0 1 0 0 0 1 3033.dat
1 4 0 -208 90 1 0 0 0 1 0 0 0 1 4477.dat
1 4 -110 -208 140 0 0 -1 0 1 0 1 0 0 3009.dat
1 4 290 -199.96 99.5 0 0 1 0 1 0 -1 0 0 4217.dat
1 4 110 -199.96 280 0 0 -1 0 1 0 1 0 0 3010.dat
1 4 290 -199.96 280 0 0 -1 0 1 0 1 0 0 3010.dat
1 4 110 -199.96 99.5 0 0 -1 0 1 0 1 0 0 4217.dat
1 4 200 -31.96 -18.5 1 0 0 0 1 0 0 0 1 4219a.dat
1 15 200 -47.96 -18.5 1 0 0 0 1 0 0 0 1 4218a.dat
1 4 200 -63.96 -18.5 1 0 0 0 1 0 0 0 1 4218a.dat
1 41 200 -79.96 -18.5 1 0 0 0 1 0 0 0 1 4218a.dat
1 41 200 -111.96 -18.5 1 0 0 0 1 0 0 0 1 4218a.dat
1 41 200 -95.96 -18.5 1 0 0 0 1 0 0 0 1 4218a.dat
1 41 200 -127.96 -18.5 1 0 0 0 1 0 0 0 1 4218a.dat
1 41 200 -143.96 -18.5 1 0 0 0 1 0 0 0 1 4218a.dat
1 41 200 -159.96 -18.5 1 0 0 0 1 0 0 0 1 4218a.dat
1 41 200 -175.96 -18.5 1 0 0 0 1 0 0 0 1 4218a.dat
1 41 202 -193.59 -6.88 1 0 0 0 0.87 0.5 0 -0.5 0.87 4218a.dat
1 4 -310 -184 310 -1 0 0 0 1 0 0 0 -1 3024.dat
1 4 310 -200 10 -1 0 0 0 1 0 0 0 -1 3005.dat
1 4 310 -200 110 -1 0 0 0 1 0 0 0 -1 3005.dat
1 4 310 -200 210 -1 0 0 0 1 0 0 0 -1 3005.dat
1 4 310 -200 310 -1 0 0 0 1 0 0 0 -1 3005.dat
1 4 -310 -184 210 -1 0 0 0 1 0 0 0 -1 3024.dat
1 4 -310 -184 110 -1 0 0 0 1 0 0 0 -1 3024.dat
0 STEP
1 4 310 -208 310 -1 0 0 0 1 0 0 0 -1 3024.dat
1 4 310 -208 210 -1 0 0 0 1 0 0 0 -1 3024.dat
1 4 310 -208 10 -1 0 0 0 1 0 0 0 -1 3024.dat
1 4 0 -216 140 -1 0 0 0 1 0 0 0 -1 3028.dat
1 4 310 -208 110 -1 0 0 0 1 0 0 0 -1 3024.dat
1 4 200 -208 60 -1 0 0 0 1 0 0 0 -1 3832.dat
1 4 200 -208 180 -1 0 0 0 1 0 0 0 -1 3832.dat
1 4 120 -208 120 0 0 1 0 1 0 -1 0 0 3020.dat
1 4 280 -208 120 0 0 1 0 1 0 -1 0 0 3020.dat
1 4 200 -208 0 -1 0 0 0 1 0 0 0 -1 3030.dat
1 4 200 -208 260 -1 0 0 0 1 0 0 0 -1 3033.dat
0 STEP
1 15 10 -240 90 -1 0 0 0 1 0 0 0 -1 4070.dat
1 15 -10 -240 90 -1 0 0 0 1 0 0 0 -1 4070.dat
1 14 0 -224 160 -1 0 0 0 1 0 0 0 -1 3680c01.dat
1 4 60 -240 170 -1 0 0 0 1 0 0 0 -1 3004.dat
1 15 -50 -240 90 -1 0 0 0 1 0 0 0 -1 3622.dat
1 15 50 -240 90 -1 0 0 0 1 0 0 0 -1 3622.dat
1 4 -220 -208 110 -1 0 0 0 1 0 0 0 -1 3010.dat
1 4 -220 -208 250 -1 0 0 0 1 0 0 0 -1 3010.dat
1 4 -300 -208 110 -1 0 0 0 1 0 0 0 -1 3004.dat
1 4 -300 -208 210 -1 0 0 0 1 0 0 0 -1 3004.dat
1 4 -300 -208 310 -1 0 0 0 1 0 0 0 -1 3004.dat
1 4 300 -232 310 -1 0 0 0 1 0 0 0 -1 3004.dat
1 4 300 -232 210 -1 0 0 0 1 0 0 0 -1 3004.dat
1 4 300 -232 110 -1 0 0 0 1 0 0 0 -1 3004.dat
1 4 300 -232 10 -1 0 0 0 1 0 0 0 -1 3004.dat
0 STEP
1 7 0 -228 105 1 0 0 0 0 1 0 -1 0 3069bp02.dat
1 4 -250 -232 250 0 0 1 0 1 0 -1 0 0 3665.dat
1 4 -190 -232 250 0 0 -1 0 1 0 1 0 0 3665.dat
1 4 -250 -232 110 0 0 1 0 1 0 -1 0 0 3665.dat
1 4 -190 -232 110 0 0 -1 0 1 0 1 0 0 3665.dat
1 41 210 -232 120 0 0 -1 0 1 0 1 0 0 3939.dat
1 41 190 -232 120 0 0 1 0 1 0 -1 0 0 3939.dat
1 15 40 -264 90 -1 0 0 0 1 0 0 0 -1 3039p34.dat
1 15 -40 -264 90 -1 0 0 0 1 0 0 0 -1 3039p23.dat
1 14 0 -232 160 1 0 0 0 1 0 0 0 1 4079.dat
1 7 -300 -216 210 -1 0 0 0 1 0 0 0 -1 2412b.dat
1 7 -300 -216 310 -1 0 0 0 1 0 0 0 -1 2412b.dat
1 7 300 -240 310 -1 0 0 0 1 0 0 0 -1 2412b.dat
1 7 300 -240 210 -1 0 0 0 1 0 0 0 -1 2412b.dat
1 7 300 -240 10 -1 0 0 0 1 0 0 0 -1 2412b.dat
1 7 300 -240 110 -1 0 0 0 1 0 0 0 -1 2412b.dat
1 0 140 -216 0 -1 0 0 0 1 0 0 0 -1 3680c01.dat
0 STEP
1 7 0 -230 76 -1 0 0 0 0.71 -0.71 0 -0.71 -0.71 3937.dat
1 7 0 -232 76 1 0 0 0 0 1 0 -1 0 3938.dat
1 15 -270 -240 180 0 0 -1 0 1 0 1 0 0 3460.dat
1 15 -170 -240 180 0 0 -1 0 1 0 1 0 0 3460.dat
1 4 100 -240 90 -1 0 0 0 1 0 0 0 -1 3004.dat
1 4 -100 -240 90 -1 0 0 0 1 0 0 0 -1 3004.dat
1 15 70 -280 170 -1 0 0 0 1 0 0 0 -1 4070.dat
1 15 70 -256 170 -1 0 0 0 1 0 0 0 -1 3024.dat
1 15 60 -248 170 -1 0 0 0 1 0 0 0 -1 3023.dat
1 4 100 -336 190 -1 0 0 0 1 0 0 0 -1 2454.dat
1 4 -100 -336 190 -1 0 0 0 1 0 0 0 -1 2454.dat
1 15 -220 -240 110 -1 0 0 0 1 0 0 0 -1 3710.dat
1 15 -220 -240 250 -1 0 0 0 1 0 0 0 -1 3710.dat
0 STEP
1 7 70 -272 180 -0.71 0 -0.71 0.71 0 -0.71 0 -1 0 4592.dat
1 46 10 -215.67 58.32 -1 0 0 0 0.71 -0.71 0 -0.71 -0.71 6141.dat
1 46 -10 -215.67 58.32 -1 0 0 0 0.71 -0.71 0 -0.71 -0.71 6141.dat
1 0 140 -240.26 -4.14 0 0 -1 0.71 -0.71 0 -0.71 -0.71 0 4276b.dat
1 0 140 -224 -10 1 0 0 0 1 0 0 0 1 2452.dat
1 0 140 -224 10 -1 0 0 0 1 0 0 0 -1 2412b.dat
1 15 70 -336 170 -1 0 0 0 1 0 0 0 -1 3005.dat
1 7 69.51 -271.84 182 -0.71 0.71 0 0.71 0.71 0 0 0 -1 4593.dat
1 15 70 -312 170 -1 0 0 0 1 0 0 0 -1 3005.dat
1 4 100 -264 90 -1 0 0 0 1 0 0 0 -1 3004.dat
1 4 -100 -264 90 -1 0 0 0 1 0 0 0 -1 3004.dat
1 15 70 -288 170 0 0 1 0 1 0 -1 0 0 4085b.dat
0 STEP
1 41 -40 -336 90 1 0 0 0 1 0 0 0 1 4872.dat
1 41 40 -336 90 1 0 0 0 1 0 0 0 1 4872.dat
1 41 -90 -336 140 0 0 1 0 1 0 -1 0 0 2494.dat
1 15 -90 -336 140 0 0 1 0 1 0 -1 0 0 2493b.dat
1 41 90 -336 140 0 0 -1 0 1 0 1 0 0 2494.dat
1 4 -90 -336 90 0 0 1 0 1 0 -1 0 0 4460a.dat
1 4 90 -336 90 0 0 -1 0 1 0 1 0 0 4460a.dat
1 15 90 -336 140 0 0 -1 0 1 0 1 0 0 2493b.dat
0 STEP
1 15 140 -237.89 -13.03 -1 0 0 0 -0.71 -0.71 0 -0.71 0.71 30065.dat
1 4 0 -368 130 -1 0 0 0 1 0 0 0 -1 3010.dat
1 15 -150 -48 -290 -1 0 0 0 1 0 0 0 -1 3005.dat
1 15 -150 -24 -290 -1 0 0 0 1 0 0 0 -1 3005.dat
1 15 150 -48 -290 -1 0 0 0 1 0 0 0 -1 3005.dat
1 15 150 -24 -290 -1 0 0 0 1 0 0 0 -1 3005.dat
1 4 0 -352 50 -1 0 0 0 1 0 0 0 -1 3794a.dat
1 7 -220 -248 270 -1 0 0 0 1 0 0 0 -1 2419.dat
1 7 -220 -248 90 1 0 0 0 1 0 0 0 1 2419.dat
1 7 -220 -248 180 1 0 0 0 1 0 0 0 1 3958.dat
1 4 110 -344 190 1 0 0 0 1 0 0 0 1 3024.dat
1 4 -110 -344 190 1 0 0 0 1 0 0 0 1 3024.dat
1 4 0 -344 60 1 0 0 0 1 0 0 0 1 3034.dat
1 4 0 -344 140 1 0 0 0 1 0 0 0 1 3033.dat
0 STEP
1 14 10 -528 130 0 0 1 0 1 0 -1 0 0 4495a.dat
1 46 150 -48 -310 0 0 1 0 1 0 -1 0 0 3024.dat
1 46 -150 -48 -310 0 0 1 0 1 0 -1 0 0 3024.dat
1 15 -150 -56 -300 0 0 1 0 1 0 -1 0 0 3069b.dat
1 15 150 -56 -300 0 0 1 0 1 0 -1 0 0 3069b.dat
1 14 -240 -72 -290 1 0 0 0 1 0 0 0 1 2583.dat
1 14 250 -72 -290 1 0 0 0 1 0 0 0 1 2583.dat
1 33 0 -376 50 1 0 0 0 1 0 0 0 1 6141.dat
1 15 0 -368 50 1 0 0 0 1 0 0 0 1 6141.dat
1 15 0 -360 30 1 0 0 0 1 0 0 0 1 3963.dat
1 0 70 -416 90 0 0 -1 0 1 0 1 0 0 4592c01.dat
1 15 70 -408 90 0 0 -1 0 1 0 1 0 0 4085a.dat
1 15 90 -352 90 0 0 1 0 1 0 -1 0 0 3957a.dat
1 15 10 -448 130 0 0 1 0 1 0 -1 0 0 3957a.dat
1 33 -170 -256 250 0 0 1 0 1 0 -1 0 0 6141.dat
1 33 -270 -256 250 0 0 1 0 1 0 -1 0 0 6141.dat
1 33 -270 -256 110 0 0 1 0 1 0 -1 0 0 6141.dat
1 33 -170 -256 110 0 0 1 0 1 0 -1 0 0 6141.dat
1 14 -250 -256 180 0 0 1 0 1 0 -1 0 0 4162.dat
1 14 -190 -256 180 0 0 1 0 1 0 -1 0 0 4162.dat
1 14 -220 -256 180 -1 0 0 0 1 0 0 0 -1 3068b.dat
1 15 0 -440 130 -1 0 0 0 1 0 0 0 -1 4215a.dat
1 7 100 -352 190 -1 0 0 0 1 0 0 0 -1 2412b.dat
1 7 -100 -352 190 -1 0 0 0 1 0 0 0 -1 2412b.dat
1 15 140 -248.9 -22.63 -1 0 0 0 -0.71 -0.71 0 -0.71 0.71 4589.dat
0 NOFILE


0 FILE 6389 - helicopter.ldr 
0 helicopter
0 Name: 6389 - helicopter.ldr 
0 Author: Robert Paciorek [bercik]
0 !LICENSE Redistributable under CCAL version 2.0 : see CAreadme.txt
0 !HELP Copyright (c) 2002-2017, Robert Paciorek (http://www.opcode.eu.org/)
0 !HELP Released under a dual license, you can choise "CCAL version 2.0" or "BSD/MIT-type licence":
0 !HELP Redistribution and use in source or any others forms, with or without modification, ARE PERMITTED provided save information about author(s).
0 !HELP This material is distributed WITHOUT any warranty, use at YOUR own risk.
1 0 -70 0 -40 1 0 0 0 1 0 0 0 1 3666.dat
1 0 -70 0 60 1 0 0 0 1 0 0 0 1 3666.dat
0 STEP
1 0 -80 -8 60 1 0 0 0 1 0 0 0 1 3623.dat
1 0 -120 -8 60 1 0 0 0 1 0 0 0 1 3070a.dat
1 0 -120 -8 -40 1 0 0 0 1 0 0 0 1 3070a.dat
1 0 -30 -8 60 1 0 0 0 1 0 0 0 1 3069b.dat
1 0 -30 -8 -40 1 0 0 0 1 0 0 0 1 3069b.dat
1 0 -80 -8 -40 1 0 0 0 1 0 0 0 1 3623.dat
0 STEP
1 15 -100 -16 10 0 0 1 0 1 0 -1 0 0 3666.dat
1 15 -70 -16 10 0 0 1 0 1 0 -1 0 0 3795.dat
0 STEP
1 4 -100 -24 10 1 0 0 0 1 0 0 0 1 3021.dat
1 4 -60 -40 10 0 0 -1 0 1 0 1 0 0 3660.dat
0 STEP
1 4 -40 -64 10 0 0 -1 0 1 0 1 0 0 3747a.dat
1 4 -60 -40 40 0 0 1 0 1 0 -1 0 0 4286.dat
1 4 -60 -40 -20 0 0 1 0 1 0 -1 0 0 4286.dat
0 STEP
1 4 -60 -64 10 0 0 1 0 1 0 -1 0 0 3004.dat
1 4 -60 -64 40 0 0 -1 0 1 0 1 0 0 4070.dat
1 4 -60 -64 -20 0 0 -1 0 1 0 1 0 0 4070.dat
0 STEP
1 15 -80 -24 60 -1 0 0 0 1 0 0 0 -1 4081b.dat
1 15 -80 -24 -40 1 0 0 0 1 0 0 0 1 4081b.dat
1 15 0 -72 10 0 0 1 0 1 0 -1 0 0 3794a.dat
1 15 -20 -72 10 0 0 1 0 1 0 -1 0 0 3794a.dat
0 STEP
1 15 -60 -72 20 1 0 0 0 1 0 0 0 1 2420.dat
1 15 -60 -72 0 0 0 1 0 1 0 -1 0 0 2420.dat
1 4 50 -80 10 -1 0 0 0 1 0 0 0 -1 3460.dat
0 STEP
1 34 -60 -80 40 -1 0 0 0 1 0 0 0 -1 3024.dat
1 36 -60 -80 -20 -1 0 0 0 1 0 0 0 -1 3024.dat
1 15 -60 -80 10 0 0 -1 0 1 0 1 0 0 3023.dat
1 15 90 -72 10 -1 0 0 0 1 0 0 0 -1 3460.dat
1 0 -40 -80 10 0 0 -1 0 1 0 1 0 0 3839b.dat
0 STEP
1 0 -50 -88 10 0 0 -1 0 1 0 1 0 0 3176.dat
1 15 150 -80 20 0 0 -1 0 1 0 1 0 0 4488.dat
1 15 -60 -88 40 -1 0 0 0 1 0 0 0 -1 4081b.dat
1 15 -60 -88 -20 1 0 0 0 1 0 0 0 1 4081b.dat
1 15 -109 -22 -60 0 1 0 -1 0 0 0 0 1 4589.dat
1 15 -109 -22 80 0 1 0 -1 0 0 0 0 1 4589.dat
0 STEP
1 46 -73 -86 60 0 1 0 -1 0 0 0 0 1 6141.dat
1 46 -73 -86 -40 0 1 0 -1 0 0 0 0 1 6141.dat
1 4 -40 -96 10 1 0 0 0 1 0 0 0 1 3021.dat
1 4 -40 -104 10 1 0 0 0 1 0 0 0 1 3021.dat
1 0 40 -88 10 0 0 1 0 1 0 -1 0 0 4592c01.dat
1 4 160 -104 10 0 0 1 0 1 0 -1 0 0 3040b.dat
0 STEP
1 4 -60 -112 40 0 0 1 0 1 0 -1 0 0 3005.dat
1 4 -60 -112 -20 0 0 1 0 1 0 -1 0 0 3005.dat
1 4 -60 -112 10 0 0 1 0 1 0 -1 0 0 3023.dat
1 0 150 -75 50 -1 0 0 0 0 1 0 1 0 2421.dat
1 36 160 -112 10 0 0 1 0 1 0 -1 0 0 6141.dat
1 4 -30 -112 10 0 0 1 0 1 0 -1 0 0 2460.dat
0 STEP
1 7 -30 -140 10 0 0 1 0 1 0 -1 0 0 2479.dat
1 4 -60 -120 10 0 0 1 0 1 0 -1 0 0 4315.dat
1 41 -75 -116 10 0 0 1 0 1 0 -1 0 0 2483.dat
0 STEP
1 0 -30 -148 -80 0 0 1 0 1 0 -1 0 0 4162.dat
1 0 -30 -148 100 0 0 1 0 1 0 -1 0 0 4162.dat
1 15 32 -55.989 -85.628 0 -1 0 0.707 0 -0.707 0.707 0 0.707 6389 - helicopter - flexHose.ldr
1 15 32 12.011 49.372 0 -1 0 -0.819 0 -0.574 0.574 0 -0.819 6389 - helicopter - flexHose.ldr
0 NOFILE


0 FILE 6389 - helicopter - flexHose.ldr 
0 helicopter - flexHose
0 Name: 6389 - helicopter - flexHose.ldr 
0 Author: Robert Paciorek [bercik]
0 !LICENSE Redistributable under CCAL version 2.0 : see CAreadme.txt
0 !HELP Copyright (c) 2002-2017, Robert Paciorek (http://www.opcode.eu.org/)
0 !HELP Released under a dual license, you can choise "CCAL version 2.0" or "BSD/MIT-type licence":
0 !HELP Redistribution and use in source or any others forms, with or without modification, ARE PERMITTED provided save information about author(s).
0 !HELP This material is distributed WITHOUT any warranty, use at YOUR own risk.
0 !LDCAD CONTENT [type=path] [addFallBack=default] [looped=false] [displayKind=mm] [curveStep=0] [displayLenCor=0]
0 !LDCAD PATH_POINT [type=bezier] [posOri=43.815858 87 -5.322391 0.999849 0 0 0 1 0 0 0 0.999849] [prevCPDist=25] [nextCPDist=50] [cirR=20] [cirDir=xyCW] [prevYRoll=0] [nextYRoll=0]
0 !LDCAD PATH_POINT [type=bezier] [posOri=49.472711 67 45.589281 0.999849 0 0 0 -1 0 0 0 -0.999849] [prevCPDist=50] [nextCPDist=25] [cirR=20] [cirDir=xyCW] [prevYRoll=0] [nextYRoll=0]
0 !LDCAD PATH_SKIN [donCol=16] [donOri=1 0 0 0 1 0 0 0 1] [donPart=754.dat] [donYSize=100%] [donCen=absCen] [donCenYOfs=0] [donFinScale=none] [donPlace=refsStat] [donYAlign=0] [donInline=false] [segSize=50%] [segSizeTol=5%] [segsCnt=0] [segsGrp=0] [segsMaxMerge=1] [segsMrgAng=0] [segsMrgRollAng=0] [segsEdgeDelKind=keepFirstLeft]
0 !LDCAD PATH_SKIN [donCol=16] [donOri=1 0 0 0 1 0 0 0 1] [donPart=756.dat] [donYSize=100%] [donCen=absCen] [donCenYOfs=0] [donFinScale=none] [donPlace=refsStat] [donYAlign=0] [donInline=false] [segSize=60%] [segSizeTol=5%] [segsCnt=1] [segsGrp=0] [segsMaxMerge=1] [segsMrgAng=0] [segsMrgRollAng=0] [segsEdgeDelKind=keepFirstLeft]
0 !LDCAD PATH_SKIN [donCol=16] [donOri=1 0 0 0 -1 0 0 0 -1] [donPart=754.dat] [donYSize=100%] [donCen=absCen] [donCenYOfs=0] [donFinScale=none] [donPlace=refsStat] [donYAlign=0] [donInline=false] [segSize=50%] [segSizeTol=5%] [segsCnt=0] [segsGrp=0] [segsMaxMerge=1] [segsMrgAng=0] [segsMrgRollAng=0] [segsEdgeDelKind=keepFirstLeft]
0 !LDCAD PATH_CAP [group=start] [color=16] [posOri=43.816 91 -5.322 1 0 0 0 1 0 0 0 1] [part=752.dat] [extraLen=0mm] [inlineRef=false]
0 !LDCAD PATH_CAP [group=end] [color=16] [posOri=49.473 71 45.589 1 0 0 0 1 0 0 0 1] [part=752.dat] [extraLen=0mm] [inlineRef=false]
0 !LDCAD PATH_CAP [group=start] [color=16] [posOri=43.816 91 -5.322 1 0 0 0 -1 0 0 0 -1] [part=755.dat] [extraLen=0mm] [inlineRef=false]
0 !LDCAD PATH_CAP [group=end] [color=16] [posOri=49.473 71 45.589 1 0 0 0 -1 0 0 0 -1] [part=755.dat] [extraLen=0mm] [inlineRef=false]
0 !LDCAD GENERATED [generator=LDCad 1.6 Beta 2a]
0 //This is the fallback LDraw content for above PATH configuration.
0 // Do not edit, any changes will be lost upon regeneration.
0 // The path is approx 41.12 mm (102.79) and exists out of 40 segments.
0 //Some general hints about the document.
0 BFC CERTIFY CCW
0 //Start cap reference(s)
1 16 43.815857 91 -5.322391 0.999849 0 0 0 1 0 0 0 0.999849 752.DAT
1 16 43.815857 91 -5.322391 0.999849 0 0 0 -1 0 0 0 -0.999849 755.DAT
0 //End cap reference(s)
1 16 49.47271 71 45.589279 0.999849 0 0 0 1 0 0 0 0.999849 752.DAT
1 16 49.47271 71 45.589279 0.999849 0 0 0 -1 0 0 0 -0.999849 755.DAT
0 //Segments
1 16 43.819698 85.238319 -5.287822 0.999998 -0.00218 0 0.002179 0.999805 0.019619 -0.000043 -0.019619 0.999808 754.DAT
1 16 43.831841 82.717003 -5.178561 0.999982 -0.005947 0 0.005939 0.998549 0.053526 -0.000318 -0.053525 0.998566 754.DAT
1 16 43.8536 80.20108 -4.982727 0.999952 -0.009778 0 0.00974 0.996073 0.088002 -0.00086 -0.087998 0.99612 754.DAT
1 16 43.885185 77.693771 -4.698427 0.999906 -0.0137 0 0.013595 0.992275 0.123311 -0.001689 -0.123299 0.992368 754.DAT
1 16 43.927814 75.199959 -4.314796 0.999833 -0.018267 0 0.018019 0.986224 0.164431 -0.003003 -0.164404 0.986389 754.DAT
1 16 43.981228 72.723175 -3.834058 0.999749 -0.022416 -0.000001 0.021955 0.979182 0.201794 -0.004523 -0.201743 0.979428 754.DAT
1 16 44.045341 70.267349 -3.25705 0.999644 -0.026693 -0.000001 0.025911 0.970348 0.24032 -0.006414 -0.240234 0.970694 754.DAT
1 16 44.120583 67.837616 -2.579875 0.999514 -0.03116 -0.000001 0.029909 0.959365 0.280577 -0.008742 -0.280441 0.959831 754.DAT
1 16 44.207108 65.438942 -1.801155 0.999365 -0.035633 -0.000002 0.033749 0.946513 0.320897 -0.011433 -0.320693 0.947114 754.DAT
1 16 44.304981 63.07634 -0.92027 0.999194 -0.040141 -0.000002 0.037426 0.931597 0.361561 -0.014511 -0.36127 0.932348 754.DAT
1 16 44.414341 60.755436 0.063961 0.999 -0.044709 -0.000003 0.040923 0.914381 0.402781 -0.018005 -0.402378 0.915296 754.DAT
1 16 44.535721 58.484234 1.156384 0.998771 -0.049558 -0.000003 0.044343 0.893649 0.44657 -0.022128 -0.446021 0.894749 754.DAT
1 16 44.668724 56.267044 2.353402 0.998538 -0.054059 -0.000004 0.04721 0.87199 0.487242 -0.026336 -0.48653 0.873267 754.DAT
1 16 44.813946 54.113808 3.66039 0.998255 -0.059047 -0.000005 0.049987 0.845047 0.53235 -0.03143 -0.531421 0.846524 754.DAT
1 16 44.970921 52.029171 5.073188 0.997978 -0.063562 -0.000005 0.052086 0.817748 0.573215 -0.03643 -0.572056 0.819405 754.DAT
1 16 45.140404 50.026814 6.598528 0.997637 -0.068708 -0.000006 0.053921 0.782873 0.61984 -0.042583 -0.618376 0.784728 754.DAT
1 16 45.322224 48.115242 8.234897 0.997296 -0.073486 -0.000007 0.055007 0.746446 0.663169 -0.048728 -0.661376 0.74847 754.DAT
1 16 45.516533 46.30756 9.983667 0.996913 -0.078511 -0.000008 0.055389 0.703248 0.708784 -0.055641 -0.706597 0.705426 754.DAT
1 16 45.723076 44.614922 11.842576 0.996526 -0.083287 -0.000009 0.054888 0.656653 0.752193 -0.062641 -0.74958 0.658943 754.DAT
1 16 45.942219 43.058296 13.814865 0.996087 -0.088376 -0.000011 0.053209 0.599627 0.798509 -0.070563 -0.795385 0.601983 754.DAT
1 16 46.135513 41.935856 15.554492 0.995441 -0.095379 -0.000012 0.048304 0.504017 0.862342 -0.082243 -0.858411 0.506326 756.DAT
1 16 46.529785 39.967674 19.102964 0.994801 0.101839 -0.000014 0.039576 -0.386724 -0.921346 -0.093835 0.916555 -0.388744 754.DAT
1 16 46.789749 39.069271 21.442648 0.994383 0.105842 -0.000015 0.030353 -0.285304 -0.957956 -0.101396 0.952575 -0.286914 754.DAT
1 16 47.058987 38.437222 23.865776 0.994061 0.10882 -0.000016 0.018617 -0.170212 -0.985232 -0.107216 0.97938 -0.171227 754.DAT
1 16 47.33461 38.114315 26.346384 0.993889 0.11038 -0.000017 0.003364 -0.030437 -0.999531 -0.110329 0.993423 -0.030623 754.DAT
1 16 47.612331 38.153858 28.845886 0.993976 0.1096 -0.000016 -0.01352 0.12247 -0.99238 -0.108763 0.986402 0.123214 754.DAT
1 16 47.88583 38.584789 31.307367 0.994375 0.105913 -0.000015 -0.030172 0.283134 -0.958606 -0.101524 0.953214 0.284737 754.DAT
1 16 48.147522 39.420177 33.66259 0.995089 0.098987 -0.000013 -0.044111 0.443315 -0.89528 -0.088615 0.890884 0.445504 754.DAT
1 16 48.389812 40.645649 35.843185 0.995985 0.08952 -0.000011 -0.052638 0.585541 -0.808932 -0.07241 0.805684 0.587903 754.DAT
1 16 48.606777 42.214767 37.795876 0.99695 0.078038 -0.000008 -0.05539 0.70755 -0.704489 -0.054971 0.702341 0.709715 754.DAT
1 16 48.794914 44.067314 39.489132 0.997776 0.066663 -0.000006 -0.053269 0.797246 -0.6013 -0.040079 0.599963 0.799024 754.DAT
1 16 48.954742 46.128384 40.92757 0.998445 0.055745 -0.000004 -0.048199 0.863238 -0.502491 -0.028008 0.501709 0.864583 754.DAT
1 16 49.087326 48.343567 42.120815 0.998979 0.045178 -0.000003 -0.041268 0.912488 -0.407017 -0.018386 0.406602 0.91342 754.DAT
1 16 49.195072 50.668293 43.090546 0.999315 0.036996 -0.000002 -0.034883 0.942213 -0.333192 -0.012325 0.332964 0.942859 754.DAT
1 16 49.282066 53.063671 43.873493 0.999589 0.028652 -0.000001 -0.027683 0.965755 -0.257976 -0.007391 0.25787 0.966151 754.DAT
1 16 49.349262 55.511803 44.478233 0.999759 0.021939 -0.000001 -0.021507 0.980068 -0.197494 -0.004332 0.197447 0.980304 754.DAT
1 16 49.39994 57.992661 44.934361 0.999875 0.015786 0 -0.015626 0.98973 -0.142093 -0.002243 0.142075 0.989853 754.DAT
1 16 49.435654 60.49509 45.255772 0.999946 0.010366 0 -0.010321 0.995585 -0.093297 -0.000967 0.093292 0.995638 754.DAT
1 16 49.458145 63.010307 45.458183 0.999985 0.005546 0 -0.005539 0.998738 -0.049913 -0.000277 0.049913 0.998754 754.DAT
1 16 49.469238 65.385132 45.558029 0.999998 0.00215 0 -0.002149 0.99981 -0.019348 -0.000042 0.019348 0.999813 754.DAT
0 NOFILE


0 FILE 6389 - car 1.ldr 
0 car 1
0 Name: 6389 - car 1.ldr 
0 Author: Robert Paciorek [bercik]
0 !LICENSE Redistributable under CCAL version 2.0 : see CAreadme.txt
0 !HELP Copyright (c) 2002-2017, Robert Paciorek (http://www.opcode.eu.org/)
0 !HELP Released under a dual license, you can choise "CCAL version 2.0" or "BSD/MIT-type licence":
0 !HELP Redistribution and use in source or any others forms, with or without modification, ARE PERMITTED provided save information about author(s).
0 !HELP This material is distributed WITHOUT any warranty, use at YOUR own risk.
1 0 20 0 30 1 0 0 0 1 0 0 0 1 4282.dat
0 STEP
1 4 -10 -8 50 1 0 0 0 1 0 0 0 1 3021.dat
1 4 -10 -8 10 1 0 0 0 1 0 0 0 1 3021.dat
1 4 -130 -8 40 1 0 0 0 1 0 0 0 1 2420.dat
1 4 170 -8 40 0 0 -1 0 1 0 1 0 0 2420.dat
1 4 170 -8 20 -1 0 0 0 1 0 0 0 -1 2420.dat
1 4 -130 -8 20 0 0 1 0 1 0 -1 0 0 2420.dat
1 0 -80 -8 30 0 0 1 0 1 0 -1 0 0 4600.dat
1 0 120 -8 30 0 0 1 0 1 0 -1 0 0 4600.dat
1 0 60 -8 30 0 0 1 0 1 0 -1 0 0 4600.dat
0 STEP
1 0 20 -16 30 1 0 0 0 1 0 0 0 1 4282.dat
0 STEP
1 4 170 -32 0 0 0 1 0 1 0 -1 0 0 2341.dat
1 4 170 -32 60 0 0 1 0 1 0 -1 0 0 2341.dat
1 4 10 -32 60 0 0 -1 0 1 0 1 0 0 3665.dat
1 4 10 -32 0 0 0 -1 0 1 0 1 0 0 3665.dat
1 4 -10 -16 60 0 0 -1 0 1 0 1 0 0 3024.dat
1 4 -10 -16 0 0 0 -1 0 1 0 1 0 0 3024.dat
1 4 -130 -40 40 0 0 1 0 1 0 -1 0 0 4070.dat
1 4 -130 -40 20 0 0 1 0 1 0 -1 0 0 4070.dat
0 STEP
1 4 -10 -24 30 0 0 1 0 1 0 -1 0 0 3710.dat
1 4 -10 -32 30 0 0 1 0 1 0 -1 0 0 3710.dat
1 4 170 -40 30 0 0 -1 0 1 0 1 0 0 3660.dat
1 4 -144 -30 30 0 1 0 0 0 -1 -1 0 0 3023.dat
1 4 -152 -30 30 0 1 0 0 0 -1 -1 0 0 3023.dat
1 14 -90 -24 30 0 0 1 0 1 0 -1 0 0 3829c01.dat
0 STEP
1 14 -30 -40 30 0 0 -1 0 1 0 1 0 0 4865a.dat
1 4 -130 -32 0 0 0 1 0 1 0 -1 0 0 2341.dat
1 4 -130 -32 60 0 0 1 0 1 0 -1 0 0 2341.dat
1 15 -160 -30 30 0 1 0 0 0 -1 -1 0 0 2412b.dat
1 4 -30 -32 60 0 0 1 0 1 0 -1 0 0 3665.dat
1 4 -30 -32 0 0 0 1 0 1 0 -1 0 0 3665.dat
1 0 100 -40 30 -1 0 0 0 1 0 0 0 -1 3001.dat
0 STEP
1 15 100 -40 0 -1 0 0 0 1 0 0 0 -1 3460.dat
1 15 -60 -40 0 -1 0 0 0 1 0 0 0 -1 3460.dat
1 15 -60 -40 60 -1 0 0 0 1 0 0 0 -1 3460.dat
1 15 100 -40 60 -1 0 0 0 1 0 0 0 -1 3460.dat
1 7 100 -48 60 -1 0 0 0 1 0 0 0 -1 2412b.dat
0 STEP
1 4 70 -88 70 0 0 -1 0 1 0 1 0 0 3582.dat
1 4 130 -88 70 0 0 1 0 1 0 -1 0 0 3582.dat
1 4 50 -64 60 0 0 1 0 1 0 -1 0 0 3005.dat
1 4 150 -64 60 0 0 1 0 1 0 -1 0 0 3005.dat
1 46 -150 -40 60 0 0 1 0 1 0 -1 0 0 3024.dat
1 46 -150 -40 0 0 0 1 0 1 0 -1 0 0 3024.dat
1 36 190 -40 0 0 0 1 0 1 0 -1 0 0 3024.dat
1 36 190 -40 60 0 0 1 0 1 0 -1 0 0 3024.dat
1 4 190 -88 30 0 0 1 0 1 0 -1 0 0 4864b.dat
1 4 70 -88 60 -1 0 0 0 1 0 0 0 -1 3581.dat
1 4 120 -57 10 1 0 0 0 0 -1 0 1 0 3938.dat
1 4 80 -64 20 1 0 0 0 1 0 0 0 1 3937.dat
1 4 120 -64 20 1 0 0 0 1 0 0 0 1 3937.dat
1 4 80 -57 10 1 0 0 0 0 -1 0 1 0 3938.dat
1 4 130 -88 60 -1 0 0 0 1 0 0 0 -1 3581.dat
0 STEP
1 4 0 -64 60 -1 0 0 0 1 0 0 0 -1 3010.dat
1 4 0 -64 0 -1 0 0 0 1 0 0 0 -1 3010.dat
1 4 170 -64 0 1 0 0 0 1 0 0 0 1 2357.dat
1 4 -60 -64 60 1 0 0 0 1 0 0 0 1 4865a.dat
1 4 -100 -64 60 1 0 0 0 1 0 0 0 1 4865a.dat
1 4 -100 -64 0 -1 0 0 0 1 0 0 0 -1 4865a.dat
1 4 -60 -64 0 -1 0 0 0 1 0 0 0 -1 4865a.dat
1 4 100 -68 2 1 0 0 0 0 -1 0 1 0 3020.dat
1 4 170 -64 60 0 0 1 0 1 0 -1 0 0 2357.dat
0 STEP
1 4 50 -88 60 0 0 1 0 1 0 -1 0 0 3005.dat
1 4 -10 -88 60 0 0 1 0 1 0 -1 0 0 3005.dat
1 4 -10 -88 0 0 0 1 0 1 0 -1 0 0 3005.dat
1 4 10 -88 60 -1 0 0 0 1 0 0 0 -1 4070.dat
1 4 180 -88 0 -1 0 0 0 1 0 0 0 -1 3004.dat
1 4 170 -88 60 -1 0 0 0 1 0 0 0 -1 3622.dat
1 15 129 -68 -6 0 0 1 1 0 0 0 1 0 3069bp25.dat
1 7 70 -77 -22 1 0 0 0 0 -1 0 1 0 4589.dat
1 4 99 -67 -22 -1 0 0 0 0 1 0 1 0 2584.dat
1 0 99 -67 -28 -1 0 0 0 0 1 0 1 0 2585.dat
1 4 30 -88 60 -1 0 0 0 1 0 0 0 -1 4070.dat
1 4 29.998 -88 0 1 0 0 0 1 0 0 0 1 4070.dat
1 4 9.998 -88 0 1 0 0 0 1 0 0 0 1 4070.dat
0 STEP
1 0 20 -77 -14 -1 0 0 0 0 1 0 1 0 2412b.dat
1 0 20 -77 74 1 0 0 0 0 1 0 -1 0 2412b.dat
1 4 150 -88 0 -1 0 0 0 1 0 0 0 -1 3188.dat
1 4 50 -88 0 -1 0 0 0 1 0 0 0 -1 3189.dat
0 STEP
1 15 160 -96 0 -1 0 0 0 1 0 0 0 -1 3023.dat
1 15 190 -96 30 0 0 -1 0 1 0 1 0 0 3023.dat
1 33 190 -96 60 0 0 -1 0 1 0 1 0 0 3024.dat
1 33 190 -96 0 0 0 -1 0 1 0 1 0 0 3024.dat
1 4 -130 -64 30 0 0 1 0 1 0 -1 0 0 3037.dat
1 15 20 -96 0 -1 0 0 0 1 0 0 0 -1 3710.dat
1 15 80 -96 60 -1 0 0 0 1 0 0 0 -1 4477.dat
0 STEP
1 4 20 -104 30 -1 0 0 0 1 0 0 0 -1 3031.dat
1 4 120 -104 60 -1 0 0 0 1 0 0 0 -1 3666.dat
1 4 190 -104 30 0 0 -1 0 1 0 1 0 0 3710.dat
1 4 160 -104 0 -1 0 0 0 1 0 0 0 -1 3023.dat
0 STEP
1 4 150 -128 30 0 0 -1 0 1 0 1 0 0 3297.dat
1 4 50 -128 30 0 0 1 0 1 0 -1 0 0 4865a.dat
1 4 100 -112 60 -1 0 0 0 1 0 0 0 -1 3710.dat
1 4 10 -112 30 0 0 -1 0 1 0 1 0 0 3023.dat
1 4 -10 -112 30 0 0 1 0 1 0 -1 0 0 4315.dat
0 STEP
1 41 -25 -108 30 0 0 1 0 1 0 -1 0 0 4474.dat
1 4 0 -120 30 0 0 1 0 1 0 -1 0 0 3680c01.dat
1 33 -10 -120 60 0 0 1 0 1 0 -1 0 0 3070a.dat
1 33 -10 -120 0 0 0 1 0 1 0 -1 0 0 3070a.dat
1 4 100 -120 60 1 0 0 0 1 0 0 0 1 4625.dat
1 4 100 -128 30 1 0 0 0 1 0 0 0 1 4213.dat
0 STEP
1 4 50 -128 60 0 0 1 0 1 0 -1 0 0 4286.dat
1 4 50 -128 0 0 0 1 0 1 0 -1 0 0 4286.dat
1 15 10 -144 40 0 0 -1 0 1 0 1 0 0 4070.dat
1 15 10 -144 20 0 0 -1 0 1 0 1 0 0 4070.dat
1 4 100 -120 0 1 0 0 0 1 0 0 0 1 3010.dat
0 STEP
1 0 70 -136 40 0 0 1 0 1 0 -1 0 0 4592c01.dat
1 7 10 -152 30 0 0 -1 0 1 0 1 0 0 2412b.dat
1 15 48 -134 30 0 -1 0 0 0 -1 1 0 0 2432.dat
1 15 100 -96 0 1 0 0 0 1 0 0 0 1 3710.dat
1 15 -10 -144 30 0 0 1 0 1 0 -1 0 0 3937.dat
1 15 -16.364 -143.293 30 0 0.707 0.707 0 0.707 -0.707 -1 0 0 3938.dat
0 STEP
1 15 -80.317 -2.536 0 1 0 0 0 1 0 0 0 1 4624.dat
1 0 -80 -2 0 1 0 0 0 1 0 0 0 1 4084.dat
1 15 59.683 -2.536 0 1 0 0 0 1 0 0 0 1 4624.dat
1 0 60 -2 0 1 0 0 0 1 0 0 0 1 4084.dat
1 15 119.683 -2.536 0 1 0 0 0 1 0 0 0 1 4624.dat
1 0 120 -2 0 1 0 0 0 1 0 0 0 1 4084.dat
1 15 119.683 -2.536 60 -1 0 0 0 1 0 0 0 -1 4624.dat
1 0 119.366 -2 60 -1 0 0 0 1 0 0 0 -1 4084.dat
1 15 59.683 -2.536 60 -1 0 0 0 1 0 0 0 -1 4624.dat
1 0 59.366 -2 60 -1 0 0 0 1 0 0 0 -1 4084.dat
1 15 -80.317 -2.536 60 -1 0 0 0 1 0 0 0 -1 4624.dat
1 0 -80.634 -2 60 -1 0 0 0 1 0 0 0 -1 4084.dat
1 15 -21.213 -148.492 30 0 0.707 0.707 0 0.707 -0.707 -1 0 0 3794a.dat
0 STEP
1 15 -38.184 -165.463 30 0 0.707 0.707 0 0.707 -0.707 -1 0 0 3062b.dat
1 15 -55.155 -182.434 30 0 0.707 0.707 0 0.707 -0.707 -1 0 0 3062b.dat
1 15 -72.125 -199.404 30 0 0.707 0.707 0 0.707 -0.707 -1 0 0 4589.dat
0 NOFILE


0 FILE 6389 - car 2.ldr 
0 car 2
0 Name: 6389 - car 2.ldr 
0 Author: Robert Paciorek [bercik]
0 !LICENSE Redistributable under CCAL version 2.0 : see CAreadme.txt
0 !HELP Copyright (c) 2002-2017, Robert Paciorek (http://www.opcode.eu.org/)
0 !HELP Released under a dual license, you can choise "CCAL version 2.0" or "BSD/MIT-type licence":
0 !HELP Redistribution and use in source or any others forms, with or without modification, ARE PERMITTED provided save information about author(s).
0 !HELP This material is distributed WITHOUT any warranty, use at YOUR own risk.
1 0 -5 0 35 1 0 0 0 1 0 0 0 1 3034.dat
1 0 -65 8 35 0 0 1 0 1 0 -1 0 0 2817.dat
1 0 55 8 35 0 0 1 0 1 0 -1 0 0 2817.dat
0 STEP
1 15 -5 -8 35 0 0 1 0 1 0 -1 0 0 3020.dat
1 15 -55 -8 35 -1 0 0 0 1 0 0 0 -1 3021.dat
1 15 55 -8 35 -1 0 0 0 1 0 0 0 -1 3020.dat
0 STEP
1 15 85 -16 35 0 0 -1 0 1 0 1 0 0 3710.dat
1 15 -5 -16 65 1 0 0 0 1 0 0 0 1 3710.dat
1 15 -5 -16 5 1 0 0 0 1 0 0 0 1 3710.dat
0 STEP
1 15 55 -24 35 0 0 1 0 1 0 -1 0 0 3788.dat
1 15 -65 -24 35 0 0 1 0 1 0 -1 0 0 3788.dat
1 14 -35 -32 35 0 0 1 0 1 0 -1 0 0 3004.dat
0 STEP
1 14 -15 -16 35 0 0 1 0 1 0 -1 0 0 3829c01.dat
1 36 85 -24 65 0 0 1 0 1 0 -1 0 0 3024.dat
1 36 85 -24 5 0 0 1 0 1 0 -1 0 0 3024.dat
1 4 -35 -24 5 0 0 1 0 1 0 -1 0 0 3024.dat
1 4 -35 -24 65 0 0 1 0 1 0 -1 0 0 3024.dat
1 4 -55 -24 35 0 0 1 0 1 0 -1 0 0 3023.dat
1 4 45 -24 35 0 0 1 0 1 0 -1 0 0 3023.dat
1 15 -75 -24 35 0 0 1 0 1 0 -1 0 0 2436a.dat
0 STEP
1 46 -97 -13 5 0 1 0 0 0 -1 -1 0 0 3024.dat
1 46 -97 -13 65 0 1 0 0 0 -1 -1 0 0 3024.dat
1 7 -97 -13 35 0 1 0 0 0 -1 -1 0 0 2412b.dat
1 4 -75 -32 25 0 0 1 0 1 0 -1 0 0 2420.dat
1 4 -75 -32 45 1 0 0 0 1 0 0 0 1 2420.dat
1 4 -45 -32 5 1 0 0 0 1 0 0 0 1 3069b.dat
1 4 -45 -32 65 1 0 0 0 1 0 0 0 1 3069b.dat
1 4 75 -48 65 1 0 0 0 1 0 0 0 1 4865a.dat
1 4 75 -48 5 -1 0 0 0 1 0 0 0 -1 4865a.dat
0 STEP
1 4 -35 -40 35 0 0 -1 0 1 0 1 0 0 3023.dat
1 4 45 -32 35 0 0 -1 0 1 0 1 0 0 3710.dat
1 4 75 -40 35 0 0 -1 0 1 0 1 0 0 2584.dat
0 STEP
1 4 45 -40 35 0 0 -1 0 1 0 1 0 0 3710.dat
1 4 -15 -40 5 0 0 1 0 1 0 -1 0 0 3822.dat
1 4 -15 -40 65 0 0 1 0 1 0 -1 0 0 3821.dat
1 0 75 -44 35 0 0 -1 0 1 0 1 0 0 2585.dat
1 4 -65 -40 35 0 0 1 0 1 0 -1 0 0 4859.dat
0 STEP
1 41 -15 -88 35 0 0 1 0 1 0 -1 0 0 3823.dat
1 4 45 -88 35 0 0 1 0 1 0 -1 0 0 4214.dat
1 4 15 -96 35 0 0 1 0 1 0 -1 0 0 4213.dat
1 7 55 18 13 0 0 1 0 1 0 -1 0 0 3749.dat
1 7 -65 18 13 0 0 1 0 1 0 -1 0 0 3749.dat
1 7 55 18 57 0 0 1 0 -1 0 1 0 0 3749.dat
1 7 -65 18 57 0 0 1 0 -1 0 1 0 0 3749.dat
0 STEP
1 15 5 -104 35 0 0 1 0 1 0 -1 0 0 3794a.dat
1 33 5 -104 65 0 0 1 0 1 0 -1 0 0 3024.dat
1 33 5 -104 5 0 0 1 0 1 0 -1 0 0 3024.dat
1 0 55 18 75 -1 0 0 0 1 0 0 0 -1 4288.dat
1 0 -65 18 75 -1 0 0 0 1 0 0 0 -1 4288.dat
1 0 55 18 -5 -1 0 0 0 1 0 0 0 -1 4288.dat
1 0 -65 18 -5 -1 0 0 0 1 0 0 0 -1 4288.dat
0 STEP
1 0 5 -112 35 0 0 1 0 1 0 -1 0 0 4592c01.dat
1 15 55 18 -15 -1 0 0 0 0 -1 0 -1 0 6141.dat
1 15 55 18 89 -1 0 0 0 0 -1 0 -1 0 6141.dat
1 15 -65 18 89 -1 0 0 0 0 -1 0 -1 0 6141.dat
1 15 -65 18 -15 -1 0 0 0 0 -1 0 -1 0 6141.dat
0 NOFILE


0 FILE 6389 - minifig 1.ldr 
0 minifig 1
0 Name: 6389 - minifig 1.ldr 
0 Author: Robert Paciorek [bercik]
0 !LICENSE Redistributable under CCAL version 2.0 : see CAreadme.txt
0 !HELP Copyright (c) 2002-2017, Robert Paciorek (http://www.opcode.eu.org/)
0 !HELP Released under a dual license, you can choise "CCAL version 2.0" or "BSD/MIT-type licence":
0 !HELP Redistribution and use in source or any others forms, with or without modification, ARE PERMITTED provided save information about author(s).
0 !HELP This material is distributed WITHOUT any warranty, use at YOUR own risk.
1 15 0 -96.022 1.818 1 0 0 0 1 0 0 0 1 2446.dat
1 43 0 -92.759 7.166 1 0 0 0 0.5 0.866 0 -0.866 0.5 2447.dat
1 14 0 -96.022 1.818 1 0 0 0 1 0 0 0 1 3626bp01.dat
1 0 0 -72.022 1.818 1 0 0 0 1 0 0 0 1 973p21.dat
1 0 0 -40.022 1.818 1 0 0 0 1 0 0 0 1 3815.dat
1 0 15.5 -64.022 1.818 0.985 0.17 0 -0.17 0.985 0 0 0 1 3819.dat
1 0 -15.5 -64.022 1.818 0.985 -0.17 0 0.17 0.985 0 0 0 1 3818.dat
1 14 23.658 -46.149 -8.182 0.985 0.12 -0.12 -0.17 0.697 -0.697 0 0.707 0.707 3820.dat
1 14 -23.658 -46.149 -8.182 0.985 -0.12 0.12 0.17 0.697 -0.697 0 0.707 0.707 3820.dat
1 0 0 -28.022 1.818 1 0 0 0 1 0 0 0 1 3817.dat
1 0 0 -28.022 1.818 1 0 0 0 1 0 0 0 1 3816.dat
0 NOFILE


0 FILE 6389 - minifig 2.ldr 
0 minifig 2
0 Name: 6389 - minifig 2.ldr 
0 Author: Robert Paciorek [bercik]
0 !LICENSE Redistributable under CCAL version 2.0 : see CAreadme.txt
0 !HELP Copyright (c) 2002-2017, Robert Paciorek (http://www.opcode.eu.org/)
0 !HELP Released under a dual license, you can choise "CCAL version 2.0" or "BSD/MIT-type licence":
0 !HELP Redistribution and use in source or any others forms, with or without modification, ARE PERMITTED provided save information about author(s).
0 !HELP This material is distributed WITHOUT any warranty, use at YOUR own risk.
1 15 0 -96.022 1.818 1 0 0 0 1 0 0 0 1 3834.dat
1 14 0 -96.022 1.818 1 0 0 0 1 0 0 0 1 3626bp01.dat
1 0 0 -72.022 1.818 1 0 0 0 1 0 0 0 1 973p21.dat
1 0 0 -40.022 1.818 1 0 0 0 1 0 0 0 1 3815.dat
1 0 15.5 -64.022 1.818 0.985 0.17 0 -0.17 0.985 0 0 0 1 3819.dat
1 0 -15.5 -64.022 1.818 0.985 -0.17 0 0.17 0.985 0 0 0 1 3818.dat
1 14 23.658 -46.149 -8.182 0.985 0.12 -0.12 -0.17 0.697 -0.697 0 0.707 0.707 3820.dat
1 14 -23.658 -46.149 -8.182 0.985 -0.12 0.12 0.17 0.697 -0.697 0 0.707 0.707 3820.dat
1 0 0 -28.022 1.818 1 0 0 0 1 0 0 0 1 3817.dat
1 0 0 -28.022 1.818 1 0 0 0 1 0 0 0 1 3816.dat
0 NOFILE


0 FILE 6389 - minifig 3.ldr 
0 minifig 3
0 Name: 6389 - minifig 3.ldr 
0 Author: Robert Paciorek [bercik]
0 !LICENSE Redistributable under CCAL version 2.0 : see CAreadme.txt
0 !HELP Copyright (c) 2002-2017, Robert Paciorek (http://www.opcode.eu.org/)
0 !HELP Released under a dual license, you can choise "CCAL version 2.0" or "BSD/MIT-type licence":
0 !HELP Redistribution and use in source or any others forms, with or without modification, ARE PERMITTED provided save information about author(s).
0 !HELP This material is distributed WITHOUT any warranty, use at YOUR own risk.
1 0 0 -96.022 1.818 1 0 0 0 1 0 0 0 1 3901.dat
1 14 0 -96.022 1.818 1 0 0 0 1 0 0 0 1 3626bp01.dat
1 0 0 -72.022 1.818 1 0 0 0 1 0 0 0 1 973p21.dat
1 0 0 -40.022 1.818 1 0 0 0 1 0 0 0 1 3815.dat
1 0 15.5 -64.022 1.818 0.985 0.17 0 -0.17 0.985 0 0 0 1 3819.dat
1 0 -15.5 -64.022 1.818 0.985 -0.17 0 0.17 0.985 0 0 0 1 3818.dat
1 14 23.658 -46.149 -8.182 0.985 0.12 -0.12 -0.17 0.697 -0.697 0 0.707 0.707 3820.dat
1 14 -23.658 -46.149 -8.182 0.985 -0.12 0.12 0.17 0.697 -0.697 0 0.707 0.707 3820.dat
1 0 0 -28.022 1.818 1 0 0 0 1 0 0 0 1 3817.dat
1 0 0 -28.022 1.818 1 0 0 0 1 0 0 0 1 3816.dat
0 NOFILE


