0 FILE 6470 - Main.ldr
0 Main
0 Name: 6470 - Main.ldr
0 Author: Marc Giraudet [Mad_Marc]
0 !LDRAW_ORG Model
0 !LICENSE Redistributable under CCAL version 2.0 : see CAreadme.txt
0 !HISTORY 2019-12-11 [Mad_Marc] OMR compliance and updated grey parts


1 0 0 0 0 1 0 0 0 1 0 0 0 1 6470 - Dump Truck.ldr
1 0 120 -18 60 0.707107 0 -0.707107 0 1 0 0.707107 0 0.707107 6470 - Worker.ldr






0 FILE 6470 - Dump Truck.ldr
0 Dump Truck
0 Name: 6470 - Dump Truck.ldr
0 Author: Marc Giraudet [Mad_Marc]
0 !LDRAW_ORG Model
0 !LICENSE Redistributable under CCAL version 2.0 : see CAreadme.txt
0 !HISTORY 2019-12-11 [Mad_Marc] OMR compliance and updated grey parts

1 14 0 0 0 0 0 1 0 1 0 -1 0 0 30277.dat
1 256 36 29 -40 0 0 1 0 1 0 -1 0 0 6015.dat
1 256 -36 29 -40 0 0 1 0 1 0 -1 0 0 6015.dat
1 256 36 29 40 0 0 1 0 1 0 -1 0 0 6015.dat
1 256 -36 29 40 0 0 1 0 1 0 -1 0 0 6015.dat
1 14 30 29 -40 0 0 -1 0 1 0 1 0 0 6014.dat
1 14 30 29 40 0 0 -1 0 1 0 1 0 0 6014.dat
1 14 -30 29 -40 0 0 1 0 1 0 -1 0 0 6014.dat
1 14 -30 29 40 0 0 1 0 1 0 -1 0 0 6014.dat
0 STEP
1 0 0 -8 40 0 0 1 0 1 0 -1 0 0 3031.dat
1 0 0 -8 -40 0 0 1 0 1 0 -1 0 0 3020.dat
0 STEP
1 14 0 -32 60 1 0 0 0 1 0 0 0 1 3001.dat
1 14 -30 -32 20 0 0 1 0 1 0 -1 0 0 2458.dat
1 14 30 -32 20 0 0 -1 0 1 0 1 0 0 2458.dat
0 STEP
1 1 0 -16 -60 0 0 -1 0 1 0 1 0 0 3068b.dat
1 1 0 -16 -10 1 0 0 0 1 0 0 0 1 3829c01.dat
1 0 0 -64 50 1 0 0 0 1 0 0 0 1 2432.dat
0 STEP
1 0 50 -14.001 -60.001 0 1 0 -0.995038 0 -0.0999905 -0.099493 0 1.00001 30397.dat
1 0 -50 -14.001 -60.001 0 1 0 -0.995038 0 -0.0999905 -0.099493 0 1.00001 30397.dat
1 8 0 -24 -60 1 0 0 0 1 0 0 0 1 30157.dat
0 STEP
1 14 0 -32 -60 -1 0 0 0 1 0 0 0 -1 2512.dat






0 FILE 6470 - Worker.ldr
0 Worker
0 Name: 6470 - Worker.ldr
0 Author: Marc Giraudet [Mad_Marc]
0 !LDRAW_ORG Model
0 !LICENSE Redistributable under CCAL version 2.0 : see CAreadme.txt
0 !HISTORY 2019-12-11 [Mad_Marc] OMR compliance and updated grey parts

1 15 0 -24 0 1 0 0 0 1 0 0 0 1 3833.dat
1 14 0 -24 0 1 0 0 0 1 0 0 0 1 3626bp01.dat
1 25 0 0 0 1 0 0 0 1 0 0 0 1 973p8g.dat
1 25 0 32 0 1 0 0 0 1 0 0 0 1 3815b.dat
1 25 -15.552 9 0 0.985 -0.17 0 0.17 0.985 0 0 0 1 3818.dat
1 25 15.552 9 0 0.985 0.17 0 -0.17 0.985 0 0 0 1 3819.dat
1 8 -23.8634 26.5956 -10.321 0.985 -0.12019 0.12019 0.17 0.696395 -0.696395 0 0.707 0.707 3820.dat
1 8 23.8634 26.5956 -10.321 0.985 0.12019 -0.12019 -0.17 0.696395 -0.696395 0 0.707 0.707 3820.dat
1 25 0 44 0 1 0 0 0 1 0 0 0 1 3816b.dat
1 25 0 44 0 1 0 0 0 1 0 0 0 1 3817b.dat










