0 FILE 6522 - Main.ldr
0 Main
0 Name: 6522 - Main.ldr
0 Author: Marc Giraudet [Mad_Marc]
0 !LDRAW_ORG Model
0 !LICENSE Redistributable under CCAL version 2.0 : see CAreadme.txt

1 0 0 0 0 1 0 0 0 1 0 0 0 1 6522 - Phone.ldr
1 0 0 0 0 1 0 0 0 1 0 0 0 1 6522 - Biker.ldr
1 0 110 0 50 1 0 0 0 1 0 0 0 1 6522 - Biker.ldr






0 FILE 6522 - Phone.ldr
0 Phone
0 Name: 6522 - Phone.ldr
0 Author: Marc Giraudet [Mad_Marc]
0 !LDRAW_ORG Model
0 !LICENSE Redistributable under CCAL version 2.0 : see CAreadme.txt

0 STEP
1 0 -100 40 -100 0 0 1 0 1 0 -1 0 0 3020.dat
0 STEP
1 15 -110 16 -100 0 0 1 0 1 0 -1 0 0 3004.dat
1 15 -110 -8 -100 0 0 -1 0 1 0 1 0 0 3004p18.dat
0 STEP
1 15 -100 -16 -100 0 0 1 0 1 0 -1 0 0 3020.dat
0 STEP
1 0 -110 -40 -100 0 0 -1 0 1 0 1 0 0 3039p12.dat
0 STEP
1 41 -100 -64 -70 1 0 0 0 1 0 0 0 1 4864a.dat
1 41 -100 -64 -130 -1 0 0 0 1 0 0 0 -1 4864a.dat
0 STEP
1 15 -110 -88 -100 0 0 -1 0 1 0 1 0 0 4861.dat






0 FILE 6522 - Biker.ldr
0 Biker
0 Name: 6522 - Biker.ldr
0 Author: Marc Giraudet [Mad_Marc]
0 !LDRAW_ORG Model
0 !LICENSE Redistributable under CCAL version 2.0 : see CAreadme.txt

1 15 0 0 0 1 0 0 0 1 0 0 0 1 4480c01.dat
1 47 0 30 -90 1 0 0 0 1 0 0 0 1 3464.dat
1 47 0 30 0 1 0 0 0 1 0 0 0 1 3464.dat
1 256 0 30 0 0 0 -1 0 1 0 1 0 0 3641.dat
1 256 0 30 -90 0 0 -1 0 1 0 1 0 0 3641.dat
0 STEP
1 15 20 10 0 0 -1 0 0 0 -1 1 0 0 3069bp18.dat
1 15 -20 10 0 0 1 0 0 0 -1 -1 0 0 3069bp18.dat
1 33 0 -8 10 0 0 1 0 1 0 -1 0 0 3024.dat
1 0 0 -8 -10 -1 0 0 0 1 0 0 0 -1 4592.dat
1 0 0 -8 -10 -1 0 0 0 0.707107 -0.707107 0 -0.707107 -0.707107 4593.dat
1 36 0 10 28 0 0 1 -1 0 0 0 -1 0 6141.dat
1 46 0 -14 -93 0 0 -1 -1 0 0 0 1 0 6141.dat
0 STEP
1 15 0 -67 -31 1 0 0 0 1 0 0 0 1 3842a.dat
1 14 0 -67 -31 1 0 0 0 1 0 0 0 1 3626ap01.dat
1 0 0 -43 -31 1 0 0 0 1 0 0 0 1 973p1g.dat
1 0 0 -11 -31 1 0 0 0 1 0 0 0 1 3815.dat
1 0 -15.552 -34 -31 0.985 -0.17 0 0.17 0.985 0 0 0 1 3818.dat
1 0 15.552 -34 -31 0.985 0.17 0 -0.17 0.985 0 0 0 1 3819.dat
1 14 -23.863 -16.404 -41.321 0.985 -0.12019 0.12019 0.17 0.696395 -0.696395 0 0.707 0.707 3820.dat
1 14 23.863 -16.404 -41.321 0.985 0.12019 -0.12019 -0.17 0.696395 -0.696395 0 0.707 0.707 3820.dat
1 0 0 1 -31 1 0 0 0 0.927184 0.374607 0 -0.374607 0.927184 3816.dat
1 0 0 1 -31 1 0 0 0 0.927184 0.374607 0 -0.374607 0.927184 3817.dat









