0 FILE 6600 - main.ldr
0 main
0 Name: 6600 - main.ldr
0 Author: Victor Di Rienzo [tatubias]
0 !LDRAW_ORG Model
0 !LICENSE Redistributable under CCAL version 2.0 : see CAreadme.txt

1 0 0 0 0 1 0 0 0 1 0 0 0 1 6600 - Police Patrol Model B.ldr


0 FILE 6600 - Police Patrol Model B.ldr
0 Police Patrol Model B
0 Name: 6600 - Police Patrol Model B.ldr
0 Author: Victor Di Rienzo [tatubias]
0 !LDRAW_ORG Model
0 !LICENSE Redistributable under CCAL version 2.0 : see CAreadme.txt

1 15 0 0 0 0 0 1 0 1 0 -1 0 0 3034.dat
0 STEP
1 15 0 -16 -60 -1 0 0 0 1 0 0 0 -1 3787.dat
1 15 0 -16 40 -1 0 0 0 1 0 0 0 -1 3787.dat
1 15 0 -8 -30 -1 0 0 0 1 0 0 0 -1 3023.dat
0 STEP
1 15 0 -16 -50 0 0 1 0 1 0 -1 0 0 3021.dat
1 15 0 -16 50 0 0 1 0 1 0 -1 0 0 3021.dat
0 STEP
1 7 0 8 -60 1 0 0 0 1 0 0 0 1 122c01.dat
1 7 0 8 40 1 0 0 0 1 0 0 0 1 122c01.dat
1 256 -32 14 40 0 0 -1 0 1 0 1 0 0 3641.dat
1 256 -32 14 -60 0 0 -1 0 1 0 1 0 0 3641.dat
1 256 32 14 -60 0 0 -1 0 1 0 1 0 0 3641.dat
1 256 32 14 40 0 0 -1 0 1 0 1 0 0 3641.dat
1 47 0 -40 -30 -1 0 0 0 1 0 0 0 -1 3004.dat
1 0 0 -40 50 1 0 0 0 1 0 0 0 1 3039.dat
1 0 -110 -8 40 0.707 0 -0.707 0 1 0 0.707 0 0.707 3815c01.dat
1 0 -110 -40 40 0.707 0 -0.707 0 1 0 0.707 0 0.707 973d03.dat
1 0 -99.003 -31 50.997 0.697 0.12 -0.707 -0.17 0.985 0 0.697 0.12 0.707 3819.dat
1 0 -120.997 -31 29.003 0.697 -0.12 -0.707 0.17 0.985 0 0.697 -0.12 0.707 3818.dat
1 14 -86.261 -13.24 49.761 0.518 -0.624 -0.585 0.073 0.713 -0.697 0.852 0.318 0.415 3820.dat
1 14 -119.761 -13.24 16.261 0.636 -0.651 -0.415 0.238 0.677 -0.697 0.734 0.344 0.585 3820.dat
1 14 -110 -64 40 0.728 0 -0.686 0 1 0 0.686 0 0.728 3626ap01.dat
1 15 -110 -64 40 0.728 0 -0.686 0 1 0 0.686 0 0.728 3624.dat



