0 FILE 6600 - main.ldr
0 main
0 Name: 6600 - main.ldr
0 Author: Victor Di Rienzo [tatubias]
0 !LDRAW_ORG Model
0 !LICENSE Redistributable under CCAL version 2.0 : see CAreadme.txt

0 !HISTORY 2019-05-30 [tatubias] Original OMR model
0 !HISTORY 2021-03-29 [RainbowDolphin] Added missing stickers

0 ROTATION CENTER 0 0 0 1 "Custom" 
0 ROTATION CONFIG 0 0
1 0 0 0 0 1 0 0 0 1 0 0 0 1 6600 - Police Patrol Model A.ldr



0
0 FILE 6600 - Police Patrol Model A.ldr
0 Police Patrol Model A
0 Name: 6600 - Police Patrol Model A.ldr
0 Author: Victor Di Rienzo [tatubias]
0 !LDRAW_ORG Model
0 !LICENSE Redistributable under CCAL version 2.0 : see CAreadme.txt

0 ROTATION CENTER 0 0 0 1 "Custom" 
0 ROTATION CONFIG 0 0
1 15 0 0 0 0 0 1 0 1 0 -1 0 0 3034.dat
0 STEP
1 15 0 -16 -60 -1 0 0 0 1 0 0 0 -1 3787.dat
1 15 0 -16 40 -1 0 0 0 1 0 0 0 -1 3787.dat
1 15 0 -8 70 -1 0 0 0 1 0 0 0 -1 3023.dat
1 15 0 -8 -10 0 0 -1 0 1 0 1 0 0 3021.dat
0 STEP
1 0 0 -16 0 0 0 -1 0 1 0 1 0 0 3034.dat
0 STEP
1 15 20 8 -10 0 0 -1 0 1 0 1 0 0 3021.dat
1 15 -20 8 -10 0 0 -1 0 1 0 1 0 0 3021.dat
1 7 0 8 -60 -1 0 0 0 1 0 0 0 -1 122c01.dat
1 7 0 8 40 -1 0 0 0 1 0 0 0 -1 122c01.dat
1 256 -30 14 -60 0 0 -1 1 0 0 0 -1 0 3641.dat
1 256 32 14 -60 0 0 -1 1 0 0 0 -1 0 3641.dat
1 256 32 14 40 0 0 -1 1 0 0 0 -1 0 3641.dat
1 256 -31 14 40 0 0 -1 1 0 0 0 -1 0 3641.dat
0 STEP
1 47 0 -40 10 1 0 0 0 1 0 0 0 1 3039.dat
1 47 0 -40 30 1 0 0 0 1 0 0 0 1 3004.dat
1 0 0 -40 50 -1 0 0 0 1 0 0 0 -1 3039.dat
1 0 0 -48 30 0 0 -1 0 1 0 1 0 0 3021.dat
1 33 0 -72 20 0 0 -1 0 1 0 1 0 0 3062a.dat
1 15 20 0 -10 0 -1 0 0 0 -1 1 0 0 004324b.dat
1 15 -20 0 -10 0 1 0 0 0 -1 -1 0 0 004324b.dat
1 0 120 -8 20 1 0 0 0 1 0 0 0 1 3815c01.dat
1 0 120 -40 20 1 0 0 0 1 0 0 0 1 973d03.dat
1 0 135.552 -31 20 0.985 0.17 0 -0.17 0.985 0 0 0 1 3819.dat
1 0 104.448 -31 20 0.985 -0.17 0 0.17 0.985 0 0 0 1 3818.dat
1 14 96.312 -13.24 10.116 0.99 0.074 0.12 0.031 0.717 -0.697 -0.138 0.694 0.707 3820.dat
1 14 143.688 -13.24 10.116 0.99 0.074 -0.12 -0.137 0.704 -0.697 0.033 0.706 0.707 3820.dat
1 14 120 -64 20 0.996 0 -0.09 0 1 0 0.09 0 0.996 3626ap01.dat
1 15 120 -64 20 0.996 0 -0.09 0 1 0 0.09 0 0.996 3624.dat



0
0
