0 FILE 6602 - main.ldr
0 main
0 Name: 6602 - main.ldr
0 Author: Victor Di Rienzo [tatubias]
0 !LDRAW_ORG Model
0 !LICENSE Redistributable under CCAL version 2.0 : see CAreadme.txt

1 0 0 0 0 1 0 0 0 1 0 0 0 1 6602 - Fire Chiefs Car Model A.ldr


0 FILE 6602 - Fire Chiefs Car Model A.ldr
0 Fire Chiefs Car Model A
0 Name: 6602 - Fire Chiefs Car Model A.ldr
0 Author: Victor Di Rienzo [tatubias]
0 !LDRAW_ORG Model
0 !LICENSE Redistributable under CCAL version 2.0 : see CAreadme.txt

1 4 0 0 0 0 0 1 0 1 0 -1 0 0 3795.dat
1 4 0 0 -70 -1 0 0 0 1 0 0 0 -1 3023.dat
0 STEP
1 4 0 -16 -60 -1 0 0 0 1 0 0 0 -1 3787.dat
1 4 0 -16 40 -1 0 0 0 1 0 0 0 -1 3787.dat
1 4 0 -8 -10 0 0 -1 0 1 0 1 0 0 3021.dat
0 STEP
1 4 0 -16 -20 0 0 -1 0 1 0 1 0 0 3795.dat
1 4 0 -16 50 1 0 0 0 1 0 0 0 1 3023.dat
0 STEP
1 7 0 8 -60 1 0 0 0 1 0 0 0 1 122c01.dat
1 7 0 8 40 1 0 0 0 1 0 0 0 1 122c01.dat
1 0 -32 14 -60 0 0 1 -1 0 0 0 -1 0 3641.dat
1 0 32 14 -60 0 0 1 -1 0 0 0 -1 0 3641.dat
1 0 32 14 40 0 0 1 -1 0 0 0 -1 0 3641.dat
1 0 -32 14 40 0 0 1 -1 0 0 0 -1 0 3641.dat
1 4 -20 8 -10 0 0 1 0 1 0 -1 0 0 3021.dat
1 4 20 8 -10 0 0 1 0 1 0 -1 0 0 3021.dat
0 STEP
1 47 0 -40 10 1 0 0 0 1 0 0 0 1 3004.dat
1 47 0 -40 -10 1 0 0 0 1 0 0 0 1 3039.dat
1 4 0 -40 30 -1 0 0 0 1 0 0 0 -1 3039.dat
1 4 0 -48 10 0 0 -1 0 1 0 1 0 0 3021.dat
1 33 0 -72 0 0 0 -1 0 1 0 1 0 0 3062a.dat
1 0 100 -8 0 1 0 0 0 1 0 0 0 1 3815c01.dat
1 0 100 -40 0 1 0 0 0 1 0 0 0 1 973p21.dat
1 0 115.552 -31 0 0.985 0.17 0 -0.17 0.985 0 0 0 1 3819.dat
1 0 84.448 -31 0 0.985 -0.17 0 0.17 0.985 0 0 0 1 3818.dat
1 14 123.687 -13.249 -9.884 0.969 -0.217 -0.12 0.073 0.713 -0.697 0.237 0.666 0.707 3820.dat
1 14 76.312 -13.24 -9.884 0.969 -0.217 0.12 0.238 0.677 -0.697 0.07 0.704 0.707 3820.dat
1 14 100 -64 0 1 0 0.03 0 1 0 -0.03 0 1 3626ap01.dat
1 0 100 -64 0 1 0 0.03 0 1 0 -0.03 0 1 3834.dat



