0 FILE 6602 - main.ldr
0 main
0 Name: 6602 - main.ldr
0 Author: Victor Di Rienzo [tatubias]
0 !LDRAW_ORG Model
0 !LICENSE Redistributable under CCAL version 2.0 : see CAreadme.txt

1 0 0 0 0 1 0 0 0 1 0 0 0 1 6602 - Fire Chiefs Car Model B.ldr


0 FILE 6602 - Fire Chiefs Car Model B.ldr
0 Fire Chiefs Car Model B
0 Name: 6602 - Fire Chiefs Car Model B.ldr
0 Author: Victor Di Rienzo [tatubias]
0 !LDRAW_ORG Model
0 !LICENSE Redistributable under CCAL version 2.0 : see CAreadme.txt

1 4 0 0 0 0 0 1 0 1 0 -1 0 0 3795.dat
1 4 0 0 70 -1 0 0 0 1 0 0 0 -1 3023.dat
0 STEP
1 4 0 -16 60 -1 0 0 0 1 0 0 0 -1 3787.dat
1 4 0 -16 -40 -1 0 0 0 1 0 0 0 -1 3787.dat
1 4 0 -8 -10 -1 0 0 0 1 0 0 0 -1 3023.dat
0 STEP
1 4 -20 8 10 0 0 -1 0 1 0 1 0 0 3021.dat
1 4 20 8 10 0 0 -1 0 1 0 1 0 0 3021.dat
1 7 0 8 -40 -1 0 0 0 1 0 0 0 -1 122c01.dat
1 7 0 8 60 -1 0 0 0 1 0 0 0 -1 122c01.dat
1 0 31 14 60 0 0 -1 0 1 0 1 0 0 3641.dat
1 0 31 14 -40 0 0 -1 0 1 0 1 0 0 3641.dat
1 0 -31 14 -40 0 0 -1 0 1 0 1 0 0 3641.dat
1 0 -31 14 60 0 0 -1 0 1 0 1 0 0 3641.dat
0 STEP
1 4 0 -32 70 1 0 0 0 1 0 0 0 1 3039.dat
1 4 0 -16 -30 0 0 -1 0 1 0 1 0 0 3021.dat
0 STEP
1 47 0 -40 -10 1 0 0 0 1 0 0 0 1 3039.dat
1 33 -10 -56 70 1 0 0 0 1 0 0 0 1 3062a.dat
1 0 80 -8 60 1 0 0 0 1 0 0 0 1 3815c01.dat
1 0 80 -40 60 1 0 0 0 1 0 0 0 1 973p21.dat
1 14 80 -64 60 1 0 0 0 1 0 0 0 1 3626ap01.dat
1 0 80 -64 60 1 0 0 0 1 0 0 0 1 3834.dat
1 0 95.552 -31 60 0.985 0.17 0 -0.17 0.985 0 0 0 1 3819.dat
1 0 64.448 -31 60 0.985 -0.17 0 0.17 0.985 0 0 0 1 3818.dat
1 14 103.688 -13.24 50.116 0.969 -0.217 -0.12 0.073 0.713 -0.697 0.237 0.666 0.707 3820.dat
1 14 56.312 -13.24 50.116 0.969 -0.217 0.12 0.238 0.677 -0.697 0.07 0.704 0.707 3820.dat



