0 FILE 6604 - Formula I Racer main.ldr
0 Formula I Racer main
0 Name: 6604 - Formula I Racer main.ldr
0 Author: Mauro Guido
0 !LDRAW_ORG Model
0 !LICENSE Redistributable under CCAL version 2.0 : see CAreadme.txt 

0 !THEME Classic Town
0 !KEYWORDS car, formula I, racer
  
0 ROTATION CENTER 0 0 0 1 "Custom" 
0 ROTATION CONFIG 0 0
1 15 0 10.309 8.461 1 0 0 0 0.965926 -0.258819 0 0.258819 0.965926 4732.dat
1 15 0 36.191 -88.132 1 0 0 0 0.965926 -0.258819 0 0.258819 0.965926 3022.dat
1 15 0 46.507 -95.72 1 0 0 0 0.965926 -0.258819 0 0.258819 0.965926 3710.dat
1 0 0 38.742 -66.743 1 0 0 0 0.965926 -0.258819 0 0.258819 0.965926 4600.dat
1 15 30 43.572 -65.449 0 0 -1 -0.258819 0.965926 0 0.965926 0.258819 0 4624.dat
1 256 30 43.572 -65.449 0 0 -1 -0.258819 0.965926 0 0.965926 0.258819 0 3641.dat
1 15 -30 43.572 -65.449 0 0 1 0.258819 0.965926 0 -0.965926 0.258819 0 4624.dat
1 256 -30 43.572 -65.449 0 0 1 0.258819 0.965926 0 -0.965926 0.258819 0 3641.dat
1 15 30 40.872 37.356 0 0 -1 -0.258819 0.965926 0 0.965926 0.258819 0 4624.dat
1 256 30 40.872 37.356 0 0 -1 -0.258819 0.965926 0 0.965926 0.258819 0 3641.dat
1 15 -30 40.872 37.356 0 0 1 0.258819 0.965926 0 -0.965926 0.258819 0 4624.dat
1 256 -30 40.872 37.356 0 0 1 0.258819 0.965926 0 -0.965926 0.258819 0 3641.dat
1 0 0 36.042 36.062 1 0 0 0 0.965926 -0.258819 0 0.258819 0.965926 4600.dat
1 15 0 23.176 22.261 1 0 0 0 0.965926 -0.258819 0 0.258819 0.965926 3023.dat
1 0 0 25.801 -18.446 1 0 0 0 0.965926 -0.258819 0 0.258819 0.965926 3829c01.dat
1 15 0 30.94 -6.717 1 0 0 0 0.965926 -0.258819 0 0.258819 0.965926 3020.dat
1 15 0 -30.953 38.816 1 0 0 0 0.965926 -0.258819 0 0.258819 0.965926 4859.dat
1 15 30 -0.007 16.05 1 0 0 0 0.965926 -0.258819 0 0.258819 0.965926 4286.dat
1 15 -30 -0.007 16.05 1 0 0 0 0.965926 -0.258819 0 0.258819 0.965926 4286.dat
1 15 0 0.068 -46.047 1 0 0 0 0.965926 -0.258819 0 0.258819 0.965926 3298p54.dat
1 0 0 5.096 58.828 -1 0 0 0 0.965926 0.258819 0 0.258819 -0.965926 3839b.dat
1 0 26 3.385 88.392 -1 0 0 0 -0.258819 0.965926 0 0.965926 0.258819 4589.dat
1 36 26 -2.826 111.575 -1 0 0 0 -0.258819 0.965926 0 0.965926 0.258819 6141.dat
1 0 -26 3.385 88.392 -1 0 0 0 -0.258819 0.965926 0 0.965926 0.258819 4589.dat
1 36 -26 -2.826 111.575 -1 0 0 0 -0.258819 0.965926 0 0.965926 0.258819 6141.dat
1 0 -10 -25.814 50.545 1 0 0 0 0.965926 -0.258819 0 0.258819 0.965926 3062b.dat
1 0 10 -25.814 50.545 1 0 0 0 0.965926 -0.258819 0 0.258819 0.965926 3062b.dat
1 15 0 -50.683 0.4 0.707107 0 -0.707107 -0.183013 0.965926 -0.183013 0.683013 0.258819 0.683013 3842a.dat
1 14 0 -50.683 0.4 0.707107 0 -0.707107 -0.183013 0.965926 -0.183013 0.683013 0.258819 0.683013 3626ap01.dat
1 0 0 -27.501 6.612 1 0 0 0 0.965926 -0.258819 0 0.258819 0.965926 973.dat
1 0 0 3.409 14.894 1 0 0 0 0.965926 -0.258819 0 0.258819 0.965926 3815.dat
1 0 -15.552 -18.807 8.941 0.985 -0.120208 -0.120208 0.164207 0.85578 0.489755 0.0439992 -0.502745 0.86328 3818.dat
1 0 15.552 -18.807 8.941 0.985 0.120208 0.120208 -0.164207 0.85578 0.489755 -0.0439992 -0.502745 0.86328 3819.dat
1 14 -21.689 -8.661 -9.629 0.985 -0.169974 0 0.164207 0.951293 -0.25878 0.0439992 0.254898 0.96578 3820.dat
1 14 21.689 -8.661 -9.629 0.985 0.169974 0 -0.164207 0.951293 -0.25878 -0.0439992 0.254898 0.96578 3820.dat
1 0 0 15 18 1 0 0 0 0.258819 0.965926 0 -0.965926 0.258819 3816.dat
1 0 0 15 18 1 0 0 0 0.258819 0.965926 0 -0.965926 0.258819 3817.dat
0 
0 
0
0
