0 FILE 6605 - main.ldr
0 main
0 Name: 6605 - main.ldr
0 Author: Victor Di Rienzo [tatubias]
0 !LDRAW_ORG Model
0 !LICENSE Redistributable under CCAL version 2.0 : see CAreadme.txt
1 0 0 0 0 1 0 0 0 1 0 0 0 1 6605 - Road Racer.ldr



0 FILE 6605 - Road Racer.ldr
0 Road Racer
0 Name: 6605 - Road Racer.ldr
0 Author: Victor Di Rienzo [tatubias]
0 !LDRAW_ORG Model
0 !LICENSE Redistributable under CCAL version 2.0 : see CAreadme.txt

1 1 -5 0 40 1 0 0 0 1 0 0 0 1 3020.dat
1 1 -5 0 -30 1 0 0 0 1 0 0 0 1 3710.dat
1 1 -5 -8 40 0 0 -1 0 1 0 1 0 0 3034.dat
0 STEP
1 4 -15 -28 110 1 0 0 0 0 -1 0 1 0 4349.dat
1 4 5 -28 110 1 0 0 0 0 -1 0 1 0 4349.dat
0 STEP
1 1 -5 -24 80 -1 0 0 0 1 0 0 0 -1 3787.dat
1 1 -5 -16 10 1 0 0 0 1 0 0 0 1 3829c01.dat
0 STEP
0 STEP
1 1 -5 -32 -10 1 0 0 0 1 0 0 0 1 3039.dat
1 1 -5 -40 90 1 0 0 0 1 0 0 0 1 3039.dat
1 1 -5 -48 90 1 0 0 0 1 0 0 0 1 3710.dat
0 STEP
1 0 -5 0 0 1 0 0 0 1 0 0 0 1 122c01.dat
1 0 -5 0 80 1 0 0 0 1 0 0 0 1 122c01.dat
1 256 -36 6 80 0 0 -1 0 1 0 1 0 0 3641.dat
1 256 -36 6 0 0 0 -1 0 1 0 1 0 0 3641.dat
1 256 28 6 0 0 0 -1 0 1 0 1 0 0 3641.dat
1 256 28 6 80 0 0 -1 0 1 0 1 0 0 3641.dat
1 1 65 -32 130 0.259 0 -0.966 0 1 0 0.966 0 0.259 3815c01.dat
1 15 65 -64 130 0.259 0 -0.966 0 1 0 0.966 0 0.259 973p01.dat
1 14 65 -88 130 0.707 0 -0.707 0 1 0 0.707 0 0.707 3626ap01.dat
1 4 65 -88 130 0.707 0 -0.707 0 1 0 0.707 0 0.707 3842a.dat
1 273 62.404 -56.728 113.761 0.254 0.113 -0.96 0.073 0.988 0.135 0.964 -0.104 0.244 3818.dat
1 273 69.025 -55 145.022 -0.17 0.985 0 -0.255 -0.044 0.966 0.952 0.164 0.259 3819.dat
1 14 72.759 -39.771 104.561 0.619 -0.204 -0.759 -0.549 0.579 -0.603 0.562 0.79 0.246 3820.dat
1 14 86.785 -66.653 150.322 0.238 -0.677 -0.697 0.318 -0.624 0.714 -0.918 -0.392 0.067 3820.dat



