0 FILE 6606 - main.ldr
0 main
0 Name: 6606 - main.ldr
0 Author: Victor Di Rienzo [tatubias]
0 !LDRAW_ORG Model
0 !LICENSE Redistributable under CCAL version 2.0 : see CAreadme.txt

1 0 0 0 0 1 0 0 0 1 0 0 0 1 6606 - Road Repair Set.ldr


0 FILE 6606 - Road Repair Set.ldr
0 Road Repair Set
0 Name: 6606 - Road Repair Set.ldr
0 Author: Victor Di Rienzo [tatubias]
0 !LDRAW_ORG Model
0 !LICENSE Redistributable under CCAL version 2.0 : see CAreadme.txt

1 0 0 0 0 1 0 0 0 1 0 0 0 1 3020.dat
0 STEP
1 0 -30 -8 0 0 0 1 0 1 0 -1 0 0 3839b.dat
1 0 30 -8 10 0 0 -1 0 1 0 1 0 0 4085a.dat
1 0 30 -8 -10 0 0 -1 0 1 0 1 0 0 4085a.dat
0 STEP
1 4 0 -16 0 0 0 -1 0 1 0 1 0 0 3031.dat
0 STEP
1 8 50 -21 10 0 0 -1 0 1 0 1 0 0 3837.dat
1 8 50 -21 -10 0 0 -1 0 1 0 1 0 0 3841.dat
1 0 0 8 0 0 0 -1 0 1 0 1 0 0 122c01.dat
1 0 0 14 -31 0 -1 0 1 0 0 0 0 1 3641.dat
1 0 0 14 31 0 -1 0 1 0 0 0 0 1 3641.dat
0 STEP
1 1 -72 -9 0 0 0 -1 0 1 0 1 0 0 3815c01.dat
1 1 -72 -41 0 0 0 -1 0 1 0 1 0 0 973p26.dat
1 1 -72 -32 15.552 0 0 -1 -0.17 0.985 0 0.985 0.17 0 3819.dat
1 1 -72 -32 -15.552 0 0 -1 0.17 0.985 0 0.985 -0.17 0 3818.dat
1 14 -62.116 -14.24 -23.688 0 -0.707 -0.707 0.17 0.697 -0.697 0.985 -0.12 0.12 3820.dat
1 14 -62.116 -14.24 23.688 -0.17 -0.686 -0.707 0.002 0.717 -0.697 0.985 -0.12 -0.12 3820.dat
1 14 -72 -65 0 0.071 0 -0.997 0 1 0 0.997 0 0.071 3626ap01.dat
1 4 -72 -65 0 0.071 0 -0.997 0 1 0 0.997 0 0.071 3833.dat
1 15 126.54 7 49.875 0.071 0 -0.997 0 1 0 0.997 0 0.071 3062b.dat
1 15 124.416 -17 19.95 0.071 0 -0.997 0 1 0 0.997 0 0.071 3010.dat
1 15 122.292 7 -9.975 0.071 0 -0.997 0 1 0 0.997 0 0.071 3062b.dat
1 15 27.292 11 115.025 0.828 0 0.56 0 1 0 -0.56 0 0.828 3062b.dat
1 15 52.146 -13 98.223 0.828 0 0.56 0 1 0 -0.56 0 0.828 3010.dat
1 15 76.999 11 81.422 0.828 0 0.56 0 1 0 -0.56 0 0.828 3062b.dat
1 15 -27.708 -17 -99.975 0.828 0 0.56 0 1 0 -0.56 0 0.828 3942a.dat
1 15 92.292 -17 -74.975 0.828 0 0.56 0 1 0 -0.56 0 0.828 3942a.dat
1 36 -27.708 -25 -99.975 0.828 0 0.56 0 1 0 -0.56 0 0.828 6141.dat
1 36 92.292 -25 -74.975 0.828 0 0.56 0 1 0 -0.56 0 0.828 6141.dat



