0 FILE 6607 - main.ldr
0 main
0 Name: 6607 - main.ldr
0 Author: Victor Di Rienzo [tatubias]
0 !LDRAW_ORG Model
0 !LICENSE Redistributable under CCAL version 2.0 : see CAreadme.txt

1 0 0 0 0 1 0 0 0 1 0 0 0 1 6607 - Service Truck.ldr


0 FILE 6607 - Service Truck.ldr
0 Service Truck
0 Name: 6607 - Service Truck.ldr
0 Author: Victor Di Rienzo [tatubias]
0 !LDRAW_ORG Model
0 !LICENSE Redistributable under CCAL version 2.0 : see CAreadme.txt

1 0 0 0 0 0 0 1 0 1 0 -1 0 0 3795.dat
0 STEP
1 14 0 -8 40 0 0 1 0 1 0 -1 0 0 3022.dat
1 0 -10 -8 10 0 0 1 0 1 0 -1 0 0 4085a.dat
1 0 10 -8 10 0 0 -1 0 1 0 1 0 0 4085a.dat
1 14 0 -8 -50 -1 0 0 0 1 0 0 0 -1 3710.dat
0 STEP
1 14 0 -16 -20 -1 0 0 0 1 0 0 0 -1 3788.dat
0 STEP
1 46 30 -16 -50 -1 0 0 0 1 0 0 0 -1 3024.dat
1 46 -30 -16 -50 -1 0 0 0 1 0 0 0 -1 3024.dat
1 14 0 -16 -20 0 0 1 0 1 0 -1 0 0 3020.dat
1 14 0 -16 40 -1 0 0 0 1 0 0 0 -1 3020.dat
0 STEP
1 14 -20 -40 -30 1 0 0 0 1 0 0 0 1 3039.dat
1 4 20 -24 -20 1 0 0 0 1 0 0 0 1 4079.dat
1 14 20 -24 -50 1 0 0 0 1 0 0 0 1 3829c01.dat
0 STEP
1 8 -30 -24 10 1 0 0 0 1 0 0 0 1 3837.dat
1 6 30 4 10 -1 0 0 0 -1 0 0 0 1 3836.dat
1 0 0 8 -20 -1 0 0 0 1 0 0 0 -1 122c01.dat
1 0 0 8 40 -1 0 0 0 1 0 0 0 -1 122c01.dat
1 256 -32 14 -20 0 0 1 0 1 0 -1 0 0 3641.dat
1 256 -32 14 40 0 0 1 0 1 0 -1 0 0 3641.dat
1 256 31 15 40 0 0 1 0 1 0 -1 0 0 3641.dat
1 256 31 14 -20 0 0 1 0 1 0 -1 0 0 3641.dat
1 0 74 -6 50 0.94 0 -0.342 0 1 0 0.342 0 0.94 3815c01.dat
1 14 74.003 -62 50 0.94 0 -0.342 0 1 0 0.342 0 0.94 3626ap01.dat
1 1 74.003 -62 50 0.94 0 -0.342 0 1 0 0.342 0 0.94 3624.dat
1 1 74.003 -38 50 0.94 0 -0.342 0 1 0 0.342 0 0.94 973.dat
1 1 88.622 -29 55.319 0.926 0.16 -0.342 -0.17 0.985 0 0.337 0.058 0.94 3819.dat
1 1 59.384 -29 44.681 0.926 -0.16 -0.342 0.17 0.985 0 0.337 -0.058 0.94 3818.dat
1 14 99.648 -11.24 48.81 0.83 -0.431 -0.355 0.073 0.714 -0.697 0.554 0.552 0.624 3820.dat
1 14 55.119 -11.24 32.609 0.887 -0.444 -0.129 0.238 0.677 -0.697 0.397 0.587 0.706 3820.dat







