0 FILE 6608 - main.ldr
0 main
0 Name: 6608 - main.ldr
0 Author: Victor Di Rienzo [tatubias]
0 !LDRAW_ORG Model
0 !LICENSE Redistributable under CCAL version 2.0 : see CAreadme.txt

1 0 0 0 0 1 0 0 0 1 0 0 0 1 6608 - Tractor.ldr


0 FILE 6608 - Tractor.ldr
0 Tractor
0 Name: 6608 - Tractor.ldr
0 Author: Victor Di Rienzo [tatubias]
0 !LDRAW_ORG Model
0 !LICENSE Redistributable under CCAL version 2.0 : see CAreadme.txt

1 4 0 0 0 1 0 0 0 1 0 0 0 1 3795.dat
0 STEP
1 4 -40 -8 0 0 0 -1 0 1 0 1 0 0 4079.dat
1 4 -10 -8 0 0 0 -1 0 1 0 1 0 0 3829c01.dat
0 STEP
1 0 20 -24 0 0 0 -1 0 1 0 1 0 0 3003.dat
1 4 50 -24 10 0 0 -1 0 1 0 1 0 0 4070.dat
1 4 50 -24 -10 0 0 -1 0 1 0 1 0 0 4070.dat
1 46 64 -14 10 0 -1 0 0 0 -1 1 0 0 3024.dat
1 46 64 -14 -10 0 -1 0 0 0 -1 1 0 0 3024.dat
0 STEP
1 4 30 -32 0 1 0 0 0 1 0 0 0 1 3021.dat
0 STEP
1 0 40 8 0 1 0 0 0 1 0 0 0 1 3022.dat
0 STEP
1 0 40 16 0 0 0 -1 0 1 0 1 0 0 122c01.dat
1 0 -40 8 0 0 0 -1 0 1 0 1 0 0 122c01.dat
1 256 -40 14 32 -1 0 0 0 1 0 0 0 -1 4084.dat
1 256 40 22 33 -1 0 0 0 1 0 0 0 -1 3641.dat
1 256 -40 14 -34 -1 0 0 0 1 0 0 0 -1 4084.dat
1 256 40 22 -32 -1 0 0 0 1 0 0 0 -1 3641.dat
1 1 46 0 90 0.5 0 -0.866 0 1 0 0.866 0 0.5 3815c01.dat
1 14 46 -56 90 0.5 0 -0.866 0 1 0 0.866 0 0.5 3626ap01.dat
1 6 46 -56 90 0.5 0 -0.866 0 1 0 0.866 0 0.5 3901.dat
1 0 46 -32 90 0.5 0 -0.866 0 1 0 0.866 0 0.5 973.dat
1 1 38.224 -23 76.532 0.493 -0.085 -0.866 0.17 0.985 0 0.853 -0.147 0.5 3818.dat
1 1 53.776 -23 103.468 0.493 0.085 -0.866 -0.17 0.985 0 0.853 0.147 0.5 3819.dat
1 14 42.716 -5.24 64.544 0.689 -0.469 -0.552 -0.073 0.713 -0.697 0.721 0.521 0.458 3820.dat
1 14 66.403 -5.24 105.572 0.545 -0.501 -0.672 -0.238 0.677 -0.697 0.804 0.54 0.25 3820.dat



