0 FILE 6609 - main.ldr
0 main
0 Name: 6609 - main.ldr
0 Author: Victor Di Rienzo [tatubias]
0 !LDRAW_ORG Model
0 !LICENSE Redistributable under CCAL version 2.0 : see CAreadme.txt

1 0 0 0 0 1 0 0 0 1 0 0 0 1 6609 - Race Car.ldr


0 FILE 6609 - Race Car.ldr
0 Race Car
0 Name: 6609 - Race Car.ldr
0 Author: Victor Di Rienzo [tatubias]
0 !LDRAW_ORG Model
0 !LICENSE Redistributable under CCAL version 2.0 : see CAreadme.txt

1 4 0 0 0 1 0 0 0 1 0 0 0 1 3795.dat
0 STEP
1 4 0 8 0 0 0 -1 0 1 0 1 0 0 3020.dat
1 0 40 8 0 0 0 -1 0 1 0 1 0 0 122c01.dat
1 0 -40 8 0 0 0 -1 0 1 0 1 0 0 122c01.dat
1 0 -40 14 32 0 -1 0 -1 0 0 0 0 -1 3641.dat
1 0 40 14 31 0 -1 0 -1 0 0 0 0 -1 3641.dat
1 0 41 14 -32 0 -1 0 1 0 0 0 0 1 3641.dat
1 0 -40 14 -32 0 -1 0 1 0 0 0 0 1 3641.dat
0 STEP
1 15 -50 -8 0 0 0 1 0 1 0 -1 0 0 3023.dat
1 15 10 -8 0 0 0 -1 0 1 0 1 0 0 3829c01.dat
0 STEP
1 15 -50 -16 0 0 0 1 0 1 0 -1 0 0 3710.dat
1 15 30 -24 0 0 0 -1 0 1 0 1 0 0 3039p0u.dat
0 STEP
1 0 -50 -64 0 0 0 -1 0 1 0 1 0 0 4083.dat
1 1 -5 -8 110 0.259 0 -0.966 0 1 0 0.966 0 0.259 3815c01.dat
1 15 -5 -40 110 0.259 0 -0.966 0 1 0 0.966 0 0.259 973p01.dat
1 14 -5 -64 110 0.707 0 -0.707 0 1 0 0.707 0 0.707 3626ap01.dat
1 4 -5 -64 110 0.707 0 -0.707 0 1 0 0.707 0 0.707 3842a.dat
1 273 -9.025 -31 94.978 0.29 0.213 -0.933 0.098 0.963 0.25 0.952 -0.164 0.259 3818.dat
1 273 -0.975 -31 125.022 -0.17 0.985 0 -0.255 -0.044 0.966 0.952 0.164 0.259 3819.dat
1 14 2.759 -15.771 84.561 0.619 -0.204 -0.759 -0.549 0.579 -0.603 0.562 0.79 0.246 3820.dat
1 14 16.785 -42.653 130.322 0.238 -0.677 -0.697 0.318 -0.624 0.714 -0.918 -0.392 0.067 3820.dat



