0 FILE 6612 - main.ldr
0 main
0 Name: 6612 - main.ldr
0 Author: Victor Di Rienzo [tatubias]
0 !LDRAW_ORG Model
0 !LICENSE Redistributable under CCAL version 2.0 : see CAreadme.txt

1 0 0 0 0 1 0 0 0 1 0 0 0 1 6612 - Fire chiefs car.ldr


0 FILE 6612 - Fire chiefs car.ldr
0 Fire chiefs car
0 Name: 6612 - Fire chiefs car.ldr
0 Author: Victor Di Rienzo [tatubias]
0 !LDRAW_ORG Model
0 !LICENSE Redistributable under CCAL version 2.0 : see CAreadme.txt

1 15 0 0 0 1 0 0 0 1 0 0 0 1 3795.dat
0 STEP
1 15 -50 -8 0 0 0 1 0 1 0 -1 0 0 3710.dat
1 15 0 -8 0 0 0 1 0 1 0 -1 0 0 3020.dat
1 15 -20 -8 0 0 0 1 0 1 0 -1 0 0 3022.dat
0 STEP
1 4 0 -16 30 -1 0 0 0 1 0 0 0 -1 3666.dat
1 4 0 -16 -30 -1 0 0 0 1 0 0 0 -1 3666.dat
0 STEP
1 4 50 -24 -30 -1 0 0 0 1 0 0 0 -1 3623.dat
1 4 50 -24 30 -1 0 0 0 1 0 0 0 -1 3623.dat
1 4 -40 -24 -30 -1 0 0 0 1 0 0 0 -1 3023.dat
1 4 -40 -24 30 -1 0 0 0 1 0 0 0 -1 3023.dat
1 47 70 -16 -30 -1 0 0 0 1 0 0 0 -1 3024.dat
1 47 70 -16 30 -1 0 0 0 1 0 0 0 -1 3024.dat
0 STEP
1 4 50 -24 0 0 0 -1 0 1 0 1 0 0 3004.dat
1 4 30 -16 0 0 0 -1 0 1 0 1 0 0 3829c01.dat
1 0 -50 -28 -10 0.966 -0.259 0 0 0 -1 0.259 0.966 0 4349.dat
0 STEP
1 4 60 -32 0 0 0 -1 0 1 0 1 0 0 3068bp57.dat
1 4 70 -24 0 0 0 -1 0 1 0 1 0 0 3004p06.dat
1 15 70 0 0 0 0 1 0 1 0 -1 0 0 3023.dat
0 STEP
1 0 60 8 0 0 0 -1 0 1 0 1 0 0 122c02.dat
1 0 -20 8 0 0 0 -1 0 1 0 1 0 0 122c02.dat
1 0 -20 14 31 1 0 0 0 1 0 0 0 1 3641.dat
1 0 -20 14 -31 1 0 0 0 1 0 0 0 1 3641.dat
1 0 60 14 31 1 0 0 0 1 0 0 0 1 3641.dat
1 0 60 14 -31 1 0 0 0 1 0 0 0 1 3641.dat
1 0 -55 -10 -79 0.5 0 -0.866 0 1 0 0.866 0 0.5 3815c01.dat
1 0 -55 -42 -79 0.5 0 -0.866 0 1 0 0.866 0 0.5 973p21.dat
1 0 -47.224 -33 -65.532 0.493 0.085 -0.866 -0.17 0.985 0 0.853 0.147 0.5 3819.dat
1 0 -62.776 -33 -92.468 0.493 -0.085 -0.866 0.17 0.985 0 0.853 -0.147 0.5 3818.dat
1 14 -58.284 -15.24 -104.456 0.493 -0.672 -0.552 0.17 0.697 -0.697 0.853 0.25 0.458 3820.dat
1 14 -34.597 -15.24 -63.428 0.346 -0.655 -0.672 0.002 0.717 -0.697 0.938 0.239 0.25 3820.dat
1 14 -55 -66 -79 0.347 0 -0.938 0 1 0 0.938 0 0.347 3626ap01.dat
1 15 -55 -66 -79 0.347 0 -0.938 0 1 0 0.938 0 0.347 3834.dat
1 15 -5 -16 0 0 0 -1 0 1 0 1 0 0 4079.dat



