0 FILE 6641 - main.ldr
0 main
0 Name: 6641 - main.ldr
0 Author: Victor Di Rienzo [tatubias]
0 !LDRAW_ORG Model
0 !LICENSE Redistributable under CCAL version 2.0 : see CAreadme.txt
0 !HISTORY 2019-05-05 [tatubias] Original upload for OMR
0 !HISTORY 2022-01-20 [RainbowDolphin] Corrected misplaced parts and colours, split minifig submodel

0 ROTATION CENTER 0 0 0 1 "Custom" 
0 ROTATION CONFIG 0 0
1 0 0 0 0 0 0 -1 0 1 0 1 0 0 6641 - Car.ldr
1 0 110 4 0 0.707107 0 -0.707107 0 1 0 0.707107 0 0.707107 6641 - Minifig.ldr


0

0 FILE 6641 - Car.ldr
0 Car
0 Name: 6641 - Car.ldr
0 Author: Victor Di Rienzo [tatubias]
0 !LDRAW_ORG Model
0 !LICENSE Redistributable under CCAL version 2.0 : see CAreadme.txt

0 ROTATION CENTER 0 0 0 1 "Custom" 
0 ROTATION CONFIG 0 0
1 0 0 0 0 0 0 1 0 1 0 -1 0 0 4212b.dat
1 15 -30 -8 0 0 0 1 0 1 0 -1 0 0 3829c01.dat
0 STEP
1 36 90 -8 30 0 0 1 0 1 0 -1 0 0 3024.dat
1 36 90 -8 -30 0 0 1 0 1 0 -1 0 0 3024.dat
1 4 30 -8 30 0 0 1 0 1 0 -1 0 0 3024.dat
1 4 30 -8 -30 0 0 1 0 1 0 -1 0 0 3024.dat
1 15 60 -8 0 0 0 1 0 1 0 -1 0 0 3068b.dat
1 1 -60 -16 0 0 0 1 0 1 0 -1 0 0 3788.dat
0 STEP
1 15 30 -24 0 0 0 1 0 1 0 -1 0 0 4865a.dat
1 15 90 -24 0 0 0 1 0 1 0 -1 0 0 4865a.dat
1 1 -50 -16 0 0 0 1 0 1 0 -1 0 0 3023.dat
0 STEP
1 4 60 -16 -30 1 0 0 0 1 0 0 0 1 3710.dat
1 4 60 -16 30 1 0 0 0 1 0 0 0 1 3710.dat
1 1 -50 -24 -30 0 0 -1 0 1 0 1 0 0 2420.dat
1 1 -50 -24 30 -1 0 0 0 1 0 0 0 -1 2420.dat
0 STEP
1 4 60 -24 30 1 0 0 0 1 0 0 0 1 3794a.dat
1 4 60 -24 -30 1 0 0 0 1 0 0 0 1 3794a.dat
1 7 -70 -32 10 1 0 0 0 1 0 0 0 1 4589.dat
1 7 -70 -32 -10 1 0 0 0 1 0 0 0 1 4589.dat
0 STEP
1 1 -90 -24 10 0 0 1 0 1 0 -1 0 0 4070.dat
1 1 -90 -24 -10 0 0 1 0 1 0 -1 0 0 4070.dat
1 4 -30 -24 30 0 0 1 0 1 0 -1 0 0 3821.dat
1 4 -30 -24 -30 0 0 1 0 1 0 -1 0 0 3822.dat
1 4 30 -24 30 1 0 0 0 1 0 0 0 1 3024.dat
1 4 30 -24 -30 1 0 0 0 1 0 0 0 1 3024.dat
1 4 90 -24 30 1 0 0 0 1 0 0 0 1 3070b.dat
1 4 90 -24 -30 1 0 0 0 1 0 0 0 1 3070b.dat
0 STEP
1 1 -90 -24 30 0 0 1 0 1 0 -1 0 0 4070.dat
1 1 -90 -24 -30 0 0 1 0 1 0 -1 0 0 4070.dat
1 7 -104 -14 0 0 1 0 0 0 -1 -1 0 0 2412a.dat
1 46 -104 -14 30 0 1 0 0 0 -1 -1 0 0 3024.dat
1 46 -104 -14 -30 0 1 0 0 0 -1 -1 0 0 3024.dat
1 43 -30 -72 0 0 0 1 0 1 0 -1 0 0 3823.dat
1 0 60 -32 30 1 0 0 0 1 0 0 0 1 6141.dat
1 0 60 -32 -30 1 0 0 0 1 0 0 0 1 6141.dat
0 STEP
1 15 30 -72 0 0 0 1 0 1 0 -1 0 0 4214.dat
1 15 0 -80 0 0 0 1 0 1 0 -1 0 0 2349a.dat
1 43 -17 -76 0 0 0 1 0 1 0 -1 0 0 2348a.dat
0 STEP
1 14 50 8 0 0 0 1 0 1 0 -1 0 0 3004.dat
1 14 -50 8 -10 1 0 0 0 1 0 0 0 1 3062b.dat
1 14 -50 8 10 1 0 0 0 1 0 0 0 1 3062b.dat
1 0 0 8 30 1 0 0 0 1 0 0 0 1 3023.dat
1 0 0 8 -30 1 0 0 0 1 0 0 0 1 3023.dat
0 STEP
1 14 70 8 10 1 0 0 0 1 0 0 0 1 3062b.dat
1 14 70 8 -10 1 0 0 0 1 0 0 0 1 3062b.dat
1 14 -70 8 -10 0 0 1 0 1 0 -1 0 0 4070.dat
1 14 -70 8 10 0 0 1 0 1 0 -1 0 0 4070.dat
0 STEP
1 0 -60 32 -10 1 0 0 0 1 0 0 0 1 3700.dat
1 0 -60 32 10 1 0 0 0 1 0 0 0 1 3700.dat
1 0 60 32 -10 1 0 0 0 1 0 0 0 1 3700.dat
1 0 60 32 10 1 0 0 0 1 0 0 0 1 3700.dat
1 7 -108 18 0 0 1 0 0 0 -1 -1 0 0 2432.dat
0 STEP
1 0 60 -80 0 0 0 1 0 1 0 -1 0 0 4083.dat
1 0 60 -88 10 -1 0 0 0 1 0 0 0 -1 4081b.dat
1 0 60 -88 -10 1 0 0 0 1 0 0 0 1 4081b.dat
1 46 48 -86 -30 0 1 0 1 0 0 0 0 -1 6141.dat
1 46 48 -86 30 0 1 0 1 0 0 0 0 -1 6141.dat
1 7 60 -96 -10 0 -0.259 -0.966 0 0.966 -0.259 1 0 0 4593.dat
1 0 60 -96 -10 0 0 -1 0 1 0 1 0 0 4592.dat
1 0 60 -96 10 0 0 -1 0 1 0 1 0 0 4592.dat
1 7 60 -96 10 0 -0.259 -0.966 0 0.966 -0.259 1 0 0 4593.dat
1 0 -60 42 0 0 0 1 0 1 0 -1 0 0 3706.dat
1 0 60 42 0 0 0 1 0 1 0 -1 0 0 3706.dat
1 15 -60 42 -30 1 0 0 0 1 0 0 0 1 3482c01.dat
1 15 -60 42 30 1 0 0 0 1 0 0 0 1 3482c01.dat
1 15 -60 42 -50 1 0 0 0 1 0 0 0 1 3482c01.dat
1 15 -60 42 50 1 0 0 0 1 0 0 0 1 3482c01.dat
1 15 60 42 -30 1 0 0 0 1 0 0 0 1 3482c01.dat
1 15 60 42 30 1 0 0 0 1 0 0 0 1 3482c01.dat
1 15 60 42 -50 1 0 0 0 1 0 0 0 1 3482c01.dat
1 15 60 42 50 1 0 0 0 1 0 0 0 1 3482c01.dat
0

0 FILE 6641 - Minifig.ldr
0 Minifig
0 Name: 6641 - Minifig.ldr
0 Author: Takeshi Takahashi [RainbowDolphin]
0 !LDRAW_ORG Model
0 !LICENSE Redistributable under CCAL version 2.0 : see CAreadme.txt

0 ROTATION CENTER 0 0 0 1 "Custom"
0 ROTATION CONFIG 0 0
1 1 0 32 0 1 0 0 0 1 0 0 0 1 73200-f1.dat
1 15 0 0 0 1 0 0 0 1 0 0 0 1 973p1t.dat
1 14 -15.553 9 0 0.985707 -0.169706 0 0.17 0.985 0 0 0 0.999849 3818.dat
1 14 15.553 9 0 0.985707 0.169706 0 -0.17 0.985 0 0 0 0.999849 3819.dat
1 14 23.688 26.76 -9.882 0.985707 0.120208 -0.120208 -0.17 0.697 -0.697 0 0.707107 0.707107 3820.dat
1 14 -23.689 26.76 -9.883 0.985707 0.120208 0.120208 -0.002 0.717 -0.697 -0.169706 0.685894 0.707107 3820.dat
1 14 0 -24 0 0.985707 0 0.168291 0 1 0 -0.168291 0 0.985707 3626ap01.dat
1 4 0 -24 0 0.985707 0 0.168291 0 1 0 -0.168291 0 0.985707 4485.dat






