0 FILE 6647 - Highway Repair.ldr
0 Highway Repair
0 Name: 6647 - Highway Repair.ldr
0 Author: Victor Di Rienzo [tatubias]
0 !LDRAW_ORG Model
0 !LICENSE Redistributable under CCAL version 2.0 : see CAreadme.txt

1 1 0 0 0 1 0 0 0 1 0 0 0 1 3020.dat
1 1 20 -8 0 1 0 0 0 1 0 0 0 1 3020.dat
1 1 50 0 0 0 0 1 0 1 0 -1 0 0 3023.dat
0 STEP
1 0 50 -16 0 0 0 1 0 1 0 -1 0 0 3023.dat
1 1 30 -16 0 0 0 1 0 1 0 -1 0 0 3794a.dat
1 14 -40 -8 0 0 0 -1 0 1 0 1 0 0 4079.dat
0 STEP
1 1 10 -32 0 0 0 -1 0 1 0 1 0 0 3004.dat
1 7 30 -24 0 0 0 -1 0 1 0 1 0 0 3024.dat
1 1 50 -24 0 0 0 -1 0 1 0 1 0 0 3023.dat
0 STEP
1 0 50 -32 10 -1 0 0 0 1 0 0 0 -1 4081a.dat
1 0 50 -32 -10 1 0 0 0 1 0 0 0 1 4081a.dat
1 46 60 -30 30 0 -1 0 0 0 1 -1 0 0 3024.dat
1 46 60 -30 -30 0 -1 0 0 0 1 -1 0 0 3024.dat
1 7 30 -32 0 1 0 0 0 1 0 0 0 1 3070b.dat
0 STEP
1 1 30 -40 0 1 0 0 0 1 0 0 0 1 3021.dat
0 STEP
1 0 40 8 0 1 0 0 0 1 0 0 0 1 4032a.dat
1 1 -60 0 0 0 0 1 0 1 0 -1 0 0 3730.dat
0 STEP
1 0 -40 8 0 0 0 1 0 1 0 -1 0 0 122c01.dat
1 0 40 16 0 0 0 1 0 1 0 -1 0 0 122c01.dat
1 256 -40 14 35 0 1 0 -1 0 0 0 0 1 4084.dat
1 256 -40 14 -31 0 1 0 -1 0 0 0 0 1 4084.dat
1 256 40 22 31 0 1 0 -1 0 0 0 0 1 3641.dat
1 256 40 22 -31 0 1 0 -1 0 0 0 0 1 3641.dat
0 STEP
1 7 30 -64 -10 1 0 0 0 1 0 0 0 1 3062a.dat
1 0 65 0 96 0.866 0 -0.5 0 1 0 0.5 0 0.866 3815c01.dat
1 14 65 -56 96 0.866 0 -0.5 0 1 0 0.5 0 0.866 3626ap01.dat
1 4 65 -56 96 0.866 0 -0.5 0 1 0 0.5 0 0.866 3833.dat
1 14 65 -32 96 0.866 0 -0.5 0 1 0 0.5 0 0.866 3840.dat
0 STEP
1 0 -157.55 8 -39 0.866 0 -0.5 0 1 0 0.5 0 0.866 6647 - Highway Repair Carrito.ldr
1 4 65 -32 96 0.866 0 -0.5 0 1 0 0.5 0 0.866 973.dat
1 4 78.468 -23 103.776 0.853 0.147 -0.5 -0.17 0.985 0 0.493 0.085 0.866 3819.dat
1 4 51.532 -23 88.224 0.853 -0.147 -0.5 0.17 0.985 0 0.493 -0.085 0.866 3818.dat
1 14 90.455 -5.24 99.284 0.721 -0.521 -0.458 0.073 0.713 -0.697 0.689 0.469 0.552 3820.dat
1 14 49.428 -5.24 75.597 0.804 -0.54 -0.25 0.238 0.677 -0.697 0.545 0.501 0.672 3820.dat


0 FILE 6647 - Highway Repair Carrito.ldr
0 Highway Repair Carrito
0 Name: 6647 - Highway Repair Carrito.ldr
0 Author: Victor Di Rienzo [tatubias]
0 !LDRAW_ORG Model
0 !LICENSE Redistributable under CCAL version 2.0 : see CAreadme.txt

1 0 0 0 0 1 0 0 0 1 0 0 0 1 3795.dat
1 1 50 -8 0 0 0 -1 0 1 0 1 0 0 3184.dat
0 STEP
1 1 0 -16 0 0 0 -1 0 1 0 1 0 0 3788.dat
1 1 30 -8 0 0 0 -1 0 1 0 1 0 0 3710.dat
1 1 -40 -8 0 0 0 -1 0 1 0 1 0 0 3020.dat
0 STEP
1 0 -50 -16 -10 0 0 1 0 1 0 -1 0 0 4085a.dat
1 1 -40 -16 -30 -1 0 0 0 1 0 0 0 -1 3023.dat
1 0 -50 -16 10 0 0 1 0 1 0 -1 0 0 4085a.dat
1 1 -40 -16 30 -1 0 0 0 1 0 0 0 -1 3023.dat
1 1 40 -16 30 -1 0 0 0 1 0 0 0 -1 3023.dat
1 1 50 -16 0 0 0 1 0 1 0 -1 0 0 3023.dat
1 1 40 -16 -30 -1 0 0 0 1 0 0 0 -1 3023.dat
0 STEP
1 1 -50 -24 0 0 0 1 0 1 0 -1 0 0 3710.dat
1 1 50 -24 0 0 0 1 0 1 0 -1 0 0 3710.dat
1 1 0 -24 -30 1 0 0 0 1 0 0 0 1 3710.dat
1 1 0 -24 30 1 0 0 0 1 0 0 0 1 3710.dat
0 STEP
1 8 -70 -14 10 0 0 -1 0 1 0 1 0 0 3841.dat
1 8 -70 -22 -10 0 0 -1 0 1 0 1 0 0 3837.dat
1 4 0 -56 -10 1 0 0 0 1 0 0 0 1 4083.dat
1 15 -20 -16 10 0 0 -1 0 1 0 1 0 0 3351ap03.dat
1 0 0 8 0 0 0 -1 0 1 0 1 0 0 122c01.dat
1 256 0 14 31 0 -1 0 1 0 0 0 0 1 3641.dat
1 256 0 14 -31 0 -1 0 1 0 0 0 0 1 3641.dat



