0 FILE 6658 - main.ldr
0 main
0 Name: 6658 - main.ldr
0 Author: Victor Di Rienzo [tatubias]
0 !LDRAW_ORG Model
0 !LICENSE Redistributable under CCAL version 2.0 : see CAreadme.txt

1 0 0 0 0 1 0 0 0 1 0 0 0 1 6658 - Bulldozer.ldr


0 FILE 6658 - Bulldozer.ldr
0 Bulldozer
0 Name: 6658 - Bulldozer.ldr
0 Author: Victor Di Rienzo [tatubias]
0 !LDRAW_ORG Model
0 !LICENSE Redistributable under CCAL version 2.0 : see CAreadme.txt

1 0 0 1 64 1 0 0 0 1 0 0 0 1 3640.dat
1 0 0 1 -56 -1 0 0 0 1 0 0 0 -1 3639.dat
1 14 -10 9 -96 0 0 -1 0 1 0 1 0 0 3700.dat
1 14 10 9 -96 0 0 -1 0 1 0 1 0 0 3700.dat
1 14 10 9 44 0 0 -1 0 1 0 1 0 0 3700.dat
1 14 -10 9 44 0 0 -1 0 1 0 1 0 0 3700.dat
0 STEP
1 0 0 19 -96 1 0 0 0 1 0 0 0 1 3706.dat
1 0 -5 19 44 1 0 0 0 1 0 0 0 1 3706.dat
1 7 27 19 44 0 0 1 0 1 0 -1 0 0 4265a.dat
1 7 27 19 -96 0 0 1 0 1 0 -1 0 0 4265a.dat
1 7 -27 19 -96 0 0 -1 0 1 0 1 0 0 4265a.dat
1 7 -27 19 44 0 0 -1 0 1 0 1 0 0 4265a.dat
1 0 10 9 94 0 0 -1 0 1 0 1 0 0 4081b.dat
1 0 -10 9 94 0 0 1 0 1 0 -1 0 0 4081b.dat
1 36 30 11 106 0 0 -1 1 0 0 0 -1 0 6141.dat
1 36 -30 11 106 0 0 -1 1 0 0 0 -1 0 6141.dat
0 STEP
1 14 0 -7 74 0 0 -1 0 1 0 1 0 0 3021.dat
1 14 0 -23 -36 0 0 -1 0 1 0 1 0 0 4871.dat
1 0 0 -7 34 -1 0 0 0 1 0 0 0 -1 3839b.dat
0 STEP
1 14 0 -31 54 1 0 0 0 1 0 0 0 1 3039.dat
1 0 10 -31 74 1 0 0 0 1 0 0 0 1 3062b.dat
1 0 -10 -31 74 1 0 0 0 1 0 0 0 1 3062b.dat
1 0 10 -31 94 1 0 0 0 1 0 0 0 1 3062b.dat
1 0 -10 -31 94 1 0 0 0 1 0 0 0 1 3062b.dat
1 14 0 -15 -36 1 0 0 0 1 0 0 0 1 3022.dat
1 0 0 1 -116 1 0 0 0 1 0 0 0 1 3022.dat
1 14 0 -23 -66 1 0 0 0 1 0 0 0 1 3004.dat
1 14 0 -23 -86 1 0 0 0 1 0 0 0 1 3317.dat
1 14 0 -23 -106 1 0 0 0 1 0 0 0 1 3039.dat
0 STEP
1 14 0 -39 94 -1 0 0 0 1 0 0 0 -1 4175.dat
1 14 0 -39 64 -1 0 0 0 1 0 0 0 -1 3022.dat
1 14 0 -39 -16 1 0 0 0 1 0 0 0 1 4871.dat
0 STEP
1 14 30 -47 -26 -1 0 0 0 1 0 0 0 -1 4287a.dat
1 14 -30 -47 -26 -1 0 0 0 1 0 0 0 -1 4287a.dat
1 14 -30 -47 -46 1 0 0 0 1 0 0 0 1 3665a.dat
1 14 30 -47 -46 1 0 0 0 1 0 0 0 1 3665a.dat
1 14 0 -47 -66 1 0 0 0 1 0 0 0 1 3298.dat
1 14 0 -47 14 1 0 0 0 1 0 0 0 1 3023.dat
1 0 10 -63 54 1 0 0 0 1 0 0 0 1 3062b.dat
0 STEP
1 14 30 -55 -16 0 0 1 0 1 0 -1 0 0 3710.dat
1 14 -30 -55 -16 0 0 1 0 1 0 -1 0 0 3710.dat
1 14 0 -55 14 1 0 0 0 1 0 0 0 1 3023.dat
1 14 0 -55 -66 -1 0 0 0 1 0 0 0 -1 3710.dat
1 14 0 -47 -46 1 0 0 0 1 0 0 0 1 3829c01.dat
0 STEP
1 47 0 -103 -46 1 0 0 0 1 0 0 0 1 3823.dat
1 46 -30 -111 -46 1 0 0 0 1 0 0 0 1 3024.dat
1 46 30 -111 -46 1 0 0 0 1 0 0 0 1 3024.dat
1 0 0 -15 -86 0 0 1 0 1 0 -1 0 0 3314.dat
1 14 0 -55 -166 1 0 0 0 1 0 0 0 1 2347.dat
1 14 0 -63 14 -1 0 0 0 1 0 0 0 -1 3710.dat
0 STEP
1 14 0 -111 14 1 0 0 0 1 0 0 0 1 4214.dat
1 14 0 -119 -16 1 0 0 0 1 0 0 0 1 4213.dat
1 14 0 -111 -46 1 0 0 0 1 0 0 0 1 3023.dat
1 14 45 19 -96 0 0 1 0 1 0 -1 0 0 3482.dat
1 14 40 19 44 0 0 1 0 1 0 -1 0 0 3482.dat
1 14 -50 19 44 0 0 1 0 1 0 -1 0 0 3482.dat
1 14 -45 19 -96 0 0 1 0 1 0 -1 0 0 3482.dat
1 256 45 19 -96 0 0 1 0 1 0 -1 0 0 2346.dat
1 256 40 19 44 0 0 1 0 1 0 -1 0 0 2346.dat
1 256 -40 19 44 0 0 1 0 1 0 -1 0 0 2346.dat
1 256 -40 19 -96 0 0 1 0 1 0 -1 0 0 2346.dat
1 1 134 14 -96 0.707 0 -0.707 0 1 0 0.707 0 0.707 3815c01.dat
1 14 134 -42 -96 0.707 0 -0.707 0 1 0 0.707 0 0.707 3626ap01.dat
1 4 134 -42 -96 0.707 0 -0.707 0 1 0 0.707 0 0.707 3833.dat
1 1 134 -18 -96 0.707 0 -0.707 0 1 0 0.707 0 0.707 973.dat
1 1 144.997 -9 -85.003 0.697 0.12 -0.707 -0.17 0.985 0 0.697 0.12 0.707 3819.dat
1 1 123.003 -9 -106.997 0.697 -0.12 -0.707 0.17 0.985 0 0.697 -0.12 0.707 3818.dat
1 14 157.739 8.76 -86.239 0.518 -0.624 -0.585 0.073 0.713 -0.697 0.852 0.318 0.415 3820.dat
1 14 124.239 8.76 -119.739 0.636 -0.651 -0.415 0.238 0.677 -0.697 0.734 0.344 0.585 3820.dat





