0 FILE 6679-2 - Exxon Tow Truck.ldr
0 Exxon Tow Truck
0 Name: 6679-2 - Exxon Tow Truck.ldr
0 Author: Victor Di Rienzo [tatubias]
0 !LDRAW_ORG Model
0 !LICENSE Redistributable under CCAL version 2.0 : see CAreadme.txt

1 0 40 -16.551 -37.744 0 0 1 -0.292 0.956 0 -0.956 -0.292 0 3034.dat
0 STEP
1 4 40 -44.667 -102.346 -1 0 0 0 0.956 -0.292 0 -0.292 -0.956 3710.dat
1 4 40 -43.547 -71.318 -1 0 0 0 0.956 -0.292 0 -0.292 -0.956 3788.dat
1 4 40 -14.309 24.312 -1 0 0 0 0.956 -0.292 0 -0.292 -0.956 3788.dat
1 0 40 -49.394 -90.444 -1 0 0 0 0.956 -0.292 0 -0.292 -0.956 3022.dat
1 15 40 -11.386 33.875 -1 0 0 0 0.956 -0.292 0 -0.292 -0.956 3023.dat
0 STEP
1 15 70 -21.96 26.651 0 0 -1 0.292 0.956 0 0.956 -0.292 0 3023.dat
1 15 10 -21.96 26.651 0 0 -1 0.292 0.956 0 0.956 -0.292 0 3023.dat
1 15 40 -19.036 36.214 -1 0 0 0 0.956 -0.292 0 -0.292 -0.956 3023.dat
1 0 40 -59.968 -97.668 -1 0 0 0 0.956 -0.292 0 -0.292 -0.956 3023.dat
1 4 40 -34.775 -42.629 1 0 0 0 0.956 0.292 0 -0.292 0.956 3829c01.dat
1 4 60 -21.278 -25.842 0 0 1 -0.292 0.956 0 -0.956 -0.292 0 3021.dat
1 4 20 -21.278 -25.842 0 0 1 -0.292 0.956 0 -0.956 -0.292 0 3021.dat
0 STEP
1 15 70 -50.076 -37.951 1 0 0 0 0.956 0.292 0 -0.292 0.956 3822.dat
1 15 10 -53.901 -36.782 1 0 0 0 0.956 0.292 0 -0.292 0.956 3821.dat
1 15 40 -29.61 28.99 1 0 0 0 0.956 0.292 0 -0.292 0.956 3020.dat
1 15 40 -51.197 -68.979 1 0 0 0 0.956 0.292 0 -0.292 0.956 3020.dat
1 15 10 -67.619 -95.329 1 0 0 0 0.956 0.292 0 -0.292 0.956 4070.dat
1 15 70 -67.619 -95.329 1 0 0 0 0.956 0.292 0 -0.292 0.956 4070.dat
0 STEP
1 15 70 -58.847 -66.64 0 0 -1 0.292 0.956 0 0.956 -0.292 0 3023.dat
1 46 70 -62.149 -111.641 1 0 0 0 0.292 -0.956 0 0.956 0.292 3024.dat
1 46 10 -62.149 -111.641 1 0 0 0 0.292 -0.956 0 0.956 0.292 3024.dat
1 15 10 -58.847 -66.64 0 0 -1 0.292 0.956 0 0.956 -0.292 0 3023.dat
1 15 40 -55.924 -57.077 -1 0 0 0 0.956 -0.292 0 -0.292 -0.956 3023.dat
0 STEP
1 15 40 -64.695 -85.766 1 0 0 0 0.956 0.292 0 -0.292 0.956 3068b.dat
1 0 40 -20.595 -78.335 -1 0 0 0 0.956 -0.292 0 -0.292 -0.956 122c01.dat
1 0 40 8.642 17.295 -1 0 0 0 0.956 -0.292 0 -0.292 -0.956 122c01.dat
1 256 10 14.38 15.541 0 0 -1 0.292 0.956 0 0.956 -0.292 0 3641.dat
1 256 70 14.38 15.541 0 0 -1 0.292 0.956 0 0.956 -0.292 0 3641.dat
1 256 70 -14.857 -80.089 0 0 -1 0.292 0.956 0 0.956 -0.292 0 3641.dat
1 256 10 -14.857 -80.089 0 0 -1 0.292 0.956 0 0.956 -0.292 0 3641.dat
1 1 40 -78.437 33.461 1 0 0 0 0.956 0.292 0 -0.292 0.956 4083.dat
1 47 40 -95.979 -23.917 1 0 0 0 0.956 0.292 0 -0.292 0.956 3823.dat
1 1 40 -103.629 -21.578 1 0 0 0 0.956 0.292 0 -0.292 0.956 3710.dat
0 STEP
1 4 130 -46 -185 0.707 0 -0.707 0 1 0 0.707 0 0.707 973.dat
1 0 130 -14 -185 0.707 0 -0.707 0 1 0 0.707 0 0.707 3815c01.dat
1 14 130 -70 -185 0.707 0 -0.707 0 1 0 0.707 0 0.707 3626ap01.dat
1 0 130 -70 -185 0.707 0 -0.707 0 1 0 0.707 0 0.707 3624.dat
1 0 140.997 -37 -174.003 0.697 0.12 -0.707 -0.17 0.985 0 0.697 0.12 0.707 3819.dat
1 0 119.003 -37 -195.997 0.697 -0.12 -0.707 0.17 0.985 0 0.697 -0.12 0.707 3818.dat
1 14 120.239 -19.24 -208.739 0.697 -0.585 -0.415 0.17 0.697 -0.697 0.697 0.415 0.585 3820.dat
1 14 153.739 -19.24 -175.239 0.577 -0.57 -0.585 0.002 0.717 -0.697 0.817 0.4 0.415 3820.dat
1 1 50 -47.725 44.985 0.707 0 -0.707 0.207 0.956 0.207 0.676 -0.292 0.676 3842a.dat
1 0 30 -20 -260 1 0 0 0 1 0 0 0 1 6679-2 - Tow Truck.ldr


0 FILE 6679-2 - Tow Truck.ldr
0 Tow Truck
0 Name: 6679-2 - Tow Truck.ldr
0 Author: Victor Di Rienzo [tatubias]
0 !LDRAW_ORG Model
0 !LICENSE Redistributable under CCAL version 2.0 : see CAreadme.txt

1 0 0 0 0 0 0 1 0 1 0 -1 0 0 3034.dat
1 0 0 8 70 0 0 1 0 1 0 -1 0 0 3021.dat
1 0 0 8 -30 0 0 1 0 1 0 -1 0 0 3021.dat
0 STEP
1 0 0 0 90 -1 0 0 0 1 0 0 0 -1 3023.dat
1 1 0 -8 -70 -1 0 0 0 1 0 0 0 -1 3710.dat
1 1 0 -8 90 -1 0 0 0 1 0 0 0 -1 3710.dat
1 1 0 -8 20 -1 0 0 0 1 0 0 0 -1 3020.dat
0 STEP
1 0 0 -8 -50 -1 0 0 0 1 0 0 0 -1 3023.dat
0 STEP
1 0 0 -8 60 -1 0 0 0 1 0 0 0 -1 3022.dat
1 1 30 -16 90 -1 0 0 0 1 0 0 0 -1 3024.dat
1 1 -30 -16 90 -1 0 0 0 1 0 0 0 -1 3024.dat
0 STEP
1 1 -30 -16 0 0 0 -1 0 1 0 1 0 0 3460.dat
1 1 30 -16 0 0 0 -1 0 1 0 1 0 0 3460.dat
1 1 0 -16 60 0 0 -1 0 1 0 1 0 0 3020.dat
0 STEP
1 0 0 -32 -70 1 0 0 0 1 0 0 0 1 3004.dat
1 4 0 -16 -50 1 0 0 0 1 0 0 0 1 3829c01.dat
1 0 0 -8 -20 1 0 0 0 1 0 0 0 1 4079.dat
0 STEP
1 1 30 -40 10 -1 0 0 0 1 0 0 0 -1 3040b.dat
1 1 -30 -40 10 -1 0 0 0 1 0 0 0 -1 3040b.dat
1 1 -30 -40 -70 1 0 0 0 1 0 0 0 1 4070.dat
1 1 30 -40 -70 1 0 0 0 1 0 0 0 1 4070.dat
1 1 0 -40 -70 1 0 0 0 1 0 0 0 1 3023.dat
1 1 -30 -44 -50 1 0 0 0 1 0 0 0 1 3821.dat
1 1 30 -40 -50 1 0 0 0 1 0 0 0 1 3822.dat
1 1 0 -88 10 -1 0 0 0 1 0 0 0 -1 4083.dat
1 4 0 -48 70 1 0 0 0 1 0 0 0 1 3135.dat
1 7 0 -67 133 1 0 0 0 1 0 0 0 1 3136.dat
1 47 0 -88 -50 1 0 0 0 1 0 0 0 1 3823.dat
1 46 -30 -30 -84 -1 0 0 0 0 1 0 1 0 3024.dat
1 46 30 -30 -84 -1 0 0 0 0 1 0 1 0 3024.dat
0 STEP
1 4 0 -96 -50 -1 0 0 0 1 0 0 0 -1 3710.dat
1 46 30 -104 -50 -1 0 0 0 1 0 0 0 -1 3024.dat
1 46 -30 -104 -50 -1 0 0 0 1 0 0 0 -1 3024.dat
1 0 0 16 -40 -1 0 0 0 1 0 0 0 -1 122c01.dat
1 0 0 16 60 -1 0 0 0 1 0 0 0 -1 122c01.dat
1 0 30 22 60 0 0 -1 0 1 0 1 0 0 4084.dat
1 0 30 22 -40 0 0 -1 0 1 0 1 0 0 4084.dat
1 0 -35 22 -40 0 0 -1 0 1 0 1 0 0 4084.dat
1 0 -35 22 60 0 0 -1 0 1 0 1 0 0 4084.dat






