0 FILE 6688 - main.ldr
0 main
0 Name: 6688 - main.ldr
0 Author: Victor Di Rienzo [tatubias]
0 !LDRAW_ORG Model
0 !LICENSE Redistributable under CCAL version 2.0 : see CAreadme.txt

1 0 0 0 0 1 0 0 0 1 0 0 0 1 6688 - Ambulance.ldr


0 FILE 6688 - Ambulance.ldr
0 Ambulance
0 Name: 6688 - Ambulance.ldr
0 Author: Victor Di Rienzo [tatubias]
0 !LDRAW_ORG Model
0 !LICENSE Redistributable under CCAL version 2.0 : see CAreadme.txt

1 4 0 0 0 1 0 0 0 1 0 0 0 1 3034.dat
0 STEP
1 4 -60 -16 0 0 0 1 0 1 0 -1 0 0 4211.dat
0 STEP
1 4 60 -16 0 0 0 -1 0 1 0 1 0 0 4211.dat
0 STEP
1 4 0 -16 -30 1 0 0 0 1 0 0 0 1 3710.dat
1 4 0 -16 30 1 0 0 0 1 0 0 0 1 3710.dat
1 4 90 -16 30 1 0 0 0 1 0 0 0 1 3024.dat
1 4 90 -16 -30 1 0 0 0 1 0 0 0 1 3024.dat
1 4 -100 -16 -30 1 0 0 0 1 0 0 0 1 3023.dat
1 4 -100 -16 30 1 0 0 0 1 0 0 0 1 3023.dat
1 15 50 -24 0 0 0 1 0 1 0 -1 0 0 3004.dat
0 STEP
1 15 80 -24 30 -1 0 0 0 1 0 0 0 -1 3710.dat
1 15 80 -24 -30 -1 0 0 0 1 0 0 0 -1 3710.dat
0 STEP
1 4 110 -16 -20 0 0 -1 0 1 0 1 0 0 3660.dat
1 4 110 -16 20 0 0 -1 0 1 0 1 0 0 3660.dat
1 4 0 0 -30 1 0 0 0 1 0 0 0 1 3710.dat
1 4 0 0 30 1 0 0 0 1 0 0 0 1 3710.dat
1 4 -90 0 0 0 0 -1 0 1 0 1 0 0 3710.dat
1 4 90 0 0 0 0 -1 0 1 0 1 0 0 3710.dat
0 STEP
1 0 100 8 0 0 0 -1 0 1 0 1 0 0 3022.dat
0 STEP
1 0 110 -24 0 0 0 -1 0 1 0 1 0 0 3829c01.dat
1 15 50 -48 0 0 0 -1 0 1 0 1 0 0 3010.dat
1 15 -80 -88 30 1 0 0 0 1 0 0 0 1 4215a.dat
1 15 -80 -88 -30 -1 0 0 0 1 0 0 0 -1 4215a.dat
1 15 0 -88 -30 -1 0 0 0 1 0 0 0 -1 4215ap66.dat
1 15 0 -88 30 1 0 0 0 1 0 0 0 1 4215ap66.dat
0 STEP
1 46 144 -30 -30 0 -1 0 1 0 0 0 0 1 3024.dat
1 15 130 -40 -30 0 0 -1 0 1 0 1 0 0 4070.dat
1 15 130 -40 0 0 0 -1 0 1 0 1 0 0 3004prc.dat
1 46 144 -30 30 0 -1 0 1 0 0 0 0 1 3024.dat
1 15 130 -40 30 0 0 -1 0 1 0 1 0 0 4070.dat
0 STEP
1 15 130 -48 0 0 0 1 0 1 0 -1 0 0 3710.dat
1 15 110 -48 -30 0 0 -1 0 1 0 1 0 0 3821.dat
1 15 110 -48 30 0 0 -1 0 1 0 1 0 0 3822.dat
1 4 10 -96 30 -1 0 0 0 1 0 0 0 -1 3623.dat
1 4 10 -96 -30 -1 0 0 0 1 0 0 0 -1 3623.dat
1 4 -60 -96 -30 -1 0 0 0 1 0 0 0 -1 3710.dat
1 4 -60 -96 30 -1 0 0 0 1 0 0 0 -1 3710.dat
0 STEP
1 4 -110 -96 0 0 0 1 0 1 0 -1 0 0 4315.dat
1 4 -128 -56 0 0 1 0 0 0 -1 -1 0 0 4213.dat
1 36 -136 -26 -30 0 1 0 0 0 -1 -1 0 0 3024.dat
1 36 -136 -26 30 0 1 0 0 0 -1 -1 0 0 3024.dat
1 43 110 -96 0 0 0 -1 0 1 0 1 0 0 3823.dat
0 STEP
1 4 -60 -104 0 -1 0 0 0 1 0 0 0 -1 3032.dat
1 4 10 -104 0 0 0 1 0 1 0 -1 0 0 3710.dat
1 4 30 -104 0 0 0 -1 0 1 0 1 0 0 4315.dat
1 4 80 -104 0 0 0 -1 0 1 0 1 0 0 4213.dat
1 15 -90 -112 0 0 0 -1 0 1 0 1 0 0 3794a.dat
1 15 70 -112 20 0 0 -1 0 1 0 1 0 0 3794a.dat
1 15 70 -112 -20 0 0 -1 0 1 0 1 0 0 3794a.dat
0 STEP
1 33 -90 -120 0 0 0 -1 0 1 0 1 0 0 3024.dat
1 33 70 -120 20 0 0 -1 0 1 0 1 0 0 3024.dat
1 33 70 -120 -20 0 0 -1 0 1 0 1 0 0 3024.dat
1 15 20 -112 0 0 0 -1 0 1 0 1 0 0 3068bp52.dat
1 0 60 8 0 0 0 -1 0 1 0 1 0 0 122c01.dat
1 0 -60 8 0 0 0 -1 0 1 0 1 0 0 122c01.dat
1 0 -60 14 -31 0 1 0 1 0 0 0 0 -1 3641.dat
1 0 -60 14 32 0 1 0 1 0 0 0 0 -1 3641.dat
1 0 60 14 -31 0 1 0 1 0 0 0 0 -1 3641.dat
1 0 60 14 32 0 1 0 1 0 0 0 0 -1 3641.dat
0 STEP
1 15 -30 4 -110 -1 0 0 0 1 0 0 0 -1 4714.dat
1 15 -70 16 -110 0 0 1 0 1 0 -1 0 0 4715.dat
1 15 -135 -48 -115 0.259 0 -0.966 0 1 0 0.966 0 0.259 973p24.dat
1 15 -135 -16 -115 0.259 0 -0.966 0 1 0 0.966 0 0.259 3815c01.dat
1 14 -135 -72 -115 0.707 0 -0.707 0 1 0 0.707 0 0.707 3626ap01.dat
1 6 -135 -72 -115 0.707 0 -0.707 0 1 0 0.707 0 0.707 3901.dat
1 1 -50 -5 -110 0 -1 0 0 0 1 -1 0 0 3815c01.dat
1 1 -18 -5 -110 0 -1 0 0 0 1 -1 0 0 973.dat
1 1 -27 -5 -125.552 0.17 -0.985 0 0 0 1 -0.985 -0.17 0 3819.dat
1 1 -60.975 21 -99.978 0.255 0.001 -0.967 -0.17 0.984 -0.044 0.952 0.176 0.251 3819.dat
1 1 -130.975 -39 -99.978 0.275 0.451 -0.849 0.136 0.856 0.499 0.952 -0.252 0.174 3819.dat
1 1 -139.025 -39 -130.022 -0.02 0.49 -0.872 0.306 0.833 0.461 0.952 -0.258 -0.166 3818.dat
1 14 -121.063 -29.358 -138.003 0.148 -0.227 -0.963 -0.311 0.913 -0.263 0.939 0.339 0.065 3820.dat
1 14 -112.686 -27.09 -101.703 0.245 -0.307 -0.92 0.231 0.94 -0.252 0.942 -0.15 0.301 3820.dat
1 14 -44.76 -14.884 -133.688 0.029 0.717 0.697 -0.195 -0.68 0.707 0.98 -0.156 0.12 3820.dat
1 15 10 16 -110 0 0 1 0 1 0 -1 0 0 4715.dat
1 1 -27 -5 -94.448 -0.17 -0.985 0 0 0 1 -0.985 0.17 0 3818.dat
1 14 -44.76 -14.884 -86.312 0.434 0.571 0.697 -0.283 -0.648 0.707 0.855 -0.504 -0.12 3820.dat
1 14 6 -5 -110 0 -1 0 0.624 0 0.781 -0.781 0 0.624 3626ap01.dat
1 0 6 -5 -110 0 -1 0 0.624 0 0.781 -0.781 0 0.624 4530.dat



