0 FILE 6742 - Main.ldr
0 Main
0 Name: 6742 - Main.ldr
0 Author: Johann Eisner [technicbasics]
0 !LDRAW_ORG Model
0 !LICENSE Redistributable under CCAL version 2.0 : see CAreadme.txt

0 !THEME Creator

0 !HISTORY 2012-12-12 [Ken] Initial creation
0 !HISTORY 2018-12-10 [technicbasics] Build mpd, OMRize file

0 ROTATION CENTER 0 0 0 1 "Custom" 
0 ROTATION CONFIG 0 0
1 0 0 0 0 1 0 0 0 1 0 0 0 1 6742 - Mini Off-Roader - Heavy Forklift.ldr
0
0 FILE 6742 - Mini Off-Roader - Heavy Forklift.ldr
0 Mini Off-Roader - Heavy Forklift
0 Name: 6742 - Mini Off-Roader - Heavy Forklift.ldr
0 Author: Ken Drew [Ken]
0 !LDRAW_ORG Model
0 !LICENSE Redistributable under CCAL version 2.0 : see CAreadme.txt
0 !HISTORY 2012-12-12 [Ken] Initial creation

0 ROTATION CENTER 0 0 0 1 "Custom" 
0 ROTATION CONFIG 0 0
1 7 0 0 0 0 0 1 0 1 0 -1 0 0 3034.dat
0 STEP
1 7 0 -8 -40 -1 0 0 0 1 0 0 0 -1 4600.dat
1 7 0 -8 60 -1 0 0 0 1 0 0 0 -1 4600.dat
0 STEP
1 7 0 -16 0 0 0 -1 0 1 0 1 0 0 3795.dat
1 14 0 -32 70 -1 0 0 0 1 0 0 0 -1 2877.dat
0 STEP
1 0 0 -24 -50 -1 0 0 0 1 0 0 0 -1 3023.dat
1 14 0 -24 -20 -1 0 0 0 1 0 0 0 -1 3022.dat
1 14 0 -24 10 -1 0 0 0 1 0 0 0 -1 3710.dat
1 14 0 -24 40 -1 0 0 0 1 0 0 0 -1 3022.dat
0 STEP
1 0 0 -32 50 -1 0 0 0 1 0 0 0 -1 3023.dat
1 8 0 -32 30 -1 0 0 0 1 0 0 0 -1 3710.dat
0 STEP
1 0 10 -24 -70 1 0 0 0 1 0 0 0 1 4070.dat
1 0 -10 -24 -70 1 0 0 0 1 0 0 0 1 4070.dat
0 STEP
1 46 10 -15 -84 1 0 0 0 0 -1 0 1 0 6141.dat
1 46 -10 -15 -84 1 0 0 0 0 -1 0 1 0 6141.dat
0 STEP
1 7 0 -32 -70 -1 0 0 0 1 0 0 0 -1 2412b.dat
1 14 -10 -32 -40 0 0 -1 0 1 0 1 0 0 3069b.dat
1 14 -10 -32 0 0 0 -1 0 1 0 1 0 0 3069b.dat
1 14 20 -32 0 0 0 -1 0 1 0 1 0 0 3022.dat
0 STEP
1 14 10 -48 -40 0 0 -1 0 1 0 1 0 0 4865b.dat
1 0 20 -40 -10 -1 0 0 0 1 0 0 0 -1 3023.dat
1 8 0 -40 40 -1 0 0 0 1 0 0 0 -1 3020.dat
1 8 0 -40 70 -1 0 0 0 1 0 0 0 -1 3710.dat
0 STEP
1 8 0 -48 60 -1 0 0 0 1 0 0 0 -1 3022.dat
1 7 -20 -48 30 1 0 0 0 1 0 0 0 1 48336.dat
1 7 -30 -48 50 1 0 0 0 1 0 0 0 1 6141.dat
1 7 30 -48 50 1 0 0 0 1 0 0 0 1 6141.dat
1 0 20 -48 30 -1 0 0 0 1 0 0 0 -1 3023.dat
0 STEP
1 14 20 -56 10 -1 0 0 0 1 0 0 0 -1 2877.dat
1 47 30 -40 -10 1 0 0 0 1 0 0 0 1 54200.dat
1 47 10 -40 -10 1 0 0 0 1 0 0 0 1 54200.dat
0 STEP
1 14 0 -56 40 -1 0 0 0 1 0 0 0 -1 3020.dat
1 7 -10 -72 70 1 0 0 0 1 0 0 0 1 4599a.dat
1 7 10 -72 70 1 0 0 0 1 0 0 0 1 4599a.dat
0 STEP
1 14 30 -64 30 0 0 -1 0 1 0 1 0 0 3623.dat
1 14 10 -64 30 0 0 -1 0 1 0 1 0 0 3623.dat
0 STEP
1 36 10 -72 30 0 0 -1 0 1 0 1 0 0 3024.dat
1 36 10 -80 30 0 0 -1 0 1 0 1 0 0 3024.dat
0 STEP
1 15 31 -3 60 0 0 -1 0 1 0 1 0 0 6014.dat
1 15 31 -3 -40 0 0 -1 0 1 0 1 0 0 6014.dat
1 15 -31 -3 -40 0 0 1 0 1 0 -1 0 0 6014.dat
1 15 -31 -3 60 0 0 1 0 1 0 -1 0 0 6014.dat
0 STEP
1 0 -37 -3 60 0 0 1 0 1 0 -1 0 0 6015.dat
1 0 37 -3 60 0 0 1 0 1 0 -1 0 0 6015.dat
1 0 37 -3 -40 0 0 1 0 1 0 -1 0 0 6015.dat
1 0 -37 -3 -40 0 0 1 0 1 0 -1 0 0 6015.dat
0 STEP
1 0 -20 -62.2599 -3.74517 -0.999999 0 0 0 0.707107 -0.707107 0 -0.707107 -0.707106 60470a.dat
0 STEP
1 8 -10 -56.603 -9.40203 -0.999999 0 0 0 0.707107 -0.707107 0 -0.707107 -0.707106 2420.dat
1 8 -10 -106.1 -58.8995 0 0 -0.999999 0.707106 0.707107 0 0.707106 -0.707107 0 3710.dat
0 STEP
1 8 -10 -97.6152 -39.1005 0 0 -0.999999 0.707106 0.707107 0 0.707106 -0.707107 0 3710.dat
1 7 0 -132.971 -74.4558 1 0 0 0 0.707107 0.707107 0 -0.707107 0.707107 48336.dat
0 STEP
1 8 -10 -138.627 -68.799 0.999999 0 0 0 0.707107 0.707106 0 -0.707107 0.707106 2555.dat
1 8 -10 -96.201 -26.3726 0.999999 0 0 0 0.707107 0.707106 0 -0.707107 0.707106 2555.dat
1 8 -10 -67.9167 1.91168 -0.999999 0 0 0 0.707107 -0.707106 0 -0.707107 -0.707106 2420.dat
0 STEP
1 7 -10 -151.355 -73.0416 -0.999999 0 0 0 0.707107 0.707106 0 0.707107 -0.707106 30374.dat
0 STEP
1 0 0 -132.847 -105.796 -1 0 0 0 0.707107 0.707107 0 0.707107 -0.707107 60470a.dat
0 STEP
1 14 -20 -138.503 -111.453 1 0 0 0 0.707107 -0.707107 0 0.707107 0.707106 4623.dat
1 14 20 -138.503 -111.453 1 0 0 0 0.707107 -0.707107 0 0.707107 0.707106 4623.dat
0 STEP
1 8 0 -144.16 -117.11 0.999999 0 0 0 0.707107 -0.707106 0 0.707107 0.707106 3710.dat
0 STEP


0
0
