0 FILE 6765 - Main model.ldr
0 Main model
0 Name: 6765 - Main model.ldr
0 Author: Willy Tschager [Holly Wood]
0 !LDRAW_ORG Model
0 !LICENSE Redistributable under CCAL version 2.0 : see CAreadme.txt

0 !THEME Western / Cowboys

1 0 0 0 0 0 0 -1 0 1 0 1 0 0 6765 - Bank.ldr
1 0 480 0 200 1 0 0 0 1 0 0 0 1 6765 - General Store.ldr
1 0 715.84 -17 18.153 -0.866 -0.061 -0.496 0 0.993 -0.122 0.5 -0.106 -0.86 6765 - Cannon.ldr
1 0 250.981 -67 -383.981 -0.326 0 -0.946 0 1 0 0.946 0 -0.326 6765 - Carriage.ldr
1 1 353.707 -53 -207.106 -0.326 0 -0.946 0 1 0 0.946 0 -0.326 6765 - Black Horse.ldr
1 14 386 4 -13 0.956 0 -0.292 0 1 0 0.292 0 0.956 6765 - Sheriff.ldr



0 FILE 6765 - General Store.ldr
0 General Store
0 Name: 6765 - General Store.ldr
0 Author: Willy Tschager [Holly Wood]
0 !LDRAW_ORG Model
0 !LICENSE Redistributable under CCAL version 2.0 : see CAreadme.txt

0 !THEME Western / Cowboys

1 19 0 0 0 1 0 0 0 1 0 0 0 1 3857.dat
1 0 -210 -24 140 0 0 -1 0 1 0 1 0 0 3004.dat
1 0 -210 -24 40 0 0 -1 0 1 0 1 0 0 3004.dat
1 0 -100 -24 150 1 0 0 0 1 0 0 0 1 3004.dat
1 0 10 -24 140 0 0 -1 0 1 0 1 0 0 3004.dat
1 0 10 -24 40 0 0 -1 0 1 0 1 0 0 3004.dat
1 0 -100 -24 40 0 0 -1 0 1 0 1 0 0 3003.dat
0 STEP
1 0 -210 -24 -60 0 0 -1 0 1 0 1 0 0 3004.dat
1 0 10 -24 -60 0 0 -1 0 1 0 1 0 0 3004.dat
1 0 -100 -24 -80 -1 0 0 0 1 0 0 0 -1 3001.dat
1 7 -100 -32 -20 -1 0 0 0 1 0 0 0 -1 3028.dat
0 STEP
1 7 -100 -32 100 -1 0 0 0 1 0 0 0 -1 3028.dat
1 0 140 -64 130 1 0 0 0 1 0 0 0 1 6079.dat
0 STEP
1 6 -220 -56 150 1 0 0 0 1 0 0 0 1 30136.dat
1 6 20 -56 150 1 0 0 0 1 0 0 0 1 30136.dat
1 6 20 -56 50 1 0 0 0 1 0 0 0 1 30136.dat
1 6 -220 -56 50 1 0 0 0 1 0 0 0 1 30136.dat
1 6 -100 -56 50 1 0 0 0 1 0 0 0 1 30136.dat
0 STEP
1 15 -190 -56 100 0 0 -1 0 1 0 1 0 0 3010.dat
1 0 -190 -64 130 0 0 -1 0 1 0 1 0 0 60897.dat
1 0 -190 -64 110 0 0 -1 0 1 0 1 0 0 60897.dat
1 0 -190 -64 90 0 0 -1 0 1 0 1 0 0 60897.dat
1 0 -190 -64 70 0 0 -1 0 1 0 1 0 0 60897.dat
1 15 -190 -88 100 0 0 -1 0 1 0 1 0 0 3010.dat
1 15 -190 -96 120 0 0 -1 0 1 0 1 0 0 3069bp03.dat
1 15 -190 -96 80 0 0 -1 0 1 0 1 0 0 3069bp03.dat
1 8 -160 -109 70 0 1 0 0 0 -1 -1 0 0 30141.dat
1 8 -160 -109 90 0 1 0 0 0 -1 -1 0 0 30141.dat
1 8 -163 -81 130 0 0.866 -0.5 0 -0.5 -0.866 -1 0 0 30132.dat
1 0 -170 -71 109 0 0 -1 0 1 0 1 0 0 3835.dat
1 15 -90 -80 100 0 0 -1 0 1 0 1 0 0 30055.dat
1 6 -60 -72 140 0 0 -1 0 1 0 1 0 0 2489.dat
0 STEP
1 6 -100 -80 50 1 0 0 0 1 0 0 0 1 30136.dat
1 6 -100 -104 50 1 0 0 0 1 0 0 0 1 30136.dat
1 6 -100 -128 50 1 0 0 0 1 0 0 0 1 30136.dat
1 6 -100 -152 50 1 0 0 0 1 0 0 0 1 30136.dat
1 2 -90 -88 120 0 0 -1 0 1 0 1 0 0 3069bpw2.dat
1 6 -200 -176 100 0 0 1 0 1 0 -1 0 0 30140.dat
1 6 0 -176 100 0 0 -1 0 1 0 1 0 0 30140.dat
0 STEP
1 2 -10 -152 50 -0.643 0 -0.766 0 1 0 0.766 0 -0.643 3861.dat
1 2 -160 -152 50 1 0 0 0 1 0 0 0 1 2493b.dat
1 47 -160 -152 50 1 0 0 0 1 0 0 0 1 2494.dat
1 47 -160 -94 44 1 0 0 0 0 -1 0 1 0 6765 - 4106331c.dat
1 15 -20 -80 -70 -1 0 0 0 1 0 0 0 -1 30055.dat
1 15 -180 -80 -70 -1 0 0 0 1 0 0 0 -1 30055.dat
0 STEP
1 6 -200 -72 20 -1 0 0 0 1 0 0 0 -1 2489.dat
1 15 -210 -128 -70 -1 0 0 0 1 0 0 0 -1 3062b.dat
1 15 -210 -104 -70 -1 0 0 0 1 0 0 0 -1 3062b.dat
1 15 -210 -152 -70 -1 0 0 0 1 0 0 0 -1 3062b.dat
1 15 -210 -176 -70 -1 0 0 0 1 0 0 0 -1 3062b.dat
1 15 10 -176 -70 -1 0 0 0 1 0 0 0 -1 3062b.dat
1 15 10 -104 -70 -1 0 0 0 1 0 0 0 -1 3062b.dat
1 15 10 -128 -70 -1 0 0 0 1 0 0 0 -1 3062b.dat
1 15 10 -152 -70 -1 0 0 0 1 0 0 0 -1 3062b.dat
1 6 -220 -176 150 1 0 0 0 1 0 0 0 1 30136.dat
1 6 20 -176 150 1 0 0 0 1 0 0 0 1 30136.dat
1 6 -100 -176 50 -1 0 0 0 1 0 0 0 -1 6112.dat
0 STEP
1 6 -210 -200 40 0 0 -1 0 1 0 1 0 0 6112.dat
1 6 10 -200 40 0 0 -1 0 1 0 1 0 0 6112.dat
1 0 -100 -200 50 -1 0 0 0 1 0 0 0 -1 6111.dat
0 STEP
1 0 -100 -208 100 -1 0 0 0 1 0 0 0 -1 3028.dat
0 STEP
1 0 -100 -232 50 -1 0 0 0 1 0 0 0 -1 6111.dat
1 0 -210 -232 60 0 0 -1 0 1 0 1 0 0 3004.dat
1 0 10 -232 60 0 0 -1 0 1 0 1 0 0 3004.dat
0 STEP
1 0 -100 -233.688 -0.148 1 0 0 0 0.985 -0.174 0 0.174 0.985 4213.dat
1 0 -180 -233.688 -0.148 1 0 0 0 0.985 -0.174 0 0.174 0.985 4213.dat
1 0 -20 -233.688 -0.148 1 0 0 0 0.985 -0.174 0 0.174 0.985 4213.dat
1 0 -100 -215.391 -57.847 1 0 0 0 0.985 -0.174 0 0.174 0.985 3029.dat
1 0 -180 -240 50 1 0 0 0 1 0 0 0 1 4315.dat
1 0 -100 -240 50 1 0 0 0 1 0 0 0 1 4315.dat
1 0 -20 -240 50 1 0 0 0 1 0 0 0 1 4315.dat
0 STEP
1 6 -180 -264 50 1 0 0 0 1 0 0 0 1 30137.dat
1 6 -100 -264 50 1 0 0 0 1 0 0 0 1 30137.dat
1 6 -20 -264 50 1 0 0 0 1 0 0 0 1 30137.dat
0 STEP
1 4 -100 -288 50 1 0 0 0 1 0 0 0 1 3009.dat
1 4 -100 -312 50 1 0 0 0 1 0 0 0 1 3009.dat
1 6 -210 -288 50 1 0 0 0 1 0 0 0 1 3005.dat
1 6 10 -288 50 1 0 0 0 1 0 0 0 1 3005.dat
1 4 -100 -288 40 1 0 0 0 0 -1 0 1 0 6765 - 4106331f.dat
0 STEP
1 6 -210 -312 50 1 0 0 0 1 0 0 0 1 3005.dat
1 6 10 -312 50 1 0 0 0 1 0 0 0 1 3005.dat
1 4 -10 -312 50 1 0 0 0 1 0 0 0 1 3581.dat
1 4 -10 -312 38 0 0 1 0 1 0 -1 0 0 3582.dat
1 4 -190 -312 50 1 0 0 0 1 0 0 0 1 3581.dat
1 4 -190 -312 38 0 0 -1 0 1 0 1 0 0 3582.dat
0 STEP
1 6 -180 -336 50 1 0 0 0 1 0 0 0 1 30137.dat
1 6 -100 -336 50 1 0 0 0 1 0 0 0 1 30137.dat
1 6 -20 -336 50 1 0 0 0 1 0 0 0 1 30137.dat
1 6 80 -5 -100 1 0 0 0 1 0 0 0 1 30139.dat
0 STEP
1 2 -280 0 -20 1 0 0 0 1 0 0 0 1 6064.dat
1 8 -209 -77 20 -0.231 0.454 -0.861 0.118 0.891 0.439 0.966 0 -0.259 3841.dat
1 0 -198 -90 25 -0.803 0.483 -0.349 -0.25 0.259 0.933 0.541 0.837 -0.087 4528.dat
1 8 -210 -336 50 0 0 -1 0 1 0 1 0 0 2546.dat
1 8 11 -72 18 0.899 0.436 0.046 0 -0.105 0.995 0.438 -0.894 -0.094 30141.dat
1 0 -30 -24 -150 -0.454 0 0.891 0 1 0 -0.891 0 -0.454 3062b.dat
1 0 -30 -48 -150 0.951 0 -0.309 0 1 0 0.309 0 0.951 4070.dat
1 15 -25.674 -38 -163.314 0.951 -0.309 0 0 0 -1 0.309 0.951 0 2431pw1.dat
1 7 110 -24 10 1 0 0 0 1 0 0 0 1 3062b.dat
1 7 130 -24 10 1 0 0 0 1 0 0 0 1 3062b.dat
1 7 110 -24 -10 1 0 0 0 1 0 0 0 1 3062b.dat
1 7 130 -24 -10 1 0 0 0 1 0 0 0 1 3062b.dat
1 7 120 -48 0 1 0 0 0 1 0 0 0 1 3062b.dat
1 8 27 -46.01 80 -0.028 -0.133 -0.99 -0.002 -0.991 0.133 -1 0.006 0.028 3837.dat
1 4 86.305 -49 -91.798 0.88 0.021 0.474 -0.077 0.992 0.098 -0.468 -0.123 0.875 6765 - Cowboy2.ldr
1 6 -110.641 -41 -90.581 -0.859 -0.018 -0.512 0 0.999 -0.035 0.513 -0.03 -0.858 6765 - Cowboy1.ldr


0 FILE 6765 - Bank.ldr
0 Bank
0 Name: 6765 - Bank.ldr
0 Author: Willy Tschager [Holly Wood]
0 !LDRAW_ORG Model
0 !LICENSE Redistributable under CCAL version 2.0 : see CAreadme.txt

0 !THEME Western / Cowboys

0 !LDCAD GROUP_DEF [topLevel=true] [LID=0] [GID=7sahBCGOVzD] [name=Group 1] [center=0 0 0]
1 19 0 0 0 1 0 0 0 1 0 0 0 1 3857.dat
1 0 -210 -24 120 0 0 1 0 1 0 -1 0 0 3010.dat
1 0 -220 -8 70 -1 0 0 0 1 0 0 0 -1 3069b.dat
0 STEP
1 4 -150 -24 70 0 0 1 0 1 0 -1 0 0 4286.dat
1 4 -190 -8 50 0 0 1 0 1 0 -1 0 0 6141.dat
0 STEP
1 0 -210 -24 30 1 0 0 0 1 0 0 0 1 2357.dat
1 0 -60 -24 40 1 0 0 0 1 0 0 0 1 3003.dat
1 0 90 -24 40 0 0 -1 0 1 0 1 0 0 3004.dat
0 STEP
1 0 90 -24 140 0 0 -1 0 1 0 1 0 0 3004.dat
1 0 -60 -24 150 -1 0 0 0 1 0 0 0 -1 3004.dat
1 7 -170 -24 140 0 0 1 0 1 0 -1 0 0 2458.dat
1 7 -190 -14 140 0 0 1 -0.998 -0.07 0 0.07 -0.998 0 6765 - shock-06_5L-hard-1.ldr
0 STEP
1 0 90 -24 -60 0 0 -1 0 1 0 1 0 0 3004.dat
1 0 -210 -24 -60 0 0 -1 0 1 0 1 0 0 3004.dat
1 0 -60 -24 -80 -1 0 0 0 1 0 0 0 -1 2456.dat
0 STEP
1 0 -210 -32 100 0 0 1 0 1 0 -1 0 0 3666.dat
1 0 -40 -32 100 1 0 0 0 1 0 0 0 1 3456.dat
0 STEP
1 0 -60 -32 -20 1 0 0 0 1 0 0 0 1 3027.dat
1 0 200 -64 130 1 0 0 0 1 0 0 0 1 6079.dat
0 STEP
1 15 90 -152 150 1 0 0 0 1 0 0 0 1 2453.dat
1 15 90 -152 40 0 0 -1 0 1 0 1 0 0 46212.dat
1 15 -210 -40 100 0 0 -1 0 1 0 1 0 0 3023.dat
1 15 -110 -40 100 0 0 -1 0 1 0 1 0 0 3023.dat
1 15 -130 -40 60 0 0 -1 0 1 0 1 0 0 3023.dat
1 0 -160 -40 140 -1 0 0 0 1 0 0 0 -1 3795.dat
0 STEP
1 15 -130 -48 60 0 0 -1 0 1 0 1 0 0 3069b.dat
1 15 -160 -40 60 0 0 -1 0 1 0 1 0 0 3068b.dat
1 1 -160 -40 10 -1 0 0 0 1 0 0 0 -1 2431.dat
1 15 -10 -152 50 1 0 0 0 1 0 0 0 1 2453.dat
0 STEP
1 7 40 -152 50 1 0 0 0 1 0 0 0 1 2493b.dat
1 47 40 -152 50 1 0 0 0 1 0 0 0 1 2494.dat
1 47 40 -94 44 1 0 0 0 0 -1 0 1 0 6765 - 4106331a.dat
1 7 90 -152 100 0 0 -1 0 1 0 1 0 0 2493b.dat
1 47 90 -152 100 0 0 -1 0 1 0 1 0 0 2494.dat
1 47 96 -94 100 0 -1 0 0 0 -1 1 0 0 6765 - 4106331a.dat
1 15 -110 -152 60 0 0 -1 0 1 0 1 0 0 46212.dat
1 15 -210 -152 50 0 0 -1 0 1 0 1 0 0 3755.dat
1 7 90 -80 -70 0 0 -1 0 1 0 1 0 0 3005.dat
1 7 90 -56 -70 0 0 -1 0 1 0 1 0 0 3005.dat
0 STEP
1 7 90 -80 -20 0 0 -1 0 1 0 1 0 0 30055.dat
1 7 40 -80 -70 -1 0 0 0 1 0 0 0 -1 30055.dat
1 7 0 -40 100 0 0 1 0 1 0 -1 0 0 3020.dat
1 7 -10 -88 80 0 0 1 0 1 0 -1 0 0 4864a.dat
1 7 0 -88 120 -1 0 0 0 1 0 0 0 -1 4345b.dat
1 2 -121 -47 -44 0.966 0 0.259 0.259 0 -0.966 0 1 0 3069bpw2.dat
1 2 -88 -55 -64 -0.326 0 -0.946 -0.946 0 0.326 0 1 0 3069bpw2.dat
1 0 -10 -136 100 0 0 1 0 1 0 -1 0 0 30055.dat
1 2 0 -88 120 -1 0 0 0 1 0 0 0 -1 4346pw01.dat
0 STEP
0 !LDCAD GROUP_NXT [ids=0] [nrs=-1]
1 7 -90 -152 50 -0.695 0 0.719 0 1 0 -0.719 0 -0.695 4343c01.dat
1 0 -160 -40 -10 1 0 0 0 1 0 0 0 1 3710.dat
1 1 -160 -48 -10 -1 0 0 0 1 0 0 0 -1 2431.dat
1 15 -110 -176 70 -1 0 0 0 1 0 0 0 -1 3005.dat
1 15 -210 -176 60 0 0 1 0 1 0 -1 0 0 3004.dat
1 15 90 -176 100 0 0 1 0 1 0 -1 0 0 3009.dat
0 !LDCAD GROUP_NXT [ids=0] [nrs=2]
1 47 -68.395 -95 27.746 -0.719 -0.695 0 0 0 -1 0.695 -0.719 0 6765 - 4106331b.dat
0 STEP
1 15 90 -176 30 1 0 0 0 1 0 0 0 1 3665.dat
1 15 -210 -176 30 1 0 0 0 1 0 0 0 1 3665.dat
1 15 -20 -176 50 1 0 0 0 1 0 0 0 1 6111.dat
1 15 -160 -208 100 -1 0 0 0 1 0 0 0 -1 4071.dat
1 0 -210 -124 117 0 0 -1 0 1 0 1 0 0 4611.dat
0 STEP
1 7 -160 -56 40 0 0 1 0 1 0 -1 0 0 6765 - Prison block.ldr
0 STEP
1 15 -210 -200 30 0 0 1 0 1 0 -1 0 0 3622.dat
1 15 90 -200 80 0 0 1 0 1 0 -1 0 0 3008.dat
1 15 -20 -200 50 1 0 0 0 1 0 0 0 1 6111.dat
1 15 -160 -200 70 1 0 0 0 1 0 0 0 1 3009.dat
0 STEP
1 0 -210 -208 40 0 0 -1 0 1 0 1 0 0 3710.dat
1 0 -110 -208 40 0 0 -1 0 1 0 1 0 0 3710.dat
1 0 90 -208 80 0 0 -1 0 1 0 1 0 0 3460.dat
1 0 -10 -208 30 0 0 -1 0 1 0 1 0 0 3623.dat
1 0 -60 -208 50 -1 0 0 0 1 0 0 0 -1 3710.dat
1 0 40 -208 50 -1 0 0 0 1 0 0 0 -1 3710.dat
0 STEP
1 0 -60 -216 100 -1 0 0 0 1 0 0 0 -1 3027.dat
1 0 130 -48 -110 1 0 0 0 1 0 0 0 1 4070.dat
1 0 130 -24 -110 -1 0 0 0 1 0 0 0 -1 3062b.dat
1 15 130 -48 -124 0 0 1 1 0 0 0 1 0 3069bpw0.dat
0 STEP
1 0 -60 -240 70 -1 0 0 0 1 0 0 0 -1 3010.dat
1 0 -60 -216 20 -1 0 0 0 1 0 0 0 -1 4282.dat
0 STEP
1 15 -210 -240 80 0 0 -1 0 1 0 1 0 0 3008.dat
1 15 90 -240 80 0 0 -1 0 1 0 1 0 0 3008.dat
1 15 -110 -240 10 0 0 -1 0 1 0 1 0 0 3005.dat
1 15 -10 -240 10 0 0 -1 0 1 0 1 0 0 3005.dat
1 1 -160 -240 10 1 0 0 0 1 0 0 0 1 3297.dat
1 1 -60 -240 10 1 0 0 0 1 0 0 0 1 3297.dat
1 1 40 -240 10 1 0 0 0 1 0 0 0 1 3297.dat
1 7 -210 -264 120 0 0 1 0 1 0 -1 0 0 3633.dat
1 7 90 -264 120 0 0 -1 0 1 0 1 0 0 3633.dat
0 STEP
1 7 -180 -264 10 1 0 0 0 1 0 0 0 1 3633.dat
1 7 -100 -264 10 1 0 0 0 1 0 0 0 1 3633.dat
1 7 -20 -264 10 1 0 0 0 1 0 0 0 1 3633.dat
1 7 60 -264 10 1 0 0 0 1 0 0 0 1 3633.dat
1 4 -60 -264 70 1 0 0 0 1 0 0 0 1 2465.dat
0 STEP
1 4 -60 -288 70 1 0 0 0 1 0 0 0 1 925.dat
1 4 -60 -312 70 1 0 0 0 1 0 0 0 1 925.dat
1 4 -210 -288 70 1 0 0 0 1 0 0 0 1 3005.dat
1 4 90 -288 70 1 0 0 0 1 0 0 0 1 3005.dat
1 4 -60 -360 70 1 0 0 0 1 0 0 0 1 4088.dat
1 4 -60 -302 60 1 0 0 0 0 -1 0 1 0 6765 - 4106331d.dat
0 STEP
1 4 -210 -296 70 1 0 0 0 1 0 0 0 1 6141.dat
1 4 90 -296 70 1 0 0 0 1 0 0 0 1 6141.dat
1 4 -130 -320 70 1 0 0 0 1 0 0 0 1 6141.dat
1 4 10 -320 70 1 0 0 0 1 0 0 0 1 6141.dat
1 4 -60 -368 70 1 0 0 0 1 0 0 0 1 6141.dat
1 2 220 0 60 1 0 0 0 1 0 0 0 1 6064.dat
1 15 -220 -112 50 0 1 0 0 0 -1 -1 0 0 6765 - 4106331h.dat
1 15 -220 -144 100 0 1 0 0 0 -1 -1 0 0 6765 - 4106331g.dat
1 8 -36.227 -43 -83.888 1 0 0 0 0.829 -0.559 0 0.559 0.829 6765 - Banker.ldr




0 FILE 6765 - Prison block.ldr
0 Prison block
0 Name: 6765 - Prison block.ldr
0 Author: Willy Tschager [Holly Wood]
0 !LDRAW_ORG Model
0 !LICENSE Redistributable under CCAL version 2.0 : see CAreadme.txt

0 !THEME Western / Cowboys

1 1 0 0 0 1 0 0 0 1 0 0 0 1 3032.dat
0 STEP
1 15 -40 -8 0 1 0 0 0 1 0 0 0 1 3068b.dat
1 7 40 -8 -20 1 0 0 0 1 0 0 0 1 3068b.dat
1 7 40 -8 20 1 0 0 0 1 0 0 0 1 3068b.dat
0 STEP
1 1 20 8 0 0 0 -1 0 1 0 1 0 0 3020.dat
0 STEP
1 1 0 -24 0 0 0 -1 0 1 0 1 0 0 3001.dat
0 STEP
1 1 0 -48 0 0 0 -1 0 1 0 1 0 0 3001.dat
1 15 -40 -72 -30 -1 0 0 0 1 0 0 0 -1 2362a.dat
1 15 -40 -72 30 1 0 0 0 1 0 0 0 1 2362a.dat
0 STEP
1 15 -10 -72 0 0 0 -1 0 1 0 1 0 0 3010.dat
0 STEP
1 15 -10 -96 0 0 0 1 0 1 0 -1 0 0 3297.dat
0 STEP
1 15 -10 -120 0 0 0 -1 0 1 0 1 0 0 3633.dat


0 FILE 6765 - Carriage.ldr
0 Carriage
0 Name: 6765 - Carriage.ldr
0 Author: Willy Tschager [Holly Wood]
0 !LDRAW_ORG Model
0 !LICENSE Redistributable under CCAL version 2.0 : see CAreadme.txt

0 !THEME Western / Cowboys

1 0 0 0 0 0 0 -1 0 1 0 1 0 0 2456.dat
1 0 30 0 0 0 0 -1 0 1 0 1 0 0 3010.dat
1 0 -30 0 0 0 0 -1 0 1 0 1 0 0 3010.dat
0 STEP
1 4 -20 -8 30 1 0 0 0 1 0 0 0 1 3023.dat
1 4 10 -8 30 1 0 0 0 1 0 0 0 1 2420.dat
0 STEP
1 4 0 -8 -60 0 0 1 0 1 0 -1 0 0 3035.dat
1 4 -10 -8 50 0 0 1 0 1 0 -1 0 0 3070b.dat
0 STEP
1 0 0 0 -120 0 0 1 0 1 0 -1 0 0 3003.dat
0 STEP
1 0 -30 -16 -60 0 0 1 0 1 0 -1 0 0 3069b.dat
1 0 20 -16 -50 -1 0 0 0 1 0 0 0 -1 3069b.dat
1 0 20 -16 20 -1 0 0 0 1 0 0 0 -1 3068b.dat
1 0 -20 -16 20 -1 0 0 0 1 0 0 0 -1 3068b.dat
0 STEP
1 0 -30 -32 -100 0 0 -1 0 1 0 1 0 0 3004.dat
1 0 -30 -32 -20 0 0 -1 0 1 0 1 0 0 3004.dat
0 STEP
1 0 -10 -32 -60 0 0 -1 0 1 0 1 0 0 3004.dat
1 0 0 -32 -10 1 0 0 0 1 0 0 0 1 4865a.dat
0 STEP
1 0 30 -32 -20 0 0 -1 0 1 0 1 0 0 3004.dat
1 0 30 -32 -90 0 0 -1 0 1 0 1 0 0 3622.dat
0 STEP
1 7 -10 -16 -110 0 0 -1 0 1 0 1 0 0 3024.dat
1 4 -10 -40 -110 0 0 -1 0 1 0 1 0 0 6541.dat
1 7 0 -30 -110 1 0 0 0 1 0 0 0 1 3673.dat
1 7 10 -30 -110 0 0 -1 -0.999 0.035 0 0.035 0.999 0 6765 - shock-06_5L-soft-2.ldr
0 STEP
1 0 -20 -32 -130 1 0 0 0 1 0 0 0 1 3660.dat
1 0 20 -32 -130 1 0 0 0 1 0 0 0 1 3660.dat
0 STEP
1 0 30 -40 -10 0 0 -1 0 1 0 1 0 0 60897.dat
1 4 30 -40 -60 0 0 -1 0 1 0 1 0 0 3710.dat
1 0 -30 -40 -10 0 0 1 0 1 0 -1 0 0 60897.dat
1 4 -30 -40 -130 1 0 0 0 1 0 0 0 1 2420.dat
1 4 30 -40 -130 0 0 -1 0 1 0 1 0 0 2420.dat
1 4 -20 -40 -60 0 0 -1 0 1 0 1 0 0 3020.dat
0 STEP
1 0 30 -48 -60 0 0 -1 0 1 0 1 0 0 3710.dat
1 0 -30 -48 -60 0 0 1 0 1 0 -1 0 0 3710.dat
1 0 0 -48 -110 -1 0 0 0 1 0 0 0 -1 3710.dat
1 4 30 -48 -10 1 0 0 0 1 0 0 0 1 6141.dat
1 4 -30 -48 -10 1 0 0 0 1 0 0 0 1 6141.dat
1 4 0 -40 -150 1 0 0 0 1 0 0 0 1 4315.dat
1 0 0 -54.764 -179.489 1 0 0 0 0.755 0.656 0 -0.656 0.755 2873.dat
0 STEP
1 0 30 -56 -10 0 0 -1 0 1 0 1 0 0 60897.dat
1 0 -30 -56 -10 0 0 1 0 1 0 -1 0 0 60897.dat
1 0 30 -56 -110 0 0 -1 0 1 0 1 0 0 60897.dat
1 0 -30 -56 -110 0 0 1 0 1 0 -1 0 0 60897.dat
1 0 0 -56 -110 1 0 0 0 1 0 0 0 1 3023.dat
1 0 30 -56 -60 0 0 -1 0 1 0 1 0 0 4315.dat
1 0 -30 -56 -60 0 0 1 0 1 0 -1 0 0 4315.dat
1 0 40 -28 -60 0 1 0 0 0 -1 -1 0 0 2873.dat
1 0 -40 -28 -60 0 -1 0 0 0 -1 1 0 0 2873.dat
1 0 44 -28 -60 0 -1 0 0 0 -1 1 0 0 6765 - 4106331e.dat
1 0 -44 -28 -60 0 1 0 0 0 -1 -1 0 0 6765 - 4106331e.dat
0 STEP
1 0 0 -56 50 1 0 0 0 1 0 0 0 1 30055.dat
1 0 0 -64 50 1 0 0 0 1 0 0 0 1 3710.dat
1 0 0 -88 50 1 0 0 0 1 0 0 0 1 3010.dat
1 0 0 -64 -60 0 0 1 0 1 0 -1 0 0 3032.dat
0 STEP
1 0 0 -72 -20 1 0 0 0 1 0 0 0 1 u8200.dat
1 0 0 -80 -20 1 0 0 0 1 0 0 0 1 u8200.dat
1 0 -30 -64 -140 0 0 -1 0 1 0 1 0 0 4865a.dat
1 0 30 -64 -140 0 0 1 0 1 0 -1 0 0 4865a.dat
0 STEP
1 7 10 -64 20 0 0 -1 0 1 0 1 0 0 4345b.dat
1 2 10 -64 20 0 0 -1 0 1 0 1 0 0 4346pw01.dat
1 334 10 -28 15 0 0 -1 0 1 0 1 0 0 70501a.dat
1 334 10 -32 26 0 0 -1 0.391 0.921 0 0.921 -0.391 0 70501b.dat
1 334 10 -37 12 0 0 -1 -0.616 0.788 0 0.788 0.616 0 70501c.dat
1 0 50 -44 20 0 0 -1 0 1 0 1 0 0 6016.dat
1 0 -50 -44 20 0 0 -1 0 1 0 1 0 0 6016.dat
0 STEP
1 0 0 -88 0 0 0 -1 0 1 0 1 0 0 3031.dat
1 4 0 -96 0 0 0 -1 0 1 0 1 0 0 2460.dat
1 0 30 -88 -80 0 0 -1 0 1 0 1 0 0 3633.dat
1 0 -30 -88 -80 0 0 1 0 1 0 -1 0 0 3633.dat
0 STEP
1 7 0 24 -120 0 0 1 0 1 0 -1 0 0 3679.dat
1 0 0 24 10 -1 0 0 0 1 0 0 0 -1 2926.dat
0 STEP
1 6 0 -120 0 1 0 0 0 1 0 0 0 1 6765 - Gatling.ldr
0 STEP
1 0 50 29 10 0 0 -1 0 1 0 1 0 0 4489a.dat
1 0 -50 29 10 0 0 1 0 1 0 -1 0 0 4489a.dat
1 8 52.588 -76 -100.341 0.966 0.259 0 0 0 -1 -0.259 0.966 0 30141.dat
0 STEP
1 7 0 24 -120 0.966 0 -0.259 0 1 0 0.259 0 0.966 6765 - Tongue.ldr
1 8 -49.998 -76 -99.999 1 0 0 0 0 -1 0 1 0 30141.dat
1 0 -3 -58 -140 0.951 0.3 0.075 -0.309 0.923 0.23 0 -0.242 0.97 6765 - Soldier.ldr


0 FILE 6765 - Tongue.ldr
0 Tongue
0 Name: 6765 - Tongue.ldr
0 Author: Willy Tschager [Holly Wood]
0 !LDRAW_ORG Model
0 !LICENSE Redistributable under CCAL version 2.0 : see CAreadme.txt

0 !THEME Western / Cowboys

1 0 0 0 0 1 0 0 0 1 0 0 0 1 4508.dat
0 STEP
1 4 0 8 0 1 0 0 0 1 0 0 0 1 3022.dat
0 STEP
1 0 0 8 0 1 0 0 0 1 0 0 0 1 6157.dat
0 STEP
1 0 0 -9.63 -98.77 0 0 -1 0.139 0.99 0 0.99 -0.139 0 4504.dat
0 STEP
1 0 0 -19.453 -188.644 1 0 0 0 1 0 0 0 1 4507.dat
1 6 40 -43.453 -188.644 1 0 0 0 1 0 0 0 1 3004.dat
1 6 -40 -43.453 -188.644 1 0 0 0 1 0 0 0 1 3004.dat
0 STEP
1 6 40 -11.453 -188.644 1 0 0 0 1 0 0 0 1 4493c04.dat
1 6 -40 -11.453 -188.644 1 0 0 0 1 0 0 0 1 4494c01.dat
1 0 38 13 0 0 0 -1 0 1 0 1 0 0 2470.dat
1 0 -38 13 0 0 0 1 0 1 0 -1 0 0 2470.dat
1 6 -40 -31.453 -222.644 1 0 0 0 0.5 -0.866 0 0.866 0.5 4492p04.dat


0 FILE 6765 - Gatling.ldr
0 Gatling
0 Name: 6765 - Gatling.ldr
0 Author: Willy Tschager [Holly Wood]
0 !LDRAW_ORG Model
0 !LICENSE Redistributable under CCAL version 2.0 : see CAreadme.txt

0 !THEME Western / Cowboys

1 0 0 0 0 1 0 0 0 1 0 0 0 1 4733.dat
0 STEP
1 0 0 -8 0 1 0 0 0 1 0 0 0 1 2555.dat
1 0 18 10 0 0 -1 0 1 0 0 0 0 1 2555.dat
1 0 -18 10 0 0 1 0 -1 0 0 0 0 1 2555.dat
0 STEP
1 8 -14 10 -30 0 1 0 1 0 0 0 0 -1 30141.dat
1 8 14 10 -30 0 -1 0 -1 0 0 0 0 -1 30141.dat
1 8 0 -4 -30 -1 0 0 0 1 0 0 0 -1 30141.dat



0 FILE 6765 - Cannon.ldr
0 Cannon
0 Name: 6765 - Cannon.ldr
0 Author: Willy Tschager [Holly Wood]
0 !LDRAW_ORG Model
0 !LICENSE Redistributable under CCAL version 2.0 : see CAreadme.txt

0 !THEME Western / Cowboys

1 0 0 0 0 0 0 -1 0 1 0 1 0 0 3020.dat
0 STEP
1 0 0 -16 20 1 0 0 0 1 0 0 0 1 6157.dat
1 6 0 -8 -10 1 0 0 0 1 0 0 0 1 3023.dat
1 0 0 -8 -40 1 0 0 0 1 0 0 0 1 3176.dat
0 STEP
1 6 0 -16 0 -1 0 0 0 1 0 0 0 -1 2527.dat
0 STEP
1 8 0 -44 30 -1 0 0 0 0.966 0.259 0 0.259 -0.966 2533c01.dat
0 STEP
1 0 40 -11 20 0 0 -1 0 1 0 1 0 0 2470.dat
1 0 -40 -11 20 0 0 1 0 1 0 -1 0 0 2470.dat



0 FILE 6765 - Sheriff.ldr
0 Sheriff
0 Name: 6765 - Sheriff.ldr
0 Author: Willy Tschager [Holly Wood]
0 !LDRAW_ORG Model
0 !LICENSE Redistributable under CCAL version 2.0 : see CAreadme.txt

0 !THEME Western / Cowboys

1 0 0 -28 -10 1 0 0 0 0.743 -0.669 0 0.669 0.743 3817.dat
1 0 0 -28 -10 1 0 0 0 1 0 0 0 1 3816.dat
1 0 0 -39.954 -8.954 1 0 0 0 0.996 0.087 0 -0.087 0.996 3815.dat
1 8 0 -71.833 -6.165 1 0 0 0 0.996 0.087 0 -0.087 0.996 973pw4.dat
1 8 15.552 -62.867 -6.95 0.985 0.162 -0.053 -0.16 0.986 0.039 0.058 -0.03 0.998 3819.dat
1 8 -15.552 -62.867 -6.95 0.984 -0.018 -0.169 0.169 0.016 0.985 -0.015 -0.999 0.019 3818.dat
1 0 24.05 -45.427 -17.093 0.955 -0.258 -0.151 0.092 0.736 -0.67 0.284 0.625 0.727 3820.dat
1 0 -19.137 -73.147 -25.932 0.997 -0.019 -0.056 0.051 0.754 0.655 0.029 -0.656 0.754 3820.dat
1 14 0 -95.741 -4.073 0.953 -0.024 0.303 -0.003 0.996 0.087 -0.304 -0.084 0.949 3626bp35.dat
1 7 0 -95.741 -4.073 0.953 -0.024 0.303 -0.003 0.996 0.087 -0.304 -0.084 0.949 3629pw2.dat
1 8 25.902 -39.679 -25.195 0.955 -0.287 -0.082 0.092 0.545 -0.833 0.284 0.787 0.548 30132.dat
1 8 -18.548 -80.693 -32.627 0.969 -0.033 -0.243 0.137 0.893 0.427 0.204 -0.446 0.871 30132.dat



0 FILE 6765 - Banker.ldr
0 Banker
0 Name: 6765 - Banker.ldr
0 Author: Willy Tschager [Holly Wood]
0 !LDRAW_ORG Model
0 !LICENSE Redistributable under CCAL version 2.0 : see CAreadme.txt

0 !THEME Western / Cowboys

1 8 0 0 0 1 0 0 0 -0.174 0.985 0 -0.985 -0.174 3817.dat
1 8 0 0 0 1 0 0 0 0.545 -0.839 0 0.839 0.545 3816.dat
1 8 0 -11.692 2.699 1 0 0 0 0.974 0.225 0 -0.225 0.974 3815.dat
1 15 0 -42.872 9.898 1 0 0 0 0.974 0.225 0 -0.225 0.974 973pwa.dat
1 15 15.552 -34.103 7.873 0.965 0.213 0.152 -0.21 0.281 0.936 0.156 -0.935 0.317 3819.dat
1 15 -15.552 -34.103 7.873 0.99 -0.134 -0.043 0.135 0.812 0.568 -0.041 -0.568 0.822 3818.dat
1 14 22.886 -39.09 -12.143 0.045 0.997 -0.043 -0.885 0.059 0.463 0.465 0.017 0.886 3820.dat
1 14 -22.608 -25.061 -10.776 0.993 -0.004 0.115 0.029 0.976 -0.216 -0.111 0.219 0.97 3820.dat
1 14 0 -66.257 15.297 0.711 0 0.704 -0.158 0.974 0.16 -0.686 -0.225 0.693 6765 - 3626bpw8.dat
1 0 0 -66.257 15.297 0.711 0 0.704 -0.158 0.974 0.16 -0.686 -0.225 0.693 3901.dat
1 2 25.776 -55.438 -35.317 -0.226 -0.01 -0.974 0.435 0.892 -0.11 0.871 -0.448 -0.197 3069bpw2.dat


0 FILE 6765 - Cowboy1.ldr
0 Cowboy1
0 Name: 6765 - Cowboy1.ldr
0 Author: Willy Tschager [Holly Wood]
0 !LDRAW_ORG Model
0 !LICENSE Redistributable under CCAL version 2.0 : see CAreadme.txt

0 !THEME Western / Cowboys

1 6 0 0 0 1 0 0 0 -0.035 0.999 0 -0.999 -0.035 3817.dat
1 6 0 0 0 1 0 0 0 0.616 -0.788 0 0.788 0.616 3816.dat
1 6 0 -12 0 1 0 0 0 0.995 0.105 0 -0.105 0.995 3815.dat
1 1 0 -43.825 3.345 1 0 0 0 0.995 0.105 0 -0.105 0.995 973pw9.dat
1 1 15.552 -34.874 2.404 0.984 0.003 0.17 -0.169 -0.087 0.981 0.018 -0.995 -0.086 3819.dat
1 1 -15.552 -34.874 2.404 0.984 -0.069 -0.155 0.169 0.303 0.937 -0.018 -0.95 0.31 3818.dat
1 14 18.848 -47.067 -15.466 0.969 -0.215 0.118 0.053 0.652 0.756 -0.239 -0.726 0.644 3820.dat
1 14 -20.245 -39.259 -18.517 0.998 -0.044 -0.009 0.043 0.911 0.41 -0.01 -0.409 0.912 3820.dat
1 14 0 -67.693 5.854 0.092 0 0.996 -0.104 0.995 0.01 -0.991 -0.105 0.092 6765 - 3626bpw9.dat
1 7 0 -67.693 5.854 0.092 0 0.996 -0.104 0.995 0.01 -0.991 -0.105 0.092 3629.dat
1 15 16.117 -63.761 -25.57 0.135 0.972 -0.176 -0.813 0.21 0.536 0.56 0.07 0.822 3069bpw1.dat


0 FILE 6765 - Cowboy2.ldr
0 Cowboy2
0 Name: 6765 - Cowboy2.ldr
0 Author: Willy Tschager [Holly Wood]
0 !LDRAW_ORG Model
0 !LICENSE Redistributable under CCAL version 2.0 : see CAreadme.txt

0 !THEME Western / Cowboys

1 1 0 0 0 1 0 0 0 1 0 0 0 1 3817.dat
1 1 0 0 0 1 0 0 0 1 0 0 0 1 3816.dat
1 1 0 -12 0 1 0 0 0 1 0 0 0 1 3815.dat
1 6 0 -44 0 1 0 0 0 1 0 0 0 1 973pw7.dat
1 4 15.552 -35 0 0.985 0.11 0.131 -0.17 0.633 0.754 0 -0.766 0.643 3819.dat
1 4 -15.552 -35 0 0.984 0.006 -0.17 0.17 -0.034 0.984 0 -0.998 -0.034 3818.dat
1 14 21.253 -31.342 -20.815 0.985 -0.171 0.015 0.169 0.981 0.085 -0.029 -0.082 0.996 3820.dat
1 14 -18.683 -46.22 -18.524 0.997 0.013 -0.075 0.041 0.722 0.693 0.062 -0.693 0.721 3820.dat
1 14 0 -68 0 1 0 0.03 0 1 0 -0.03 0 1 3626bp62.dat
1 15 0 -68 0 1 0 0.03 0 1 0 -0.03 0 1 3629.dat
1 8 21.648 -35.426 -31.029 0.985 -0.161 0.057 0.169 0.972 -0.162 -0.029 0.171 0.984 30132.dat
1 8 -17.935 -56.723 -23.375 0.997 -0.006 -0.076 0.042 0.872 0.489 0.062 -0.49 0.872 30141.dat



0 FILE 6765 - Soldier.ldr
0 Soldier
0 Name: 6765 - Soldier.ldr
0 Author: Willy Tschager [Holly Wood]
0 !LDRAW_ORG Model
0 !LICENSE Redistributable under CCAL version 2.0 : see CAreadme.txt

0 !THEME Western / Cowboys

1 1 0 0 0 1 0 0 0 0.515 0.857 0 -0.857 0.515 3817.dat
1 1 0 0 0 1 0 0 0 0.017 1 0 -1 0.017 3816.dat
1 1 0 -12 0 1 0 0 0 1 0 0 0 1 3815.dat
1 1 0 -44 0 1 0 0 0 1 0 0 0 1 973pw4.dat
1 1 15.552 -35 0 0.985 0.147 0.085 -0.17 0.853 0.492 0 -0.5 0.866 3819.dat
1 1 -15.552 -35 0 0.968 -0.145 -0.201 0.238 0.325 0.915 -0.067 -0.934 0.349 3818.dat
1 15 22.417 -24.601 -17.998 0.984 -0.176 -0.044 0.158 0.953 -0.255 0.087 0.244 0.966 3820.dat
1 15 -21.136 -39.098 -20.76 0.991 -0.129 0.016 0.113 0.917 0.381 -0.064 -0.377 0.924 3820.dat
1 14 0 -68 0 0.465 0 -0.886 0 1 0 0.886 0 0.465 3626bp43.dat
1 1 0 -68 0 0.465 0 -0.886 0 1 0 0.886 0 0.465 30135.dat
1 8 23.447 -25.008 -28.95 0.984 -0.181 0.001 0.158 0.859 -0.486 0.087 0.478 0.874 30132.dat
1 15 0 -44 0 1 0 0 0 1 0 0 0 1 30133.dat
1 0 -20.674 -50.095 -28.471 -0.209 -0.121 -0.97 0.098 0.984 -0.143 0.972 -0.125 -0.194 2488.dat



0 FILE 6765 - Bandit.ldr
0 Bandit
0 Name: 6765 - Bandit.ldr
0 Author: Willy Tschager [Holly Wood]
0 !LDRAW_ORG Model
0 !LICENSE Redistributable under CCAL version 2.0 : see CAreadme.txt

0 !THEME Western / Cowboys

1 0 0 0 0 0.99 -0.105 -0.094 0.141 0.689 0.71 -0.01 -0.716 0.698 3818.dat
1 0 15.552 35 0 1 0 0 0 0.883 -0.469 0 0.469 0.883 3817.dat
1 0 15.552 35 0 1 0 0 0 0.122 0.993 0 -0.993 0.122 3816.dat
1 0 15.552 23 0 1 0 0 0 1 0 0 0 1 3815.dat
1 0 15.552 -9 0 1 0 0 0 1 0 0 0 1 973pw5.dat
1 0 31.104 0 0 0.965 0.234 0.117 -0.24 0.61 0.754 0.105 -0.756 0.645 3819.dat
1 0 39.188 2.867 -20.144 0.919 0.387 -0.083 -0.379 0.92 0.102 0.116 -0.063 0.993 3820.dat
1 0 -6 5.296 -20.378 0.998 -0.022 0.059 0.024 0.999 -0.03 -0.059 0.031 0.998 3820.dat
1 14 15.552 -33 0 1 0 0.03 0 1 0 -0.03 0 1 3626bpw1.dat
1 0 15.552 -33 0 1 0 0.03 0 1 0 -0.03 0 1 3629.dat
1 0 15.552 -9 0 -1 0 -0.03 0 1 0 0.03 0 -1 30133.dat
1 8 -6.561 4.294 -30.421 0.995 -0.007 -0.101 -0.021 0.959 -0.28 0.098 0.281 0.955 30132.dat



0 FILE 6765 - Black Horse.ldr
0 Black Horse
0 Name: 6765 - Black Horse.ldr
0 Author: Willy Tschager [Holly Wood]
0 !LDRAW_ORG Model
0 !LICENSE Redistributable under CCAL version 2.0 : see CAreadme.txt

0 !THEME Western / Cowboys

1 0 0 0 0 1 0 0 0 1 0 0 0 1 4493c01.dat
1 6 0 -8 0 1 0 0 0 1 0 0 0 1 4491b.dat
1 0 1 -98 23 0 0 1 0 1 0 -1 0 0 6765 - Bandit.ldr



0 FILE 6765 - shock-06_5L-hard-1.ldr
0 shock-06_5L-hard-1
0 Name: 6765 - shock-06_5L-hard-1.ldr
0 Author: Willy Tschager [Holly Wood]
0 !LDRAW_ORG Model
0 !LICENSE Redistributable under CCAL version 2.0 : see CAreadme.txt
0 !CATEGORY Technic

0 !THEME Western / Cowboys
0 !KEYWORDS spring, shock
0 !LDCAD CONTENT [type=spring] [addFallBack=default] [cRes=16] [cResLD=16] [cDia=14] [cRoll=0] [wRes=8] [wResLD=8] [wDia=0.6mm] [wCol=494] [sepMesh=false]

0 !LDCAD SPRING_POINT [group=start] [posOri=0 56 0 1 0 0 0 1 0 0 0 1]
0 !LDCAD SPRING_POINT [group=end] [posOri=0 100 0 1 0 0 0 1 0 0 0 1]

0 !LDCAD SPRING_SECTION [windingCnt=3] [proportion=0]
0 !LDCAD SPRING_SECTION [windingCnt=2] [proportion=1]
0 !LDCAD SPRING_SECTION [windingCnt=5] [proportion=0]
0 !LDCAD SPRING_SECTION [windingCnt=2] [proportion=1]
0 !LDCAD SPRING_SECTION [windingCnt=3] [proportion=0]

0 !LDCAD SPRING_CAP [group=start] [color=16] [posOri=0 0 0 1 0 0 0 1 0 0 0 1] [part=4255.dat] [inlineRef=false]
0 !LDCAD SPRING_CAP [group=end] [color=0] [posOri=0 110 0 1 0 0 0 1 0 0 0 1] [part=4254.dat] [inlineRef=false]

0 !LDCAD SPRING_ANCHOR [group=start] [posOri=0 0 0 1 0 0 0 1 0 0 0 1]
0 !LDCAD SPRING_ANCHOR [group=end] [posOri=0 110 0 1 0 0 0 1 0 0 0 1]

0 !LDCAD GENERATED [generator=LDCad 1.6 Beta 1a]
0 //This is the fallback LDraw content for above SPRING configuration.
0 // Do not edit, any changes will be lost upon regeneration.
0 // The spring is approx 17.60 mm (44.00), exists out of 5 section(s) and uses 15.00 windings.

0 //Some general hints about the document.
0 UNOFFICIAL PART
0 BFC CERTIFY CCW

0 //Start cap reference(s)
1 16 0 0 0 1 0 0 0 1 0 0 0 1 4255.dat

0 //End cap reference(s)
1 0 0 110 0 1 0 0 0 1 0 0 0 1 4254.dat

0 //Spring mesh reference
1 494 0 56 0 1 0 0 0 1 0 0 0 1 6765 - shock-06_5L-hard-1 spring mesh.ldr




0 FILE 6765 - shock-06_5L-hard-1 spring mesh.ldr
0 shock-06_5L-hard-1 spring mesh
0 Name: 6765 - shock-06_5L-hard-1 spring mesh.ldr
0 Author: Willy Tschager [Holly Wood]
0 !LDRAW_ORG Model
0 !LICENSE Redistributable under CCAL version 2.0 : see CAreadme.txt
0 !THEME Western / Cowboys

0 !LDCAD GENERATED [generator=LDCad 1.6 Beta 1a] [master=6765 - shock-06_5L-hard-1.ldr]
0 //This is additional fallback LDraw content for the "shock-06_5L-hard-1.ldr" SPRING configuration.
0 // Do not edit, any changes will be lost upon regeneration.
0 // The spring is approx 17.60 mm (44.00), exists out of 5 section(s) and uses 15.00 windings.

0 //Some general hints about the document.
0 UNOFFICIAL PART
0 BFC CERTIFY CCW

0 //Spring section(s)
0 // Using a coil resolution of 16, and a wire resolution of 8.
0 // Using a coil diameter of 5.60 mm (14.00), and a wire diameter of 0.60 mm (1.50).
0 // Using a roll of 0.00 degrees.

0 // section 1 using a length of 2.10 mm (5.25) and 3.00 windings.
3 16 -7.75 0.75 -0.1875 -7 0.75 0 -7.21967 0.21967 0
2 24 -7.21967 0.21967 0 -7 0.75 0
5 24 -7.75 0.75 -0.1875 -7 0.75 0 -7.21967 0.21967 0 -7.21967 1.28033 0
3 16 -7.75 0.75 -0.1875 -7.21967 1.28033 0 -7 0.75 0
2 24 -7 0.75 0 -7.21967 1.28033 0
5 24 -7.75 0.75 -0.1875 -7.21967 1.28033 0 -7 0.75 0 -7.75 1.5 0
3 16 -7.75 0.75 -0.1875 -7.75 1.5 0 -7.21967 1.28033 0
2 24 -7.21967 1.28033 0 -7.75 1.5 0
5 24 -7.75 0.75 -0.1875 -7.75 1.5 0 -7.21967 1.28033 0 -8.28033 1.28033 0
3 16 -7.75 0.75 -0.1875 -8.28033 1.28033 0 -7.75 1.5 0
2 24 -7.75 1.5 0 -8.28033 1.28033 0
5 24 -7.75 0.75 -0.1875 -8.28033 1.28033 0 -7.75 1.5 0 -8.5 0.75 0
3 16 -7.75 0.75 -0.1875 -8.5 0.75 0 -8.28033 1.28033 0
2 24 -8.28033 1.28033 0 -8.5 0.75 0
5 24 -7.75 0.75 -0.1875 -8.5 0.75 0 -8.28033 1.28033 0 -8.28033 0.21967 0
3 16 -7.75 0.75 -0.1875 -8.28033 0.21967 0 -8.5 0.75 0
2 24 -8.5 0.75 0 -8.28033 0.21967 0
5 24 -7.75 0.75 -0.1875 -8.28033 0.21967 0 -8.5 0.75 0 -7.75 0 0
3 16 -7.75 0.75 -0.1875 -7.75 0 0 -8.28033 0.21967 0
2 24 -8.28033 0.21967 0 -7.75 0 0
5 24 -7.75 0.75 -0.1875 -7.75 0 0 -8.28033 0.21967 0 -7.21967 0.21967 0
3 16 -7.75 0.75 -0.1875 -7.21967 0.21967 0 -7.75 0 0
2 24 -7.75 0 0 -7.21967 0.21967 0
5 24 -7.75 0.75 -0.1875 -7.21967 0.21967 0 -7.75 0 0 -7 0.75 0
4 16 -7.21967 0.21967 0 -7 0.75 0 -6.467157 0.84375 2.678784 -6.663816 0.313675 2.778031
5 24 -7 0.75 0 -6.467157 0.84375 2.678784 -6.663816 0.313675 2.778031 -6.676394 1.373825 2.747665
4 16 -7 0.75 0 -7.21967 1.28033 0 -6.676394 1.373825 2.747665 -6.467157 0.84375 2.678784
5 24 -7.21967 1.28033 0 -6.676394 1.373825 2.747665 -6.467157 0.84375 2.678784 -7.168961 1.59339 2.944325
4 16 -7.21967 1.28033 0 -7.75 1.5 0 -7.168961 1.59339 2.944325 -6.676394 1.373825 2.747665
5 24 -7.75 1.5 0 -7.168961 1.59339 2.944325 -6.676394 1.373825 2.747665 -7.656316 1.373825 3.153562
4 16 -7.75 1.5 0 -8.28033 1.28033 0 -7.656316 1.373825 3.153562 -7.168961 1.59339 2.944325
5 24 -8.28033 1.28033 0 -7.656316 1.373825 3.153562 -7.168961 1.59339 2.944325 -7.852976 0.84375 3.252809
4 16 -8.28033 1.28033 0 -8.5 0.75 0 -7.852976 0.84375 3.252809 -7.656316 1.373825 3.153562
5 24 -8.5 0.75 0 -7.852976 0.84375 3.252809 -7.656316 1.373825 3.153562 -7.643738 0.313675 3.183928
4 16 -8.5 0.75 0 -8.28033 0.21967 0 -7.643738 0.313675 3.183928 -7.852976 0.84375 3.252809
5 24 -8.28033 0.21967 0 -7.643738 0.313675 3.183928 -7.852976 0.84375 3.252809 -7.151172 0.09411 2.987269
4 16 -8.28033 0.21967 0 -7.75 0 0 -7.151172 0.09411 2.987269 -7.643738 0.313675 3.183928
5 24 -7.75 0 0 -7.151172 0.09411 2.987269 -7.643738 0.313675 3.183928 -6.663816 0.313675 2.778031
4 16 -7.75 0 0 -7.21967 0.21967 0 -6.663816 0.313675 2.778031 -7.151172 0.09411 2.987269
5 24 -7.21967 0.21967 0 -6.663816 0.313675 2.778031 -7.151172 0.09411 2.987269 -6.467157 0.84375 2.678784
4 16 -6.663816 0.313675 2.778031 -6.467157 0.84375 2.678784 -4.949748 0.9375 4.949748 -5.093457 0.407425 5.116698
5 24 -6.467157 0.84375 2.678784 -4.949748 0.9375 4.949748 -5.093457 0.407425 5.116698 -5.116698 1.467575 5.093457
5 24 -6.467157 0.84375 2.678784 -6.676394 1.373825 2.747665 -7 0.75 0 -4.949748 0.9375 4.949748
4 16 -6.467157 0.84375 2.678784 -6.676394 1.373825 2.747665 -5.116698 1.467575 5.093457 -4.949748 0.9375 4.949748
5 24 -6.676394 1.373825 2.747665 -5.116698 1.467575 5.093457 -4.949748 0.9375 4.949748 -5.496511 1.68714 5.463644
5 24 -6.676394 1.373825 2.747665 -7.168961 1.59339 2.944325 -7.21967 1.28033 0 -5.116698 1.467575 5.093457
4 16 -6.676394 1.373825 2.747665 -7.168961 1.59339 2.944325 -5.496511 1.68714 5.463644 -5.116698 1.467575 5.093457
5 24 -7.168961 1.59339 2.944325 -5.496511 1.68714 5.463644 -5.116698 1.467575 5.093457 -5.866698 1.467575 5.843457
5 24 -7.168961 1.59339 2.944325 -7.656316 1.373825 3.153562 -7.75 1.5 0 -5.496511 1.68714 5.463644
4 16 -7.168961 1.59339 2.944325 -7.656316 1.373825 3.153562 -5.866698 1.467575 5.843457 -5.496511 1.68714 5.463644
5 24 -7.656316 1.373825 3.153562 -5.866698 1.467575 5.843457 -5.496511 1.68714 5.463644 -6.010407 0.9375 6.010407
5 24 -7.656316 1.373825 3.153562 -7.852976 0.84375 3.252809 -8.28033 1.28033 0 -5.866698 1.467575 5.843457
4 16 -7.656316 1.373825 3.153562 -7.852976 0.84375 3.252809 -6.010407 0.9375 6.010407 -5.866698 1.467575 5.843457
5 24 -7.852976 0.84375 3.252809 -6.010407 0.9375 6.010407 -5.866698 1.467575 5.843457 -5.843457 0.407425 5.866698
5 24 -7.852976 0.84375 3.252809 -7.643738 0.313675 3.183928 -8.5 0.75 0 -6.010407 0.9375 6.010407
4 16 -7.852976 0.84375 3.252809 -7.643738 0.313675 3.183928 -5.843457 0.407425 5.866698 -6.010407 0.9375 6.010407
5 24 -7.643738 0.313675 3.183928 -5.843457 0.407425 5.866698 -6.010407 0.9375 6.010407 -5.463644 0.18786 5.496511
5 24 -7.643738 0.313675 3.183928 -7.151172 0.09411 2.987269 -8.28033 0.21967 0 -5.843457 0.407425 5.866698
4 16 -7.643738 0.313675 3.183928 -7.151172 0.09411 2.987269 -5.463644 0.18786 5.496511 -5.843457 0.407425 5.866698
5 24 -7.151172 0.09411 2.987269 -5.463644 0.18786 5.496511 -5.843457 0.407425 5.866698 -5.093457 0.407425 5.116698
5 24 -7.151172 0.09411 2.987269 -6.663816 0.313675 2.778031 -7.75 0 0 -5.463644 0.18786 5.496511
4 16 -7.151172 0.09411 2.987269 -6.663816 0.313675 2.778031 -5.093457 0.407425 5.116698 -5.463644 0.18786 5.496511
5 24 -6.663816 0.313675 2.778031 -5.093457 0.407425 5.116698 -5.463644 0.18786 5.496511 -4.949748 0.9375 4.949748
5 24 -6.663816 0.313675 2.778031 -6.467157 0.84375 2.678784 -7.21967 0.21967 0 -5.093457 0.407425 5.116698
4 16 -5.093457 0.407425 5.116698 -4.949748 0.9375 4.949748 -2.678784 1.03125 6.467157 -2.747665 0.501175 6.676394
5 24 -4.949748 0.9375 4.949748 -2.678784 1.03125 6.467157 -2.747665 0.501175 6.676394 -2.778031 1.561325 6.663816
5 24 -4.949748 0.9375 4.949748 -5.116698 1.467575 5.093457 -6.467157 0.84375 2.678784 -2.678784 1.03125 6.467157
4 16 -4.949748 0.9375 4.949748 -5.116698 1.467575 5.093457 -2.778031 1.561325 6.663816 -2.678784 1.03125 6.467157
5 24 -5.116698 1.467575 5.093457 -2.778031 1.561325 6.663816 -2.678784 1.03125 6.467157 -2.987269 1.78089 7.151172
5 24 -5.116698 1.467575 5.093457 -5.496511 1.68714 5.463644 -6.676394 1.373825 2.747665 -2.778031 1.561325 6.663816
4 16 -5.116698 1.467575 5.093457 -5.496511 1.68714 5.463644 -2.987269 1.78089 7.151172 -2.778031 1.561325 6.663816
5 24 -5.496511 1.68714 5.463644 -2.987269 1.78089 7.151172 -2.778031 1.561325 6.663816 -3.183928 1.561325 7.643738
5 24 -5.496511 1.68714 5.463644 -5.866698 1.467575 5.843457 -7.168961 1.59339 2.944325 -2.987269 1.78089 7.151172
4 16 -5.496511 1.68714 5.463644 -5.866698 1.467575 5.843457 -3.183928 1.561325 7.643738 -2.987269 1.78089 7.151172
5 24 -5.866698 1.467575 5.843457 -3.183928 1.561325 7.643738 -2.987269 1.78089 7.151172 -3.252809 1.03125 7.852976
5 24 -5.866698 1.467575 5.843457 -6.010407 0.9375 6.010407 -7.656316 1.373825 3.153562 -3.183928 1.561325 7.643738
4 16 -5.866698 1.467575 5.843457 -6.010407 0.9375 6.010407 -3.252809 1.03125 7.852976 -3.183928 1.561325 7.643738
5 24 -6.010407 0.9375 6.010407 -3.252809 1.03125 7.852976 -3.183928 1.561325 7.643738 -3.153562 0.501175 7.656316
5 24 -6.010407 0.9375 6.010407 -5.843457 0.407425 5.866698 -7.852976 0.84375 3.252809 -3.252809 1.03125 7.852976
4 16 -6.010407 0.9375 6.010407 -5.843457 0.407425 5.866698 -3.153562 0.501175 7.656316 -3.252809 1.03125 7.852976
5 24 -5.843457 0.407425 5.866698 -3.153562 0.501175 7.656316 -3.252809 1.03125 7.852976 -2.944325 0.28161 7.168961
5 24 -5.843457 0.407425 5.866698 -5.463644 0.18786 5.496511 -7.643738 0.313675 3.183928 -3.153562 0.501175 7.656316
4 16 -5.843457 0.407425 5.866698 -5.463644 0.18786 5.496511 -2.944325 0.28161 7.168961 -3.153562 0.501175 7.656316
5 24 -5.463644 0.18786 5.496511 -2.944325 0.28161 7.168961 -3.153562 0.501175 7.656316 -2.747665 0.501175 6.676394
5 24 -5.463644 0.18786 5.496511 -5.093457 0.407425 5.116698 -7.151172 0.09411 2.987269 -2.944325 0.28161 7.168961
4 16 -5.463644 0.18786 5.496511 -5.093457 0.407425 5.116698 -2.747665 0.501175 6.676394 -2.944325 0.28161 7.168961
5 24 -5.093457 0.407425 5.116698 -2.747665 0.501175 6.676394 -2.944325 0.28161 7.168961 -2.678784 1.03125 6.467157
5 24 -5.093457 0.407425 5.116698 -4.949748 0.9375 4.949748 -6.663816 0.313675 2.778031 -2.747665 0.501175 6.676394
4 16 -2.747665 0.501175 6.676394 -2.678784 1.03125 6.467157 0 1.125 7 0.016434 0.594925 7.21967
5 24 -2.678784 1.03125 6.467157 0 1.125 7 0.016434 0.594925 7.21967 -0.016434 1.655075 7.21967
5 24 -2.678784 1.03125 6.467157 -2.778031 1.561325 6.663816 -4.949748 0.9375 4.949748 0 1.125 7
4 16 -2.678784 1.03125 6.467157 -2.778031 1.561325 6.663816 -0.016434 1.655075 7.21967 0 1.125 7
5 24 -2.778031 1.561325 6.663816 -0.016434 1.655075 7.21967 0 1.125 7 -0.023241 1.87464 7.75
5 24 -2.778031 1.561325 6.663816 -2.987269 1.78089 7.151172 -5.116698 1.467575 5.093457 -0.016434 1.655075 7.21967
4 16 -2.778031 1.561325 6.663816 -2.987269 1.78089 7.151172 -0.023241 1.87464 7.75 -0.016434 1.655075 7.21967
5 24 -2.987269 1.78089 7.151172 -0.023241 1.87464 7.75 -0.016434 1.655075 7.21967 -0.016434 1.655075 8.28033
5 24 -2.987269 1.78089 7.151172 -3.183928 1.561325 7.643738 -5.496511 1.68714 5.463644 -0.023241 1.87464 7.75
4 16 -2.987269 1.78089 7.151172 -3.183928 1.561325 7.643738 -0.016434 1.655075 8.28033 -0.023241 1.87464 7.75
5 24 -3.183928 1.561325 7.643738 -0.016434 1.655075 8.28033 -0.023241 1.87464 7.75 0 1.125 8.5
5 24 -3.183928 1.561325 7.643738 -3.252809 1.03125 7.852976 -5.866698 1.467575 5.843457 -0.016434 1.655075 8.28033
4 16 -3.183928 1.561325 7.643738 -3.252809 1.03125 7.852976 0 1.125 8.5 -0.016434 1.655075 8.28033
5 24 -3.252809 1.03125 7.852976 0 1.125 8.5 -0.016434 1.655075 8.28033 0.016434 0.594925 8.28033
5 24 -3.252809 1.03125 7.852976 -3.153562 0.501175 7.656316 -6.010407 0.9375 6.010407 0 1.125 8.5
4 16 -3.252809 1.03125 7.852976 -3.153562 0.501175 7.656316 0.016434 0.594925 8.28033 0 1.125 8.5
5 24 -3.153562 0.501175 7.656316 0.016434 0.594925 8.28033 0 1.125 8.5 0.023241 0.37536 7.75
5 24 -3.153562 0.501175 7.656316 -2.944325 0.28161 7.168961 -5.843457 0.407425 5.866698 0.016434 0.594925 8.28033
4 16 -3.153562 0.501175 7.656316 -2.944325 0.28161 7.168961 0.023241 0.37536 7.75 0.016434 0.594925 8.28033
5 24 -2.944325 0.28161 7.168961 0.023241 0.37536 7.75 0.016434 0.594925 8.28033 0.016434 0.594925 7.21967
5 24 -2.944325 0.28161 7.168961 -2.747665 0.501175 6.676394 -5.463644 0.18786 5.496511 0.023241 0.37536 7.75
4 16 -2.944325 0.28161 7.168961 -2.747665 0.501175 6.676394 0.016434 0.594925 7.21967 0.023241 0.37536 7.75
5 24 -2.747665 0.501175 6.676394 0.016434 0.594925 7.21967 0.023241 0.37536 7.75 0 1.125 7
5 24 -2.747665 0.501175 6.676394 -2.678784 1.03125 6.467157 -5.093457 0.407425 5.116698 0.016434 0.594925 7.21967
4 16 0.016434 0.594925 7.21967 0 1.125 7 2.678784 1.21875 6.467157 2.778031 0.688675 6.663816
5 24 0 1.125 7 2.678784 1.21875 6.467157 2.778031 0.688675 6.663816 2.747665 1.748825 6.676394
5 24 0 1.125 7 -0.016434 1.655075 7.21967 -2.678784 1.03125 6.467157 2.678784 1.21875 6.467157
4 16 0 1.125 7 -0.016434 1.655075 7.21967 2.747665 1.748825 6.676394 2.678784 1.21875 6.467157
5 24 -0.016434 1.655075 7.21967 2.747665 1.748825 6.676394 2.678784 1.21875 6.467157 2.944325 1.96839 7.168961
