0 FILE 6770 - Lunar Transporter Patroller.ldr
0 Lunar Transporter Patroller
0 Name: 6770 - Lunar Transporter Patroller.ldr
0 Author: Damien Roux [Darats]
0 !LDRAW_ORG Model
0 !LICENSE Redistributable under CCAL version 2.0 : see CAreadme.txt

0 !THEME Space / Futuron

1 0 0 0 0 1 0 0 0 1 0 0 0 1 6770 - Vehicle - Front + Minifig.ldr
1 0 84.573 0 434.177 0.92388 0 0.382683 0 1 0 -0.382683 0 0.92388 6770 - Vehicle - Back + Container.ldr


0 FILE 6770 - Vehicle - Front.ldr
0 Vehicle - Front
0 Name: 6770 - Vehicle - Front.ldr
0 Author: Damien Roux [Darats]
0 !LDRAW_ORG Model
0 !LICENSE Redistributable under CCAL version 2.0 : see CAreadme.txt

0 !THEME Space / Futuron

1 15 0 0 0 1 0 0 0 1 0 0 0 1 2419.dat
1 0 0 0 190 -1 0 0 0 1 0 0 0 -1 3731.dat
1 15 0 -8 90 0 0 -1 0 1 0 1 0 0 3832.dat
1 0 0 -8 -20 1 0 0 0 1 0 0 0 1 2412b.dat
1 0 20 0 150 1 0 0 0 1 0 0 0 1 2444.dat
1 0 -20 0 150 -1 0 0 0 1 0 0 0 -1 2444.dat
1 0 20 0 70 1 0 0 0 1 0 0 0 1 2444.dat
1 0 -20 0 70 -1 0 0 0 1 0 0 0 -1 2444.dat
1 0 0 8 90 0 0 -1 0 1 0 1 0 0 3832.dat
1 15 0 -16 90 0 0 -1 0 1 0 1 0 0 3020.dat
1 7 40 10 150 1 0 0 0 1 0 0 0 1 3749.dat
1 7 -40 10 150 -1 0 0 0 1 0 0 0 -1 3749.dat
1 7 40 10 70 1 0 0 0 1 0 0 0 1 3749.dat
1 7 -40 10 70 -1 0 0 0 1 0 0 0 -1 3749.dat
1 15 30 -24 60 1 0 0 0 1 0 0 0 1 4286.dat
1 15 -30 -24 60 1 0 0 0 1 0 0 0 1 4286.dat
1 15 30 -24 130 0 0 1 0 1 0 -1 0 0 3009.dat
1 15 -30 -24 130 0 0 1 0 1 0 -1 0 0 3009.dat
1 15 30 -32 140 0 0 1 0 1 0 -1 0 0 3024.dat
1 15 -30 -32 140 0 0 1 0 1 0 -1 0 0 3024.dat
1 36 30 -40 140 0 0 1 0 1 0 -1 0 0 3024.dat
1 36 -30 -40 140 0 0 1 0 1 0 -1 0 0 3024.dat
1 15 30 -48 140 1 0 0 0 1 0 0 0 1 4085b.dat
1 15 -30 -48 140 1 0 0 0 1 0 0 0 1 4085b.dat
1 0 10 -24 40 0.984808 0 -0.173648 0 1 0 0.173648 0 0.984808 4735.dat
1 0 -10 -24 40 0.984808 0 0.173648 0 1 0 -0.173648 0 0.984808 4735.dat
1 0 0 -24 100 1 0 0 0 1 0 0 0 1 4598.dat
1 15 0 -44 138 1 0 0 0 0 -1 0 1 0 3941.dat
1 0 0 -44 162 1 0 0 0 0 -1 0 1 0 4591.dat
1 0 30 -32 120 1 0 0 0 1 0 0 0 1 3957a.dat
1 0 -30 -32 120 1 0 0 0 1 0 0 0 1 3957a.dat
1 15 0 -48 60 1 0 0 0 1 0 0 0 1 2432.dat
1 15 30 -40 70 0 0 -1 0 1 0 1 0 0 4531.dat
1 15 -30 -40 70 0 0 -1 0 1 0 1 0 0 4531.dat
1 0 30 -45.318 65.228 0 0 -1 -0.965926 0.258819 0 0.258819 0.965926 0 2433.dat
1 0 -30 -54 68.824 0 0 -1 -0.866025 0.5 0 0.5 0.866025 0 2433.dat
1 15 50 10 70 0 0 -1 0 1 0 1 0 0 3482.dat
1 256 50 10 70 0 0 -1 0 1 0 1 0 0 2346.dat
1 15 -50 10 70 0 0 1 0 1 0 -1 0 0 3482.dat
1 256 -50 10 70 0 0 1 0 1 0 -1 0 0 2346.dat
1 15 50 10 150 0 0 -1 0 1 0 1 0 0 3482.dat
1 256 50 10 150 0 0 -1 0 1 0 1 0 0 2346.dat
1 15 -50 10 150 0 0 1 0 1 0 -1 0 0 3482.dat
1 256 -50 10 150 0 0 1 0 1 0 -1 0 0 2346.dat


0 FILE 6770 - Vehicle - Front + Minifig.ldr
0 Vehicle - Front + Minifig
0 Name: 6770 - Vehicle - Front + Minifig.ldr
0 Author: Damien Roux [Darats]
0 !LDRAW_ORG Model
0 !LICENSE Redistributable under CCAL version 2.0 : see CAreadme.txt

0 !THEME Space / Futuron

1 0 0 0 0 1 0 0 0 1 0 0 0 1 6770 - Vehicle - Front.ldr
1 0 0 -77 98 1 0 0 0 1 0 0 0 1 6770 - Minifig.ldr


0 FILE 6770 - Vehicle - Back.ldr
0 Vehicle - Back
0 Name: 6770 - Vehicle - Back.ldr
0 Author: Damien Roux [Darats]
0 !LDRAW_ORG Model
0 !LICENSE Redistributable under CCAL version 2.0 : see CAreadme.txt

0 !THEME Space / Futuron

1 15 0 0 0 -1 0 0 0 1 0 0 0 -1 2419.dat
1 0 0 0 -190 1 0 0 0 1 0 0 0 1 3730.dat
1 15 0 -8 -90 0 0 1 0 1 0 -1 0 0 3832.dat
1 0 20 0 -150 1 0 0 0 1 0 0 0 1 2444.dat
1 0 -20 0 -150 -1 0 0 0 1 0 0 0 -1 2444.dat
1 0 20 0 -70 1 0 0 0 1 0 0 0 1 2444.dat
1 0 -20 0 -70 -1 0 0 0 1 0 0 0 -1 2444.dat
1 0 0 8 -90 0 0 1 0 1 0 -1 0 0 3832.dat
1 7 40 10 -70 1 0 0 0 1 0 0 0 1 3749.dat
1 7 -40 10 -70 -1 0 0 0 1 0 0 0 -1 3749.dat
1 7 40 10 -150 1 0 0 0 1 0 0 0 1 3749.dat
1 7 -40 10 -150 -1 0 0 0 1 0 0 0 -1 3749.dat
1 15 0 -8 -200 -1 0 0 0 1 0 0 0 -1 4590.dat
1 15 30 -8 -140 -1 0 0 0 1 0 0 0 -1 3070b.dat
1 15 30 -8 -80 -1 0 0 0 1 0 0 0 -1 3070b.dat
1 15 -30 -8 -140 -1 0 0 0 1 0 0 0 -1 3070b.dat
1 15 -30 -8 -80 -1 0 0 0 1 0 0 0 -1 3070b.dat
1 0 30 -32 -10 0 0 -1 0 1 0 1 0 0 2432.dat
1 0 -30 -32 -10 0 0 1 0 1 0 -1 0 0 2432.dat
1 0 30 -48 -110 0 0 1 0 1 0 -1 0 0 2486.dat
1 0 -30 -48 -110 0 0 1 0 1 0 -1 0 0 2486.dat
1 0 30 -56 -110 0 0 1 0 1 0 -1 0 0 3666.dat
1 0 -30 -56 -110 0 0 1 0 1 0 -1 0 0 3666.dat
1 15 50 10 -150 0 0 -1 0 1 0 1 0 0 3482.dat
1 256 50 10 -150 0 0 -1 0 1 0 1 0 0 2346.dat
1 15 -50 10 -150 0 0 1 0 1 0 -1 0 0 3482.dat
1 256 -50 10 -150 0 0 1 0 1 0 -1 0 0 2346.dat
1 15 50 10 -70 0 0 -1 0 1 0 1 0 0 3482.dat
1 256 50 10 -70 0 0 -1 0 1 0 1 0 0 2346.dat
1 15 -50 10 -70 0 0 1 0 1 0 -1 0 0 3482.dat
1 256 -50 10 -70 0 0 1 0 1 0 -1 0 0 2346.dat


0 FILE 6770 - Vehicle - Back + Container.ldr
0 Vehicle - Back + Container
0 Name: 6770 - Vehicle - Back + Container.ldr
0 Author: Damien Roux [Darats]
0 !LDRAW_ORG Model
0 !LICENSE Redistributable under CCAL version 2.0 : see CAreadme.txt

0 !THEME Space / Futuron

1 0 0 0 0 1 0 0 0 1 0 0 0 1 6770 - Vehicle - Back.ldr
1 0 0 -112 -110 1 0 0 0 1 0 0 0 1 6770 - Vehicle - Container.ldr


0 FILE 6770 - Vehicle - Container.ldr
0 Vehicle - Container
0 Name: 6770 - Vehicle - Container.ldr
0 Author: Damien Roux [Darats]
0 !LDRAW_ORG Model
0 !LICENSE Redistributable under CCAL version 2.0 : see CAreadme.txt

0 !THEME Space / Futuron

1 15 0 0 0 1 0 0 0 1 0 0 0 1 4760p01c01.dat
1 15 0 -8 30 1 0 0 0 1 0 0 0 1 4755.dat
1 15 0 -8 -100 0 0 1 0 1 0 -1 0 0 4758.dat
1 15 0 -16 0 0 0 1 0 1 0 -1 0 0 4757.dat
1 15 0 -16 -120 0 0 1 0 1 0 -1 0 0 3022.dat
1 15 10 -24 -120 0 0 -1 0 1 0 1 0 0 2436a.dat
1 15 -10 -24 -120 0 0 1 0 1 0 -1 0 0 2436a.dat
1 15 -10 -24 -30 0 0 1 0 1 0 -1 0 0 4085b.dat
1 15 10 -24 -30 0 0 -1 0 1 0 1 0 0 4085b.dat
1 15 10 -24 30 0 0 -1 0 1 0 1 0 0 4085b.dat
1 15 -10 -24 30 0 0 1 0 1 0 -1 0 0 4085b.dat
1 15 0 -24 -170 -1 0 0 0 1 0 0 0 -1 73664.dat
1 0 30 -32 -60 0 0 -1 0 1 0 1 0 0 2432.dat
1 0 -30 -32 -60 0 0 1 0 1 0 -1 0 0 2432.dat
1 0 30 -24 0 0 0 -1 0 1 0 1 0 0 3937.dat
1 0 -30 -24 0 0 0 1 0 1 0 -1 0 0 3937.dat
1 0 30 -14 0 0.866025 -0.5 0 0.5 0.866025 0 0 0 1 6770 - Vehicle - Container - Antenna.ldr
1 0 -30 -14 0 -0.866025 0.5 0 0.5 0.866025 0 0 0 -1 6770 - Vehicle - Container - Antenna.ldr
1 0 0 -48 50 1 0 0 0 1 0 0 0 1 4083.dat
1 15 0 -48 0 1 0 0 0 1 0 0 0 1 4774c01.dat
1 0 0 -32 -100 0 0 1 0 1 0 -1 0 0 3034.dat
1 36 30 -24 -170 0 0 1 0 1 0 -1 0 0 4770.dat
1 34 -30 -24 -170 0 0 1 0 1 0 -1 0 0 4770.dat
1 0 30 -8 -30 0 0 1 0 1 0 -1 0 0 3957a.dat
1 0 30 -8 30 0 0 1 0 1 0 -1 0 0 3957a.dat
1 0 -30 -8 30 0 0 1 0 1 0 -1 0 0 3957a.dat
1 0 -30 -8 -30 0 0 1 0 1 0 -1 0 0 3957a.dat
1 15 0 0 -160 0 0 1 0 1 0 -1 0 0 4285a.dat

0 FILE 6770 - Vehicle - Container - Antenna.ldr
0 Vehicle - Container - Antenna
0 Name: 6770 - Vehicle - Container - Antenna.ldr
0 Author: Damien Roux [Darats]
0 !LDRAW_ORG Model
0 !LICENSE Redistributable under CCAL version 2.0 : see CAreadme.txt

0 !THEME Space / Futuron

1 15 0 -10 0 0 0 1 0 1 0 -1 0 0 3938.dat
1 15 0 -18 0 0 0 -1 0 1 0 1 0 0 4623.dat
1 15 22 -22 0 0 0 -1 0 -1 0 -1 0 0 4589.dat
1 15 22 -46 0 0 0 -1 0 -1 0 -1 0 0 3960.dat
1 36 22 -58 0 0 0 -1 0 -1 0 -1 0 0 3062b.dat

0 FILE 6770 - Minifig.ldr
0 Minifig
0 Name: 6770 - Minifig.ldr
0 Author: Damien Roux [Darats]
0 !LDRAW_ORG Model
0 !LICENSE Redistributable under CCAL version 2.0 : see CAreadme.txt

0 !THEME Space / Futuron

1 0 0 -27 0 0.956305 0 -0.292372 0 1 0 0.292372 0 0.956305 6770 - Minifig - Helmet.ldr
1 14 0 -27 0 0.956305 0 -0.292372 0 1 0 0.292372 0 0.956305 3626bp01.dat
1 14 0 0 0 1 0 0 0 1 0 0 0 1 3838.dat
1 15 0 0 0 1 0 0 0 1 0 0 0 1 973p6e.dat
1 14 0 32 0 1 0 0 0 1 0 0 0 1 3815.dat
1 14 0 44 0 1 0 0 0 0 1 0 -1 0 3816.dat
1 14 0 44 0 1 0 0 0 0 1 0 -1 0 3817.dat
1 14 -15.552 9 0 0.985 0.0118586 -0.169586 0.17 -0.0687101 0.982601 0 -0.997564 -0.0697565 3818.dat
1 14 15.552 9 0 0.985 0.122288 0.118092 -0.17 0.70855 0.684238 0 -0.694658 0.71934 3819.dat
1 14 -18.7012 -3.31449 -17.9953 0.985 -0.111513 -0.128281 0.17 0.646121 0.743277 0 -0.754596 0.65596 3820.dat
1 14 21.7494 14.3471 -20.4568 0.985 0.169948 -0.00296646 -0.17 0.984701 -0.017188 0 0.0174498 0.999697 3820.dat


0 FILE 6770 - Minifig - Helmet.ldr
0 Minifig - Helmet
0 Name: 6770 - Minifig - Helmet.ldr
0 Author: Damien Roux [Darats]
0 !LDRAW_ORG Model
0 !LICENSE Redistributable under CCAL version 2.0 : see CAreadme.txt

0 !THEME Space / Futuron

1 14 0 0 0 1 0 0 0 1 0 0 0 1 2446.dat
1 33 0 0 0 1 0 0 0 1 0 0 0 1 2447.dat



