0 FILE 6790 - Main model.ldr
0 Main model
0 Name: 6790 - Main model.ldr
0 Author: Willy Tschager [Holly Wood]
0 !LDRAW_ORG Model
0 !LICENSE Redistributable under CCAL version 2.0 : see CAreadme.txt

1 0 0 0 0 1 0 0 0 1 0 0 0 1 6790 - Wheelgun.ldr
1 0 0.126 29.938 62.272 1 -0.001 -0.021 -0.001 0.993 -0.12 0.021 0.12 0.993 6790 - Bandit.ldr
1 6 76 11 2 0 -1 0 1 0 0 0 0 1 2489.dat
1 7 96 17 2 0.934 -0.358 0 0.358 0.934 0 0 0 1 3069bp03.dat
0 FILE 6790 - Wheelgun.ldr
0 Wheelgun
0 Name: 6790 - Wheelgun.ldr
0 Author: Willy Tschager [Holly Wood]
0 !LDRAW_ORG Model
0 !LICENSE Redistributable under CCAL version 2.0 : see CAreadme.txt

1 7 0 0 0 0 0 1 0 1 0 -1 0 0 3021.dat
0 STEP
1 0 0 -8 20 -1 0 0 0 1 0 0 0 -1 3839b.dat
0 STEP
1 0 0 -8 -30 0 0 -1 0 1 0 1 0 0 3020.dat
0 STEP
1 0 0 -8 -50 1 0 0 0 1 0 0 0 1 6157.dat
0 STEP
1 7 0 -16 -60 1 0 0 0 1 0 0 0 1 2436b.dat
0 STEP
1 0 -10 -24 -60 1 0 0 0 1 0 0 0 1 2555.dat
1 0 10 -24 -60 1 0 0 0 1 0 0 0 1 2555.dat
1 0 0 -6 -82 1 0 0 0 0 -1 0 1 0 2431pw0.dat
0 STEP
1 8 10 -20 -36 1 0 0 0 1 0 0 0 1 30141.dat
1 8 -10 -20 -36 1 0 0 0 1 0 0 0 1 30141.dat
0 STEP
1 0 40 -3 -50 0 0 -1 0 1 0 1 0 0 2470.dat
1 0 -40 -3 -50 0 0 1 0 1 0 -1 0 0 2470.dat
0 FILE 6790 - Bandit.ldr
0 Bandit
0 Name: 6790 - Bandit.ldr
0 Author: Willy Tschager [Holly Wood]
0 !LDRAW_ORG Model
0 !LICENSE Redistributable under CCAL version 2.0 : see CAreadme.txt

1 6 0 -99 -9 0.707 0 -0.707 0 1 0 0.707 0 0.707 3629.dat
1 14 0 -99 -9 0.707 0 -0.707 0 1 0 0.707 0 0.707 3626bpw1.dat
1 15 0 -72 -9 -1 0 0 0 1 0 0 0 -1 30133.dat
1 0 0 -72 -9 1 0 0 0 1 0 0 0 1 973pw5.dat
1 8 0 -40 -9 1 0 0 0 1 0 0 0 1 3815.dat
1 0 -15.552 -63 -9 0.985 -0.041 -0.165 0.17 0.238 0.956 0 -0.97 0.242 3818.dat
1 0 15.552 -63 -9 0.985 0.158 -0.064 -0.17 0.913 -0.369 0 0.374 0.927 3819.dat
1 0 -19.743 -69.278 -29.701 0.985 -0.146 -0.088 0.17 0.844 0.507 0 -0.515 0.857 3820.dat
1 0 24.288 -42.942 -11.548 0.985 0.066 -0.156 -0.17 0.385 -0.907 0 0.92 0.391 3820.dat
1 8 0 -28 -9 1 0 0 0 1 0 0 0 1 3816.dat
1 8 0 -28 -9 1 0 0 0 0.643 -0.766 0 0.766 0.643 3817.dat
1 8 -18.513 -76.407 -37.332 0.963 -0.163 0.213 0.09 0.944 0.315 -0.252 -0.284 0.925 30132.dat
