0 FILE 6799 - Main model.ldr
0 Main model
0 Name: 6799 - Main model.ldr
0 Author: Willy Tschager [Holly Wood]
0 !LDRAW_ORG Model
0 !LICENSE Redistributable under CCAL version 2.0 : see CAreadme.txt

1 16 0 0 0 1 0 0 0 1 0 0 0 1 6799 - Bandit1.ldr
1 16 -63 0 -92 0.656 0 -0.755 0 1 0 0.755 0 0.656 6799 - Bandit2.ldr
1 16 0 7.008 -118.222 1 0 0 0 0.982 0.191 0 -0.191 0.982 6799 - Wheelgun.ldr
0 FILE 6799 - Bandit1.ldr
0 Bandit1
0 Name: 6799 - Bandit1.ldr
0 Author: Willy Tschager [Holly Wood]
0 !LDRAW_ORG Model
0 !LICENSE Redistributable under CCAL version 2.0 : see CAreadme.txt

1 6 0 -98.126 -20.107 0.707 0 -0.707 -0.111 0.988 -0.111 0.698 0.156 0.698 3629.dat
1 14 0 -98.126 -20.107 0.707 0 -0.707 -0.111 0.988 -0.111 0.698 0.156 0.698 3626bpw1.dat
1 0 0 -71.458 -15.883 -1 0 0 0 0.988 0.156 0 0.156 -0.988 30133.dat
1 0 0 -71.458 -15.883 1 0 0 0 0.988 -0.156 0 0.156 0.988 973pw5.dat
1 0 0 -39.852 -10.877 1 0 0 0 0.988 -0.156 0 0.156 0.988 3815.dat
1 0 -15.552 -62.569 -14.475 0.985 -0.041 -0.165 0.168 0.387 0.906 0.027 -0.921 0.389 3818.dat
1 0 15.552 -62.569 -14.475 0.985 0.158 -0.064 -0.168 0.843 -0.509 -0.027 0.512 0.858 3819.dat
1 0 -19.743 -65.531 -35.903 0.985 -0.146 -0.088 0.168 0.914 0.367 0.027 -0.377 0.926 3820.dat
1 0 24.288 -42.359 -13.854 0.985 0.066 -0.156 -0.168 0.236 -0.957 -0.027 0.969 0.244 3820.dat
1 0 0 -28 -9 1 0 0 0 1 0 0 0 1 3816.dat
1 0 0 -28 -9 1 0.002 -0.002 -0.003 0.53 -0.848 0 0.848 0.53 3817.dat
1 8 -18.513 -71.379 -44.556 0.963 -0.163 0.213 0.128 0.977 0.166 -0.235 -0.133 0.963 30132.dat
1 7 30.106 -25.133 -20.168 0.006 -0.994 -0.101 -0.104 0.099 -0.989 0.994 0.016 -0.103 3069bp03.dat
0 FILE 6799 - Bandit2.ldr
0 Bandit2
0 Name: 6799 - Bandit2.ldr
0 Author: Willy Tschager [Holly Wood]
0 !LICENSE Redistributable under CCAL version 2.0 : see CAreadme.txt

1 6 10 -99 0 0.707 0 -0.707 0 1 0 0.707 0 0.707 3629.dat
1 14 10 -99 0 0.707 0 -0.707 0 1 0 0.707 0 0.707 3626bpw2.dat
1 0 10 -72 0 -1 0 0 0 1 0 0 0 -1 30133.dat
1 4 10 -72 0 1 0 0 0 1 0 0 0 1 973pw6.dat
1 7 10 -40 0 1 0 0 0 1 0 0 0 1 3815.dat
1 4 -5.552 -63 0 0.985 -0.041 -0.165 0.17 0.238 0.956 0 -0.97 0.242 3818.dat
1 4 25.552 -63 0 0.984 0.112 0.128 -0.17 0.646 0.743 0 -0.754 0.656 3819.dat
1 14 -9.743 -69.278 -20.701 0.985 -0.146 -0.088 0.17 0.844 0.507 0 -0.515 0.857 3820.dat
1 14 31.438 -59.438 -20.914 0.984 0.169 0.012 -0.17 0.982 0.069 0 -0.07 0.997 3820.dat
1 7 10 -28 0 1 0 0 0 1 0 0 0 1 3816.dat
1 7 10 -28 0 1 0 0 0 0.643 -0.766 0 0.766 0.643 3817.dat
1 8 -8.513 -76.407 -28.332 0.963 -0.163 0.213 0.09 0.944 0.315 -0.252 -0.284 0.925 30132.dat
1 8 30.592 -64.316 -31.361 0.982 0.167 -0.079 -0.179 0.968 -0.171 0.048 0.182 0.982 30132.dat
0 FILE 6799 - Wheelgun.ldr
0 Wheelgun
0 Name: 6799 - Wheelgun.ldr
0 Author: Willy Tschager [Holly Wood]
0 !LICENSE Redistributable under CCAL version 2.0 : see CAreadme.txt

1 0 0 -39 0 0 0 -1 0 1 0 1 0 0 3795.dat
0 STEP
1 0 0 -31 40 -1 0 0 0 1 0 0 0 -1 3176.dat
1 0 0 -39 -40 1 0 0 0 1 0 0 0 1 6157.dat
0 STEP
1 7 0 -47 -40 1 0 0 0 1 0 0 0 1 3022.dat
0 STEP
1 0 -10 -55 -30 1 0 0 0 1 0 0 0 1 2555.dat
1 0 10 -55 -30 1 0 0 0 1 0 0 0 1 2555.dat
1 0 0 -63 50 -1 0 0 0 1 0 0 0 -1 4865a.dat
0 STEP
1 8 10 -51 2 1 0 0 0 1 0 0 0 1 30141.dat
1 8 -10 -51 2 1 0 0 0 1 0 0 0 1 30141.dat
0 STEP
1 6 40 -34 -40 0 0 -1 0 1 0 1 0 0 2470.dat
1 6 -40 -34 -40 0 0 1 0 1 0 -1 0 0 2470.dat
