0 FILE 6811 - Pulsar Charger.ldr
0 Pulsar Charger
0 Name: 6811 - Pulsar Charger.ldr
0 Author: Damien Roux [Darats]
0 !LDRAW_ORG Model
0 !LICENSE Redistributable under CCAL version 2.0 : see CAreadme.txt

0 !THEME Space / M:Tron

1 0 0 0 0 1 0 0 0 1 0 0 0 1 6811 - Spaceship.ldr
1 0 0 -77 28 1 0 0 0 1 0 0 0 1 6811 - Minifig.ldr


0 FILE 6811 - Spaceship.ldr
0 Spaceship
0 Name: 6811 - Spaceship.ldr
0 Author: Damien Roux [Darats]
0 !LDRAW_ORG Model
0 !LICENSE Redistributable under CCAL version 2.0 : see CAreadme.txt

0 !THEME Space / M:Tron

1 0 0 0 0 0 0 1 0 1 0 -1 0 0 3020.dat
1 0 -40 -8 20 0 0 1 0 1 0 -1 0 0 3936.dat
1 0 40 -8 20 0 0 -1 0 1 0 1 0 0 3935.dat
1 4 0 -16 50 1 0 0 0 1 0 0 0 1 3023.dat
1 0 50 -16 40 0 0 1 0 1 0 -1 0 0 3023.dat
1 0 -50 -16 40 0 0 1 0 1 0 -1 0 0 3023.dat
1 0 0 8 -30 -1 0 0 0 1 0 0 0 -1 4590.dat
1 0 0 8 30 1 0 0 0 1 0 0 0 1 4590.dat
1 4 0 -24 -20 1 0 0 0 1 0 0 0 1 2336p68.dat
1 4 0 -32 -10 1 0 0 0 1 0 0 0 1 3829c01.dat
1 4 0 -24 30 1 0 0 0 1 0 0 0 1 4598.dat
1 42 10 -14 -104 1 0 0 0 0 -1 0 1 0 4589.dat
1 42 -10 -14 -104 1 0 0 0 0 -1 0 1 0 4589.dat
1 0 28 -14 -40 0 -1 0 0 0 -1 1 0 0 2412a.dat
1 0 -28 -14 -40 0 1 0 0 0 1 1 0 0 2412a.dat
1 0 -50 -24 50 0 0 -1 0 1 0 1 0 0 4085c.dat
1 42 -30 -16 50 0 0 -1 0 1 0 1 0 0 2569.dat
1 42 0 -42 68 0 0 -1 -1 0 0 0 1 0 4588.dat
1 0 20 -30 50 0 1 0 -0.872496 0 0.488621 0.488621 0 0.872496 4735.dat


0 FILE 6811 - Minifig.ldr
0 Minifig
0 Name: 6811 - Minifig.ldr
0 Author: Damien Roux [Darats]
0 !LDRAW_ORG Model
0 !LICENSE Redistributable under CCAL version 2.0 : see CAreadme.txt

0 !THEME Space / M:Tron

1 0 0 -27 0 0.891007 0 0.45399 0 1 0 -0.45399 0 0.891007 6811 - Minifig - Helmet.ldr
1 14 0 -27 0 0.891007 0 0.45399 0 1 0 -0.45399 0 0.891007 3626bp01.dat
1 0 0 0 0 1 0 0 0 1 0 0 0 1 3838.dat
1 4 0 0 0 1 0 0 0 1 0 0 0 1 973p68.dat
1 0 0 32 0 1 0 0 0 1 0 0 0 1 3815.dat
1 15 -15.552 9 0 0.985 -0.17 0 0.17 0.985 0 0 0 1 3818.dat
1 15 15.552 9 0 0.985 0.00593291 0.169896 -0.17 0.034376 0.9844 0 -0.999391 0.0348995 3819.dat
1 0 -23.8634 26.5956 -10.321 0.985 -0.12019 0.12019 0.17 0.696395 -0.696395 0 0.707 0.707 3820.dat
1 0 19.0318 -1.39906 -19.1098 0.985 0.124311 0.115922 -0.17 0.720275 0.671667 0 -0.681895 0.731243 3820.dat
1 0 17.8399 -8.30528 -25.2065 0.0823612 0.148635 -0.985 0.47721 0.86121 0.17 0.874325 -0.484478 0 3962b.dat
1 15 0 44 0 1 0 0 0 0 1 0 -1 0 3816.dat
1 15 0 44 0 1 0 0 0 0 1 0 -1 0 3817.dat


0 FILE 6811 - Minifig - Helmet.ldr
0 Minifig - Helmet
0 Name: 6811 - Minifig - Helmet.ldr
0 Author: Damien Roux [Darats]
0 !LDRAW_ORG Model
0 !LICENSE Redistributable under CCAL version 2.0 : see CAreadme.txt

0 !THEME Space / M:Tron

1 0 0 0 0 1 0 0 0 1 0 0 0 1 2446.dat
1 42 0 1.903 4.598 1 0 0 0 0.707107 0.707107 0 -0.707107 0.707107 2447.dat



