0 FILE 6828 - Twin-Winged Spoiler.ldr
0 Twin-Winged Spoiler
0 Name: 6828 - Twin-Winged Spoiler.ldr
0 Author: Damien Roux [Darats]
0 !LDRAW_ORG Model
0 !LICENSE Redistributable under CCAL version 2.0 : see CAreadme.txt

0 !THEME Space / Futuron

1 0 0 0 0 1 0 0 0 1 0 0 0 1 6828 - Vehicle.ldr
1 0 0 -101 8 1 0 0 0 1 0 0 0 1 6828 - Minifig.ldr


0 FILE 6828 - Vehicle.ldr
0 Vehicle
0 Name: 6828 - Vehicle.ldr
0 Author: Damien Roux [Darats]
0 !LDRAW_ORG Model
0 !LICENSE Redistributable under CCAL version 2.0 : see CAreadme.txt

0 !THEME Space / Futuron

1 0 0 0 0 1 0 0 0 1 0 0 0 1 3021.dat
1 0 20 -8 0 0 0 1 0 1 0 -1 0 0 3023.dat
1 0 -20 -8 0 0 0 1 0 1 0 -1 0 0 3023.dat
1 0 20 -24 0 -1 0 0 0 1 0 0 0 -1 4595.dat
1 0 -20 -24 0 -1 0 0 0 1 0 0 0 -1 4595.dat
1 15 38 -14 0 0 -1 0 0 0 -1 1 0 0 3069bp05.dat
1 15 -38 -14 0 0 1 0 0 0 1 1 0 0 3069bp05.dat
1 15 0 -32 -10 -1 0 0 0 1 0 0 0 -1 3710.dat
1 15 0 -32 -30 -1 0 0 0 1 0 0 0 -1 3023.dat
1 15 0 -40 0 -1 0 0 0 1 0 0 0 -1 3031.dat
1 15 20 -32 10 1 0 0 0 1 0 0 0 1 4275b.dat
1 15 -20 -32 10 -1 0 0 0 1 0 0 0 -1 4275b.dat
1 0 20 -14 -44 -1 0 0 0 0 1 0 1 0 4589.dat
1 0 -20 -14 -44 -1 0 0 0 0 1 0 1 0 4589.dat
1 36 20 -14 36 -1 0 0 0 0 1 0 1 0 4589.dat
1 36 -20 -14 36 -1 0 0 0 0 1 0 1 0 4589.dat
1 15 -30 -48 10 -1 0 0 0 1 0 0 0 -1 3024.dat
1 15 30 -48 10 -1 0 0 0 1 0 0 0 -1 3024.dat
1 15 -30 -48 -10 0 0 1 0 1 0 -1 0 0 4081b.dat
1 15 30 -48 -10 0 0 -1 0 1 0 1 0 0 4081b.dat
1 33 50 -46 -22 0 0 -1 -1 0 0 0 1 0 6141.dat
1 33 -50 -46 -22 0 0 -1 -1 0 0 0 1 0 6141.dat
1 15 0 -48 10 1 0 0 0 1 0 0 0 1 4598.dat
1 15 30 -56 0 0 0 1 0 1 0 -1 0 0 4276b.dat
1 15 -30 -56 0 0 0 1 0 1 0 -1 0 0 4276b.dat
1 0 30 -85.26 -43.777 0 0 1 0.382683 0.92388 0 -0.92388 0.382683 0 2433.dat
1 0 -30 -77.456 -55.456 0 0 1 0.707107 0.707107 0 -0.707107 0.707107 0 2433.dat
1 36 30 -64 -10 0 0 1 0 1 0 -1 0 0 3024.dat
1 36 -30 -64 -10 0 0 1 0 1 0 -1 0 0 3024.dat
1 15 30 -64 10 -1 0 0 0 1 0 0 0 -1 4085b.dat
1 15 -30 -64 10 -1 0 0 0 1 0 0 0 -1 4085b.dat
1 15 30 -72 0 0 0 1 0 1 0 -1 0 0 3069bp25.dat
1 15 -30 -72 0 0 0 1 0 1 0 -1 0 0 3069bp25.dat
1 15 0 -72 -30 1 0 0 0 1 0 0 0 1 2432.dat
1 36 30 -48 30 1 0 0 0 1 0 0 0 1 3957a.dat
1 36 -30 -48 30 1 0 0 0 1 0 0 0 1 3957a.dat
1 15 0 -78 48 -1 0 0 0 0 1 0 1 0 4590.dat
1 15 0 -58 48 -1 0 0 0 0 1 0 1 0 4590.dat
1 33 30 -68 64 -1 0 0 0 0 1 0 1 0 4740.dat
1 33 -30 -68 64 -1 0 0 0 0 1 0 1 0 4740.dat
1 0 -50 -28 10 0 1 0 0 0 -1 -1 0 0 6828 - Vehicle - Leg.ldr
1 0 50 -28 10 0 -1 0 0 0 -1 1 0 0 6828 - Vehicle - Leg.ldr


0 FILE 6828 - Vehicle - Leg.ldr
0 Vehicle - Leg
0 Name: 6828 - Vehicle - Leg.ldr
0 Author: Damien Roux [Darats]
0 !LDRAW_ORG Model
0 !LICENSE Redistributable under CCAL version 2.0 : see CAreadme.txt

0 !THEME Space / Futuron

1 15 0 -4 -30 0 0 -1 0 1 0 1 0 0 4276b.dat
1 0 0 4 -50 0 0 -1 0 1 0 1 0 0 3710.dat
1 36 0 4 -100 0 0 -1 0 1 0 1 0 0 3024.dat
1 15 0 -8 -114 1 0 0 0 0 1 0 -1 0 4169.dat
1 15 0 -12 -50 0 0 1 0 1 0 -1 0 0 3069bp06.dat


0 FILE 6828 - Minifig.ldr
0 Minifig
0 Name: 6828 - Minifig.ldr
0 Author: Damien Roux [Darats]
0 !LDRAW_ORG Model
0 !LICENSE Redistributable under CCAL version 2.0 : see CAreadme.txt

0 !THEME Space / Futuron

1 1 0 -27 0 0.866025 0 0.5 0 1 0 -0.5 0 0.866025 6828 - Minifig - Helmet.ldr
1 14 0 -27 0 0.866025 0 0.5 0 1 0 -0.5 0 0.866025 3626bp01.dat
1 1 0 0 0 1 0 0 0 1 0 0 0 1 3838.dat
1 15 0 0 0 1 0 0 0 1 0 0 0 1 973p6c.dat
1 1 0 32 0 1 0 0 0 1 0 0 0 1 3815.dat
1 1 -15.552 9 0 0.985 -0.106984 -0.132115 0.17 0.619881 0.765489 0 -0.777146 0.62932 3818.dat
1 1 15.552 9 0 0.985 0.0553466 0.160738 -0.17 0.320685 0.931336 0 -0.945519 0.325568 3819.dat
1 1 -21.3176 11.845 -21.0753 0.985 -0.169043 -0.0177672 0.17 0.979456 0.102945 0 -0.104513 0.994372 3820.dat
1 1 20.0534 4.52005 -21.0991 0.985 0.152772 0.0745118 -0.17 0.885178 0.43173 0 -0.438305 0.898658 3820.dat
1 15 17.2219 -11.8859 -26.4871 0.960166 0.166221 0.222604 -0.20591 0.963102 0.168369 -0.186567 -0.20768 0.959804 3959.dat
1 1 0 44 0 1 0 0 0 0 1 0 -1 0 3816.dat
1 1 0 44 0 1 0 0 0 0 1 0 -1 0 3817.dat


0 FILE 6828 - Minifig - Helmet.ldr
0 Minifig - Helmet
0 Name: 6828 - Minifig - Helmet.ldr
0 Author: Damien Roux [Darats]
0 !LDRAW_ORG Model
0 !LICENSE Redistributable under CCAL version 2.0 : see CAreadme.txt

0 !THEME Space / Futuron

1 1 0 0 0 1 0 0 0 1 0 0 0 1 2446.dat
1 33 0 0 0 1 0 0 0 1 0 0 0 1 2447.dat


