0 FILE 6833 - Beacon Tracer.ldr
0 Beacon Tracer
0 Name: 6833 - Beacon Tracer.ldr
0 Author: Damien Roux [Darats]
0 !LDRAW_ORG Model
0 !LICENSE Redistributable under CCAL version 2.0 : see CAreadme.txt

0 !THEME Space / M:Tron

1 0 0 10.362 -7.534 1 0 0 0 0.97237 -0.233445 0 0.233445 0.97237 6833 - Vehicle + Minifig.ldr


0 FILE 6833 - Vehicle.ldr
0 Vehicle
0 Name: 6833 - Vehicle.ldr
0 Author: Damien Roux [Darats]
0 !LDRAW_ORG Model
0 !LICENSE Redistributable under CCAL version 2.0 : see CAreadme.txt

0 !THEME Space / M:Tron

1 4 0 0 0 -1 0 0 0 1 0 0 0 -1 4732.dat
1 4 0 -8 50 -1 0 0 0 1 0 0 0 -1 3023.dat
1 4 0 -8 70 -1 0 0 0 1 0 0 0 -1 3839b.dat
1 4 10 -8 -70 1 0 0 0 1 0 0 0 1 4081b.dat
1 4 -10 -8 -70 1 0 0 0 1 0 0 0 1 4081b.dat
1 4 0 -32 -70 -1 0 0 0 1 0 0 0 -1 3937.dat
1 4 0 -24 -30 -1 0 0 0 1 0 0 0 -1 3937.dat
1 0 0 -14 -30 -1 0 0 0 0.426569 -0.904455 0 -0.904455 -0.426569 6833 - Vehicle - Controls.ldr
1 0 0 -22 -70 1 0 0 0 0.258819 0.965926 0 -0.965926 0.258819 6833 - Vehicle - Windcreen.ldr
1 4 10 -16 50 0 0 -1 0 1 0 1 0 0 2420.dat
1 4 -10 -16 70 -1 0 0 0 1 0 0 0 -1 4085c.dat
1 0 0 -40 70 1 0 0 0 1 0 0 0 1 3039p10.dat
1 42 38 -6 -90 0 -1 0 1 0 0 0 0 1 4589.dat
1 42 -38 -6 -90 0 1 0 -1 0 0 0 0 1 4589.dat
1 0 0 8 -60 1 0 0 0 1 0 0 0 1 4600.dat
1 7 30 13 -60 0 0 -1 0 1 0 1 0 0 4624.dat
1 256 38 13 -60 0 0 -1 0 1 0 1 0 0 4288.dat
1 7 -30 13 -60 0 0 1 0 1 0 -1 0 0 4624.dat
1 256 -38 13 -60 0 0 1 0 1 0 -1 0 0 4288.dat
1 0 0 32 40 1 0 0 0 1 0 0 0 1 4600.dat
1 7 30 37 40 0 0 -1 0 1 0 1 0 0 4624.dat
1 256 38 37 40 0 0 -1 0 1 0 1 0 0 4288.dat
1 7 -30 37 40 0 0 1 0 1 0 -1 0 0 4624.dat
1 256 -38 37 40 0 0 1 0 1 0 -1 0 0 4288.dat
1 0 0 -48 70 1 0 0 0 1 0 0 0 1 2412b.dat
1 42 -10 -8 90 1 0 0 0 1 0 0 0 1 2569.dat
1 42 26 -2 96 1 0 0 0 0 -1 0 1 0 4740.dat
1 42 -26 -2 96 1 0 0 0 0 -1 0 1 0 4740.dat


0 FILE 6833 - Vehicle - Controls.ldr
0 Vehicle - Controls
0 Name: 6833 - Vehicle - Controls.ldr
0 Author: Damien Roux [Darats]
0 !LDRAW_ORG Model
0 !LICENSE Redistributable under CCAL version 2.0 : see CAreadme.txt

0 !THEME Space / M:Tron

1 0 0 -10 0 1 0 0 0 1 0 0 0 1 3938.dat
1 15 0 -18 0 -1 0 0 0 1 0 0 0 -1 3069bp68.dat



0 FILE 6833 - Vehicle - Windcreen.ldr
0 Vehicle - Windcreen
0 Name: 6833 - Vehicle - Windcreen.ldr
0 Author: Damien Roux [Darats]
0 !LDRAW_ORG Model
0 !LICENSE Redistributable under CCAL version 2.0 : see CAreadme.txt

0 !THEME Space / M:Tron

1 0 0 -10 0 1 0 0 0 1 0 0 0 1 3938.dat
1 42 0 -146 0 1 0 0 0 1 0 0 0 1 2466p68.dat
1 0 0 -154 0 1 0 0 0 1 0 0 0 1 4590.dat
1 42 -30 -178 10 1 0 0 0 1 0 0 0 1 4589.dat
1 42 30 -178 10 1 0 0 0 1 0 0 0 1 4589.dat



0 FILE 6833 - Vehicle + Minifig.ldr
0 Vehicle + Minifig
0 Name: 6833 - Vehicle + Minifig.ldr
0 Author: Damien Roux [Darats]
0 !LDRAW_ORG Model
0 !LICENSE Redistributable under CCAL version 2.0 : see CAreadme.txt

0 !THEME Space / M:Tron

1 0 0 0 0 1 0 0 0 1 0 0 0 1 6833 - Vehicle.ldr
1 0 0 -29 8 1 0 0 0 1 0 0 0 1 6833 - Minifig.ldr


0 FILE 6833 - Minifig.ldr
0 Minifig
0 Name: 6833 - Minifig.ldr
0 Author: Damien Roux [Darats]
0 !LDRAW_ORG Model
0 !LICENSE Redistributable under CCAL version 2.0 : see CAreadme.txt

0 !THEME Space / M:Tron

1 0 0 -25.695 13.547 0.927184 0 -0.374607 0.071478 0.981627 0.176915 0.367724 -0.190809 0.910149 6833 - Minfig - Helmet.ldr
1 14 0 -25.695 13.547 0.927184 0 -0.374607 0.0714783 0.981627 0.176915 0.367724 -0.190809 0.910149 3626bp01.dat
1 0 0 0.809 8.394 1 0 0 0 0.981627 0.190809 0 -0.190809 0.981627 3838.dat
1 4 0 0.809 8.394 1 0 0 0 0.981627 0.190809 0 -0.190809 0.981627 973p68.dat
1 0 0 32.22 2.289 1 0 0 0 0.981627 0.190809 0 -0.190809 0.981627 3815.dat
1 15 -15.552 9.644 6.679 0.985 0.0118586 -0.169586 0.166877 -0.257792 0.951237 -0.0324375 -0.966125 -0.255964 3818.dat
1 15 15.552 9.644 6.679 0.985 0.17 0 -0.166877 0.966903 0.190809 0.0324375 -0.187947 0.981627 3819.dat
1 0 -18.701 -5.879 -8.636 0.934196 0.331568 -0.128281 -0.0649307 0.513802 0.854784 0.349606 -0.790793 0.502084 3820.dat
1 0 23.863 24.946 -6.812 0.985 0.12019 -0.12019 -0.166877 0.818502 -0.548698 0.0324375 0.561132 0.826889 3820.dat
1 0 -17.837 -14.275 -12.51 0.0440895 0.290577 -0.955337 0.663979 0.705246 0.245134 0.745763 -0.645565 -0.162112 3962a.dat
1 15 0 44 0 1 0 0 0 0 1 0 -1 0 3816.dat
1 15 0 44 0 1 0 0 0 0 1 0 -1 0 3817.dat


0 FILE 6833 - Minfig - Helmet.ldr
0 Minfig - Helmet
0 Name: 6833 - Minfig - Helmet.ldr
0 Author: Damien Roux [Darats]
0 !LDRAW_ORG Model
0 !LICENSE Redistributable under CCAL version 2.0 : see CAreadme.txt

0 !THEME Space / M:Tron

1 0 0 0 0 1 0 0 0 1 0 0 0 1 2446.dat
1 42 0 0 0 1 0 0 0 1 0 0 0 1 2447.dat



