0 FILE 6834 - Celestial Sled.ldr
0 Celestial Sled
0 Name: 6834 - Celestial Sled.ldr
0 Author: Damien Roux [Darats]
0 !LDRAW_ORG Model
0 !LICENSE Redistributable under CCAL version 2.0 : see CAreadme.txt

0 !THEME Space / Ice Planet 2002

1 0 0 0 0 1 0 0 0 1 0 0 0 1 6834 - Vehicle.ldr
1 0 109 -61.9 91 0.980785 0 -0.19509 0 1 0 0.19509 0 0.980785 6834 - Minifig.ldr


0 FILE 6834 - Vehicle.ldr
0 Vehicle
0 Name: 6834 - Vehicle.ldr
0 Author: Damien Roux [Darats]
0 !LDRAW_ORG Model
0 !LICENSE Redistributable under CCAL version 2.0 : see CAreadme.txt

0 !THEME Space / Ice Planet 2002

1 0 0 0 0 1 0 0 0 1 0 0 0 1 6834 - Vehicle - Front.ldr
1 0 0 0 70 1 0 0 0 1 0 0 0 1 6834 - Vehicle - Back.ldr


0 FILE 6834 - Vehicle - Front.ldr
0 Vehicle - Front
0 Name: 6834 - Vehicle - Front.ldr
0 Author: Damien Roux [Darats]
0 !LDRAW_ORG Model
0 !LICENSE Redistributable under CCAL version 2.0 : see CAreadme.txt

0 !THEME Space / Ice Planet 2002

1 0 0 0 0 -1 0 0 0 1 0 0 0 -1 3032.dat
1 15 50.001 0 -19.999 0 0 1 0 1 0 -1 0 0 2713.dat
1 15 -49.999 0 -19.999 0 0 1 0 1 0 -1 0 0 2713.dat
1 15 10 0 -40 0 0 1 0 1 0 -1 0 0 2713.dat
1 15 -10 0 -40 0 0 1 0 1 0 -1 0 0 2713.dat
1 0 -0.001 -16 -50.001 -1 0 0 0 1 0 0 0 -1 3004.dat
1 1 0 -24 30 -1 0 0 0 1 0 0 0 -1 3700.dat
1 15 -50 -8 0 0 0 -1 0 1 0 1 0 0 3710.dat
1 15 50 -8 0 0 0 -1 0 1 0 1 0 0 3710.dat
1 15 -50 -16 0 0 0 -1 0 1 0 1 0 0 3710.dat
1 15 50 -16 0 0 0 -1 0 1 0 1 0 0 3710.dat
1 1 -50 -24 30 0 0 1 0 1 0 -1 0 0 4085c.dat
1 1 50 -24 30 0 0 -1 0 1 0 1 0 0 4085c.dat
1 1 0 -24 -60 1 0 0 0 1 0 0 0 1 6104.dat
1 0 10 -16 -110 1 0 0 0 1 0 0 0 1 3062b.dat
1 0 -10 -16 -110 1 0 0 0 1 0 0 0 1 3062b.dat
1 15 0 -32 30 1 0 0 0 1 0 0 0 1 3666.dat
1 15 -50 -32 0 0 0 1 0 1 0 -1 0 0 2412b.dat
1 15 50 -32 0 0 0 1 0 1 0 -1 0 0 2412b.dat
1 15 0 -32 -50 -1 0 0 0 1 0 0 0 -1 3069bp61.dat
1 1 0 -48 -70 1 0 0 0 1 0 0 0 1 3298p61.dat
1 15 0 -40 30 1 0 0 0 1 0 0 0 1 3069bp13.dat
1 38 -70 -16 30 1 0 0 0 1 0 0 0 1 2569.dat
1 38 70 -30 22 1 0 0 0 0 -1 0 1 0 6117.dat


0 FILE 6834 - Vehicle - Back.ldr
0 Vehicle - Back
0 Name: 6834 - Vehicle - Back.ldr
0 Author: Damien Roux [Darats]
0 !LDRAW_ORG Model
0 !LICENSE Redistributable under CCAL version 2.0 : see CAreadme.txt

0 !THEME Space / Ice Planet 2002

1 0 0 0 0 -1 0 0 0 1 0 0 0 -1 2419.dat
1 1 0 -24 20 -1 0 0 0 1 0 0 0 -1 3700.dat
1 1 -30 -8 10 0 0 1 0 1 0 -1 0 0 4623.dat
1 1 30 -8 10 0 0 -1 0 1 0 1 0 0 4623.dat
1 15 0 -16 0 1 0 0 0 1 0 0 0 1 3710.dat
1 1 0 -24 0 1 0 0 0 1 0 0 0 1 3023.dat
1 1 0 -24 -20 1 0 0 0 1 0 0 0 1 2458.dat
1 15 0 -32 0 0 0 1 0 1 0 -1 0 0 3021.dat
1 0 30 -32 20 0 0 1 0 1 0 -1 0 0 3062b.dat
1 0 -30 -32 20 0 0 1 0 1 0 -1 0 0 3062b.dat
1 0 0 -14 30 0 0 1 1 0 0 0 1 0 2460.dat
1 0 0 -14 38 0 0 1 1 0 0 0 1 0 6143.dat
1 38 0 -14 62 0 0 1 1 0 0 0 1 0 4740.dat
1 1 0 -40 -20 -1 0 0 0 1 0 0 0 -1 2412b.dat
1 1 -10 -40 10 0 0 -1 0 1 0 1 0 0 3794a.dat
1 1 10 -40 10 0 0 -1 0 1 0 1 0 0 3794a.dat
1 0 0 -48 10 1 0 0 0 1 0 0 0 1 4590.dat
1 0 0 -56 10 1 0 0 0 1 0 0 0 1 2540.dat
1 0 0 -54 -10 1 0 0 0 0.7071 0.7071 0 -0.7071 0.7071 6834 - Vehicle - Back - Radar.ldr
1 38 52 -11 12 1 0 0 0 1 0 0 0 1 6120.dat
1 38 -52 -11 12 1 0 0 0 1 0 0 0 1 6120.dat

0 FILE 6834 - Vehicle - Back - Radar.ldr
0 Vehicle - Back - Radar
0 Name: 6834 - Vehicle - Back - Radar.ldr
0 Author: Damien Roux [Darats]
0 !LDRAW_ORG Model
0 !LICENSE Redistributable under CCAL version 2.0 : see CAreadme.txt
0 !THEME Space / Ice Planet 2002
1 0 0 -20 2 -1 0 0 0 0 -1 0 -1 0 6019.dat
1 15 0 -20 -6 -1 0 0 0 0 -1 0 -1 0 6141.dat
1 38 0 -20 -14 -1 0 0 0 0 -1 0 -1 0 3960.dat
1 0 0 -20 -30 -1 0 0 0 0 -1 0 -1 0 4740.dat
1 15 0 -20 -38 -1 0 0 0 0 -1 0 -1 0 6141.dat

0 FILE 6834 - Minifig.ldr
0 Minifig
0 Name: 6834 - Minifig.ldr
0 Author: Damien Roux [Darats]
0 !LDRAW_ORG Model
0 !LICENSE Redistributable under CCAL version 2.0 : see CAreadme.txt

0 !THEME Space / Ice Planet 2002

1 0 0 -27 0 0.920505 0 -0.390731 0 1 0 0.390731 0 0.920505 6834 - Minifig - Helmet.ldr
1 14 0 -27 0 0.920505 0 -0.390731 0 1 0 0.390731 0 0.920505 3626bp61.dat
1 15 0 0 0 1 0 0 0 1 0 0 0 1 3838.dat
1 0 0 0 0 1 0 0 0 1 0 0 0 1 973p61.dat
1 1 0 32 0 1 0 0 0 1 0 0 0 1 3815.dat
1 15 -15.552 9 0 0.985 -0.168346 0.0236594 0.17 0.975414 -0.137086 0 0.139173 0.990268 3818.dat
1 15 15.552 9 0 0.985 0.162572 0.0497032 -0.17 0.94196 0.287986 0 -0.292372 0.956305 3819.dat
1 1 -24.0765 27.8306 -7.60953 0.985 -0.102293 0.135748 0.17 0.592698 -0.786537 0 0.798515 0.601724 3820.dat
1 1 23.211 22.8158 -15.3552 0.985 0.150078 -0.0797981 -0.17 0.869572 -0.46236 0 0.469401 0.882814 3820.dat
1 0 0 44 0 1 0 0 0 0.961262 0.275637 0 -0.275637 0.961262 3816.dat
1 0 0 44 0 1 0 0 0 0.965926 -0.258819 0 0.258819 0.965926 3817.dat


0 FILE 6834 - Minifig - Helmet.ldr
0 Minifig - Helmet
0 Name: 6834 - Minifig - Helmet.ldr
0 Author: Damien Roux [Darats]
0 !LDRAW_ORG Model
0 !LICENSE Redistributable under CCAL version 2.0 : see CAreadme.txt

0 !THEME Space / Ice Planet 2002

1 15 0 0 0 1 0 0 0 1 0 0 0 1 2446.dat
1 38 0 0 0 1 0 0 0 1 0 0 0 1 6119.dat


