0 FILE 6851 - Tri-Wheeled Tyrax.ldr
0 Tri-Wheeled Tyrax
0 Name: 6851 - Tri-Wheeled Tyrax.ldr
0 Author: Damien Roux [Darats]
0 !LDRAW_ORG Model
0 !LICENSE Redistributable under CCAL version 2.0 : see CAreadme.txt

0 !THEME Space / Blacktron II

1 0 0 7.098 -1.129 1 0 0 0 0.984808 -0.173648 0 0.173648 0.984808 6851 - Vehicule + Minifig.ldr


0 FILE 6851 - Vehicle.ldr
0 Vehicle
0 Name: 6851 - Vehicle.ldr
0 Author: Damien Roux [Darats]
0 !LDRAW_ORG Model
0 !LICENSE Redistributable under CCAL version 2.0 : see CAreadme.txt

0 !THEME Space / Blacktron II

1 15 0 0 0 1 0 0 0 1 0 0 0 1 3795.dat
1 0 10 -8 0 1 0 0 0 1 0 0 0 1 3021.dat
1 15 -40 -8 0 0 0 1 0 1 0 -1 0 0 3795.dat
1 15 60 -8 0 0 0 1 0 1 0 -1 0 0 3795.dat
1 15 60 -32 30 -1 0 0 0 1 0 0 0 -1 3004.dat
1 15 60 -32 -30 -1 0 0 0 1 0 0 0 -1 3004.dat
1 0 0 -32 0 -1 0 0 0 1 0 0 0 -1 3007.dat
1 0 70 0 0 0 0 1 0 1 0 -1 0 0 3004.dat
1 0 100 -32 50 -1 0 0 0 1 0 0 0 -1 3009.dat
1 0 140 -8 30 0 0 -1 0 1 0 1 0 0 3021.dat
1 0 140 -32 20 0 0 1 0 1 0 -1 0 0 4730.dat
1 0 140 -40 30 0 0 1 0 1 0 -1 0 0 3021.dat
1 0 140 -22 0 1 0 0 0 1 0 0 0 1 2593.dat
1 0 -40 0 -40 0 0 1 0 1 0 -1 0 0 4730.dat
1 0 -40 10 -60 1 0 0 0 1 0 0 0 1 2593.dat
1 0 -40 0 40 0 0 -1 0 1 0 1 0 0 4730.dat
1 0 -40 10 60 -1 0 0 0 1 0 0 0 -1 2593.dat
1 0 100 -32 -50 -1 0 0 0 1 0 0 0 -1 3009.dat
1 0 140 -40 -50 -1 0 0 0 1 0 0 0 -1 3023.dat
1 0 60 -40 0 0 0 -1 0 1 0 1 0 0 3795.dat
1 15 20 -40 0 0 0 -1 0 1 0 1 0 0 3022.dat
1 0 -70 -56 0 0 0 -1 0 1 0 1 0 0 3004.dat
1 0 -70 -88 0 0 0 -1 0 1 0 1 0 0 2432.dat
1 0 10 -64 0 0 0 -1 0 1 0 1 0 0 3298.dat
1 15 70 -48 0 0 0 -1 0 1 0 1 0 0 3710.dat
1 15 70 -48 50 0 0 -1 0 1 0 1 0 0 2555.dat
1 15 70 -48 -50 0 0 -1 0 1 0 1 0 0 2555.dat
1 42 80 -54 -50 0 1 0 0 0 1 1 0 0 2569.dat
1 42 80 -54 50 0 1 0 0 0 1 1 0 0 2569.dat
1 15 10 -72 0 0 0 1 0 1 0 -1 0 0 3069bp68.dat
1 0 70 -72 0 0 0 1 0 1 0 -1 0 0 3937.dat
1 0 60.319 -64.504 0 0 0.968148 0.25038 0 0.25038 -0.968148 -1 0 0 6851 - Vehicle - Cockpit.ldr

0 FILE 6851 - Vehicle - Cockpit.ldr
0 Vehicle - Cockpit
0 Name: 6851 - Vehicle - Cockpit.ldr
0 Author: Damien Roux [Darats]
0 !LDRAW_ORG Model
0 !LICENSE Redistributable under CCAL version 2.0 : see CAreadme.txt

0 !THEME Space / Blacktron II

1 15 0 0 0 1 0 0 0 1 0 0 0 1 3938.dat
1 42 0 -136 0 -1 0 0 0 1 0 0 0 -1 2466.dat
1 0 0 -144 0 -1 0 0 0 1 0 0 0 -1 4590.dat


0 FILE 6851 - Minifig.ldr
0 Minifig
0 Name: 6851 - Minifig.ldr
0 Author: Damien Roux [Darats]
0 !LDRAW_ORG Model
0 !LICENSE Redistributable under CCAL version 2.0 : see CAreadme.txt

0 !THEME Space / Blacktron II

1 0 0 -26.47 8.652 0.965926 0 0.258819 -0.031542 0.992546 0.117717 -0.25689 -0.121869 0.958726 6851 - Minifig - Helmet.ldr
1 14 0 -26.47 8.652 0.965926 0 0.258819 -0.0315421 0.992546 0.117717 -0.25689 -0.121869 0.958726 3626bp01.dat
1 15 0 0.327 5.363 1 0 0 0 0.992546 0.121869 0 -0.121869 0.992546 973p51.dat
1 0 0 32.089 1.464 1 0 0 0 0.992546 0.121869 0 -0.121869 0.992546 3815.dat
1 0 -15.552 9.261 4.264 0.985 -0.0636831 -0.157621 0.168733 0.253242 0.952122 -0.0207178 -0.965241 0.260514 3818.dat
1 0 15.552 9.261 4.264 0.985 -0.0148165 0.169353 -0.168733 -0.206614 0.963316 0.0207178 -0.978307 -0.206091 3819.dat
1 0 -20.242 3.31 -16.426 0.985 -0.156462 -0.0664143 0.168733 0.852192 0.494108 -0.0207178 -0.498242 0.866609 3820.dat
1 0 18.648 -5.434 -11.853 0.985 0.109257 0.130208 -0.168733 0.534988 0.827141 0.0207178 -0.837369 0.545957 3820.dat
1 15 0 44 0 1 0 0 0 0 1 0 -1 0 3817.dat
1 15 0 44 0 1 0 0 0 0 1 0 -1 0 3816.dat
1 0 0 0.327 5.363 1 0 0 0 0.992546 0.121869 0 -0.121869 0.992546 3838.dat

0 FILE 6851 - Minifig - Helmet.ldr
0 Minifig - Helmet
0 Name: 6851 - Minifig - Helmet.ldr
0 Author: Damien Roux [Darats]
0 !LDRAW_ORG Model
0 !LICENSE Redistributable under CCAL version 2.0 : see CAreadme.txt

0 !THEME Space / Blacktron II

1 0 0 0 0 1 0 0 0 1 0 0 0 1 2446.dat
1 42 0 0 0 1 0 0 0 1 0 0 0 1 2447.dat


0 FILE 6851 - Vehicule + Minifig.ldr
0 Vehicule + Minifig
0 Name: 6851 - Vehicule + Minifig.ldr
0 Author: Damien Roux [Darats]
0 !LDRAW_ORG Model
0 !LICENSE Redistributable under CCAL version 2.0 : see CAreadme.txt

0 !THEME Space / Blacktron II

1 0 0 0 0 0 0 1 0 1 0 -1 0 0 6851 - Vehicle.ldr
1 0 0 -85 28 1 0 0 0 1 0 0 0 1 6851 - Minifig.ldr


