0 FILE 6875 - Hovercraft.ldr
0 Hovercraft
0 Name: 6875 - Hovercraft.ldr
0 Author: Damien Roux [Darats]
0 !LDRAW_ORG Model
0 !LICENSE Redistributable under CCAL version 2.0 : see CAreadme.txt

0 !THEME Space / Futuron

1 0 0 0 0 1 0 0 0 1 0 0 0 1 6875 - Spaceship.ldr
1 0 0 -61 48 1 0 0 0 1 0 0 0 1 6875 - Minifig.ldr


0 FILE 6875 - Spaceship.ldr
0 Spaceship
0 Name: 6875 - Spaceship.ldr
0 Author: Damien Roux [Darats]
0 !LDRAW_ORG Model
0 !LICENSE Redistributable under CCAL version 2.0 : see CAreadme.txt

0 !THEME Space / Futuron

1 0 0 0 0 0 0 1 0 1 0 -1 0 0 4282.dat
1 15 0 -8 110 -1 0 0 0 1 0 0 0 -1 3069b.dat
1 15 0 -8 -60 1 0 0 0 1 0 0 0 1 4859.dat
1 15 0 -8 -140 0 0 1 0 1 0 -1 0 0 3795.dat
1 15 10 -16 140 0 0 -1 0 1 0 1 0 0 4531.dat
1 15 -10 -16 140 0 0 -1 0 1 0 1 0 0 4531.dat
1 0 0 -12 170 1 0 0 0 0.999962 0.008727 0 -0.008727 0.999962 6875 - Spaceship - Cockpit.ldr
1 15 0 -16 -190 1 0 0 0 1 0 0 0 1 3839b.dat
1 15 0 -16 -140 -1 0 0 0 1 0 0 0 -1 3068bp08.dat
1 15 0 -16 -90 0 0 -1 0 1 0 1 0 0 3021.dat
1 15 10 -32 -80 0 0 1 0 1 0 -1 0 0 4531.dat
1 15 -10 -32 -80 0 0 1 0 1 0 -1 0 0 4531.dat
1 0 0 -28 -110 1 0 0 0 0.658558 0.75253 0 -0.75253 0.658558 6875 - Spaceship - Hinge.ldr
1 15 0 -32 40 1 0 0 0 1 0 0 0 1 4597.dat
1 15 50 -24 40 0 0 1 0 1 0 -1 0 0 3701.dat
1 15 -50 -24 40 0 0 1 0 1 0 -1 0 0 3701.dat
1 0 40 0 40 0 0 1 0 1 0 -1 0 0 3022.dat
1 0 -40 0 40 0 0 1 0 1 0 -1 0 0 3022.dat
1 0 50 -40 40 0 0 1 0 1 0 -1 0 0 3666.dat
1 0 -50 -40 40 0 0 1 0 1 0 -1 0 0 3666.dat
1 0 0 -16 10 -1 0 0 0 1 0 0 0 -1 2342.dat
1 15 50 -64 50 -1 0 0 0 1 0 0 0 -1 4286.dat
1 15 50 -64 30 1 0 0 0 1 0 0 0 1 4286.dat
1 15 -50 -64 30 1 0 0 0 1 0 0 0 1 4286.dat
1 15 -50 -64 50 -1 0 0 0 1 0 0 0 -1 4286.dat
1 15 40 8 40 1 0 0 0 1 0 0 0 1 4229.dat
1 15 -40 8 40 1 0 0 0 1 0 0 0 1 4229.dat
1 15 0 8 120 1 0 0 0 1 0 0 0 1 4229.dat
1 15 0 8 -40 1 0 0 0 1 0 0 0 1 4229.dat
1 15 120 0 40 -1 0 0 0 1 0 0 0 -1 6875 - Spaceship - Side.ldr
1 15 -120 0 40 1 0 0 0 1 0 0 0 1 6875 - Spaceship - Side.ldr


0 FILE 6875 - Spaceship - Cockpit.ldr
0 Spaceship - Cockpit
0 Name: 6875 - Spaceship - Cockpit.ldr
0 Author: Damien Roux [Darats]
0 !LDRAW_ORG Model
0 !LICENSE Redistributable under CCAL version 2.0 : see CAreadme.txt

0 !THEME Space / Futuron

1 15 10 -4 -30 0 0 -1 0 1 0 1 0 0 4275b.dat
1 15 -10 -4 -30 0 0 -1 0 1 0 1 0 0 4275b.dat
1 15 0 -12 -30 0 0 -1 0 1 0 1 0 0 3022.dat
1 15 0 -20 -30 1 0 0 0 1 0 0 0 1 3956.dat
1 15 -10 -30 -50 -1 0 0 0 0 1 0 1 0 3676.dat
1 15 10 -30 -50 0 0 -1 -1 0 0 0 1 0 3676.dat
1 15 -30 -50 -58 0 0 -1 -1 0 0 0 1 0 3024.dat
1 15 30 -50 -58 0 0 -1 -1 0 0 0 1 0 3024.dat
1 0 10 -30 -26 0 0 -1 -1 0 0 0 1 0 6141.dat
1 0 -10 -30 -26 0 0 -1 -1 0 0 0 1 0 6141.dat
1 0 0 -30 -18 -1 0 0 0 0 1 0 1 0 4590.dat
1 33 30 -20 -2 -1 0 0 0 0 1 0 1 0 6141.dat
1 33 -30 -20 -2 -1 0 0 0 0 1 0 1 0 6141.dat
1 0 30 -20 6 -1 0 0 0 0 1 0 1 0 4740.dat
1 0 -30 -20 6 -1 0 0 0 0 1 0 1 0 4740.dat
1 33 20 -50 -194 -1 0 0 0 0 1 0 1 0 2466.dat
1 33 -20 -50 -194 -1 0 0 0 0 1 0 1 0 2466.dat
1 15 0 -40 -202 -1 0 0 0 0 1 0 1 0 3020.dat
1 15 0 -30 -226 -1 0 0 0 0 1 0 1 0 3037.dat
1 15 0 -20 -242 1 0 0 0 0 -1 0 1 0 4590.dat
1 15 0 -20 -250 1 0 0 0 0 -1 0 1 0 3069b.dat
1 15 30 -30 -318 1 0 0 0 0 1 0 -1 0 3957a.dat
1 15 -30 -30 -318 1 0 0 0 0 1 0 -1 0 3957a.dat
1 33 30 -30 -326 1 0 0 0 0 1 0 -1 0 4589.dat
1 33 -30 -30 -326 1 0 0 0 0 1 0 -1 0 4589.dat


0 FILE 6875 - Spaceship - Hinge.ldr
0 Spaceship - Hinge
0 Name: 6875 - Spaceship - Hinge.ldr
0 Author: Damien Roux [Darats]
0 !LDRAW_ORG Model
0 !LICENSE Redistributable under CCAL version 2.0 : see CAreadme.txt

0 !THEME Space / Futuron

1 0 -10 -36 0 0 0 1 0 1 0 -1 0 0 2433.dat
1 0 10 -36 0 0 0 1 0 1 0 -1 0 0 2433.dat
1 15 0 -68 0 1 0 0 0 1 0 0 0 1 2432.dat


0 FILE 6875 - Spaceship - Side.ldr
0 Spaceship - Side
0 Name: 6875 - Spaceship - Side.ldr
0 Author: Damien Roux [Darats]
0 !LDRAW_ORG Model
0 !LICENSE Redistributable under CCAL version 2.0 : see CAreadme.txt

0 !THEME Space / Futuron

1 0 0 0 0 1 0 0 0 1 0 0 0 1 3022.dat
1 0 40 0 0 0 0 1 0 1 0 -1 0 0 4859.dat
1 15 20 -8 0 1 0 0 0 1 0 0 0 1 3022.dat
1 15 20 -16 0 0 0 1 0 1 0 -1 0 0 3020.dat
1 15 30 -24 0 0 0 1 0 1 0 -1 0 0 3023.dat
1 15 0 -24 0 -1 0 0 0 1 0 0 0 -1 2444.dat
1 15 50 -24 0 0 0 -1 0 1 0 1 0 0 2458.dat
1 15 30 -32 0 1 0 0 0 1 0 0 0 1 3021.dat
1 15 20 8 0 1 0 0 0 1 0 0 0 1 4032a.dat
1 15 20 -24 -30 1 0 0 0 1 0 0 0 1 4596.dat
1 36 20 -22 -100 1 0 0 0 0 1 0 -1 0 6141.dat
1 15 20 -24 30 -1 0 0 0 1 0 0 0 -1 4596.dat
1 36 20 -22 100 -1 0 0 0 0 1 0 1 0 6141.dat
1 15 -10 -32 10 1 0 0 0 1 0 0 0 1 4592.dat
1 0 -10 -32 10 1 0 0 0 0.707107 0.707107 0 -0.707107 0.707107 4593.dat
1 15 -10 -32 -10 -1 0 0 0 1 0 0 0 -1 4592.dat
1 0 -10 -32 -10 -1 0 0 0 0.707107 0.707107 0 0.707107 -0.707107 4593.dat
1 0 50 -40 0 0 0 1 0 1 0 -1 0 0 2412b.dat


0 FILE 6875 - Minifig.ldr
0 Minifig
0 Name: 6875 - Minifig.ldr
0 Author: Damien Roux [Darats]
0 !LDRAW_ORG Model
0 !LICENSE Redistributable under CCAL version 2.0 : see CAreadme.txt

0 !THEME Space / Futuron

1 0 0 -27 0 0.848048 0 -0.529919 0 1 0 0.529919 0 0.848048 6875 - Minifig - Helmet.ldr
1 14 0 -27 0 0.848048 0 -0.529919 0 1 0 0.529919 0 0.848048 3626bp01.dat
1 14 0 0 0 1 0 0 0 1 0 0 0 1 3838.dat
1 15 0 0 0 1 0 0 0 1 0 0 0 1 973p6e.dat
1 14 0 32 0 1 0 0 0 1 0 0 0 1 3815.dat
1 14 -15.552 9 0 0.985 -0.0295202 -0.167417 0.17 0.171043 0.970036 0 -0.984808 0.173648 3818.dat
1 14 15.552 9 0 0.985 0.17 0 -0.17 0.985 0 0 0 1 3819.dat
1 14 -19.4999 1.31321 -20.2682 0.985 -0.139235 -0.0974933 0.17 0.806743 0.564887 0 -0.57349 0.819028 3820.dat
1 14 23.8634 26.5956 -10.321 0.985 0.12019 -0.12019 -0.17 0.696395 -0.696395 0 0.707 0.707 3820.dat
1 14 0 44 0 1 0 0 0 0 1 0 -1 0 3816.dat
1 14 0 44 0 1 0 0 0 0 1 0 -1 0 3817.dat


0 FILE 6875 - Minifig - Helmet.ldr
0 Minifig - Helmet
0 Name: 6875 - Minifig - Helmet.ldr
0 Author: Damien Roux [Darats]
0 !LDRAW_ORG Model
0 !LICENSE Redistributable under CCAL version 2.0 : see CAreadme.txt

0 !THEME Space / Futuron

1 14 0 0 0 1 0 0 0 1 0 0 0 1 2446.dat
1 33 0 0 0 1 0 0 0 1 0 0 0 1 2447.dat


