0 FILE 6884 - Aero Module.ldr
0 Aero Module
0 Name: 6884 - Aero Module.ldr
0 Author: Damien Roux [Darats]
0 !LDRAW_ORG Model
0 !LICENSE Redistributable under CCAL version 2.0 : see CAreadme.txt

0 !THEME Space / Futuron

1 0 0 0 0 1 0 0 0 1 0 0 0 1 6884 - Spaceship + Minifig.ldr
1 0 -190 1 50 0.92388 0 -0.382683 0 1 0 0.382683 0 0.92388 6884 - Vehicle.ldr
1 0 -115.487 0 29.301 -0.382683 0 0.92388 0 1 0 -0.92388 0 -0.382683 6884 - Droid.ldr


0 FILE 6884 - Vehicle.ldr
0 Vehicle
0 Name: 6884 - Vehicle.ldr
0 Author: Damien Roux [Darats]
0 !LDRAW_ORG Model
0 !LICENSE Redistributable under CCAL version 2.0 : see CAreadme.txt

0 !THEME Space / Futuron

1 0 0 0 0 1 0 0 0 1 0 0 0 1 4600.dat
1 0 0 0 40 1 0 0 0 1 0 0 0 1 4600.dat
1 15 0 -8 20 0 0 1 0 1 0 -1 0 0 3020.dat
1 15 0 -16 -10 -1 0 0 0 1 0 0 0 -1 2342.dat
1 15 30 5 0 0 0 -1 0 1 0 1 0 0 4624.dat
1 256 30 5 0 0 0 -1 0 1 0 1 0 0 3641.dat
1 15 30 5 40 0 0 -1 0 1 0 1 0 0 4624.dat
1 256 30 5 40 0 0 -1 0 1 0 1 0 0 3641.dat
1 15 -30 5 40 0 0 1 0 1 0 -1 0 0 4624.dat
1 256 -30 5 40 0 0 1 0 1 0 -1 0 0 3641.dat
1 15 -30 5 0 0 0 1 0 1 0 -1 0 0 4624.dat
1 256 -30 5 0 0 0 1 0 1 0 -1 0 0 3641.dat


0 FILE 6884 - Spaceship.ldr
0 Spaceship
0 Name: 6884 - Spaceship.ldr
0 Author: Damien Roux [Darats]
0 !LDRAW_ORG Model
0 !LICENSE Redistributable under CCAL version 2.0 : see CAreadme.txt

0 !THEME Space / Futuron

1 15 0 0 0 0 0 1 0 1 0 -1 0 0 3460.dat
1 15 60 0 0 0 0 1 0 1 0 -1 0 0 3460.dat
1 15 -20 0 -70 0 0 1 0 1 0 -1 0 0 3024.dat
1 15 80 0 -70 0 0 1 0 1 0 -1 0 0 3024.dat
1 15 -10 -8 -70 -1 0 0 0 1 0 0 0 -1 3023.dat
1 15 70 -8 -70 -1 0 0 0 1 0 0 0 -1 3023.dat
1 15 0 -8 50 0 0 -1 0 1 0 1 0 0 3623.dat
1 15 60 -8 50 0 0 -1 0 1 0 1 0 0 3623.dat
1 15 -20 -16 -70 0 0 1 0 1 0 -1 0 0 4081a.dat
1 15 80 -16 -70 0 0 -1 0 1 0 1 0 0 4081a.dat
1 0 0 -16 -80 0 0 -1 0 1 0 1 0 0 3023.dat
1 0 60 -16 -80 0 0 -1 0 1 0 1 0 0 3023.dat
1 0 0 -16 30 0 0 -1 0 1 0 1 0 0 3024.dat
1 0 60 -16 30 0 0 -1 0 1 0 1 0 0 3024.dat
1 0 30 -16 60 1 0 0 0 1 0 0 0 1 3034.dat
1 15 -40 -24 70 0 0 1 0 1 0 -1 0 0 4081a.dat
1 15 100 -24 50 0 0 1 0 1 0 -1 0 0 3024.dat
1 15 -40 -24 50 0 0 1 0 1 0 -1 0 0 3024.dat
1 15 30 -24 -100 -1 0 0 0 1 0 0 0 -1 3032.dat
1 15 30 -24 100 0 0 -1 0 1 0 1 0 0 3036.dat
1 15 100 -24 70 0 0 -1 0 1 0 1 0 0 4081a.dat
1 0 30 -32 -20 0 0 -1 0 1 0 1 0 0 4597.dat
1 0 0 -32 10 0 0 -1 0 1 0 1 0 0 3005.dat
1 0 60 -32 10 0 0 -1 0 1 0 1 0 0 3005.dat
1 15 90 -32 60 0 0 -1 0 1 0 1 0 0 3068b.dat
1 15 -30 -32 60 0 0 -1 0 1 0 1 0 0 3068b.dat
1 0 80 -32 90 0 0 -1 0 1 0 1 0 0 3024.dat
1 0 -20 -32 90 0 0 -1 0 1 0 1 0 0 3024.dat
1 0 30 -32 -130 1 0 0 0 1 0 0 0 1 3710.dat
1 0 80 -32 -110 0 0 1 0 1 0 -1 0 0 3623.dat
1 0 -20 -32 -110 0 0 1 0 1 0 -1 0 0 3623.dat
1 0 30 -32 170 -1 0 0 0 1 0 0 0 -1 3666.dat
1 0 90 -32 140 0 0 -1 0 1 0 1 0 0 2429.dat
1 0 -30 -32 140 0 0 1 0 1 0 -1 0 0 2430.dat
1 15 100 -14 -152 0 0 1 -1 0 0 0 -1 0 3957a.dat
1 15 -40 -14 -152 0 0 1 -1 0 0 0 -1 0 3957a.dat
1 15 80 -40 -110 0 0 1 0 1 0 -1 0 0 3070b.dat
1 15 -20 -40 -110 0 0 1 0 1 0 -1 0 0 3070b.dat
1 15 80 -40 -80 0 0 -1 0 1 0 1 0 0 3069bp25.dat
1 15 -20 -40 -80 0 0 -1 0 1 0 1 0 0 3069bp25.dat
1 15 80 -40 -20 0 0 -1 0 1 0 1 0 0 3710.dat
1 15 -20 -40 -20 0 0 -1 0 1 0 1 0 0 3710.dat
1 15 80 -40 100 0 0 -1 0 1 0 1 0 0 3460.dat
1 15 -20 -40 100 0 0 -1 0 1 0 1 0 0 3460.dat
1 15 30 -48 130 1 0 0 0 1 0 0 0 1 3010.dat
1 36 120 -22 44 1 0 0 0 0 -1 0 1 0 4589.dat
1 36 -60 -22 44 1 0 0 0 0 -1 0 1 0 4589.dat
1 0 30 -16 -100 1 0 0 0 1 0 0 0 1 4229.dat
1 0 70 -16 140 1 0 0 0 1 0 0 0 1 4229.dat
1 0 -10 -16 140 1 0 0 0 1 0 0 0 1 4229.dat
1 0 -30 -32 140 0 0 1 0 1 0 -1 0 0 6884 - Spaceship - Wing 1.ldr
1 0 90 -32 140 0 0 -1 0 1 0 1 0 0 6884 - Spaceship - Wing 2.ldr
1 15 90 -48 140 0 0 -1 0 1 0 1 0 0 2429.dat
1 15 -30 -48 140 0 0 1 0 1 0 -1 0 0 2430.dat
1 0 30 -32 -90 -1 0 0 0 1 0 0 0 -1 2342.dat
1 15 48 -56 -90 0 -1 0 -1 0 0 0 0 -1 4592.dat
1 15 48 -56 -90 0 0 1 -1 0 0 0 -1 0 4593.dat
1 15 12 -56 -90 0 1 0 1 0 0 0 0 -1 4592.dat
1 15 12 -56 -90 0 0 -1 1 0 0 0 -1 0 4593.dat
1 0 30 -56 -130 -1 0 0 0 1 0 0 0 -1 3937.dat
1 15 -10 -56 -130 -1 0 0 0 1 0 0 0 -1 3937.dat
1 15 70 -56 -130 -1 0 0 0 1 0 0 0 -1 3937.dat
1 0 30 -46 -130 1 0 0 0 0.498488 0.866897 0 -0.866897 0.498488 6884 - Spaceship - Cockpit.ldr
1 36 100 -14 -160 0 0 1 -1 0 0 0 -1 0 4740.dat
1 36 -40 -14 -160 0 0 1 -1 0 0 0 -1 0 4740.dat


0 FILE 6884 - Spaceship - Wing 1.ldr
0 Spaceship - Wing 1
0 Name: 6884 - Spaceship - Wing 1.ldr
0 Author: Damien Roux [Darats]
0 !LDRAW_ORG Model
0 !LICENSE Redistributable under CCAL version 2.0 : see CAreadme.txt

0 !THEME Space / Futuron

1 0 0 0 0 0 0 -1 0 1 0 1 0 0 2429.dat
1 15 0 -16 0 0 0 -1 0 1 0 1 0 0 2429.dat
1 15 -40 -8 -80 1 0 0 0 1 0 0 0 1 3934.dat
1 15 -50 -16 -30 0 0 1 0 1 0 -1 0 0 3623.dat
1 15 -50 -40 -30 1 0 0 0 1 0 0 0 1 3040b.dat
1 0 -50 -40 -10 0 0 -1 0 1 0 1 0 0 4070.dat
1 15 -50 -48 -10 0 0 -1 0 1 0 1 0 0 3623.dat
1 36 -60 -30 -10 0 -1 0 0 0 -1 1 0 0 4589.dat


0 FILE 6884 - Spaceship - Wing 2.ldr
0 Spaceship - Wing 2
0 Name: 6884 - Spaceship - Wing 2.ldr
0 Author: Damien Roux [Darats]
0 !LDRAW_ORG Model
0 !LICENSE Redistributable under CCAL version 2.0 : see CAreadme.txt

0 !THEME Space / Futuron

1 0 0 0 0 0 0 1 0 1 0 -1 0 0 2430.dat
1 15 0 -16 0 0 0 1 0 1 0 -1 0 0 2430.dat
1 15 40 -8 -80 1 0 0 0 1 0 0 0 1 3933.dat
1 15 50 -16 -30 0 0 1 0 1 0 -1 0 0 3623.dat
1 15 50 -40 -30 1 0 0 0 1 0 0 0 1 3040b.dat
1 0 50 -40 -10 0 0 1 0 1 0 -1 0 0 4070.dat
1 15 50 -48 -10 0 0 -1 0 1 0 1 0 0 3623.dat
1 36 60 -30 -10 0 1 0 0 0 -1 -1 0 0 4589.dat


0 FILE 6884 - Spaceship - Cockpit.ldr
0 Spaceship - Cockpit
0 Name: 6884 - Spaceship - Cockpit.ldr
0 Author: Damien Roux [Darats]
0 !LDRAW_ORG Model
0 !LICENSE Redistributable under CCAL version 2.0 : see CAreadme.txt

0 !THEME Space / Futuron

1 0 0 -10 0 1 0 0 0 1 0 0 0 1 3938.dat
1 15 40 -10 0 1 0 0 0 1 0 0 0 1 3938.dat
1 15 -40 -10 0 1 0 0 0 1 0 0 0 1 3938.dat
1 33 0 -274 160 1 0 0 0 1 0 0 0 1 2408.dat
1 15 40 -282 140 1 0 0 0 1 0 0 0 1 3069b.dat
1 15 -40 -282 140 1 0 0 0 1 0 0 0 1 3069b.dat
1 15 -30 -282 170 0 0 1 0 1 0 -1 0 0 3794a.dat
1 15 30 -282 170 0 0 1 0 1 0 -1 0 0 3794a.dat
1 15 0 -298 150 0 0 1 0 1 0 -1 0 0 4589.dat
1 0 30 -306 170 0 0 1 0 1 0 -1 0 0 4589.dat
1 0 -30 -306 170 0 0 1 0 1 0 -1 0 0 4589.dat


0 FILE 6884 - Spaceship + Minifig.ldr
0 Spaceship + Minifig
0 Name: 6884 - Spaceship + Minifig.ldr
0 Author: Damien Roux [Darats]
0 !LDRAW_ORG Model
0 !LICENSE Redistributable under CCAL version 2.0 : see CAreadme.txt

0 !THEME Space / Futuron

1 0 0 0 0 1 0 0 0 1 0 0 0 1 6884 - Spaceship.ldr
1 0 30 -61 -32 1 0 0 0 1 0 0 0 1 6884 - Minifig.ldr


0 FILE 6884 - Droid.ldr
0 Droid
0 Name: 6884 - Droid.ldr
0 Author: Damien Roux [Darats]
0 !LDRAW_ORG Model
0 !LICENSE Redistributable under CCAL version 2.0 : see CAreadme.txt

0 !THEME Space / Futuron

1 1 0 0 0 1 0 0 0 1 0 0 0 1 3937.dat
1 1 0 10 0 1 0 0 0 0.984808 -0.173648 0 0.173648 0.984808 6884 - Droid - Top.ldr


0 FILE 6884 - Droid - Top.ldr
0 Droid - Top
0 Name: 6884 - Droid - Top.ldr
0 Author: Damien Roux [Darats]
0 !LDRAW_ORG Model
0 !LICENSE Redistributable under CCAL version 2.0 : see CAreadme.txt

0 !THEME Space / Futuron

1 1 0 -10 0 1 0 0 0 1 0 0 0 1 3938.dat
1 1 0 -18 0 1 0 0 0 1 0 0 0 1 2342.dat
1 1 26 -42 0 0 -1 0 0.766044 0 -0.642788 0.642788 0 0.766044 4735.dat
1 1 -26 -42 0 0 1 0 -0.906308 0 -0.422618 -0.422618 0 0.906308 4735.dat
1 1 0 -72.559 -14.225 1 0 0 0 0.928031 -0.372502 0 0.372502 0.928031 3062b.dat


0 FILE 6884 - Minifig.ldr
0 Minifig
0 Name: 6884 - Minifig.ldr
0 Author: Damien Roux [Darats]
0 !LDRAW_ORG Model
0 !LICENSE Redistributable under CCAL version 2.0 : see CAreadme.txt

0 !THEME Space / Futuron

1 0 0 -25.922 12.329 0.838671 0 0.544639 -0.094576 0.984808 0.145634 -0.536365 -0.173648 0.825929 6884 - Minifig - Helmet.ldr
1 14 0 -25.922 12.329 0.838671 0 0.544639 -0.0945756 0.984808 0.145634 -0.536365 -0.173648 0.825929 3626bp01.dat
1 1 0 0.668 7.641 1 0 0 0 0.984808 0.173648 0 -0.173648 0.984808 3838.dat
1 15 0 0.668 7.641 1 0 0 0 0.984808 0.173648 0 -0.173648 0.984808 973p6c.dat
1 1 0 32.183 2.084 1 0 0 0 0.984808 0.173648 0 -0.173648 0.984808 3815.dat
1 1 -15.552 9.532 6.077 0.985 -0.151471 -0.0771784 0.167417 0.785473 0.595109 -0.0295202 -0.599494 0.799818 3818.dat
1 1 15.552 9.532 6.077 0.985 -0.00593291 0.169896 -0.167417 -0.207396 0.963384 0.0295202 -0.978239 -0.205309 3819.dat
1 1 -22.719 17.256 -13.272 0.985 -0.161655 0.052525 0.167417 0.976072 -0.134588 -0.0295202 0.141629 0.989314 3820.dat
1 1 18.809 -5.173 -10.003 0.985 0.115922 0.124311 -0.167417 0.534484 0.827742 0.0295202 -0.836768 0.546461 3820.dat
1 1 0 44 0 1 0 0 0 0 1 0 -1 0 3816.dat
1 1 0 44 0 1 0 0 0 0 1 0 -1 0 3817.dat


0 FILE 6884 - Minifig - Helmet.ldr
0 Minifig - Helmet
0 Name: 6884 - Minifig - Helmet.ldr
0 Author: Damien Roux [Darats]
0 !LDRAW_ORG Model
0 !LICENSE Redistributable under CCAL version 2.0 : see CAreadme.txt

0 !THEME Space / Futuron

1 1 0 0 0 1 0 0 0 1 0 0 0 1 2446.dat
1 33 0 2.772 5.324 1 0 0 0 0.573576 0.819152 0 -0.819152 0.573576 2447.dat


