0 FILE 6893 - Orion II Hyperspace.ldr
0 Orion II Hyperspace
0 Name: 6893 - Orion II Hyperspace.ldr
0 Author: Damien Roux [Darats]
0 !LDRAW_ORG Model
0 !LICENSE Redistributable under CCAL version 2.0 : see CAreadme.txt

0 !THEME Space / Futuron

1 0 0 0 0 1 0 0 0 1 0 0 0 1 6893 - Spaceship.ldr
1 0 222 25 224 0.92388 0 0.382683 0 1 0 -0.382683 0 0.92388 6893 - Vehicle.ldr
1 0 122.062 -24 208.072 -0.382683 0 -0.92388 0 1 0 0.92388 0 -0.382683 6893 - Minifig 2.ldr


0 FILE 6893 - Vehicle.ldr
0 Vehicle
0 Name: 6893 - Vehicle.ldr
0 Author: Damien Roux [Darats]
0 !LDRAW_ORG Model
0 !LICENSE Redistributable under CCAL version 2.0 : see CAreadme.txt

0 !THEME Space / Futuron

1 15 0 0 0 1 0 0 0 1 0 0 0 1 4600.dat
1 15 0 0 40 1 0 0 0 1 0 0 0 1 4600.dat
1 15 0 -8 20 0 0 1 0 1 0 -1 0 0 3020.dat
1 0 0 -16 20 0 0 1 0 1 0 -1 0 0 4032a.dat
1 0 10 -24 20 0 0 1 0 1 0 -1 0 0 3794a.dat
1 0 -10 -24 20 0 0 1 0 1 0 -1 0 0 3794a.dat
1 0 10 -32 50 -1 0 0 0 1 0 0 0 -1 4070.dat
1 0 -10 -32 50 -1 0 0 0 1 0 0 0 -1 4070.dat
1 15 10 -32 -10 1 0 0 0 1 0 0 0 1 4070.dat
1 15 -10 -32 -10 1 0 0 0 1 0 0 0 1 4070.dat
1 0 0 -32 20 1 0 0 0 1 0 0 0 1 3023.dat
1 0 0 -22 -24 1 0 0 0 0 -1 0 1 0 3023.dat
1 0 10 -22 64 0 0 -1 1 0 0 0 -1 0 4085b.dat
1 0 -10 -22 64 0 0 1 -1 0 0 0 -1 0 4085b.dat
1 0 0 -22 72 1 0 0 0 0 1 0 -1 0 3023.dat
1 0 0 -40 20 1 0 0 0 1 0 0 0 1 3023.dat
1 15 0 -22 -32 1 0 0 0 0 -1 0 1 0 3069bp05.dat
1 15 0 -40 -10 1 0 0 0 1 0 0 0 1 3839b.dat
1 15 10 -64 20 0 0 -1 0 1 0 1 0 0 4070.dat
1 15 -10 -64 20 0 0 1 0 1 0 -1 0 0 4070.dat
1 0 30 -22 76 -1 0 0 0 0 -1 0 -1 0 4006.dat
1 15 32 -54 20 0 -1 0 0.532433 0 -0.846472 0.846472 0 0.532433 4735.dat
1 15 -32 -54 20 0 1 0 -0.532433 0 -0.846472 -0.846472 0 0.532433 4735.dat
1 0 0 -72 10 0 0 1 0 1 0 -1 0 0 3068b.dat
1 36 -10 -64 0 0 0 1 0 1 0 -1 0 0 3024.dat
1 36 10 -64 0 0 0 1 0 1 0 -1 0 0 3024.dat
1 0 0 -56 0 -1 0 0 0 1 0 0 0 -1 3023.dat
1 15 30 5 0 0 0 -1 0 1 0 1 0 0 4624.dat
1 256 30 5 0 0 0 -1 0 1 0 1 0 0 3641.dat
1 15 30 5 40 0 0 -1 0 1 0 1 0 0 4624.dat
1 256 30 5 40 0 0 -1 0 1 0 1 0 0 3641.dat
1 15 -30 5 40 0 0 1 0 1 0 -1 0 0 4624.dat
1 256 -30 5 40 0 0 1 0 1 0 -1 0 0 3641.dat
1 15 -30 5 0 0 0 1 0 1 0 -1 0 0 4624.dat
1 256 -30 5 0 0 0 1 0 1 0 -1 0 0 3641.dat


0 FILE 6893 - Spaceship.ldr
0 Spaceship
0 Name: 6893 - Spaceship.ldr
0 Author: Damien Roux [Darats]
0 !LDRAW_ORG Model
0 !LICENSE Redistributable under CCAL version 2.0 : see CAreadme.txt

0 !THEME Space / Futuron

1 0 0 0 0 1 0 0 0 1 0 0 0 1 6893 - Spaceship - Front + Minifig.ldr
1 0 0 40 170 1 0 0 0 1 0 0 0 1 6893 - Spaceship - Middle.ldr
1 0 0 0 260 1 0 0 0 1 0 0 0 1 6893 - Spaceship - Back.ldr


0 FILE 6893 - Spaceship - Front.ldr
0 Spaceship - Front
0 Name: 6893 - Spaceship - Front.ldr
0 Author: Damien Roux [Darats]
0 !LDRAW_ORG Model
0 !LICENSE Redistributable under CCAL version 2.0 : see CAreadme.txt

0 !THEME Space / Futuron

1 0 0 0 0 1 0 0 0 1 0 0 0 1 3020.dat
1 15 0 0 80 1 0 0 0 1 0 0 0 1 3020.dat
1 15 -70 0 40 0 0 1 0 1 0 -1 0 0 2419.dat
1 15 70 0 40 0 0 -1 0 1 0 1 0 0 2419.dat
1 0 40 -8 20 0 0 -1 0 1 0 1 0 0 3034.dat
1 0 -40 -8 20 0 0 -1 0 1 0 1 0 0 3034.dat
1 15 0 0 110 1 0 0 0 1 0 0 0 1 3023.dat
1 15 0 -8 90 0 0 1 0 1 0 -1 0 0 3021.dat
1 0 40 -16 -50 1 0 0 0 1 0 0 0 1 3839b.dat
1 0 -40 -16 -50 1 0 0 0 1 0 0 0 1 3839b.dat
1 15 40 -16 40 1 0 0 0 1 0 0 0 1 3022.dat
1 15 -40 -16 40 1 0 0 0 1 0 0 0 1 3022.dat
1 15 0 -16 80 1 0 0 0 1 0 0 0 1 3795.dat
1 15 0 -16 110 1 0 0 0 1 0 0 0 1 3069bp05.dat
1 15 10 8 70 0 0 -1 0 1 0 1 0 0 4287.dat
1 15 -10 8 70 0 0 1 0 1 0 -1 0 0 4287.dat
1 15 0 8 100 0 0 -1 0 1 0 1 0 0 4730.dat
1 15 0 32 90 0 0 -1 0 1 0 1 0 0 3021.dat
1 0 0 40 90 0 0 -1 0 1 0 1 0 0 3021.dat
1 0 40 8 0 1 0 0 0 1 0 0 0 1 4229.dat
1 0 -40 8 0 1 0 0 0 1 0 0 0 1 4229.dat
1 15 90 -24 40 0 0 1 0 1 0 -1 0 0 4865p06.dat
1 15 -90 -24 40 0 0 -1 0 1 0 1 0 0 4865p06.dat
1 15 40 -32 -30 -1 0 0 0 1 0 0 0 -1 3937.dat
1 15 -40 -32 -30 -1 0 0 0 1 0 0 0 -1 3937.dat
1 15 40 -24 50 1 0 0 0 1 0 0 0 1 4598.dat
1 15 -40 -24 50 1 0 0 0 1 0 0 0 1 4598.dat
1 15 40 -32 10 1 0 0 0 1 0 0 0 1 3039.dat
1 15 -40 -32 10 1 0 0 0 1 0 0 0 1 3039.dat
1 36 40 -44 88 1 0 0 0 0 -1 0 1 0 4740.dat
1 36 -40 -44 88 1 0 0 0 0 -1 0 1 0 4740.dat
1 0 30 -40 10 1 0 0 0 1 0 0 0 1 4592.dat
1 0 30 -40 10 1 0 0 0 0.92388 0.382683 0 -0.382683 0.92388 4593.dat
1 0 -30 -40 10 1 0 0 0 1 0 0 0 1 4592.dat
1 0 -30 -40 10 1 0 0 0 0.92388 0.382683 0 -0.382683 0.92388 4593.dat
1 0 40 -22 -30 1 0 0 0 0.866025 0.5 0 -0.5 0.866025 6893 - Spaceship - Front - Windscreen.ldr
1 0 -40 -22 -30 1 0 0 0 0.866025 0.5 0 -0.5 0.866025 6893 - Spaceship - Front - Windscreen.ldr

0 FILE 6893 - Spaceship - Front - Windscreen.ldr
0 Spaceship - Front - Windscreen
0 Name: 6893 - Spaceship - Front - Windscreen.ldr
0 Author: Damien Roux [Darats]
0 !LDRAW_ORG Model
0 !LICENSE Redistributable under CCAL version 2.0 : see CAreadme.txt

0 !THEME Space / Futuron

1 15 0 -10 0 1 0 0 0 1 0 0 0 1 3938.dat
1 33 0 -58 0 -1 0 0 0 1 0 0 0 -1 4864a.dat


0 FILE 6893 - Spaceship - Front + Minifig.ldr
0 Spaceship - Front + Minifig
0 Name: 6893 - Spaceship - Front + Minifig.ldr
0 Author: Damien Roux [Darats]
0 !LDRAW_ORG Model
0 !LICENSE Redistributable under CCAL version 2.0 : see CAreadme.txt

0 !THEME Space / Futuron

1 0 0 0 0 1 0 0 0 1 0 0 0 1 6893 - Spaceship - Front.ldr
1 0 -40 -77 48 1 0 0 0 1 0 0 0 1 6893 - Minifig 1.ldr


0 FILE 6893 - Spaceship - Middle.ldr
0 Spaceship - Middle
0 Name: 6893 - Spaceship - Middle.ldr
0 Author: Damien Roux [Darats]
0 !LDRAW_ORG Model
0 !LICENSE Redistributable under CCAL version 2.0 : see CAreadme.txt

0 !THEME Space / Futuron

1 0 0 0 0 0 0 1 0 1 0 -1 0 0 3021.dat
1 15 0 -8 0 0 0 1 0 1 0 -1 0 0 3021.dat
1 15 0 -16 -20 -1 0 0 0 1 0 0 0 -1 3023.dat
1 15 0 -24 -20 -1 0 0 0 1 0 0 0 -1 3710.dat
1 15 0 -32 10 0 0 -1 0 1 0 1 0 0 4730.dat
1 15 30 -32 -30 0 0 -1 0 1 0 1 0 0 3710.dat
1 15 -30 -32 -30 0 0 -1 0 1 0 1 0 0 3710.dat
1 15 0 -32 -30 0 0 1 0 1 0 -1 0 0 2444.dat
1 15 30 -40 -40 -1 0 0 0 1 0 0 0 -1 2420.dat
1 15 -30 -40 -40 0 0 1 0 1 0 -1 0 0 2420.dat
1 15 40 -12 -10 0 1 0 0 0 1 1 0 0 3956.dat
1 15 -40 -12 -10 0 -1 0 0 0 1 -1 0 0 3956.dat
1 15 0 -48 -20 1 0 0 0 1 0 0 0 1 4598.dat
1 15 48 -12 -10 0 1 0 -1 0 0 0 0 1 4229.dat
1 15 -48 -12 -10 0 -1 0 1 0 0 0 0 1 4229.dat
1 33 74 -12 30 0 0 -1 -1 0 0 0 1 0 4740.dat
1 33 -74 -12 30 0 0 -1 -1 0 0 0 1 0 4740.dat
1 15 30 -56 -10 0 0 1 0 1 0 -1 0 0 4531.dat
1 15 -30 -56 -10 0 0 1 0 1 0 -1 0 0 4531.dat
1 0 30 -88 -40 0 0 1 0 1 0 -1 0 0 2433.dat
1 0 30 -96 -40 -1 0 0 0 1 0 0 0 -1 4592.dat
1 0 30 -96 -40 -1 0 0 0 0.382683 -0.92388 0 -0.92388 -0.382683 4593.dat
1 0 -30 -88 -40 0 0 1 0 1 0 -1 0 0 2433.dat
1 0 -30 -96 -40 -1 0 0 0 1 0 0 0 -1 4592.dat
1 0 -30 -96 -40 -1 0 0 0 0.382683 -0.92388 0 -0.92388 -0.382683 4593.dat
1 15 0 -68 2 0 0 1 1 0 0 0 1 0 4871.dat
1 15 30 -58 -22 -1 0 0 0 0 1 0 1 0 3040p32.dat
1 36 30 -58 -30 -1 0 0 0 0 1 0 1 0 3070b.dat
1 15 -30 -58 -22 -1 0 0 0 0 1 0 1 0 3040p32.dat
1 36 -30 -58 -30 -1 0 0 0 0 1 0 1 0 3070b.dat


0 FILE 6893 - Spaceship - Back.ldr
0 Spaceship - Back
0 Name: 6893 - Spaceship - Back.ldr
0 Author: Damien Roux [Darats]
0 !LDRAW_ORG Model
0 !LICENSE Redistributable under CCAL version 2.0 : see CAreadme.txt

0 !THEME Space / Futuron

1 0 0 0 0 1 0 0 0 1 0 0 0 1 3958.dat
1 15 30 -8 0 0 0 1 0 1 0 -1 0 0 4162.dat
1 15 -30 -8 0 0 0 1 0 1 0 -1 0 0 4162.dat
1 36 -30 0 -70 0 0 1 0 1 0 -1 0 0 3024.dat
1 36 30 0 -70 0 0 1 0 1 0 -1 0 0 3024.dat
1 15 0 8 -40 0 0 1 0 1 0 -1 0 0 2444.dat
1 0 30 8 -50 0 0 1 0 1 0 -1 0 0 3623.dat
1 0 -30 8 -50 0 0 1 0 1 0 -1 0 0 3623.dat
1 0 0 16 -30 -1 0 0 0 1 0 0 0 -1 3710.dat
1 0 40 8 40 -1 0 0 0 1 0 0 0 -1 4229.dat
1 0 -40 8 40 -1 0 0 0 1 0 0 0 -1 4229.dat
1 0 -30 24 -30 0 0 1 0 1 0 -1 0 0 3963.dat
1 0 30 24 -30 0 0 -1 0 1 0 1 0 0 3963.dat
1 0 10 -8 40 0 0 -1 0 1 0 1 0 0 4276b.dat
1 0 -10 -8 40 0 0 -1 0 1 0 1 0 0 4276b.dat
1 0 0 -4 70 -1 0 0 0 0 -1 0 -1 0 6893 - Spaceship - Back - Door.ldr
1 15 50 -24 -50 0 0 1 0 1 0 -1 0 0 3005.dat
1 15 50 -24 50 0 0 1 0 1 0 -1 0 0 3005.dat
1 15 -50 -24 50 0 0 1 0 1 0 -1 0 0 3005.dat
1 15 -50 -24 -50 0 0 1 0 1 0 -1 0 0 3005.dat
1 15 -50 -48 50 0 0 1 0 1 0 -1 0 0 3005.dat
1 15 50 -48 50 0 0 1 0 1 0 -1 0 0 3005.dat
1 15 50 -48 -50 1 0 0 0 1 0 0 0 1 4070.dat
1 34 50 -38 -64 1 0 0 0 0 -1 0 1 0 3070b.dat
1 15 -50 -48 -50 1 0 0 0 1 0 0 0 1 4070.dat
1 34 -50 -38 -64 1 0 0 0 0 -1 0 1 0 3070b.dat
1 15 -50 -72 50 -1 0 0 0 1 0 0 0 -1 4070.dat
1 15 50 -72 50 -1 0 0 0 1 0 0 0 -1 4070.dat
1 15 50 -62 64 -1 0 0 0 0 -1 0 -1 0 3024.dat
1 15 -50 -62 64 -1 0 0 0 0 -1 0 -1 0 3024.dat
1 36 -50 -62 72 -1 0 0 0 0 -1 0 -1 0 3070b.dat
1 36 50 -62 72 -1 0 0 0 0 -1 0 -1 0 3070b.dat
1 15 -50 -72 -50 0 0 1 0 1 0 -1 0 0 3005.dat
1 15 50 -72 -50 0 0 1 0 1 0 -1 0 0 3005.dat
1 0 50 -72 0 0 0 -1 0 1 0 1 0 0 2443.dat
1 15 112 -36 0 0 -1 0 0 0 -1 1 0 0 2418a.dat
1 0 -50 -72 0 0 0 1 0 1 0 -1 0 0 2443.dat
1 15 -112 -36 0 0 1 0 0 0 -1 -1 0 0 2418a.dat
1 15 -50 -80 0 0 0 1 0 1 0 -1 0 0 3666.dat
1 15 50 -80 0 0 0 1 0 1 0 -1 0 0 3666.dat
1 15 50 -104 10 -1 0 0 0 1 0 0 0 -1 4286.dat
1 15 -50 -104 10 -1 0 0 0 1 0 0 0 -1 4286.dat
1 33 0 -104 -10 1 0 0 0 1 0 0 0 1 3939.dat
1 15 0 -112 0 1 0 0 0 1 0 0 0 1 3795.dat

0 FILE 6893 - Spaceship - Back - Door.ldr
0 Spaceship - Back - Door
0 Name: 6893 - Spaceship - Back - Door.ldr
0 Author: Damien Roux [Darats]
0 !LDRAW_ORG Model
0 !LICENSE Redistributable under CCAL version 2.0 : see CAreadme.txt

0 !THEME Space / Futuron

1 0 10 -4 30 0 0 1 0 1 0 -1 0 0 4275b.dat
1 0 -10 -4 30 0 0 1 0 1 0 -1 0 0 4275b.dat
1 15 0 -12 40 1 0 0 0 1 0 0 0 1 2419.dat
1 0 0 -44 60 -1 0 0 0 1 0 0 0 -1 2432.dat
1 15 40 -20 60 -1 0 0 0 1 0 0 0 -1 3069bp06.dat
1 15 -40 -20 60 1 0 0 0 1 0 0 0 1 3069bp06.dat


0 FILE 6893 - Minifig 1.ldr
0 Minifig 1
0 Name: 6893 - Minifig 1.ldr
0 Author: Damien Roux [Darats]
0 !LDRAW_ORG Model
0 !LICENSE Redistributable under CCAL version 2.0 : see CAreadme.txt

0 !THEME Space / Futuron

1 0 0 -25.922 12.329 0.829038 0 -0.559193 0.097103 0.984808 0.143961 0.550698 -0.173648 0.816443 6893 - Minifig 1 - Helmet.ldr
1 14 0 -25.922 12.329 0.829038 0 -0.559193 0.0971028 0.984808 0.143961 0.550698 -0.173648 0.816443 3626bp01.dat
1 1 0 0.668 7.641 1 0 0 0 0.984808 0.173648 0 -0.173648 0.984808 3838.dat
1 15 0 0.668 7.641 1 0 0 0 0.984808 0.173648 0 -0.173648 0.984808 973p6c.dat
1 1 0 32.183 2.084 1 0 0 0 0.984808 0.173648 0 -0.173648 0.984808 3815.dat
1 1 -15.552 9.532 6.077 0.985 0.00889711 -0.169767 0.167417 -0.224178 0.959618 -0.0295202 -0.974506 -0.22235 3818.dat
1 1 15.552 9.532 6.077 0.985 0.147224 0.085 -0.167417 0.753251 0.635402 0.0295202 -0.640532 0.767347 3819.dat
1 1 -18.755 -5.45 -9.757 0.985 -0.113735 -0.126316 0.167417 0.519956 0.836944 -0.0295202 -0.846177 0.531775 3820.dat
1 1 22.559 16.234 -13.706 0.985 0.164183 -0.0439926 -0.167417 0.981778 -0.0833199 0.0295202 0.0896582 0.99537 3820.dat
1 1 0 44 0 1 0 0 0 0 1 0 -1 0 3816.dat
1 1 0 44 0 1 0 0 0 0 1 0 -1 0 3817.dat


0 FILE 6893 - Minifig 1 - Helmet.ldr
0 Minifig 1 - Helmet
0 Name: 6893 - Minifig 1 - Helmet.ldr
0 Author: Damien Roux [Darats]
0 !LDRAW_ORG Model
0 !LICENSE Redistributable under CCAL version 2.0 : see CAreadme.txt

0 !THEME Space / Futuron

1 1 0 0 0 1 0 0 0 1 0 0 0 1 2446.dat
1 33 0 1.904 4.596 1 0 0 0 0.707107 0.707107 0 -0.707107 0.707107 2447.dat


0 FILE 6893 - Minifig 2.ldr
0 Minifig 2
0 Name: 6893 - Minifig 2.ldr
0 Author: Damien Roux [Darats]
0 !LDRAW_ORG Model
0 !LICENSE Redistributable under CCAL version 2.0 : see CAreadme.txt

0 !THEME Space / Futuron

1 0 0 -21.596 -27.17 0.809017 0 0.587785 0.224936 0.92388 -0.309597 -0.543043 0.382683 0.747434 6893 - Minifig 2 - Helmet.ldr
1 14 0 -21.596 -27.17 0.809017 0 0.587785 0.224936 0.92388 -0.309597 -0.543043 0.382683 0.747434 3626bp01.dat
1 14 0 3.349 -16.838 1 0 0 0 0.92388 -0.382683 0 0.382683 0.92388 3838.dat
1 15 0 3.349 -16.838 1 0 0 0 0.92388 -0.382683 0 0.382683 0.92388 973p6e.dat
1 14 0 32.913 -4.592 1 0 0 0 0.92388 -0.382683 0 0.382683 0.92388 3815.dat
1 14 -15.552 11.664 -13.394 0.985 -0.17 0 0.15706 0.910021 -0.382683 0.0650562 0.376943 0.92388 3818.dat
1 14 15.552 11.664 -13.394 0.985 0.150101 0.0798102 -0.15706 0.98316 0.0893397 -0.0650562 -0.100914 0.992701 3819.dat
1 14 -23.863 31.87 -16.196 0.985 -0.12019 0.12019 0.15706 0.372828 -0.913942 0.0650562 0.919682 0.386684 3820.dat
1 14 22.666 28.371 -25.871 0.985 0.162547 -0.0496957 -0.15706 0.758257 -0.631931 -0.0650562 0.630494 0.773186 3820.dat
1 0 21.075 25.902 -44.011 0.985 0.145644 -0.0875413 -0.15706 0.582582 -0.796471 -0.0650562 0.79869 0.597411 4006.dat
1 14 0 44 0 1 0 0 0 1 0 0 0 1 3816.dat
1 14 0 44 0 1 0 0 0 1 0 0 0 1 3817.dat


0 FILE 6893 - Minifig 2 - Helmet.ldr
0 Minifig 2 - Helmet
0 Name: 6893 - Minifig 2 - Helmet.ldr
0 Author: Damien Roux [Darats]
0 !LDRAW_ORG Model
0 !LICENSE Redistributable under CCAL version 2.0 : see CAreadme.txt

0 !THEME Space / Futuron

1 14 0 0 0 1 0 0 0 1 0 0 0 1 2446.dat
1 33 0 0 0 1 0 0 0 1 0 0 0 1 2447.dat


