0 FILE 6901 - Mobile Lab - Main Model.ldr
0 Mobile Lab - Main Model
0 Name: 6901 - Mobile Lab - Main Model.ldr
0 Author: Willy Tschager {Holly Wood}
0 !LDRAW_ORG Model
0 !LICENSE Redistributable under CCAL version 2.0 : see CAreadme.txt

1 7 0 0 0 0 0 1 0 1 0 -1 0 0 3028.dat
0 STEP
1 7 0 -8 110 -1 0 0 0 1 0 0 0 -1 3023.dat
1 36 -30 -8 110 -1 0 0 0 1 0 0 0 -1 3024.dat
1 36 30 -8 110 -1 0 0 0 1 0 0 0 -1 3024.dat
1 7 -50 -8 100 0 0 -1 0 1 0 1 0 0 3069b.dat
1 7 -50 -8 60 0 0 -1 0 1 0 1 0 0 3069b.dat
1 7 -50 -8 20 0 0 -1 0 1 0 1 0 0 3069b.dat
1 7 -50 -8 -10 0 0 1 0 1 0 -1 0 0 4085a.dat
1 7 -50 -8 -60 0 0 1 0 1 0 -1 0 0 3710.dat
1 36 -50 -8 -110 0 0 1 0 1 0 -1 0 0 3024.dat
1 34 -30 -8 -110 0 0 1 0 1 0 -1 0 0 3024.dat
1 7 50 -8 100 0 0 -1 0 1 0 1 0 0 3069b.dat
1 7 50 -8 60 0 0 -1 0 1 0 1 0 0 3069b.dat
1 7 50 -8 20 0 0 -1 0 1 0 1 0 0 3069b.dat
1 7 50 -8 -10 0 0 -1 0 1 0 1 0 0 4085a.dat
1 7 50 -8 -60 0 0 1 0 1 0 -1 0 0 3710.dat
1 36 50 -8 -110 0 0 1 0 1 0 -1 0 0 3024.dat
1 34 30 -8 -110 0 0 1 0 1 0 -1 0 0 3024.dat
1 7 0 -24 -100 -1 0 0 0 1 0 0 0 -1 792.dat
1 16 0 -14 -120 1 0 0 0 1 0 0 0 1 6901 - Mobile Lab - Detector with 7 Arm Pieces.ldr
1 7 0 -24 -100 -1 0 0 0 1 0 0 0 -1 793.dat
0 STEP
1 7 0 -16 110 1 0 0 0 1 0 0 0 1 3710.dat
1 7 0 -8 -30 1 0 0 0 1 0 0 0 1 3829c01.dat
1 7 0 -24 -70 1 0 0 0 1 0 0 0 1 3004.dat
1 7 -50 -16 -40 0 0 1 0 1 0 -1 0 0 3710.dat
1 7 -40 -16 -100 1 0 0 0 1 0 0 0 1 3022.dat
1 7 50 -16 -40 0 0 1 0 1 0 -1 0 0 3710.dat
1 7 40 -16 -100 1 0 0 0 1 0 0 0 1 3022.dat
1 7 -60 -40 0 0 0 1 0 1 0 -1 0 0 3830.dat
1 16 -60 -40 0 0.5 0 -0.866 0 1 0 0.866 0 0.5 6901 - Mobile Lab - Hatch Right.ldr
0 STEP
1 7 -50 -40 -50 0 0 1 0 1 0 -1 0 0 4070.dat
1 7 50 -40 -50 0 0 -1 0 1 0 1 0 0 4070.dat
1 7 0 -32 -90 0 0 1 0 1 0 -1 0 0 3021.dat
1 7 60 -40 0 0 0 -1 0 1 0 1 0 0 3831.dat
1 16 60 -40 0 1 0 0 0 1 0 0 0 1 6901 - Mobile Lab - Hatch Left.ldr
0 STEP
1 7 0 -40 110 1 0 0 0 1 0 0 0 1 3010.dat
1 7 -40 -40 -70 1 0 0 0 1 0 0 0 1 3298p90.dat
1 7 40 -40 -70 1 0 0 0 1 0 0 0 1 3298p90.dat
1 7 0 -40 -70 1 0 0 0 1 0 0 0 1 3023.dat
1 7 0 -40 -90 1 0 0 0 1 0 0 0 1 3069b.dat
1 7 0 -40 -110 1 0 0 0 1 0 0 0 1 3794a.dat
0 STEP
1 34 0 -64 110 1 0 0 0 1 0 0 0 1 3066.dat
1 36 -64 -30 -50 0 1 0 -1 0 0 0 0 1 3024.dat
1 36 64 -30 -50 0 -1 0 1 0 0 0 0 1 3024.dat
1 34 0 -64 -30 1 0 0 0 1 0 0 0 1 3939.dat
1 7 -50 -64 -10 1 0 0 0 1 0 0 0 1 3005.dat
1 7 50 -64 -10 1 0 0 0 1 0 0 0 1 3005.dat
0 STEP
1 34 0 -88 110 1 0 0 0 1 0 0 0 1 3066.dat
1 7 -60 -88 0 0 0 1 0 1 0 -1 0 0 3830.dat
1 7 60 -88 0 0 0 -1 0 1 0 1 0 0 3831.dat
0 STEP
1 7 0 -96 110 -1 0 0 0 1 0 0 0 -1 3710.dat
1 7 -50 -96 -20 0 0 1 0 1 0 -1 0 0 3023.dat
1 7 50 -96 -20 0 0 1 0 1 0 -1 0 0 3023.dat
0 STEP
1 7 0 -104 40 0 0 -1 0 1 0 1 0 0 3036.dat
1 7 0 -112 30 1 0 0 0 1 0 0 0 1 3023.dat
0 STEP
1 7 -30 -112 90 1 0 0 0 1 0 0 0 1 3957a.dat
1 7 0 -120 30 1 0 0 0 1 0 0 0 1 3794a.dat
1 36 -50 -128 -30 1 0 0 0 1 0 0 0 1 3062b.dat
1 36 50 -128 -30 1 0 0 0 1 0 0 0 1 3062b.dat
1 7 0 -144 30 1 0 0 0 1 0 0 0 1 3062b.dat
1 16 0 -156 30 0.866 0 0.5 0 1 0 -0.5 0 0.866 6901 - Mobile Lab - Radar Dish.ldr
1 16 0 -56 -110 1 0 0 0 1 0 0 0 1 6901 - Mobile Lab - Cannon.ldr
0 STEP
1 7 -40 8 60 0 0 -1 0 1 0 1 0 0 3940.dat
1 7 40 8 60 0 0 -1 0 1 0 1 0 0 3940.dat
1 7 -40 8 0 0 0 -1 0 1 0 1 0 0 3940.dat
1 7 40 8 0 0 0 -1 0 1 0 1 0 0 3940.dat
1 7 -40 8 -60 0 0 -1 0 1 0 1 0 0 3940.dat
1 7 40 8 -60 0 0 -1 0 1 0 1 0 0 3940.dat
0 STEP
1 7 -40 56 0 0 0 1 0 1 0 -1 0 0 3034.dat
1 7 40 56 0 0 0 1 0 1 0 -1 0 0 3034.dat
1 7 0 64 30 -1 0 0 0 1 0 0 0 -1 3666.dat
1 7 0 64 -30 -1 0 0 0 1 0 0 0 -1 3666.dat
0 STEP
1 7 -40 64 60 -1 0 0 0 1 0 0 0 -1 122c01.dat
1 256 -70 70 60 0 0 -1 0 1 0 1 0 0 3641.dat
1 256 -10 70 60 0 0 -1 0 1 0 1 0 0 3641.dat
1 7 -40 64 0 -1 0 0 0 1 0 0 0 -1 122c01.dat
1 256 -70 70 0 0 0 -1 0 1 0 1 0 0 3641.dat
1 256 -10 70 0 0 0 -1 0 1 0 1 0 0 3641.dat
1 7 -40 64 -60 -1 0 0 0 1 0 0 0 -1 122c01.dat
1 256 -70 70 -60 0 0 -1 0 1 0 1 0 0 3641.dat
1 256 -10 70 -60 0 0 -1 0 1 0 1 0 0 3641.dat
1 7 40 64 60 -1 0 0 0 1 0 0 0 -1 122c01.dat
1 256 10 70 60 0 0 -1 0 1 0 1 0 0 3641.dat
1 256 70 70 60 0 0 -1 0 1 0 1 0 0 3641.dat
1 7 40 64 0 -1 0 0 0 1 0 0 0 -1 122c01.dat
1 256 10 70 0 0 0 -1 0 1 0 1 0 0 3641.dat
1 256 70 70 0 0 0 -1 0 1 0 1 0 0 3641.dat
1 7 40 64 -60 -1 0 0 0 1 0 0 0 -1 122c01.dat
1 256 10 70 -60 0 0 -1 0 1 0 1 0 0 3641.dat
1 256 70 70 -60 0 0 -1 0 1 0 1 0 0 3641.dat
0 STEP
1 0 -70 -4 -10 0.259 0 -0.966 0 1 0 0.966 0 0.259 3962a.dat
1 16 107 87 -292 0 0 1 0 1 0 -1 0 0 6901 - Mobile Lab - Red Astronaut.ldr
1 16 -220 88 110 1 0 0 0 1 0 0 0 1 6901 - Mobile Lab - White Astronaut.ldr




0 FILE 6901 - Mobile Lab - Detector with 7 Arm Pieces.ldr
0 Mobile Lab - Detector with 7 Arm Pieces
0 Name: 6901 - Mobile Lab - Detector with 7 Arm Pieces.ldr
0 Author: Willy Tschager {Holly Wood}
0 !LDRAW_ORG Model
0 !LICENSE Redistributable under CCAL version 2.0 : see CAreadme.txt

1 7 0 0 0 0 -1 0 -1 0 0 0 0 -1 795.dat
1 16 0 0 -10 1 0 0 0 0.985 -0.174 0 0.174 0.985 6901 - Mobile Lab - Detector with 6 Arm Pieces.ldr



0 FILE 6901 - Mobile Lab - Detector with 6 Arm Pieces.ldr
0 Mobile Lab - Detector with 6 Arm Pieces
0 Name: 6901 - Mobile Lab - Detector with 6 Arm Pieces.ldr
0 Author: Willy Tschager {Holly Wood}
0 !LDRAW_ORG Model
0 !LICENSE Redistributable under CCAL version 2.0 : see CAreadme.txt

1 7 0 0 -12 0 -1 0 1 0 0 0 0 1 3612.dat
1 16 0 0 -24 1 0 0 0 0.985 -0.174 0 0.174 0.985 6901 - Mobile Lab - Detector with 5 Arm Pieces.ldr



0 FILE 6901 - Mobile Lab - Detector with 5 Arm Pieces.ldr
0 Mobile Lab - Detector with 5 Arm Pieces
0 Name: 6901 - Mobile Lab - Detector with 5 Arm Pieces.ldr
0 Author: Willy Tschager {Holly Wood}
0 !LDRAW_ORG Model
0 !LICENSE Redistributable under CCAL version 2.0 : see CAreadme.txt

1 7 0 0 -12 0 -1 0 1 0 0 0 0 1 3612.dat
1 16 0 0 -24 1 0 0 0 0.985 -0.174 0 0.174 0.985 6901 - Mobile Lab - Detector with 4 Arm Pieces.ldr



0 FILE 6901 - Mobile Lab - Detector with 4 Arm Pieces.ldr
0 Mobile Lab - Detector with 4 Arm Pieces
0 Name: 6901 - Mobile Lab - Detector with 4 Arm Pieces.ldr
0 Author: Willy Tschager {Holly Wood}
0 !LDRAW_ORG Model
0 !LICENSE Redistributable under CCAL version 2.0 : see CAreadme.txt

1 7 0 0 -12 0 -1 0 1 0 0 0 0 1 3612.dat
1 16 0 0 -24 1 0 0 0 0.993 0.122 0 -0.122 0.993 6901 - Mobile Lab - Detector with 3 Arm Pieces.ldr



0 FILE 6901 - Mobile Lab - Detector with 3 Arm Pieces.ldr
0 Mobile Lab - Detector with 3 Arm Pieces
0 Name: 6901 - Mobile Lab - Detector with 3 Arm Pieces.ldr
0 Author: Willy Tschager {Holly Wood}
0 !LDRAW_ORG Model
0 !LICENSE Redistributable under CCAL version 2.0 : see CAreadme.txt

1 7 0 0 -12 0 -1 0 1 0 0 0 0 1 3612.dat
1 16 0 0 -24 1 0 0 0 0.978 0.208 0 -0.208 0.978 6901 - Mobile Lab - Detector with 2 Arm Pieces.ldr



0 FILE 6901 - Mobile Lab - Detector with 2 Arm Pieces.ldr
0 Mobile Lab - Detector with 2 Arm Pieces
0 Name: 6901 - Mobile Lab - Detector with 2 Arm Pieces.ldr
0 Author: Willy Tschager {Holly Wood}
0 !LDRAW_ORG Model
0 !LICENSE Redistributable under CCAL version 2.0 : see CAreadme.txt

1 7 0 0 -12 0 -1 0 1 0 0 0 0 1 3612.dat
1 16 0 0 -24 1 0 0 0 0.97 0.242 0 -0.242 0.97 6901 - Mobile Lab - Detector with 1 Arm Piece.ldr



0 FILE 6901 - Mobile Lab - Detector with 1 Arm Piece.ldr
0 Mobile Lab - Detector with 1 Arm Piece
0 Name: 6901 - Mobile Lab - Detector with 1 Arm Piece.ldr
0 Author: Willy Tschager {Holly Wood}
0 !LDRAW_ORG Model
0 !LICENSE Redistributable under CCAL version 2.0 : see CAreadme.txt

1 7 0 0 0 0 -1 0 1 0 0 0 0 1 3613.dat
1 16 0 0 -22 0.828 0.458 -0.324 -0.256 0.822 0.509 0.5 -0.339 0.797 6901 - Mobile Lab - Detector.ldr



0 FILE 6901 - Mobile Lab - Detector.ldr
0 Mobile Lab - Detector
0 Name: 6901 - Mobile Lab - Detector.ldr
0 Author: Willy Tschager {Holly Wood}
0 !LDRAW_ORG Model
0 !LICENSE Redistributable under CCAL version 2.0 : see CAreadme.txt

1 7 0 32 -18 1 0 0 0 1 0 0 0 1 3022.dat
1 7 0 40 -28 1 0 0 0 1 0 0 0 1 3839b.dat
1 7 0 40 -8 -1 0 0 0 1 0 0 0 -1 3839b.dat
0 STEP
1 7 0 8 -18 -1 0 0 0 0 -1 0 -1 0 3959.dat
1 7 0 -4 -18 -1 0 0 0 1 0 0 0 -1 3614.dat



0 FILE 6901 - Mobile Lab - Hatch Right.ldr
0 Mobile Lab - Hatch Right
0 Name: 6901 - Mobile Lab - Hatch Right.ldr
0 Author: Willy Tschager {Holly Wood}
0 !LDRAW_ORG Model
0 !LICENSE Redistributable under CCAL version 2.0 : see CAreadme.txt

1 7 10 24 60 0 0 1 0 1 0 -1 0 0 3666.dat
1 7 0 0 0 0 0 1 0 1 0 -1 0 0 3831.dat
0 STEP
1 7 10 0 80 0 0 1 0 1 0 -1 0 0 3010.dat
0 STEP
1 7 10 -24 20 0 0 1 0 1 0 -1 0 0 3004.dat
1 34 10 -24 60 0 0 1 0 1 0 -1 0 0 3065.dat
1 7 10 -24 100 0 0 1 0 1 0 -1 0 0 3004.dat
0 STEP
1 7 0 -48 0 0 0 1 0 1 0 -1 0 0 3831.dat
1 34 10 -48 60 0 0 1 0 1 0 -1 0 0 3065.dat
1 7 10 -48 100 0 0 1 0 1 0 -1 0 0 3004p90.dat
0 STEP
1 7 10 -56 10 0 0 1 0 1 0 -1 0 0 3070b.dat
1 7 10 -56 40 0 0 1 0 1 0 -1 0 0 3069b.dat
1 7 10 -56 80 0 0 1 0 1 0 -1 0 0 3069b.dat
1 7 10 -56 110 0 0 1 0 1 0 -1 0 0 3070b.dat



0 FILE 6901 - Mobile Lab - Hatch Left.ldr
0 Mobile Lab - Hatch Left
0 Name: 6901 - Mobile Lab - Hatch Left.ldr
0 Author: Willy Tschager {Holly Wood}
0 !LDRAW_ORG Model
0 !LICENSE Redistributable under CCAL version 2.0 : see CAreadme.txt

1 7 -10 24 60 0 0 1 0 1 0 -1 0 0 3666.dat
1 7 0 0 0 0 0 -1 0 1 0 1 0 0 3830.dat
0 STEP
1 7 -10 0 80 0 0 1 0 1 0 -1 0 0 3010.dat
0 STEP
1 7 -10 -24 20 0 0 1 0 1 0 -1 0 0 3004.dat
1 34 -10 -24 60 0 0 1 0 1 0 -1 0 0 3065.dat
1 7 -10 -24 100 0 0 1 0 1 0 -1 0 0 3004.dat
0 STEP
1 7 0 -48 0 0 0 -1 0 1 0 1 0 0 3830.dat
1 34 -10 -48 60 0 0 1 0 1 0 -1 0 0 3065.dat
1 7 -10 -48 100 0 0 -1 0 1 0 1 0 0 3004p90.dat
0 STEP
1 7 -10 -56 10 0 0 1 0 1 0 -1 0 0 3070b.dat
1 7 -10 -56 40 0 0 1 0 1 0 -1 0 0 3069b.dat
1 7 -10 -56 80 0 0 1 0 1 0 -1 0 0 3069b.dat
1 7 -10 -56 110 0 0 1 0 1 0 -1 0 0 3070b.dat



0 FILE 6901 - Mobile Lab - Radar Dish.ldr
0 Mobile Lab - Radar Dish
0 Name: 6901 - Mobile Lab - Radar Dish.ldr
0 Author: Willy Tschager {Holly Wood}
0 !LDRAW_ORG Model
0 !LICENSE Redistributable under CCAL version 2.0 : see CAreadme.txt

1 7 0 0 0 1 0 0 0 1 0 0 0 1 3959.dat
0 STEP
1 34 0 0 -40 1 0 0 0 0 1 0 -1 0 3062b.dat
1 7 0 0 -24 1 0 0 0 0 1 0 -1 0 3960.dat



0 FILE 6901 - Mobile Lab - Cannon.ldr
0 Mobile Lab - Cannon
0 Name: 6901 - Mobile Lab - Cannon.ldr
0 Author: Willy Tschager {Holly Wood}
0 !LDRAW_ORG Model
0 !LICENSE Redistributable under CCAL version 2.0 : see CAreadme.txt

1 7 0 0 0 1 0 0 0 1 0 0 0 1 3959.dat
1 34 0 0 -24 1 0 0 0 0 1 0 -1 0 3062b.dat



0 FILE 6901 - Mobile Lab - Red Astronaut.ldr
0 Mobile Lab - Red Astronaut
0 Name: 6901 - Mobile Lab - Red Astronaut.ldr
0 Author: Willy Tschager {Holly Wood}
0 !LDRAW_ORG Model
0 !LICENSE Redistributable under CCAL version 2.0 : see CAreadme.txt

1 4 0 -98 -10 0.707 0 -0.707 0 1 0 0.707 0 0.707 3842a.dat
1 14 0 -98 -10 0.707 0 -0.707 0 1 0 0.707 0 0.707 3626bp01.dat
1 4 0 -72 -10 1 0 0 0 1 0 0 0 1 3838.dat
1 4 0 -72 -10 1 0 0 0 1 0 0 0 1 973p90.dat
1 4 0 -40 -10 1 0 0 0 1 0 0 0 1 3815b.dat
1 4 -15.552 -63 -10 0.985 -0.085 -0.147 0.17 0.492 0.853 0 -0.866 0.5 3818.dat
1 4 15.552 -63 -10 0.985 0.164 0.044 -0.17 0.951 0.255 0 -0.259 0.966 3819.dat
1 4 -20.749 -63.448 -31.407 0.985 -0.164 -0.044 0.17 0.951 0.255 0 -0.259 0.966 3820.dat
1 4 23.3 -48.665 -24.828 0.985 0.147 -0.085 -0.17 0.853 -0.492 0 0.499 0.866 3820.dat
1 4 0 -28 -10 1 0 0 0 1 0 0 0 1 3816b.dat
1 4 0 -28 -10 1 0 0 0 1 0 0 0 1 3817b.dat
1 0 -18.394 -77.093 -40.661 0.985 -0.17 -0.001 0.17 0.985 0.008 0 -0.008 1 4006.dat



0 FILE 6901 - Mobile Lab - White Astronaut.ldr
0 Mobile Lab - White Astronaut
0 Name: 6901 - Mobile Lab - White Astronaut.ldr
0 Author: Willy Tschager {Holly Wood}
0 !LDRAW_ORG Model
0 !LICENSE Redistributable under CCAL version 2.0 : see CAreadme.txt

1 15 0 -97.617 -2.683 0.866 0 0.5 -0.052 0.995 0.091 -0.497 -0.105 0.861 3842a.dat
1 14 0 -97.617 -2.683 0.866 0 0.5 -0.052 0.995 0.091 -0.497 -0.105 0.861 3626bp01.dat
1 15 0 -71.759 -5.401 1 0 0 0 0.995 0.105 0 -0.105 0.995 3838.dat
1 15 0 -71.759 -5.401 1 0 0 0 0.995 0.105 0 -0.105 0.995 973p90.dat
1 15 0 -39.934 -8.746 1 0 0 0 0.995 0.105 0 -0.105 0.995 3815b.dat
1 15 -15.552 -62.808 -6.342 0.985 -0.169 0.015 0.169 0.985 0.019 -0.018 -0.016 1 3818.dat
1 15 15.552 -62.808 -6.342 0.985 -0.004 0.17 -0.169 -0.127 0.977 0.018 -0.991 -0.127 3819.dat
1 15 -24.004 -45.401 -16.867 0.982 0.132 0.13 -0.008 0.729 -0.683 -0.185 0.671 0.718 3820.dat
1 15 18.72 -75.718 -23.726 0.992 -0.001 0.123 -0.096 0.617 0.781 -0.077 -0.787 0.612 3820.dat
1 15 0 -28 -10 1 0 0 0 1 0 0 0 1 3816b.dat
1 15 0 -28 -10 1 0 0 0 0.707 -0.707 0 0.707 0.707 3817b.dat
1 7 -7.923 -67.484 -45.785 0.961 0.071 -0.266 -0.25 -0.183 -0.951 -0.116 0.981 -0.158 4089.dat






