0 FILE 6939 - Saucer Centurion.ldr
0 Saucer Centurion
0 Name: 6939 - Saucer Centurion.ldr
0 Author: Damien Roux [Darats]
0 !LDRAW_ORG Model
0 !LICENSE Redistributable under CCAL version 2.0 : see CAreadme.txt

0 !THEME Space / Spyrius

1 0 0 0 0 1 0 0 0 1 0 0 0 1 6939 - Saucer.ldr
1 0 -310 0 10 0.92388 0 -0.382683 0 1 0 0.382683 0 0.92388 6939 - Vehicle + Minifig.ldr
1 0 -219 -41.45 -83 -0.021815 0 0.999762 0 1 0 -0.999762 0 -0.021815 6939 - Minifig 2.ldr


0 FILE 6939 - Vehicle.ldr
0 Vehicle
0 Name: 6939 - Vehicle.ldr
0 Author: Damien Roux [Darats]
0 !LDRAW_ORG Model
0 !LICENSE Redistributable under CCAL version 2.0 : see CAreadme.txt

0 !THEME Space / Spyrius

1 0 0 0 0 0 0 -1 0 1 0 1 0 0 3034.dat
1 0 0 8 -60 1 0 0 0 1 0 0 0 1 4600.dat
1 0 0 8 -20 1 0 0 0 1 0 0 0 1 4600.dat
1 0 0 8 20 1 0 0 0 1 0 0 0 1 4600.dat
1 0 0 8 60 1 0 0 0 1 0 0 0 1 4600.dat
1 4 0 -8 -30 1 0 0 0 1 0 0 0 1 3023.dat
1 4 0 -8 30 1 0 0 0 1 0 0 0 1 3023.dat
1 0 0 -24 -70 1 0 0 0 1 0 0 0 1 3039.dat
1 0 0 -24 70 -1 0 0 0 1 0 0 0 -1 3039.dat
1 4 0 -32 70 1 0 0 0 1 0 0 0 1 3839b.dat
1 4 0 -32 -70 -1 0 0 0 1 0 0 0 -1 3839b.dat
1 0 0 -40 0 1 0 0 0 1 0 0 0 1 4732.dat
1 4 0 -48 70 1 0 0 0 1 0 0 0 1 2412b.dat
1 4 0 -48 50 1 0 0 0 1 0 0 0 1 2412b.dat
1 0 -10 -24 10 0 0 1 0 1 0 -1 0 0 4081b.dat
1 0 10 -24 10 0 0 -1 0 1 0 1 0 0 4081b.dat
1 33 -10 -48 30 0 0 -1 0 1 0 1 0 0 6141.dat
1 33 10 -48 30 0 0 -1 0 1 0 1 0 0 6141.dat
1 33 -30 -22 -18 0 0 -1 -1 0 0 0 1 0 4589.dat
1 33 30 -22 -18 0 0 -1 -1 0 0 0 1 0 4589.dat
1 0 0 -48 -60 -1 0 0 0 1 0 0 0 -1 3068bp51.dat
1 7 30 13 -60 0 0 -1 0 1 0 1 0 0 4624.dat
1 256 30 13 -60 0 0 -1 0 1 0 1 0 0 3641.dat
1 7 -30 13 -60 0 0 1 0 1 0 -1 0 0 4624.dat
1 256 -30 13 -60 0 0 1 0 1 0 -1 0 0 3641.dat
1 7 30 13 -20 0 0 -1 0 1 0 1 0 0 4624.dat
1 256 30 13 -20 0 0 -1 0 1 0 1 0 0 3641.dat
1 7 -30 13 -20 0 0 1 0 1 0 -1 0 0 4624.dat
1 256 -30 13 -20 0 0 1 0 1 0 -1 0 0 3641.dat
1 7 30 13 20 0 0 -1 0 1 0 1 0 0 4624.dat
1 256 30 13 20 0 0 -1 0 1 0 1 0 0 3641.dat
1 7 -30 13 20 0 0 1 0 1 0 -1 0 0 4624.dat
1 256 -30 13 20 0 0 1 0 1 0 -1 0 0 3641.dat
1 7 30 13 60 0 0 -1 0 1 0 1 0 0 4624.dat
1 256 30 13 60 0 0 -1 0 1 0 1 0 0 3641.dat
1 7 -30 13 60 0 0 1 0 1 0 -1 0 0 4624.dat
1 256 -30 13 60 0 0 1 0 1 0 -1 0 0 3641.dat


0 FILE 6939 - Vehicle + Minifig.ldr
0 Vehicle + Minifig
0 Name: 6939 - Vehicle + Minifig.ldr
0 Author: Damien Roux [Darats]
0 !LDRAW_ORG Model
0 !LICENSE Redistributable under CCAL version 2.0 : see CAreadme.txt

0 !THEME Space / Spyrius

1 0 0 0 0 1 0 0 0 1 0 0 0 1 6939 - Vehicle.ldr
1 0 0 -69 -12 1 0 0 0 1 0 0 0 1 6939 - Minifig 1.ldr


0 FILE 6939 - Saucer.ldr
0 Saucer
0 Name: 6939 - Saucer.ldr
0 Author: Damien Roux [Darats]
0 !LDRAW_ORG Model
0 !LICENSE Redistributable under CCAL version 2.0 : see CAreadme.txt

0 !THEME Space / Spyrius

1 0 0 -8 0 1 0 0 0 1 0 0 0 1 6939 - Saucer - Side 1.ldr
1 0 140 -8 -140 1 0 0 0 1 0 0 0 1 6939 - Saucer - Side 2.ldr
1 0 20 -40 -170 0 0 1 0 1 0 -1 0 0 3021.dat
1 0 20 -40 170 0 0 1 0 1 0 -1 0 0 3021.dat
1 0 -60 -48 -100 0 0 1 0 1 0 -1 0 0 2401.dat
1 0 -60 -48 100 -1 0 0 0 1 0 0 0 -1 2401.dat
1 0 20 0 0 -1 0 0 0 1 0 0 0 -1 3022.dat
1 0 140 0 -120 -1 0 0 0 1 0 0 0 -1 3022.dat
1 0 140 0 120 -1 0 0 0 1 0 0 0 -1 3022.dat
1 0 -50 0 -120 -1 0 0 0 1 0 0 0 -1 3021.dat
1 0 -50 0 120 -1 0 0 0 1 0 0 0 -1 3021.dat
1 4 140 8 -120 -1 0 0 0 1 0 0 0 -1 6143.dat
1 4 140 8 120 -1 0 0 0 1 0 0 0 -1 6143.dat
1 4 20 8 0 -1 0 0 0 1 0 0 0 -1 6143.dat
1 4 -60 8 -120 -1 0 0 0 1 0 0 0 -1 6143.dat
1 4 -60 8 120 -1 0 0 0 1 0 0 0 -1 6143.dat
1 0 0 -40 36 1 0 0 0 0 1 0 -1 0 2516.dat
1 0 230 -56 0 0 0 1 0 1 0 -1 0 0 3069bp21.dat
1 0 -150 -56 0 0 0 -1 0 1 0 1 0 0 3069bp21.dat
1 4 120 -96 80 0 0 -1 0 1 0 1 0 0 3479.dat
1 4 -40 -96 80 0 0 1 0 1 0 -1 0 0 3479.dat
1 33 -20 -38 -260 0 0 1 -1 0 0 0 -1 0 4740.dat
1 33 100 -38 -260 0 0 1 -1 0 0 0 -1 0 4740.dat
1 0 0 -96 100 1 0 0 0 1 0 0 0 1 6939 - Saucer - Block.ldr
1 0 80 -96 100 1 0 0 0 1 0 0 0 1 6939 - Saucer - Block.ldr
1 4 130 -104 80 0 0 1 0 1 0 -1 0 0 3023.dat
1 4 -50 -104 80 0 0 1 0 1 0 -1 0 0 3023.dat
1 4 0 -104 70 -1 0 0 0 1 0 0 0 -1 3710.dat
1 4 80 -104 70 -1 0 0 0 1 0 0 0 -1 3710.dat
1 4 -30 -56 -100 0 0 -1 0 1 0 1 0 0 2412b.dat
1 4 -30 -56 -140 0 0 -1 0 1 0 1 0 0 2412b.dat
1 4 30 -56 -100 0 0 -1 0 1 0 1 0 0 2412b.dat
1 4 30 -56 -140 0 0 -1 0 1 0 1 0 0 2412b.dat
1 4 50 -56 -100 0 0 -1 0 1 0 1 0 0 2412b.dat
1 4 50 -56 -140 0 0 -1 0 1 0 1 0 0 2412b.dat
1 4 110 -56 -100 0 0 -1 0 1 0 1 0 0 2412b.dat
1 4 110 -56 -140 0 0 -1 0 1 0 1 0 0 2412b.dat
1 4 130 -112 80 0 0 -1 0 1 0 1 0 0 4276b.dat
1 4 -50 -112 80 0 0 -1 0 1 0 1 0 0 4276b.dat
1 0 130 -108 110 0 0 -1 0.866 0.5 0 0.5 -0.866 0 6939 - Saucer - Antenna.ldr
1 0 -50 -108 110 0 0 -1 0.866 0.5 0 0.5 -0.866 0 6939 - Saucer - Antenna.ldr
1 4 150 -120 60 1 0 0 0 1 0 0 0 1 2340.dat
1 4 210 -120 60 1 0 0 0 1 0 0 0 1 2340.dat
1 4 -130 -120 60 1 0 0 0 1 0 0 0 1 2340.dat
1 4 -70 -120 60 1 0 0 0 1 0 0 0 1 2340.dat
1 4 0 -56 -130 1 0 0 0 1 0 0 0 1 3023.dat
1 4 80 -56 -130 1 0 0 0 1 0 0 0 1 3023.dat
1 4 0 -112 70 1 0 0 0 1 0 0 0 1 4315.dat
1 4 80 -112 70 1 0 0 0 1 0 0 0 1 4315.dat
1 33 80 -108 56 1 0 0 0 1 0 0 0 1 2507.dat
1 33 0 -108 56 1 0 0 0 1 0 0 0 1 2507.dat
1 0 180 -56 0 1 0 0 0 1 0 0 0 1 6939 - Saucer - Rocket.ldr
1 0 -100 -56 0 1 0 0 0 1 0 0 0 1 6939 - Saucer - Rocket.ldr
1 4 -40 -120 70 1 0 0 0 1 0 0 0 1 3023.dat
1 4 120 -120 70 1 0 0 0 1 0 0 0 1 3023.dat
1 0 -100 -128 50 1 0 0 0 1 0 0 0 1 2419.dat
1 0 180 -128 50 1 0 0 0 1 0 0 0 1 2419.dat
1 0 -100 -136 60 -1 0 0 0 1 0 0 0 -1 3068bp51.dat
1 0 180 -136 60 -1 0 0 0 1 0 0 0 -1 3068bp51.dat

0 FILE 6939 - Saucer - Side 1.ldr
0 Saucer - Side 1
0 Name: 6939 - Saucer - Side 1.ldr
0 Author: Damien Roux [Darats]
0 !LDRAW_ORG Model
0 !LICENSE Redistributable under CCAL version 2.0 : see CAreadme.txt

0 !THEME Space / Spyrius

1 4 0 0 0 0 0 1 0 1 0 -1 0 0 3029.dat
1 4 -60 0 -140 0 0 1 0 1 0 -1 0 0 2401.dat
1 4 -60 0 140 -1 0 0 0 1 0 0 0 -1 2401.dat
1 0 0 -8 80 -1 0 0 0 1 0 0 0 -1 3795.dat
1 0 0 -8 -80 -1 0 0 0 1 0 0 0 -1 3795.dat
1 0 -80 -8 110 -1 0 0 0 1 0 0 0 -1 3794a.dat
1 0 -80 -8 130 -1 0 0 0 1 0 0 0 -1 3794a.dat
1 0 0 -8 150 -1 0 0 0 1 0 0 0 -1 2431.dat
1 0 -40 -8 -150 -1 0 0 0 1 0 0 0 -1 4162.dat
1 4 -150 -24 0 0 0 -1 0 1 0 1 0 0 3008.dat
1 0 0 -8 120 1 0 0 0 1 0 0 0 1 3020.dat
1 0 0 -8 -120 1 0 0 0 1 0 0 0 1 3020.dat
1 0 -50 -8 0 0 0 1 0 1 0 -1 0 0 3666.dat
1 4 -90 -32 -20 1 0 0 0 1 0 0 0 1 2350a.dat
1 0 -150 -32 0 0 0 1 0 1 0 -1 0 0 3710.dat
1 4 0 -24 190 -1 0 0 0 1 0 0 0 -1 3297.dat
1 4 0 -24 -190 1 0 0 0 1 0 0 0 1 3297.dat
1 0 -50 -32 0 0 0 1 0 1 0 -1 0 0 6111.dat
1 0 0 -8 50 1 0 0 0 1 0 0 0 1 4623.dat
1 0 -90 -20 -110 1 0 0 0 1 0 0 0 1 6939 - Saucer - Side 1 - Crane.ldr
1 0 0 -32 70 1 0 0 0 1 0 0 0 1 3039.dat
1 0 0 -32 -90 -1 0 0 0 1 0 0 0 -1 3039pc1.dat
1 0 -150 -32 60 0 0 -1 0 1 0 1 0 0 3475b.dat
1 0 -150 -32 -60 0 0 -1 0 1 0 1 0 0 3475b.dat
1 0 -20 -32 190 -1 0 0 0 1 0 0 0 -1 2540.dat
1 0 -20 -32 -190 1 0 0 0 1 0 0 0 1 4596.dat
1 0 30 -32 -120 0 0 1 0 1 0 -1 0 0 3700.dat
1 0 30 -32 120 0 0 1 0 1 0 -1 0 0 3700.dat
1 4 0 -40 70 -1 0 0 0 1 0 0 0 -1 3023.dat
1 0 30 -24 0 0 0 -1 0 1 0 1 0 0 6140.dat
1 33 -20 -30 210 1 0 0 0 0.7071 -0.7071 0 0.7071 0.7071 6939 - Saucer - Side 2 - Rocket.ldr

0 FILE 6939 - Saucer - Side 1 - Crane.ldr
0 Saucer - Side 1 - Crane
0 Name: 6939 - Saucer - Side 1 - Crane.ldr
0 Author: Damien Roux [Darats]
0 !LDRAW_ORG Model
0 !LICENSE Redistributable under CCAL version 2.0 : see CAreadme.txt

0 !THEME Space / Spyrius

1 0 0 0 0 1 0 0 0 1 0 0 0 1 2351.dat
1 0 16 0 -150 0 -1 0 -1 0 0 0 0 -1 2452.dat
1 0 -16 0 -150 0 1 0 1 0 0 0 0 -1 2452.dat
1 0 -12 0 -130 0 -0.866 0.5 1 0 0 0 0.5 0.866 6939 - Saucer - Side 1 - Crane - Arm.ldr
1 0 12 0 -130 0 0.866 -0.5 -1 0 0 0 0.5 0.866 6939 - Saucer - Side 1 - Crane - Arm.ldr


0 FILE 6939 - Saucer - Side 1 - Crane - Arm.ldr
0 Saucer - Side 1 - Crane - Arm
0 Name: 6939 - Saucer - Side 1 - Crane - Arm.ldr
0 Author: Damien Roux [Darats]
0 !LDRAW_ORG Model
0 !LICENSE Redistributable under CCAL version 2.0 : see CAreadme.txt

0 !THEME Space / Spyrius

1 0 0 8 -30 1 0 0 0 1 0 0 0 1 2923.dat
1 0 0 8 -60 -1 0 0 0 -0.7071 0.7071 0 0.7071 0.7071 6939 - Saucer - Side 1 - Crane - Arm - Finger.ldr


0 FILE 6939 - Saucer - Side 1 - Crane - Arm - Finger.ldr
0 Saucer - Side 1 - Crane - Arm - Finger
0 Name: 6939 - Saucer - Side 1 - Crane - Arm - Finger.ldr
0 Author: Damien Roux [Darats]
0 !LDRAW_ORG Model
0 !LICENSE Redistributable under CCAL version 2.0 : see CAreadme.txt

0 !THEME Space / Spyrius

1 0 0 -4 -30 0 0 -1 0 1 0 1 0 0 4276b.dat
1 33 0 4 -40 0 0 -1 0 1 0 1 0 0 6141.dat
1 33 0 4 -20 0 0 -1 0 1 0 1 0 0 6141.dat


0 FILE 6939 - Saucer - Side 2.ldr
0 Saucer - Side 2
0 Name: 6939 - Saucer - Side 2.ldr
0 Author: Damien Roux [Darats]
0 !LDRAW_ORG Model
0 !LICENSE Redistributable under CCAL version 2.0 : see CAreadme.txt

0 !THEME Space / Spyrius

1 4 0 0 0 1 0 0 0 1 0 0 0 1 2401.dat
1 4 0 0 280 0 0 -1 0 1 0 1 0 0 2401.dat
1 4 90 -24 140 0 0 -1 0 1 0 1 0 0 3008.dat
1 0 -80 -8 300 0 0 -1 0 1 0 1 0 0 3022.dat
1 0 -80 -8 -20 0 0 -1 0 1 0 1 0 0 3022.dat
1 0 -20 -8 60 0 0 -1 0 1 0 1 0 0 3022.dat
1 0 -20 -8 220 0 0 -1 0 1 0 1 0 0 3022.dat
1 4 -60 -24 -50 1 0 0 0 1 0 0 0 1 3297.dat
1 4 -60 -24 330 -1 0 0 0 1 0 0 0 -1 3297.dat
1 0 -40 -8 20 -1 0 0 0 1 0 0 0 -1 3795.dat
1 0 -40 -8 260 -1 0 0 0 1 0 0 0 -1 3795.dat
1 0 -90 -32 20 0 0 -1 0 1 0 1 0 0 3700.dat
1 7 -100 -22 20 1 0 0 0 1 0 0 0 1 3673.dat
1 0 -90 -32 260 0 0 -1 0 1 0 1 0 0 3700.dat
1 7 -100 -22 260 1 0 0 0 1 0 0 0 1 3673.dat
1 4 -120 -16 -20 1 0 0 0 1 0 0 0 1 3795.dat
1 0 -170 -24 -20 0 0 1 0 1 0 -1 0 0 3023.dat
1 0 -70 -24 -20 0 0 1 0 1 0 -1 0 0 3023.dat
1 0 -120 -24 -10 -1 0 0 0 1 0 0 0 -1 2431.dat
1 0 -120 -24 -30 -1 0 0 0 1 0 0 0 -1 2431.dat
1 0 -170 -32 -20 0 0 -1 0 1 0 1 0 0 3069b.dat
1 4 -120 -16 300 1 0 0 0 1 0 0 0 1 3795.dat
1 0 -170 -24 300 0 0 1 0 1 0 -1 0 0 3023.dat
1 0 -70 -24 300 0 0 1 0 1 0 -1 0 0 3023.dat
1 0 -120 -24 310 -1 0 0 0 1 0 0 0 -1 2431.dat
1 0 -120 -24 290 -1 0 0 0 1 0 0 0 -1 2431.dat
1 0 -170 -32 300 0 0 -1 0 1 0 1 0 0 3069b.dat
1 0 -60 -32 250 1 0 0 0 1 0 0 0 1 3660.dat
1 0 -60 -32 30 -1 0 0 0 1 0 0 0 -1 3660.dat
1 0 10 -32 260 0 0 -1 0 1 0 1 0 0 3004.dat
1 0 -80 -32 310 0 0 -1 0 1 0 1 0 0 3021.dat
1 0 -80 -32 -30 0 0 -1 0 1 0 1 0 0 3021.dat
1 0 -40 -32 -50 1 0 0 0 1 0 0 0 1 4596.dat
1 0 -40 -32 330 -1 0 0 0 1 0 0 0 -1 2540.dat
1 0 -10 -32 140 0 0 -1 0 1 0 1 0 0 6111.dat
1 0 10 -16 20 0 0 1 0 1 0 -1 0 0 3023.dat
1 0 10 -24 10 0 0 1 0 1 0 -1 0 0 6019.dat
1 0 10 -24 30 0 0 -1 0 1 0 1 0 0 6019.dat
1 0 10 -32 20 0 0 -1 0 1 0 1 0 0 3023.dat
1 33 30 -22 34 0 0 -1 -1 0 0 0 1 0 2569.dat
1 33 -10 -22 14 0 0 -1 -1 0 0 0 1 0 2569.dat
1 0 90 -32 140 0 0 -1 0 1 0 1 0 0 3710.dat
1 0 90 -32 80 0 0 1 0 1 0 -1 0 0 3475b.dat
1 0 90 -32 200 0 0 1 0 1 0 -1 0 0 3475b.dat
1 0 -40 -30 350 1 0 0 0 0.7071 -0.7071 0 0.7071 0.7071 6939 - Saucer - Side 2 - Rocket.ldr
1 0 0 -40 40 1 0 0 0 1 0 0 0 1 2401.dat
1 0 0 -40 240 0 0 -1 0 1 0 1 0 0 2401.dat

0 FILE 6939 - Saucer - Side 2 - Rocket.ldr
0 Saucer - Side 2 - Rocket
0 Name: 6939 - Saucer - Side 2 - Rocket.ldr
0 Author: Damien Roux [Darats]
0 !LDRAW_ORG Model
0 !LICENSE Redistributable under CCAL version 2.0 : see CAreadme.txt

0 !THEME Space / Spyrius

1 0 0 0 6 0 0 1 1 0 0 0 1 0 2555.dat
1 0 0 0 14 0 0 1 1 0 0 0 1 0 3942c.dat
1 33 0 0 66 0 0 1 1 0 0 0 1 0 4589.dat

0 FILE 6939 - Saucer - Block.ldr
0 Saucer - Block
0 Name: 6939 - Saucer - Block.ldr
0 Author: Damien Roux [Darats]
0 !LDRAW_ORG Model
0 !LICENSE Redistributable under CCAL version 2.0 : see CAreadme.txt

0 !THEME Space / Spyrius

1 4 0 0 0 0 0 -1 0 1 0 1 0 0 6061.dat
1 0 20 30 20 0 1 0 0 0 1 1 0 0 3023.dat
1 0 20 10 20 0 1 0 0 0 -1 -1 0 0 3475b.dat
1 0 28 20 20 0 1 0 0 0 -1 -1 0 0 4032a.dat
1 0 -20 30 20 0 -1 0 0 0 1 -1 0 0 3023.dat
1 0 -20 10 20 0 -1 0 0 0 -1 1 0 0 3475b.dat
1 0 -28 20 20 0 -1 0 0 0 -1 1 0 0 4032a.dat


0 FILE 6939 - Saucer - Antenna.ldr
0 Saucer - Antenna
0 Name: 6939 - Saucer - Antenna.ldr
0 Author: Damien Roux [Darats]
0 !LDRAW_ORG Model
0 !LICENSE Redistributable under CCAL version 2.0 : see CAreadme.txt

0 !THEME Space / Spyrius

1 0 0 -36 0 1 0 0 0 1 0 0 0 1 2433.dat
1 33 0 -44 0 1 0 0 0 1 0 0 0 1 2569.dat


0 FILE 6939 - Saucer - Rocket.ldr
0 Saucer - Rocket
0 Name: 6939 - Saucer - Rocket.ldr
0 Author: Damien Roux [Darats]
0 !LDRAW_ORG Model
0 !LICENSE Redistributable under CCAL version 2.0 : see CAreadme.txt

0 !THEME Space / Spyrius

1 0 0 0 0 1 0 0 0 1 0 0 0 1 3956.dat
1 4 0 -20 -76 1 0 0 0 0 -1 0 1 0 3942c.dat
1 0 0 -20 -34 0 1 0 0 0 -1 -1 0 0 4519.dat
1 0 0 -20 -20 1 0 0 0 0 -1 0 1 0 6143.dat
1 42 0 -20 4 1 0 0 0 0 -1 0 1 0 4740.dat
1 33 0 -20 -100 1 0 0 0 0 -1 0 1 0 4589.dat

0 FILE 6939 - Minifig 1.ldr
0 Minifig 1
0 Name: 6939 - Minifig 1.ldr
0 Author: Damien Roux [Darats]
0 !LDRAW_ORG Model
0 !LICENSE Redistributable under CCAL version 2.0 : see CAreadme.txt

0 !THEME Space / Spyrius

1 0 0 -27 0 0.87462 0 0.48481 0 1 0 -0.48481 0 0.87462 6939 - Minifig 1 - Helmet.ldr
1 14 0 -27 0 0.87462 0 0.48481 0 1 0 -0.48481 0 0.87462 3626bp66.dat
1 0 0 0 0 1 0 0 0 1 0 0 0 1 3838.dat
1 1 0 0 0 1 0 0 0 1 0 0 0 1 973p66.dat
1 4 0 32 0 1 0 0 0 1 0 0 0 1 3815.dat
1 0 15.552 9 0 0.985 0.085 0.147224 -0.17 0.4925 0.853035 0 -0.866025 0.5 3819.dat
1 4 20.7492 8.55162 -21.408 0.985 0.164183 0.0439926 -0.17 0.951293 0.254898 0 -0.25878 0.96578 3820.dat
1 0 0 44 0 1 0 0 0 0 1 0 -1 0 3816.dat
1 0 0 44 0 1 0 0 0 0 1 0 -1 0 3817.dat
1 0 -15.552 9 0 0.985 -0.106984 -0.132115 0.17 0.619881 0.765489 0 -0.777146 0.62932 3818.dat
1 4 -21.3176 11.845 -21.0753 0.985 -0.169043 -0.0177672 0.17 0.979456 0.102945 0 -0.104513 0.994372 3820.dat


0 FILE 6939 - Minifig 1 - Helmet.ldr
0 Minifig 1 - Helmet
0 Name: 6939 - Minifig 1 - Helmet.ldr
0 Author: Damien Roux [Darats]
0 !LDRAW_ORG Model
0 !LICENSE Redistributable under CCAL version 2.0 : see CAreadme.txt

0 !THEME Space / Spyrius

1 4 0 0 0 1 0 0 0 1 0 0 0 1 2446.dat
1 42 0 0 0 1 0 0 0 1 0 0 0 1 2447.dat


0 FILE 6939 - Minifig 2.ldr
0 Minifig 2
0 Name: 6939 - Minifig 2.ldr
0 Author: Damien Roux [Darats]
0 !LDRAW_ORG Model
0 !LICENSE Redistributable under CCAL version 2.0 : see CAreadme.txt

0 !THEME Space / Spyrius

1 47 0 -24 0 0.882948 0 -0.469472 0 1 0 0.469472 0 0.882948 2446.dat
1 0 0 -24 0 0.882948 0 -0.469472 0 1 0 0.469472 0 0.882948 3626bp63.dat
1 4 0 0 0 1 0 0 0 1 0 0 0 1 973p63.dat
1 4 0 32 0 1 0 0 0 1 0 0 0 1 3815p63.dat
1 0 -15.552 9 0 0.985 -0.168733 -0.0207178 0.17 0.977658 0.120041 0 -0.121869 0.992546 3818.dat
1 0 15.552 9 0 0.985 0.16495 0.0411267 -0.17 0.955741 0.238293 0 -0.241922 0.970296 3819.dat
1 4 -23.6258 25.2189 -12.5305 0.985 -0.133942 0.104647 0.17 0.776073 -0.606335 0 0.615569 0.787892 3820.dat
1 4 23.3442 23.5872 -14.5531 0.985 0.145696 -0.0875433 -0.17 0.844182 -0.507236 0 0.51496 0.857038 3820.dat
1 4 0 44 0 1 0 0 0 0.978148 0.207912 0 -0.207912 0.978148 3816p63.dat
1 4 0 44 0 1 0 0 0 0.984808 -0.173648 0 0.173648 0.984808 3817p63.dat
