0 FILE 6941 - Battrax.ldr
0 Battrax
0 Name: 6941 - Battrax.ldr
0 Author: Damien Roux [Darats]
0 !LDRAW_ORG Model
0 !LICENSE Redistributable under CCAL version 2.0 : see CAreadme.txt

0 !THEME Space / Blacktron I

1 0 0 0 0 1 0 0 0 1 0 0 0 1 6941 - Front.ldr
1 0 19.101 8 258.328 0.984808 0 0.173648 0 1 0 -0.173648 0 0.984808 6941 - Rear.ldr
1 0 70 -102 154 1 0 0 0 0 1 0 -1 0 752.dat
1 0 82.828 -106 216.63 0.984808 0 0.173648 0 1 0 -0.173648 0 0.984808 752.dat
1 0 63.132 -106 220.102 0.984808 0 0.173648 0 1 0 -0.173648 0 0.984808 752.dat
1 0 -35.348 -106 237.467 0.984808 0 0.173648 0 1 0 -0.173648 0 0.984808 752.dat
1 0 -55.045 -106 240.94 0.984808 0 0.173648 0 1 0 -0.173648 0 0.984808 752.dat
1 65 82.828 -106 216.63 0.984808 0 -0.173648 0 -1 0 -0.173648 0 -0.984808 755.dat
1 65 63.132 -106 220.102 0.984808 0 -0.173648 0 -1 0 -0.173648 0 -0.984808 755.dat
1 65 -35.348 -106 237.467 0.984808 0 -0.173648 0 -1 0 -0.173648 0 -0.984808 755.dat
1 65 -55.045 -106 240.94 0.984808 0 -0.173648 0 -1 0 -0.173648 0 -0.984808 755.dat
1 65 70 -102 154 1 0 0 0 0 -1 0 1 0 755.dat
1 0 50 -102 154 1 0 0 0 0 1 0 -1 0 752.dat
1 65 50 -102 154 1 0 0 0 0 -1 0 1 0 755.dat
1 0 -50 -102 154 1 0 0 0 0 1 0 -1 0 752.dat
1 65 -50 -102 154 1 0 0 0 0 -1 0 1 0 755.dat
1 0 -70 -102 154 1 0 0 0 0 1 0 -1 0 752.dat
1 65 -70 -102 154 1 0 0 0 0 -1 0 1 0 755.dat
1 14 0 -16 -60 1 0 0 0 1 0 0 0 1 6941 - Cockpit.ldr
1 14 32.994 -80 337.113 0.984808 0 0.173648 0 1 0 -0.173648 0 0.984808 6941 - Antenna.ldr
0 MLCAD BTG Hose 1
1 65 82.8615 -112.952 216.82 -0.9838 0.0072 -0.1793 0.0002 -0.9991 -0.0416 0.1795 0.041 -0.9829 756.dat
0 MLCAD BTG Hose 1
1 65 82.8882 -115.567 216.971 -0.9831 0.0098 -0.1831 0.0006 -0.9984 -0.0565 0.1833 0.0557 -0.9815 756.dat
0 MLCAD BTG Hose 1
1 65 82.9196 -118.183 217.149 -0.9823 0.0117 -0.1868 0.0009 -0.9977 -0.0674 0.1872 0.0664 -0.9801 756.dat
0 MLCAD BTG Hose 1
1 65 82.9537 -120.803 217.343 -0.9816 0.0128 -0.1906 0.0013 -0.9973 -0.0738 0.191 0.0727 -0.9789 756.dat
0 MLCAD BTG Hose 1
1 65 82.9881 -123.418 217.538 -0.9808 0.0131 -0.1944 0.0016 -0.9972 -0.0753 0.1949 0.0742 -0.978 756.dat
0 MLCAD BTG Hose 1
1 65 83.0203 -126.033 217.72 -0.9801 0.0124 -0.1984 0.0018 -0.9975 -0.0713 0.1987 0.0702 -0.9775 756.dat
0 MLCAD BTG Hose 1
1 65 83.0472 -128.65 217.873 -0.9793 0.0105 -0.2023 0.0018 -0.9982 -0.0606 0.2026 0.0597 -0.9774 756.dat
0 MLCAD BTG Hose 1
1 65 83.065 -131.269 217.974 -0.9785 0.0073 -0.2063 0.0014 -0.9991 -0.0418 0.2065 0.0412 -0.9776 756.dat
0 MLCAD BTG Hose 1
1 65 83.0688 -133.887 217.995 -0.9776 0.0022 -0.2103 0.0005 -0.9999 -0.0125 0.2103 0.0123 -0.9776 756.dat
0 MLCAD BTG Hose 1
1 65 83.0521 -136.507 217.9 -0.9768 -0.0053 -0.2141 -0.0013 -0.9995 0.0306 0.2142 -0.0301 -0.9763 756.dat
0 MLCAD BTG Hose 1
1 65 83.0058 -139.108 217.637 -0.976 -0.0161 -0.2172 -0.0042 -0.9957 0.0927 0.2178 -0.0914 -0.9717 756.dat
0 MLCAD BTG Hose 1
1 65 82.9173 -141.693 217.135 -0.9752 -0.0315 -0.219 -0.0089 -0.9834 0.181 0.221 -0.1785 -0.9588 756.dat
0 MLCAD BTG Hose 1
1 65 82.7713 -144.171 216.307 -0.9746 -0.0527 -0.2175 -0.0161 -0.9527 0.3034 0.2232 -0.2992 -0.9277 756.dat
0 MLCAD BTG Hose 1
1 65 82.5496 -146.471 215.049 -0.9744 -0.0805 -0.2098 -0.0264 -0.8861 0.4628 0.2231 -0.4565 -0.8613 756.dat
0 MLCAD BTG Hose 1
1 65 82.2458 -148.419 213.326 -0.9749 -0.1118 -0.1926 -0.0392 -0.7652 0.6426 0.2192 -0.634 -0.7416 756.dat
0 MLCAD BTG Hose 1
1 65 81.8693 -149.92 211.191 -0.976 -0.1395 -0.1671 -0.0521 -0.5958 0.8015 0.2113 -0.791 -0.5742 756.dat
0 MLCAD BTG Hose 1
1 65 81.4494 -150.944 208.809 -0.9775 -0.1578 -0.14 -0.0625 -0.4174 0.9066 0.2015 -0.8949 -0.3982 756.dat
0 MLCAD BTG Hose 1
1 65 81.0087 -151.572 206.31 -0.9789 -0.1675 -0.1173 -0.0701 -0.2641 0.9619 0.1921 -0.9498 -0.2468 756.dat
0 MLCAD BTG Hose 1
1 65 80.5564 -151.907 203.745 -0.98 -0.1718 -0.1005 -0.0758 -0.1447 0.9866 0.1841 -0.9744 -0.1288 756.dat
0 MLCAD BTG Hose 1
1 65 80.1022 -152.015 201.169 -0.9809 -0.1734 -0.0887 -0.0804 -0.0545 0.9953 0.1774 -0.9833 -0.0395 756.dat
0 MLCAD BTG Hose 1
1 65 79.6336 -151.916 198.588 -0.9809 -0.178 -0.0784 -0.0843 0.0262 0.9961 0.1752 -0.9837 0.0407 756.dat
0 MLCAD BTG Hose 1
1 65 79.1199 -151.51 196.035 -0.9793 -0.193 -0.0611 -0.0888 0.1384 0.9864 0.1819 -0.9714 0.1526 756.dat
0 MLCAD BTG Hose 1
1 65 78.5732 -150.749 193.602 -0.9775 -0.2078 -0.0372 -0.0943 0.272 0.9577 0.1889 -0.9396 0.2855 756.dat
0 MLCAD BTG Hose 1
1 65 77.9943 -149.594 191.317 -0.9756 -0.2193 -0.007 -0.1008 0.4195 0.9022 0.1949 -0.8809 0.4313 756.dat
0 MLCAD BTG Hose 1
1 65 77.4038 -148.061 189.269 -0.9741 -0.2247 0.0267 -0.1077 0.5643 0.8185 0.199 -0.7944 0.5739 756.dat
0 MLCAD BTG Hose 1
1 65 76.8207 -146.209 187.502 -0.973 -0.2228 0.0594 -0.1141 0.6889 0.7159 0.2004 -0.6898 0.6957 756.dat
0 MLCAD BTG Hose 1
1 65 76.257 -144.113 186.006 -0.9727 -0.2153 0.0868 -0.1189 0.7832 0.6104 0.1994 -0.5834 0.7874 756.dat
0 MLCAD BTG Hose 1
1 65 75.725 -141.868 184.766 -0.9729 -0.2048 0.1074 -0.1218 0.8485 0.515 0.1967 -0.4879 0.8504 756.dat
0 MLCAD BTG Hose 1
1 65 75.2214 -139.512 183.723 -0.9735 -0.1935 0.1217 -0.1228 0.8917 0.4356 0.1928 -0.4091 0.8919 756.dat
0 MLCAD BTG Hose 1
1 65 74.7491 -137.1 182.841 -0.9744 -0.1826 0.1308 -0.1223 0.9199 0.3727 0.1884 -0.3472 0.9187 756.dat
0 MLCAD BTG Hose 1
1 65 74.2994 -134.628 182.068 -0.9756 -0.1725 0.136 -0.1206 0.938 0.3249 0.1837 -0.3005 0.9359 756.dat
0 MLCAD BTG Hose 1
1 65 73.8737 -132.13 181.379 -0.9768 -0.1634 0.1383 -0.1178 0.9496 0.2904 0.1787 -0.2674 0.9469 756.dat
0 MLCAD BTG Hose 1
1 65 73.4698 -129.62 180.742 -0.9782 -0.1553 0.1382 -0.1141 0.9568 0.2675 0.1737 -0.2459 0.9536 756.dat
0 MLCAD BTG Hose 1
1 65 73.0853 -127.104 180.131 -0.9796 -0.1479 0.1362 -0.1096 0.9607 0.2551 0.1686 -0.235 0.9573 756.dat
0 MLCAD BTG Hose 1
1 65 72.7185 -124.587 179.52 -0.981 -0.1412 0.1327 -0.1043 0.9619 0.2526 0.1633 -0.2339 0.9584 756.dat
0 MLCAD BTG Hose 1
1 65 72.3678 -122.074 178.881 -0.9826 -0.135 0.1277 -0.0982 0.9607 0.2598 0.1578 -0.2427 0.9572 756.dat
0 MLCAD BTG Hose 1
1 65 72.0322 -119.57 178.188 -0.9842 -0.129 0.1214 -0.0911 0.9564 0.2774 0.1519 -0.262 0.9531 756.dat
0 MLCAD BTG Hose 1
1 65 71.7115 -117.084 177.408 -0.9859 -0.123 0.1136 -0.083 0.9482 0.3066 0.1454 -0.2928 0.945 756.dat
0 MLCAD BTG Hose 1
1 65 71.4063 -114.631 176.505 -0.9877 -0.1169 0.1043 -0.0737 0.9342 0.3489 0.1382 -0.3369 0.9313 756.dat
0 MLCAD BTG Hose 1
1 65 71.1207 -112.255 175.445 -0.9895 -0.1101 0.0933 -0.0631 0.9115 0.4065 0.1298 -0.3964 0.9089 756.dat
0 MLCAD BTG Hose 1
1 65 70.856 -109.979 174.176 -0.9915 -0.1023 0.0804 -0.0512 0.8748 0.4817 0.1196 -0.4735 0.8726 756.dat
0 MLCAD BTG Hose 1
1 65 70.616 -107.849 172.645 -0.9935 -0.0926 0.0658 -0.0381 0.8175 0.5747 0.107 -0.5685 0.8157 756.dat
0 MLCAD BTG Hose 1
1 65 70.4116 -105.978 170.838 -0.9955 -0.0803 0.05 -0.0248 0.7313 0.6816 0.0913 -0.6773 0.7301 756.dat
0 MLCAD BTG Hose 1
1 65 70.2451 -104.41 168.723 -0.9973 -0.0654 0.0342 -0.013 0.6122 0.7906 0.0726 -0.788 0.6114 756.dat
0 MLCAD BTG Hose 1
1 65 70.1243 -103.243 166.379 -0.9986 -0.0486 0.0204 -0.0047 0.4677 0.8839 0.0526 -0.8826 0.4672 756.dat
0 MLCAD BTG Hose 1
1 65 70.047 -102.477 163.875 -0.9994 -0.0321 0.0098 -0.0008 0.3154 0.949 0.0335 -0.9484 0.3153 756.dat
0 MLCAD BTG Hose 1
1 65 70.0073 -102.076 161.284 -0.9998 -0.0173 0.0023 -0.0008 0.174 0.9847 0.0175 -0.9846 0.174 756.dat
0 MLCAD BTG Hose 1
1 65 69.9982 -101.982 158.658 -1 -0.0052 -0.003 -0.0033 0.053 0.9986 0.005 -0.9986 0.0531 756.dat
0 GROUP 48 Hose 1
0 MLCAD BTG Hose 2
1 65 63.1626 -112.957 220.275 -0.9838 0.0066 -0.1791 0.0002 -0.9993 -0.0377 0.1792 0.0371 -0.9831 756.dat
0 MLCAD BTG Hose 2
1 65 63.1856 -115.49 220.406 -0.9832 0.0087 -0.1825 0.0005 -0.9987 -0.05 0.1828 0.0493 -0.9819 756.dat
0 MLCAD BTG Hose 2
1 65 63.2118 -118.026 220.555 -0.9825 0.0101 -0.186 0.0007 -0.9983 -0.058 0.1863 0.0572 -0.9808 756.dat
0 MLCAD BTG Hose 2
1 65 63.2391 -120.556 220.709 -0.9818 0.0107 -0.1896 0.001 -0.9981 -0.0614 0.1898 0.0604 -0.98 756.dat
0 MLCAD BTG Hose 2
1 65 63.2651 -123.083 220.857 -0.9811 0.0103 -0.1931 0.0012 -0.9982 -0.0594 0.1934 0.0585 -0.9794 756.dat
0 MLCAD BTG Hose 2
1 65 63.2871 -125.624 220.981 -0.9804 0.0089 -0.1968 0.0012 -0.9987 -0.0512 0.197 0.0504 -0.9791 756.dat
0 MLCAD BTG Hose 2
1 65 63.3014 -128.153 221.063 -0.9797 0.0062 -0.2004 0.001 -0.9994 -0.0355 0.2005 0.035 -0.9791 756.dat
0 MLCAD BTG Hose 2
1 65 63.304 -130.695 221.077 -0.979 0.0018 -0.2041 0.0003 -0.9999 -0.0102 0.2041 0.0101 -0.9789 756.dat
0 MLCAD BTG Hose 2
1 65 63.2889 -133.229 220.991 -0.9782 -0.0047 -0.2075 -0.001 -0.9996 0.0274 0.2076 -0.027 -0.9778 756.dat
0 MLCAD BTG Hose 2
1 65 63.2485 -135.752 220.762 -0.9775 -0.0142 -0.2106 -0.0031 -0.9966 0.0818 0.211 -0.0806 -0.9742 756.dat
0 MLCAD BTG Hose 2
1 65 63.1719 -138.259 220.328 -0.9768 -0.0277 -0.2125 -0.0067 -0.9872 0.1593 0.2142 -0.157 -0.9641 756.dat
0 MLCAD BTG Hose 2
1 65 63.0455 -140.691 219.611 -0.9762 -0.0464 -0.2119 -0.0122 -0.9636 0.2672 0.2166 -0.2634 -0.9401 756.dat
0 MLCAD BTG Hose 2
1 65 62.8527 -142.971 218.517 -0.9759 -0.0715 -0.2063 -0.0202 -0.9112 0.4116 0.2175 -0.4058 -0.8877 756.dat
0 MLCAD BTG Hose 2
1 65 62.5806 -144.988 216.974 -0.976 -0.1016 -0.1925 -0.0308 -0.811 0.5842 0.2155 -0.5761 -0.7885 756.dat
0 MLCAD BTG Hose 2
1 65 62.2365 -146.577 215.023 -0.9768 -0.1308 -0.1695 -0.0424 -0.6579 0.7519 0.2098 -0.7416 -0.6371 756.dat
0 MLCAD BTG Hose 2
1 65 61.84 -147.711 212.774 -0.9781 -0.1524 -0.1421 -0.0526 -0.4796 0.8759 0.2016 -0.8642 -0.461 756.dat
0 MLCAD BTG Hose 2
1 65 61.417 -148.435 210.375 -0.9793 -0.1647 -0.1173 -0.0602 -0.316 0.9469 0.1931 -0.9344 -0.2995 756.dat
0 MLCAD BTG Hose 2
1 65 60.9831 -148.839 207.914 -0.9804 -0.1707 -0.098 -0.0659 -0.1845 0.9806 0.1854 -0.9679 -0.1696 756.dat
0 MLCAD BTG Hose 2
1 65 60.5414 -149.007 205.409 -0.9813 -0.173 -0.0842 -0.0705 -0.0841 0.994 0.1791 -0.9813 -0.0703 756.dat
0 MLCAD BTG Hose 2
1 65 60.099 -148.985 202.919 -0.9818 -0.1747 -0.0741 -0.0743 -0.0059 0.9972 0.1747 -0.9846 0.0072 756.dat
0 MLCAD BTG Hose 2
1 65 59.6211 -148.725 200.441 -0.9806 -0.1864 -0.061 -0.0781 0.0859 0.9932 0.1799 -0.9787 0.0988 756.dat
0 MLCAD BTG Hose 2
1 65 59.1053 -148.171 198.015 -0.9787 -0.2007 -0.0423 -0.0829 0.1981 0.9767 0.1876 -0.9594 0.2105 756.dat
0 MLCAD BTG Hose 2
1 65 58.5556 -147.288 195.682 -0.9768 -0.2134 -0.0186 -0.0887 0.3238 0.942 0.1949 -0.9218 0.3352 756.dat
0 MLCAD BTG Hose 2
1 65 57.9904 -146.079 193.534 -0.9749 -0.2223 0.0093 -0.0952 0.4547 0.8855 0.2011 -0.8625 0.4645 756.dat
0 MLCAD BTG Hose 2
1 65 57.4146 -144.552 191.578 -0.9734 -0.2259 0.0386 -0.1021 0.5784 0.8093 0.2052 -0.7839 0.5861 756.dat
0 MLCAD BTG Hose 2
1 65 56.8497 -142.775 189.864 -0.9724 -0.2239 0.0662 -0.1083 0.6835 0.7219 0.2069 -0.6948 0.6888 756.dat
0 MLCAD BTG Hose 2
1 65 56.3001 -140.795 188.367 -0.9719 -0.2177 0.0894 -0.1131 0.7651 0.6339 0.2064 -0.606 0.7682 756.dat
0 MLCAD BTG Hose 2
1 65 55.7736 -138.676 187.069 -0.972 -0.209 0.1072 -0.1162 0.8244 0.5539 0.2041 -0.526 0.8256 756.dat
0 MLCAD BTG Hose 2
1 65 55.2713 -136.457 185.933 -0.9726 -0.1994 0.1199 -0.1176 0.8658 0.4864 0.2008 -0.459 0.8655 756.dat
0 MLCAD BTG Hose 2
1 65 54.7963 -134.185 184.934 -0.9734 -0.1899 0.1283 -0.1174 0.8941 0.4322 0.1967 -0.4056 0.8926 756.dat
0 MLCAD BTG Hose 2
1 65 54.3406 -131.853 184.023 -0.9745 -0.1807 0.1332 -0.116 0.9132 0.3906 0.1922 -0.3652 0.9109 756.dat
0 MLCAD BTG Hose 2
1 65 53.9063 -129.493 183.18 -0.9757 -0.1723 0.1353 -0.1134 0.9257 0.3608 0.1874 -0.3367 0.9228 756.dat
0 MLCAD BTG Hose 2
1 65 53.4949 -127.133 182.383 -0.9771 -0.1645 0.1351 -0.1098 0.9333 0.3418 0.1823 -0.3191 0.93 756.dat
0 MLCAD BTG Hose 2
1 65 53.0989 -124.751 181.595 -0.9786 -0.1572 0.1331 -0.1053 0.9372 0.3326 0.177 -0.3115 0.9336 756.dat
0 MLCAD BTG Hose 2
1 65 52.7201 -122.369 180.797 -0.9801 -0.1503 0.1294 -0.0998 0.9376 0.3332 0.1714 -0.3137 0.9339 756.dat
0 MLCAD BTG Hose 2
1 65 52.3578 -119.996 179.964 -0.9818 -0.1437 0.1241 -0.0934 0.9344 0.3437 0.1654 -0.3258 0.9308 756.dat
0 MLCAD BTG Hose 2
1 65 52.0115 -117.64 179.067 -0.9836 -0.1373 0.1174 -0.0859 0.9272 0.3645 0.1589 -0.3485 0.9238 756.dat
0 MLCAD BTG Hose 2
1 65 51.6843 -115.333 178.083 -0.9854 -0.1306 0.1091 -0.0773 0.9147 0.3967 0.1516 -0.3825 0.9114 756.dat
0 MLCAD BTG Hose 2
1 65 51.375 -113.078 176.975 -0.9874 -0.1235 0.0992 -0.0675 0.8946 0.4417 0.1433 -0.4294 0.8917 756.dat
0 MLCAD BTG Hose 2
1 65 51.0842 -110.889 175.697 -0.9894 -0.1155 0.0876 -0.0565 0.8639 0.5005 0.1334 -0.4903 0.8613 756.dat
0 MLCAD BTG Hose 2
1 65 50.8204 -108.842 174.23 -0.9916 -0.106 0.0743 -0.0444 0.8178 0.5738 0.1216 -0.5657 0.8156 756.dat
0 MLCAD BTG Hose 2
1 65 50.5851 -106.962 172.529 -0.9937 -0.0946 0.0598 -0.0318 0.7512 0.6594 0.1072 -0.6533 0.7495 756.dat
0 MLCAD BTG Hose 2
1 65 50.3879 -105.343 170.6 -0.9957 -0.0808 0.0447 -0.0198 0.6597 0.7513 0.0902 -0.7472 0.6585 756.dat
0 MLCAD BTG Hose 2
1 65 50.2303 -104.015 168.434 -0.9974 -0.0649 0.0305 -0.0098 0.5438 0.8392 0.0711 -0.8367 0.543 756.dat
0 MLCAD BTG Hose 2
1 65 50.1166 -103.034 166.097 -0.9987 -0.0481 0.0183 -0.0031 0.4119 0.9112 0.0514 -0.9099 0.4115 756.dat
0 MLCAD BTG Hose 2
1 65 50.0429 -102.386 163.628 -0.9995 -0.0318 0.009 -0.0002 0.2782 0.9605 0.033 -0.96 0.278 756.dat
0 MLCAD BTG Hose 2
1 65 50.0056 -102.051 161.116 -0.9998 -0.0174 0.0023 -0.0004 0.1552 0.9879 0.0176 -0.9877 0.1552 756.dat
0 MLCAD BTG Hose 2
1 65 49.9978 -101.98 158.581 -1 -0.0053 -0.0025 -0.0028 0.048 0.9988 0.0052 -0.9988 0.048 756.dat
0 GROUP 48 Hose 2
0 MLCAD BTG Hose 3
1 65 -35.3227 -112.96 237.611 -0.9841 0.0054 -0.1773 0.0001 -0.9995 -0.0309 0.1774 0.0304 -0.9837 756.dat
0 MLCAD BTG Hose 3
1 65 -35.3045 -115.567 237.714 -0.9837 0.0068 -0.1797 0.0003 -0.9992 -0.039 0.1798 0.0384 -0.983 756.dat
0 MLCAD BTG Hose 3
1 65 -35.2854 -118.184 237.823 -0.9833 0.0072 -0.1821 0.0004 -0.9991 -0.0418 0.1823 0.0411 -0.9824 756.dat
0 MLCAD BTG Hose 3
1 65 -35.2682 -120.801 237.92 -0.9828 0.0066 -0.1846 0.0004 -0.9993 -0.0382 0.1847 0.0377 -0.9821 756.dat
0 MLCAD BTG Hose 3
1 65 -35.2567 -123.411 237.986 -0.9823 0.0047 -0.1871 0.0004 -0.9996 -0.0272 0.1871 0.0268 -0.982 756.dat
0 MLCAD BTG Hose 3
1 65 -35.2549 -126.036 237.996 -0.9819 0.0012 -0.1896 0.0001 -1 -0.0069 0.1896 0.0068 -0.9818 756.dat
0 MLCAD BTG Hose 3
1 65 -35.2687 -128.649 237.918 -0.9814 -0.0045 -0.192 -0.0005 -0.9997 0.0256 0.192 -0.0252 -0.9811 756.dat
0 MLCAD BTG Hose 3
1 65 -35.3058 -131.261 237.708 -0.9809 -0.0129 -0.194 -0.0016 -0.9972 0.0743 0.1944 -0.0732 -0.9782 756.dat
0 MLCAD BTG Hose 3
1 65 -35.3767 -133.844 237.306 -0.9805 -0.0253 -0.1951 -0.0034 -0.9893 0.1456 0.1967 -0.1434 -0.9699 756.dat
0 MLCAD BTG Hose 3
1 65 -35.4961 -136.368 236.629 -0.9801 -0.0431 -0.194 -0.0065 -0.9688 0.2478 0.1986 -0.2441 -0.9492 756.dat
0 MLCAD BTG Hose 3
1 65 -35.682 -138.756 235.575 -0.9798 -0.0675 -0.1882 -0.0111 -0.9213 0.3887 0.1996 -0.3829 -0.902 756.dat
0 MLCAD BTG Hose 3
1 65 -35.95 -140.875 234.056 -0.9799 -0.098 -0.1739 -0.0176 -0.8254 0.5642 0.1989 -0.5559 -0.8071 756.dat
0 MLCAD BTG Hose 3
1 65 -36.2985 -142.564 232.079 -0.9803 -0.1289 -0.1494 -0.025 -0.67 0.7419 0.1958 -0.731 -0.6536 756.dat
0 MLCAD BTG Hose 3
1 65 -36.7051 -143.751 229.774 -0.9811 -0.1521 -0.1193 -0.0316 -0.4823 0.8754 0.1907 -0.8627 -0.4684 756.dat
0 MLCAD BTG Hose 3
1 65 -37.1416 -144.49 227.298 -0.982 -0.1652 -0.0915 -0.0367 -0.3084 0.9505 0.1853 -0.9368 -0.2968 756.dat
0 MLCAD BTG Hose 3
1 65 -37.5908 -144.881 224.751 -0.9828 -0.1711 -0.07 -0.0405 -0.1703 0.9846 0.1804 -0.9704 -0.1604 756.dat
0 MLCAD BTG Hose 3
1 65 -38.0451 -145.016 222.174 -0.9834 -0.1733 -0.0545 -0.0435 -0.0666 0.9968 0.1763 -0.9826 -0.0579 756.dat
0 MLCAD BTG Hose 3
1 65 -38.507 -144.944 219.601 -0.9834 -0.1763 -0.0426 -0.046 0.0154 0.9988 0.1754 -0.9842 0.0233 756.dat
0 MLCAD BTG Hose 3
1 65 -39.0004 -144.641 217.042 -0.982 -0.1866 -0.029 -0.0489 0.1029 0.9935 0.1824 -0.977 0.1102 756.dat
0 MLCAD BTG Hose 3
1 65 -39.5175 -144.095 214.535 -0.9805 -0.1963 -0.0134 -0.0525 0.1953 0.9793 0.1896 -0.9609 0.2018 756.dat
0 MLCAD BTG Hose 3
1 65 -40.0539 -143.304 212.097 -0.979 -0.2039 0.0034 -0.0567 0.2884 0.9558 0.1959 -0.9356 0.2939 756.dat
0 MLCAD BTG Hose 3
1 65 -40.6023 -142.282 209.754 -0.9777 -0.2091 0.0208 -0.0612 0.3781 0.9238 0.2011 -0.9019 0.3824 756.dat
0 MLCAD BTG Hose 3
1 65 -41.1598 -141.042 207.502 -0.9766 -0.2117 0.0375 -0.0657 0.4602 0.8854 0.2047 -0.8622 0.4633 756.dat
0 MLCAD BTG Hose 3
1 65 -41.7121 -139.627 205.383 -0.9759 -0.2119 0.0528 -0.0699 0.5322 0.8437 0.2069 -0.8196 0.5342 756.dat
0 MLCAD BTG Hose 3
1 65 -42.2629 -138.047 203.359 -0.9754 -0.2101 0.0661 -0.0735 0.5932 0.8017 0.2077 -0.7771 0.5941 756.dat
0 MLCAD BTG Hose 3
1 65 -42.8006 -136.351 201.455 -0.9753 -0.2069 0.0771 -0.0763 0.6434 0.7618 0.2072 -0.7371 0.6433 756.dat
0 MLCAD BTG Hose 3
1 65 -43.331 -134.541 199.628 -0.9755 -0.2027 0.0857 -0.0782 0.6836 0.7256 0.2057 -0.7011 0.6827 756.dat
0 MLCAD BTG Hose 3
1 65 -43.8446 -132.664 197.893 -0.9759 -0.1978 0.0922 -0.0793 0.7153 0.6943 0.2033 -0.6702 0.7138 756.dat
0 MLCAD BTG Hose 3
1 65 -44.3482 -130.713 196.209 -0.9765 -0.1925 0.0967 -0.0796 0.7397 0.6682 0.2002 -0.6448 0.7376 756.dat
0 MLCAD BTG Hose 3
1 65 -44.8336 -128.73 194.587 -0.9773 -0.187 0.0995 -0.0791 0.7578 0.6477 0.1965 -0.6251 0.7554 756.dat
0 MLCAD BTG Hose 3
1 65 -45.3079 -126.702 192.988 -0.9782 -0.1814 0.1006 -0.0779 0.7705 0.6326 0.1923 -0.611 0.7679 756.dat
0 MLCAD BTG Hose 3
1 65 -45.7636 -124.67 191.421 -0.9793 -0.1757 0.1003 -0.0759 0.7785 0.623 0.1876 -0.6025 0.7757 756.dat
0 MLCAD BTG Hose 3
1 65 -46.2075 -122.616 189.848 -0.9805 -0.1699 0.0988 -0.0732 0.7821 0.6188 0.1824 -0.5995 0.7793 756.dat
0 MLCAD BTG Hose 3
1 65 -46.6325 -120.58 188.279 -0.9818 -0.164 0.096 -0.0699 0.7814 0.6201 0.1767 -0.602 0.7787 756.dat
0 MLCAD BTG Hose 3
1 65 -47.0445 -118.543 186.673 -0.9832 -0.1578 0.0922 -0.0659 0.7765 0.6267 0.1705 -0.6101 0.7738 756.dat
0 MLCAD BTG Hose 3
1 65 -47.4364 -116.548 185.042 -0.9846 -0.1513 0.0872 -0.0612 0.7668 0.639 0.1636 -0.6238 0.7643 756.dat
0 MLCAD BTG Hose 3
1 65 -47.813 -114.578 183.344 -0.9862 -0.1443 0.0813 -0.0559 0.7519 0.6569 0.1559 -0.6433 0.7496 756.dat
0 MLCAD BTG Hose 3
1 65 -48.1668 -112.679 181.59 -0.9878 -0.1368 0.0743 -0.05 0.731 0.6806 0.1474 -0.6686 0.7289 756.dat
0 MLCAD BTG Hose 3
1 65 -48.5012 -110.842 179.74 -0.9895 -0.1284 0.0663 -0.0436 0.7028 0.71 0.1378 -0.6997 0.7011 756.dat
0 MLCAD BTG Hose 3
1 65 -48.8078 -109.118 177.805 -0.9912 -0.119 0.0576 -0.0367 0.6662 0.7448 0.127 -0.7362 0.6647 756.dat
0 MLCAD BTG Hose 3
1 65 -49.0884 -107.507 175.748 -0.993 -0.1083 0.0481 -0.0296 0.6197 0.7843 0.1148 -0.7773 0.6185 756.dat
0 MLCAD BTG Hose 3
1 65 -49.3347 -106.065 173.589 -0.9946 -0.0963 0.0383 -0.0226 0.562 0.8268 0.1011 -0.8215 0.5612 756.dat
0 MLCAD BTG Hose 3
1 65 -49.5471 -104.798 171.299 -0.9962 -0.0828 0.0284 -0.0161 0.4927 0.8701 0.0861 -0.8663 0.4921 756.dat
0 MLCAD BTG Hose 3
1 65 -49.7187 -103.756 168.915 -0.9975 -0.0681 0.0191 -0.0107 0.4122 0.911 0.0699 -0.9085 0.4119 756.dat
0 MLCAD BTG Hose 3
1 65 -49.8508 -102.941 166.419 -0.9986 -0.0525 0.0108 -0.0067 0.3229 0.9464 0.0532 -0.945 0.3228 756.dat
0 MLCAD BTG Hose 3
1 65 -49.9404 -102.38 163.868 -0.9993 -0.0367 0.004 -0.0045 0.2289 0.9734 0.0366 -0.9728 0.2289 756.dat
0 MLCAD BTG Hose 3
1 65 -49.9901 -102.064 161.27 -0.9998 -0.0213 -0.0013 -0.0042 0.1346 0.9909 0.0209 -0.9907 0.1346 756.dat
0 MLCAD BTG Hose 3
1 65 -50.0024 -101.985 158.652 -1 -0.0068 -0.0051 -0.0054 0.0436 0.999 0.0066 -0.999 0.0436 756.dat
0 GROUP 48 Hose 3
0 MLCAD BTG Hose 4
1 65 -55.0254 -112.959 241.051 -0.9842 0.004 -0.177 0.0001 -0.9997 -0.0233 0.177 0.023 -0.9839 756.dat
0 MLCAD BTG Hose 4
1 65 -55.0132 -115.515 241.12 -0.9838 0.0047 -0.1792 0.0001 -0.9996 -0.027 0.1792 0.0266 -0.9835 756.dat
0 MLCAD BTG Hose 4
1 65 -55.0024 -118.081 241.181 -0.9834 0.0043 -0.1814 0.0002 -0.9997 -0.0245 0.1814 0.0241 -0.9831 756.dat
0 MLCAD BTG Hose 4
1 65 -54.9965 -120.652 241.214 -0.983 0.0026 -0.1836 0.0001 -0.9999 -0.0148 0.1836 0.0145 -0.9829 756.dat
0 MLCAD BTG Hose 4
1 65 -54.9997 -123.215 241.196 -0.9826 -0.0007 -0.1858 -0.0001 -1 0.004 0.1858 -0.0039 -0.9826 756.dat
0 MLCAD BTG Hose 4
1 65 -55.0172 -125.778 241.097 -0.9822 -0.0059 -0.1879 -0.0005 -0.9994 0.0343 0.188 -0.0338 -0.9816 756.dat
0 MLCAD BTG Hose 4
1 65 -55.0563 -128.33 240.875 -0.9818 -0.0139 -0.1896 -0.0014 -0.9968 0.0801 0.1901 -0.0789 -0.9786 756.dat
0 MLCAD BTG Hose 4
1 65 -55.1269 -130.857 240.474 -0.9814 -0.0256 -0.1905 -0.0028 -0.9891 0.1474 0.1922 -0.1451 -0.9706 756.dat
0 MLCAD BTG Hose 4
1 65 -55.2431 -133.346 239.815 -0.981 -0.0424 -0.1893 -0.0052 -0.9698 0.2439 0.1939 -0.2403 -0.9511 756.dat
0 MLCAD BTG Hose 4
1 65 -55.4209 -135.692 238.807 -0.9808 -0.0655 -0.1839 -0.0089 -0.926 0.3775 0.195 -0.3718 -0.9076 756.dat
0 MLCAD BTG Hose 4
1 65 -55.677 -137.795 237.354 -0.9807 -0.095 -0.1706 -0.0141 -0.837 0.547 0.1948 -0.5388 -0.8196 756.dat
0 MLCAD BTG Hose 4
1 65 -56.0133 -139.501 235.446 -0.9811 -0.1258 -0.1472 -0.0203 -0.6893 0.7242 0.1926 -0.7135 -0.6737 756.dat
0 MLCAD BTG Hose 4
1 65 -56.4071 -140.707 233.213 -0.9817 -0.1499 -0.1172 -0.0261 -0.5042 0.8632 0.1886 -0.8505 -0.4911 756.dat
0 MLCAD BTG Hose 4
1 65 -56.8334 -141.465 230.795 -0.9825 -0.1641 -0.0886 -0.0306 -0.3268 0.9446 0.184 -0.9307 -0.316 756.dat
0 MLCAD BTG Hose 4
1 65 -57.2735 -141.872 228.299 -0.9831 -0.1707 -0.066 -0.0341 -0.1835 0.9824 0.1798 -0.9681 -0.1746 756.dat
0 MLCAD BTG Hose 4
1 65 -57.7179 -142.017 225.779 -0.9837 -0.1732 -0.0493 -0.0368 -0.0751 0.9965 0.1763 -0.982 -0.0675 756.dat
0 MLCAD BTG Hose 4
1 65 -58.1702 -141.962 223.248 -0.9838 -0.1755 -0.0371 -0.039 0.0076 0.9992 0.1751 -0.9844 0.0143 756.dat
0 MLCAD BTG Hose 4
1 65 -58.6474 -141.706 220.745 -0.9824 -0.1849 -0.025 -0.0416 0.0864 0.9954 0.1819 -0.9789 0.0925 756.dat
0 MLCAD BTG Hose 4
1 65 -59.1518 -141.238 218.258 -0.9809 -0.194 -0.0115 -0.0448 0.1682 0.9847 0.1891 -0.9665 0.1737 756.dat
0 MLCAD BTG Hose 4
1 65 -59.6711 -140.561 215.841 -0.9795 -0.2015 0.003 -0.0485 0.25 0.967 0.1956 -0.947 0.2546 756.dat
0 MLCAD BTG Hose 4
1 65 -60.2032 -139.685 213.495 -0.9782 -0.207 0.0178 -0.0525 0.3289 0.9429 0.201 -0.9214 0.3326 756.dat
0 MLCAD BTG Hose 4
1 65 -60.7426 -138.623 211.231 -0.9771 -0.2104 0.0322 -0.0566 0.4026 0.9136 0.2052 -0.8909 0.4052 756.dat
0 MLCAD BTG Hose 4
1 65 -61.2883 -137.388 209.039 -0.9762 -0.2119 0.0457 -0.0605 0.4689 0.8812 0.2081 -0.8574 0.4706 756.dat
0 MLCAD BTG Hose 4
1 65 -61.8321 -136.01 206.936 -0.9757 -0.2115 0.0577 -0.064 0.5265 0.8477 0.2097 -0.8234 0.5273 756.dat
0 MLCAD BTG Hose 4
1 65 -62.3664 -134.519 204.934 -0.9754 -0.2097 0.0679 -0.067 0.5754 0.8151 0.21 -0.7905 0.5753 756.dat
0 MLCAD BTG Hose 4
1 65 -62.8971 -132.918 202.992 -0.9754 -0.2069 0.0763 -0.0692 0.6159 0.7847 0.2093 -0.7601 0.6151 756.dat
0 MLCAD BTG Hose 4
1 65 -63.414 -131.248 201.133 -0.9756 -0.2032 0.0829 -0.0708 0.6489 0.7576 0.2077 -0.7332 0.6475 756.dat
0 MLCAD BTG Hose 4
1 65 -63.9237 -129.5 199.316 -0.9761 -0.1989 0.0878 -0.0716 0.6752 0.7341 0.2053 -0.7103 0.6733 756.dat
0 MLCAD BTG Hose 4
1 65 -64.4213 -127.702 197.544 -0.9767 -0.1942 0.0911 -0.0717 0.6955 0.7149 0.2022 -0.6918 0.6932 756.dat
0 MLCAD BTG Hose 4
1 65 -64.9021 -125.882 195.821 -0.9775 -0.1893 0.0929 -0.071 0.7105 0.7001 0.1985 -0.6778 0.7079 756.dat
0 MLCAD BTG Hose 4
1 65 -65.3731 -124.024 194.106 -0.9785 -0.184 0.0934 -0.0697 0.7207 0.6897 0.1942 -0.6684 0.718 756.dat
0 MLCAD BTG Hose 4
1 65 -65.83 -122.153 192.401 -0.9796 -0.1785 0.0926 -0.0677 0.7265 0.6838 0.1894 -0.6636 0.7237 756.dat
0 MLCAD BTG Hose 4
1 65 -66.2685 -120.294 190.708 -0.9808 -0.1728 0.0907 -0.0651 0.728 0.6824 0.184 -0.6634 0.7253 756.dat
0 MLCAD BTG Hose 4
1 65 -66.6951 -118.43 188.988 -0.9821 -0.1668 0.0878 -0.0619 0.7254 0.6855 0.178 -0.6678 0.7227 756.dat
0 MLCAD BTG Hose 4
1 65 -67.1018 -116.599 187.256 -0.9835 -0.1604 0.0839 -0.0581 0.7184 0.6932 0.1715 -0.6769 0.7159 756.dat
0 MLCAD BTG Hose 4
1 65 -67.4941 -114.785 185.473 -0.985 -0.1536 0.0789 -0.0537 0.7067 0.7055 0.1641 -0.6906 0.7043 756.dat
0 MLCAD BTG Hose 4
1 65 -67.8672 -113.017 183.641 -0.9866 -0.1462 0.0731 -0.0487 0.6899 0.7223 0.156 -0.709 0.6877 756.dat
0 MLCAD BTG Hose 4
1 65 -68.2164 -111.324 181.761 -0.9882 -0.1381 0.0664 -0.0433 0.6672 0.7436 0.147 -0.732 0.6653 756.dat
0 MLCAD BTG Hose 4
1 65 -68.5449 -109.695 179.795 -0.9899 -0.1292 0.0589 -0.0374 0.6378 0.7693 0.1369 -0.7593 0.6362 756.dat
0 MLCAD BTG Hose 4
1 65 -68.8448 -108.177 177.763 -0.9916 -0.1192 0.0508 -0.0313 0.6009 0.7987 0.1257 -0.7904 0.5995 756.dat
0 MLCAD BTG Hose 4
1 65 -69.118 -106.768 175.627 -0.9932 -0.1081 0.0422 -0.0251 0.5555 0.8312 0.1132 -0.8245 0.5544 756.dat
0 MLCAD BTG Hose 4
1 65 -69.3567 -105.513 173.416 -0.9948 -0.0957 0.0334 -0.0192 0.501 0.8652 0.0995 -0.8601 0.5003 756.dat
0 MLCAD BTG Hose 4
1 65 -69.5619 -104.417 171.098 -0.9963 -0.0821 0.0247 -0.0137 0.4371 0.8993 0.0846 -0.8956 0.4367 756.dat
0 MLCAD BTG Hose 4
1 65 -69.7292 -103.509 168.695 -0.9976 -0.0675 0.0166 -0.0092 0.3651 0.9309 0.0688 -0.9285 0.3648 756.dat
0 MLCAD BTG Hose 4
1 65 -69.8558 -102.811 166.239 -0.9986 -0.0522 0.0094 -0.006 0.2867 0.958 0.0527 -0.9566 0.2866 756.dat
0 MLCAD BTG Hose 4
1 65 -69.9426 -102.326 163.727 -0.9993 -0.0366 0.0034 -0.0042 0.204 0.979 0.0366 -0.9783 0.204 756.dat
0 MLCAD BTG Hose 4
1 65 -69.9914 -102.049 161.16 -0.9998 -0.0214 -0.0013 -0.0039 0.1206 0.9927 0.0211 -0.9925 0.1207 756.dat
0 MLCAD BTG Hose 4
1 65 -70.0028 -101.984 158.597 -1 -0.0069 -0.0047 -0.005 0.0394 0.9992 0.0067 -0.9992 0.0395 756.dat
0 GROUP 48 Hose 4

0 FILE 6941 - Front.ldr
0 Front
0 Name: 6941 - Front.ldr
0 Author: Damien Roux [Darats]
0 !LDRAW_ORG Model
0 !LICENSE Redistributable under CCAL version 2.0 : see CAreadme.txt

0 !THEME Space / Blacktron I

1 0 0 0 0 1 0 0 0 1 0 0 0 1 3832.dat
1 0 -50 8 60 0 0 1 0 1 0 -1 0 0 3460.dat
1 0 50 8 60 0 0 1 0 1 0 -1 0 0 3460.dat
1 0 -50 0 80 0 0 1 0 1 0 -1 0 0 3666.dat
1 0 50 0 80 0 0 1 0 1 0 -1 0 0 3666.dat
1 0 0 -8 120 1 0 0 0 1 0 0 0 1 3832.dat
1 0 -20 -8 0 1 0 0 0 1 0 0 0 1 3068b.dat
1 0 20 -8 0 1 0 0 0 1 0 0 0 1 3068b.dat
1 0 -30 -16 130 1 0 0 0 1 0 0 0 1 3024.dat
1 0 30 -16 130 1 0 0 0 1 0 0 0 1 3024.dat
1 0 -50 -16 120 0 0 1 0 1 0 -1 0 0 3023.dat
1 0 50 -16 120 0 0 1 0 1 0 -1 0 0 3023.dat
1 0 0 -16 120 -1 0 0 0 1 0 0 0 -1 3176.dat
1 14 90 -24 0 0 0 -1 0 1 0 1 0 0 3700.dat
1 7 100 -14 0 1 0 0 0 1 0 0 0 1 3749.dat
1 14 -90 -24 0 0 0 1 0 1 0 -1 0 0 3700.dat
1 7 -100 -14 0 -1 0 0 0 1 0 0 0 -1 3749.dat
1 0 -50 -24 10 0 0 -1 0 1 0 1 0 0 2357.dat
1 0 50 -24 10 1 0 0 0 1 0 0 0 1 2357.dat
1 0 -60 -24 -10 1 0 0 0 1 0 0 0 1 3004.dat
1 0 60 -24 -10 1 0 0 0 1 0 0 0 1 3004.dat
1 0 50 -24 70 0 0 -1 0 1 0 1 0 0 3622.dat
1 0 -50 -24 70 0 0 -1 0 1 0 1 0 0 3622.dat
1 0 -50 -24 110 0 0 -1 0 1 0 1 0 0 3024.dat
1 0 50 -24 110 0 0 -1 0 1 0 1 0 0 3024.dat
1 0 0 -24 110 1 0 0 0 1 0 0 0 1 3023.dat
1 0 0 -24 130 1 0 0 0 1 0 0 0 1 3666.dat
1 0 0 -32 120 -1 0 0 0 1 0 0 0 -1 3176.dat
1 14 50 -32 60 0 0 -1 0 1 0 1 0 0 3460.dat
1 14 -50 -32 60 0 0 -1 0 1 0 1 0 0 3460.dat
1 0 0 -40 120 0 0 -1 0 1 0 1 0 0 3022.dat
1 0 80 -32 0 0 0 -1 0 1 0 1 0 0 3022.dat
1 0 -80 -32 0 0 0 -1 0 1 0 1 0 0 3022.dat
1 0 90 -32 120 0 0 -1 0 1 0 1 0 0 3004.dat
1 0 -90 -32 120 0 0 -1 0 1 0 1 0 0 3004.dat
1 0 50 -56 10 0 0 -1 0 1 0 1 0 0 4286.dat
1 0 -50 -56 10 0 0 1 0 1 0 -1 0 0 4286.dat
1 0 0 -64 120 0 0 1 0 1 0 -1 0 0 4730.dat
1 0 50 -56 120 0 0 1 0 1 0 -1 0 0 3004.dat
1 0 -50 -56 120 0 0 1 0 1 0 -1 0 0 3004.dat
1 0 90 -56 120 0 0 -1 0 1 0 1 0 0 3004p05.dat
1 0 -90 -56 120 0 0 1 0 1 0 -1 0 0 3004p05.dat
1 0 70 -64 120 -1 0 0 0 1 0 0 0 -1 3021.dat
1 0 -70 -64 120 -1 0 0 0 1 0 0 0 -1 3021.dat
1 36 -50 -64 10 -1 0 0 0 1 0 0 0 -1 3024.dat
1 36 50 -64 10 -1 0 0 0 1 0 0 0 -1 3024.dat
1 0 90 -72 120 0 0 1 0 1 0 -1 0 0 3023.dat
1 0 -90 -72 120 0 0 1 0 1 0 -1 0 0 3023.dat
1 0 0 -72 120 -1 0 0 0 1 0 0 0 -1 3795.dat
1 0 90 -80 120 0 0 -1 0 1 0 1 0 0 3023.dat
1 0 50 -80 120 0 0 -1 0 1 0 1 0 0 3023.dat
1 0 -50 -80 120 0 0 -1 0 1 0 1 0 0 3023.dat
1 0 -90 -80 120 0 0 -1 0 1 0 1 0 0 3023.dat
1 0 70 -88 120 1 0 0 0 1 0 0 0 1 3021.dat
1 0 -70 -88 120 1 0 0 0 1 0 0 0 1 3021.dat
1 0 50 -112 130 -1 0 0 0 1 0 0 0 -1 4070.dat
1 0 70 -112 130 -1 0 0 0 1 0 0 0 -1 4070.dat
1 0 -50 -112 130 -1 0 0 0 1 0 0 0 -1 4070.dat
1 0 -70 -112 130 -1 0 0 0 1 0 0 0 -1 4070.dat
1 36 70 -102 120 -1 0 0 0 0 -1 0 -1 0 4589.dat
1 36 50 -102 120 -1 0 0 0 0 -1 0 -1 0 4589.dat
1 36 -50 -102 120 -1 0 0 0 0 -1 0 -1 0 4589.dat
1 36 -70 -102 120 -1 0 0 0 0 -1 0 -1 0 4589.dat
1 0 110 -14 0 0 0 1 -1 0 0 0 -1 0 3482.dat
1 0 -110 -14 0 0 0 -1 -1 0 0 0 1 0 3482.dat
1 256 110 -14 0 0 0 -1 -1 0 0 0 1 0 3634.dat
1 256 -110 -14 0 0 0 1 -1 0 0 0 -1 0 3634.dat
1 14 60 -120 130 -1 0 0 0 1 0 0 0 -1 3069bp05.dat
1 14 -60 -120 130 -1 0 0 0 1 0 0 0 -1 3069bp05.dat

0 FILE 6941 - Rear.ldr
0 Rear
0 Name: 6941 - Rear.ldr
0 Author: Damien Roux [Darats]
0 !LDRAW_ORG Model
0 !LICENSE Redistributable under CCAL version 2.0 : see CAreadme.txt

0 !THEME Space / Blacktron I

1 0 0 0 0 0 0 1 0 1 0 -1 0 0 3034.dat
1 0 0 -8 -20 0 0 1 0 1 0 -1 0 0 3795.dat
1 0 60 -8 60 -1 0 0 0 1 0 0 0 -1 3795.dat
1 0 -60 -8 60 -1 0 0 0 1 0 0 0 -1 3795.dat
1 0 0 -16 -60 -1 0 0 0 1 0 0 0 -1 3832.dat
1 0 0 -16 40 0 0 -1 0 1 0 1 0 0 3036.dat
1 0 70 -32 70 0 0 -1 0 1 0 1 0 0 3062b.dat
1 0 70 -32 50 0 0 -1 0 1 0 1 0 0 3062b.dat
1 0 -70 -32 50 0 0 -1 0 1 0 1 0 0 3062b.dat
1 0 -70 -32 70 0 0 -1 0 1 0 1 0 0 3062b.dat
1 0 0 -24 -70 1 0 0 0 1 0 0 0 1 3666.dat
1 0 -50 -24 20 0 0 1 0 1 0 -1 0 0 3460.dat
1 0 50 -24 20 0 0 1 0 1 0 -1 0 0 3460.dat
1 0 0 -40 110 -1 0 0 0 1 0 0 0 -1 3894.dat
1 14 110 -32 60 0 0 -1 0 1 0 1 0 0 3700.dat
1 7 120 -22 60 1 0 0 0 1 0 0 0 1 3749.dat
1 14 -110 -32 60 0 0 1 0 1 0 -1 0 0 3700.dat
1 7 -120 -22 60 -1 0 0 0 1 0 0 0 -1 3749.dat
1 0 0 -40 50 -1 0 0 0 1 0 0 0 -1 3010.dat
1 0 -50 -32 90 -1 0 0 0 1 0 0 0 -1 3024.dat
1 0 50 -32 90 -1 0 0 0 1 0 0 0 -1 3024.dat
1 0 -30 -32 -70 -1 0 0 0 1 0 0 0 -1 3024.dat
1 0 30 -32 -70 -1 0 0 0 1 0 0 0 -1 3024.dat
1 0 -50 -32 0 0 0 -1 0 1 0 1 0 0 3460.dat
1 0 50 -32 0 0 0 -1 0 1 0 1 0 0 3460.dat
1 0 0 -32 -80 1 0 0 0 1 0 0 0 1 3176.dat
1 0 80 -40 60 1 0 0 0 1 0 0 0 1 3020.dat
1 0 -80 -40 60 1 0 0 0 1 0 0 0 1 3020.dat
1 0 -50 -40 90 1 0 0 0 1 0 0 0 1 3024.dat
1 0 50 -40 90 1 0 0 0 1 0 0 0 1 3024.dat
1 0 -50 -40 10 0 0 1 0 1 0 -1 0 0 3623.dat
1 0 50 -40 10 0 0 1 0 1 0 -1 0 0 3623.dat
1 14 50 -40 -30 0 0 -1 0 1 0 1 0 0 4085b.dat
1 14 50 -40 -50 0 0 -1 0 1 0 1 0 0 4085b.dat
1 14 -50 -40 -30 0 0 1 0 1 0 -1 0 0 4085b.dat
1 14 -50 -40 -50 0 0 1 0 1 0 -1 0 0 4085b.dat
1 0 0 -40 -70 1 0 0 0 1 0 0 0 1 3666.dat
1 0 0 -48 -80 1 0 0 0 1 0 0 0 1 3176.dat
1 14 50 -48 60 0 0 1 0 1 0 -1 0 0 3666.dat
1 14 -50 -48 60 0 0 1 0 1 0 -1 0 0 3666.dat
1 0 0 -48 80 0 0 1 0 1 0 -1 0 0 3031.dat
1 0 70 -70 -50 1 0 0 0 1 0 0 0 1 4522.dat
1 0 70 -42 -30 1 0 0 0 1 0 0 0 1 4006.dat
1 0 -70 -50 -50 1 0 0 0 0 1 0 -1 0 3959.dat
1 0 -68.924 -70 -31.687 0.843391 -0.5373 0 0 0 -1 0.5373 0.843391 0 3900.dat
1 0 0 -72 -70 1 0 0 0 1 0 0 0 1 3039.dat
1 0 50 -88 -60 0 0 -1 0 1 0 1 0 0 4864a.dat
1 0 50 -88 -20 0 0 -1 0 1 0 1 0 0 4864a.dat
1 0 -50 -88 -20 0 0 1 0 1 0 -1 0 0 4864a.dat
1 0 -50 -88 -60 0 0 1 0 1 0 -1 0 0 4864a.dat
1 14 0 -72 100 0 0 1 0 1 0 -1 0 0 3941.dat
1 14 0 -72 60 0 0 1 0 1 0 -1 0 0 3941.dat
1 0 30 -72 100 0 0 -1 0 1 0 1 0 0 3937.dat
1 0 30 -72 60 0 0 -1 0 1 0 1 0 0 3937.dat
1 0 -30 -72 60 0 0 1 0 1 0 -1 0 0 3937.dat
1 0 -30 -72 100 0 0 1 0 1 0 -1 0 0 3937.dat
1 0 0 -80 -70 -1 0 0 0 1 0 0 0 -1 3023.dat
1 0 0 -88 -70 -1 0 0 0 1 0 0 0 -1 3023.dat
1 0 90 -88 -40 0 0 -1 0 1 0 1 0 0 3853.dat
1 0 102 -88 -80 -1 0 0 0 1 0 0 0 -1 3856.dat
1 0 102 -88 0 1 0 0 0 1 0 0 0 1 3856.dat
1 0 -90 -88 -40 0 0 1 0 1 0 -1 0 0 3853.dat
1 0 -102 -88 0 1 0 0 0 1 0 0 0 1 3856.dat
1 0 -102 -88 -80 -1 0 0 0 1 0 0 0 -1 3856.dat
1 0 0 -80 60 0 0 -1 0 1 0 1 0 0 3068b.dat
1 0 0 -80 100 0 0 -1 0 1 0 1 0 0 3068b.dat
1 0 37.071 -69.071 60 0 -0.707107 -0.707107 0 0.707107 -0.707107 1 0 0 6941 - Rear - Engine.ldr
1 0 -37.071 -69.071 60 0 0.707107 -0.707107 0 0.707107 0.707107 1 0 0 6941 - Rear - Engine.ldr
1 0 -60 -96 -40 -1 0 0 0 1 0 0 0 -1 3020.dat
1 0 60 -96 -40 -1 0 0 0 1 0 0 0 -1 3020.dat
1 0 0 -96 -70 -1 0 0 0 1 0 0 0 -1 4477.dat
1 0 0 -96 -10 -1 0 0 0 1 0 0 0 -1 4477.dat
1 0 0 -32 -110 0 -1 0 -1 0 0 0 0 -1 3705.dat
1 7 0 -58 -110 0 -1 0 0 0 -1 1 0 0 3713.dat
1 7 0 -6 -110 0 -1 0 0 0 1 -1 0 0 3713.dat
1 0 -30 -120 -30 1 0 0 0 1 0 0 0 1 4286.dat
1 0 30 -120 -30 1 0 0 0 1 0 0 0 1 4286.dat
1 0 30 -120 -10 -1 0 0 0 1 0 0 0 -1 4287.dat
1 0 -30 -120 -10 -1 0 0 0 1 0 0 0 -1 4287.dat
1 0 130 -22 60 0 0 1 -1 0 0 0 -1 0 3482.dat
1 0 -130 -22 60 0 0 -1 -1 0 0 0 1 0 3482.dat
1 256 130 -22 60 0 0 -1 -1 0 0 0 1 0 3634.dat
1 256 -130 -22 60 0 0 1 -1 0 0 0 -1 0 3634.dat
1 0 -30 -144 10 1 0 0 0 1 0 0 0 1 4286.dat
1 0 30 -144 10 1 0 0 0 1 0 0 0 1 4286.dat
1 0 0 -144 30 1 0 0 0 1 0 0 0 1 3701.dat
1 14 30 -152 20 0 0 -1 0 1 0 1 0 0 3069bp12.dat
1 14 -30 -152 20 0 0 -1 0 1 0 1 0 0 3069bp12.dat

0 FILE 6941 - Rear - Engine.ldr
0 Rear - Engine
0 Name: 6941 - Rear - Engine.ldr
0 Author: Damien Roux [Darats]
0 !LDRAW_ORG Model
0 !LICENSE Redistributable under CCAL version 2.0 : see CAreadme.txt

0 !THEME Space / Blacktron I

1 0 0 0 0 1 0 0 0 1 0 0 0 1 3938.dat
1 0 40 0 0 1 0 0 0 1 0 0 0 1 3938.dat
1 0 -10 -24 0 1 0 0 0 1 0 0 0 1 3062b.dat
1 0 10 -24 0 1 0 0 0 1 0 0 0 1 3062b.dat
1 0 30 -24 0 1 0 0 0 1 0 0 0 1 3062b.dat
1 0 50 -24 0 1 0 0 0 1 0 0 0 1 3062b.dat
1 36 -10 -32 0 1 0 0 0 1 0 0 0 1 6141.dat
1 36 10 -32 0 1 0 0 0 1 0 0 0 1 6141.dat
1 36 30 -32 0 1 0 0 0 1 0 0 0 1 6141.dat
1 36 50 -32 0 1 0 0 0 1 0 0 0 1 6141.dat


0 FILE 6941 - Cockpit.ldr
0 Cockpit
0 Name: 6941 - Cockpit.ldr
0 Author: Damien Roux [Darats]
0 !LDRAW_ORG Model
0 !LICENSE Redistributable under CCAL version 2.0 : see CAreadme.txt

0 !THEME Space / Blacktron I

1 14 0 0 0 0 0 1 0 1 0 -1 0 0 3832.dat
1 0 30 0 100 0 0 1 0 1 0 -1 0 0 3023.dat
1 0 -30 0 100 0 0 1 0 1 0 -1 0 0 3023.dat
1 0 0 -8 70 -1 0 0 0 1 0 0 0 -1 3023.dat
1 0 0 -8 -70 -1 0 0 0 1 0 0 0 -1 3023.dat
1 0 0 -8 90 -1 0 0 0 1 0 0 0 -1 3710.dat
1 0 -30 -16 90 -1 0 0 0 1 0 0 0 -1 3024.dat
1 0 -30 -24 90 -1 0 0 0 1 0 0 0 -1 3024.dat
1 0 30 -16 90 -1 0 0 0 1 0 0 0 -1 3024.dat
1 0 30 -24 90 -1 0 0 0 1 0 0 0 -1 3024.dat
1 0 40 -8 -120 0 0 -1 0 1 0 1 0 0 3935.dat
1 0 -40 -8 -120 0 0 1 0 1 0 -1 0 0 3936.dat
1 0 0 -24 50 -1 0 0 0 1 0 0 0 -1 3004.dat
1 0 30 -24 110 -1 0 0 0 1 0 0 0 -1 4287.dat
1 0 -30 -24 110 -1 0 0 0 1 0 0 0 -1 4287.dat
1 0 10 -24 -40 0 0 -1 0 1 0 1 0 0 3660.dat
1 0 -10 -24 -40 0 0 1 0 1 0 -1 0 0 3660.dat
1 14 0 -32 50 1 0 0 0 1 0 0 0 1 3069bp25.dat
1 0 0 -32 -80 1 0 0 0 1 0 0 0 1 3003.dat
1 14 30 -32 40 0 0 1 0 1 0 -1 0 0 4477.dat
1 14 -30 -32 40 0 0 1 0 1 0 -1 0 0 4477.dat
1 0 30 -40 120 0 0 1 0 1 0 -1 0 0 3023.dat
1 0 -30 -40 120 0 0 1 0 1 0 -1 0 0 3023.dat
1 0 -30 -48 120 0 0 1 0 1 0 -1 0 0 3023.dat
1 0 30 -48 120 0 0 1 0 1 0 -1 0 0 3023.dat
1 0 30 -56 110 0 0 1 0 1 0 -1 0 0 3024.dat
1 0 -30 -56 110 0 0 1 0 1 0 -1 0 0 3024.dat
1 0 0 -48 150 1 0 0 0 1 0 0 0 1 3701.dat
1 0 30 -56 -10 0 0 1 0 1 0 -1 0 0 3622.dat
1 0 -30 -56 -10 0 0 1 0 1 0 -1 0 0 3622.dat
1 0 0 -32 -110 1 0 0 0 1 0 0 0 1 3298.dat
1 0 0 -56 140 1 0 0 0 1 0 0 0 1 3020.dat
1 0 0 -80 150 1 0 0 0 1 0 0 0 1 3039.dat
1 0 30 -80 150 1 0 0 0 1 0 0 0 1 3005.dat
1 0 -30 -80 150 1 0 0 0 1 0 0 0 1 3005.dat
1 0 0 -88 150 1 0 0 0 1 0 0 0 1 3710.dat
1 0 0 -96 150 1 0 0 0 1 0 0 0 1 3710.dat
1 0 30 -56 80 0 0 1 0 1 0 -1 0 0 4865a.dat
1 0 30 -56 40 0 0 1 0 1 0 -1 0 0 4865a.dat
1 0 -30 -56 40 0 0 -1 0 1 0 1 0 0 4865a.dat
1 0 -30 -56 80 0 0 -1 0 1 0 1 0 0 4865a.dat
1 0 0 -56 -50 1 0 0 0 1 0 0 0 1 4858p01.dat
1 0 0 -61 88 1 0 0 0 1 0 0 0 1 6941 - Minifig.ldr
1 0 0 -104 150 1 0 0 0 1 0 0 0 1 4315.dat
1 46 0 -100 136 1 0 0 0 1 0 0 0 1 2337.dat
1 46 0 -100 56 1 0 0 0 1 0 0 0 1 4474.dat


0 FILE 6941 - Antenna.ldr
0 Antenna
0 Name: 6941 - Antenna.ldr
0 Author: Damien Roux [Darats]
0 !LDRAW_ORG Model
0 !LICENSE Redistributable under CCAL version 2.0 : see CAreadme.txt

0 !THEME Space / Blacktron I

1 0 0 0 0 0 0 1 0 1 0 -1 0 0 3020.dat
1 0 -10 -24 -20 0 0 1 0 1 0 -1 0 0 3660.dat
1 0 -10 -24 20 0 0 1 0 1 0 -1 0 0 3660.dat
1 0 10 -24 20 0 0 -1 0 1 0 1 0 0 3660.dat
1 0 10 -24 -20 0 0 -1 0 1 0 1 0 0 3660.dat
1 36 -30 -32 30 0 0 -1 0 1 0 1 0 0 3024.dat
1 36 30 -32 30 0 0 -1 0 1 0 1 0 0 3024.dat
1 14 0 -32 20 0 0 -1 0 1 0 1 0 0 3795.dat
1 0 40 -32 0 0 0 -1 0 1 0 1 0 0 2429.dat
1 0 -40 -32 0 0 0 1 0 1 0 -1 0 0 2430.dat
1 0 40 -32 0 1 0 0 0 1 0 0 0 1 2430.dat
1 0 -40 -32 0 1 0 0 0 1 0 0 0 1 2429.dat
1 0 60 -40 10 1 0 0 0 1 0 0 0 1 3023.dat
1 0 -60 -40 10 1 0 0 0 1 0 0 0 1 3023.dat
1 0 0 -56 40 1 0 0 0 1 0 0 0 1 3001.dat
1 0 0 -56 10 1 0 0 0 1 0 0 0 1 3004.dat
1 0 -20 -56 -20 0 0 1 0 1 0 -1 0 0 4730.dat
1 0 20 -56 -20 0 0 1 0 1 0 -1 0 0 4730.dat
1 0 -120 -48 40 0 0 1 0 1 0 -1 0 0 3934.dat
1 0 120 -48 40 0 0 -1 0 1 0 1 0 0 3933.dat
1 0 60 -56 10 -1 0 0 0 1 0 0 0 -1 3023.dat
1 0 -60 -56 10 -1 0 0 0 1 0 0 0 -1 3023.dat
1 0 30 -32 70 1 0 0 0 1 0 0 0 1 2420.dat
1 0 -30 -32 70 0 0 -1 0 1 0 1 0 0 2420.dat
1 0 0 -56 70 -1 0 0 0 1 0 0 0 -1 3010.dat
1 14 30 -56 90 -1 0 0 0 1 0 0 0 -1 4070.dat
1 0 30 -46 168 -1 0 0 0 0 1 0 1 0 3957a.dat
1 36 30 -46 176 -1 0 0 0 0 1 0 1 0 6141.dat
1 14 50 -56 70 -1 0 0 0 1 0 0 0 -1 4070.dat
1 0 50 -46 148 -1 0 0 0 0 1 0 1 0 3957a.dat
1 36 50 -46 156 -1 0 0 0 0 1 0 1 0 6141.dat
1 14 -50 -56 70 -1 0 0 0 1 0 0 0 -1 4070.dat
1 0 -50 -46 148 -1 0 0 0 0 1 0 1 0 3957a.dat
1 36 -50 -46 156 -1 0 0 0 0 1 0 1 0 6141.dat
1 14 -30 -56 90 -1 0 0 0 1 0 0 0 -1 4070.dat
1 0 -30 -46 168 -1 0 0 0 0 1 0 1 0 3957a.dat
1 36 -30 -46 176 -1 0 0 0 0 1 0 1 0 6141.dat
1 0 -30 -64 70 0 0 -1 0 1 0 1 0 0 2420.dat
1 0 30 -64 70 1 0 0 0 1 0 0 0 1 2420.dat
1 0 30 -64 40 0 0 1 0 1 0 -1 0 0 3023.dat
1 0 -30 -64 40 0 0 1 0 1 0 -1 0 0 3023.dat
1 0 0 -64 20 0 0 1 0 1 0 -1 0 0 3795.dat
1 0 40 -64 0 0 0 -1 0 1 0 1 0 0 2429.dat
1 0 -40 -64 0 1 0 0 0 1 0 0 0 1 2429.dat
1 0 40 -64 0 1 0 0 0 1 0 0 0 1 2430.dat
1 0 -40 -64 0 0 0 1 0 1 0 -1 0 0 2430.dat
1 0 30 -88 50 -1 0 0 0 1 0 0 0 -1 4286.dat
1 0 -30 -88 50 -1 0 0 0 1 0 0 0 -1 4286.dat
1 0 20 -184 -40 -1 0 0 0 1 0 0 0 -1 4476.dat
1 0 -20 -184 -40 -1 0 0 0 1 0 0 0 -1 4476.dat
1 0 10 -208 -60 0 0 -1 0 1 0 1 0 0 3039.dat
1 0 -10 -208 -60 0 0 1 0 1 0 -1 0 0 3039.dat
1 0 10 -208 -30 0 0 -1 0 1 0 1 0 0 3045.dat
1 0 -10 -208 -30 -1 0 0 0 1 0 0 0 -1 3045.dat
1 0 0 -216 -40 -1 0 0 0 1 0 0 0 -1 3022.dat
1 0 0 -216 -70 1 0 0 0 1 0 0 0 1 3839b.dat
1 36 26 -210 -95 1 0 0 0 0 1 0 -1 0 4740.dat
1 36 -26 -210 -95 1 0 0 0 0 1 0 -1 0 4740.dat


0 FILE 6941 - Minifig.ldr
0 Minifig
0 Name: 6941 - Minifig.ldr
0 Author: Damien Roux [Darats]
0 !LDRAW_ORG Model
0 !LICENSE Redistributable under CCAL version 2.0 : see CAreadme.txt

0 !THEME Space / Blacktron I

1 0 0 -27 0 0.994522 0 -0.104528 0 1 0 0.104528 0 0.994522 6941 - Minifig - Helmet.ldr
1 14 0 -27 0 0.994522 0 -0.104528 0 1 0 0.104528 0 0.994522 3626bp01.dat
1 0 0 0 0 1 0 0 0 1 0 0 0 1 3838.dat
1 0 0 0 0 1 0 0 0 1 0 0 0 1 973p52.dat
1 0 0 32 0 1 0 0 0 1 0 0 0 1 3815.dat
1 0 -15.552 9 0 0.985 -0.120208 -0.120208 0.17 0.6965 0.6965 0 -0.707107 0.707107 3818.dat
1 0 15.552 9 0 0.985 0.106984 0.132115 -0.17 0.619881 0.765489 0 -0.777146 0.62932 3819.dat
1 0 -21.6886 13.9945 -20.5641 0.985 -0.169974 0 0.17 0.984851 0 0 0 0.999849 3820.dat
1 0 21.3176 11.845 -21.0753 0.966519 0.254248 0.0177672 -0.254718 0.960913 0.102945 0.00910888 -0.104115 0.994372 3820.dat
1 0 0 44 0 1 0 0 0 0 1 0 -1 0 3817.dat
1 0 0 44 0 1 0 0 0 0 1 0 -1 0 3816.dat

