0 FILE 6949 - Robo-Guardian.ldr
0 Robo-Guardian
0 Name: 6949 - Robo-Guardian.ldr
0 Author: Damien Roux [Darats]
0 !LDRAW_ORG Model
0 !LICENSE Redistributable under CCAL version 2.0 : see CAreadme.txt

0 !THEME Space / Spyrius

1 0 0 0 0 1 0 0 0 1 0 0 0 1 6949 - Robot.ldr
1 0 -340 -8 -320 -0.382683 0 -0.92388 0 1 0 0.92388 0 -0.382683 6949 - Spaceship + Minifig.ldr
1 0 -194.029 -56 -159.031 0.19509 0 -0.980785 0 1 0 0.980785 0 0.19509 6949 - Minifig 1.ldr



0 FILE 6949 - Spaceship.ldr
0 Spaceship
0 Name: 6949 - Spaceship.ldr
0 Author: Damien Roux [Darats]
0 !LDRAW_ORG Model
0 !LICENSE Redistributable under CCAL version 2.0 : see CAreadme.txt

0 !THEME Space / Spyrius

1 0 -30 8 0 0 0 1 0 1 0 -1 0 0 2419.dat
1 0 30 8 0 0 0 -1 0 1 0 1 0 0 2419.dat
1 8 0 0 0 1 0 0 0 1 0 0 0 1 3795.dat
1 8 0 0 -40 -1 0 0 0 1 0 0 0 -1 4859.dat
1 4 0 0 30 -1 0 0 0 1 0 0 0 -1 3023.dat
1 4 0 16 -30 -1 0 0 0 1 0 0 0 -1 3710.dat
1 4 0 16 30 -1 0 0 0 1 0 0 0 -1 3710.dat
1 42 50 16 10 -1 0 0 0 1 0 0 0 -1 6141.dat
1 42 50 16 -10 -1 0 0 0 1 0 0 0 -1 6141.dat
1 42 -50 16 10 -1 0 0 0 1 0 0 0 -1 6141.dat
1 42 -50 16 -10 -1 0 0 0 1 0 0 0 -1 6141.dat
1 0 0 -8 10 1 0 0 0 1 0 0 0 1 4598.dat
1 4 -40 -8 10 1 0 0 0 1 0 0 0 1 3794a.dat
1 4 -40 -8 -10 1 0 0 0 1 0 0 0 1 3794a.dat
1 4 40 -8 10 1 0 0 0 1 0 0 0 1 3794a.dat
1 4 40 -8 -10 1 0 0 0 1 0 0 0 1 3794a.dat
1 0 40 -24 0 1 0 0 0 1 0 0 0 1 6949 - Spaceship - Rocket.ldr
1 0 -40 -24 0 1 0 0 0 1 0 0 0 1 6949 - Spaceship - Rocket.ldr
1 0 0 -24 -30 1 0 0 0 1 0 0 0 1 3039.dat
1 36 0 -28 48 1 0 0 0 0 -1 0 1 0 4740.dat
1 0 0 -32 -30 -1 0 0 0 1 0 0 0 -1 3069bp28.dat



0 FILE 6949 - Spaceship - Rocket.ldr
0 Spaceship - Rocket
0 Name: 6949 - Spaceship - Rocket.ldr
0 Author: Damien Roux [Darats]
0 !LDRAW_ORG Model
0 !LICENSE Redistributable under CCAL version 2.0 : see CAreadme.txt

0 !THEME Space / Spyrius

1 0 0 0 0 -1 0 0 0 1 0 0 0 -1 4595.dat
1 42 0 10 -44 -1 0 0 0 0 1 0 1 0 4589.dat
1 36 0 10 36 -1 0 0 0 0 1 0 1 0 4740.dat



0 FILE 6949 - Spaceship + Minifig.ldr
0 Spaceship + Minifig
0 Name: 6949 - Spaceship + Minifig.ldr
0 Author: Damien Roux [Darats]
0 !LDRAW_ORG Model
0 !LICENSE Redistributable under CCAL version 2.0 : see CAreadme.txt

0 !THEME Space / Spyrius

1 0 0 0 0 1 0 0 0 1 0 0 0 1 6949 - Spaceship.ldr
1 0 0 -61 8 1 0 0 0 1 0 0 0 1 6949 - Minifig 2.ldr



0 FILE 6949 - Robot.ldr
0 Robot
0 Name: 6949 - Robot.ldr
0 Author: Damien Roux [Darats]
0 !LDRAW_ORG Model
0 !LICENSE Redistributable under CCAL version 2.0 : see CAreadme.txt

0 !THEME Space / Spyrius

1 0 0 0 0 1 0 0 0 1 0 0 0 1 3032.dat
1 0 0 0 -100 1 0 0 0 1 0 0 0 1 3031.dat
1 0 0 -24 30 -1 0 0 0 1 0 0 0 -1 3297.dat
1 0 0 -24 -110 1 0 0 0 1 0 0 0 1 3037.dat
1 4 0 -24 -40 0 0 1 0 1 0 -1 0 0 44237.dat
1 0 30 -24 -80 0 0 -1 0 1 0 1 0 0 2458.dat
1 0 -30 -24 -80 0 0 1 0 1 0 -1 0 0 2458.dat
1 0 40 -24 -20 1 0 0 0 1 0 0 0 1 4730.dat
1 0 -40 -24 -20 -1 0 0 0 1 0 0 0 -1 4730.dat
1 0 50 -24 40 0 0 -1 0 1 0 1 0 0 2744.dat
1 0 -50 -24 40 0 0 -1 0 1 0 1 0 0 2744.dat
1 7 -60 -14 40 -1 0 0 0 1 0 0 0 -1 3673.dat
1 7 60 -14 40 -1 0 0 0 1 0 0 0 -1 3673.dat
1 0 0 -48 30 -1 0 0 0 1 0 0 0 -1 3009.dat
1 0 -50 -48 -10 0 0 -1 0 1 0 1 0 0 3622.dat
1 0 50 -48 -10 0 0 -1 0 1 0 1 0 0 3622.dat
1 0 -20 -48 -50 0 0 -1 0 1 0 1 0 0 3002.dat
1 0 20 -48 -50 0 0 -1 0 1 0 1 0 0 3002.dat
1 0 0 -48 -90 1 0 0 0 1 0 0 0 1 3037.dat
1 8 0 -56 -70 1 0 0 0 1 0 0 0 1 2419.dat
1 8 0 -56 -20 1 0 0 0 1 0 0 0 1 3795.dat
1 8 0 -56 20 1 0 0 0 1 0 0 0 1 3795.dat
1 4 0 -64 -80 1 0 0 0 1 0 0 0 1 3068b.dat
1 0 -40 -80 -40 -1 0 0 0 1 0 0 0 -1 4730.dat
1 0 40 -80 -40 1 0 0 0 1 0 0 0 1 4730.dat
1 0 -50 -80 20 0 0 1 0 1 0 -1 0 0 2458.dat
1 0 50 -80 20 0 0 -1 0 1 0 1 0 0 2458.dat
1 4 0 -128 -50 1 0 0 0 1 0 0 0 1 2362a.dat
1 0 30 -80 -70 1 0 0 0 1 0 0 0 1 3040b.dat
1 0 -30 -80 -70 1 0 0 0 1 0 0 0 1 3040b.dat
1 4 40 -88 -80 0 0 -1 0 1 0 1 0 0 2430.dat
1 4 -40 -88 -80 0 0 1 0 1 0 -1 0 0 2429.dat
1 0 -30 -96 -60 0 0 1 0 1 0 -1 0 0 3023.dat
1 0 30 -96 -60 0 0 1 0 1 0 -1 0 0 3023.dat
1 4 -30 -104 -70 0 0 1 0 1 0 -1 0 0 6141.dat
1 4 30 -104 -70 0 0 1 0 1 0 -1 0 0 6141.dat
1 0 40 -88 -80 0.866 0 -0.5 0 1 0 0.5 0 0.866 6949 - Robot - Hinge 2.ldr
1 0 -40 -88 -80 0.866 0 0.5 0 1 0 -0.5 0 0.866 6949 - Robot - Hinge 1.ldr
1 0 50 -104 -50 1 0 0 0 1 0 0 0 1 3665.dat
1 0 -50 -104 -50 1 0 0 0 1 0 0 0 1 3665.dat
1 0 50 -152 0 0 0 1 0 1 0 -1 0 0 4215b.dat
1 0 -50 -152 0 0 0 -1 0 1 0 1 0 0 4215b.dat
1 4 50 -128 -50 0 0 -1 0 1 0 1 0 0 3062b.dat
1 4 -50 -128 -50 0 0 -1 0 1 0 1 0 0 3062b.dat
1 4 -40 -128 -70 1 0 0 0 1 0 0 0 1 2877.dat
1 4 40 -128 -70 1 0 0 0 1 0 0 0 1 2877.dat
1 0 -30 -136 -50 0 0 1 0 1 0 -1 0 0 2420.dat
1 0 30 -136 -50 -1 0 0 0 1 0 0 0 -1 2420.dat
1 4 0 -144 -60 -1 0 0 0 1 0 0 0 -1 3020.dat
1 0 50 -152 -50 1 0 0 0 1 0 0 0 1 3040b.dat
1 0 -50 -152 -50 1 0 0 0 1 0 0 0 1 3040b.dat
1 0 -50 -160 30 0 0 1 0 1 0 -1 0 0 4081b.dat
1 0 50 -160 30 0 0 -1 0 1 0 1 0 0 4081b.dat
1 0 0 -152 -70 1 0 0 0 1 0 0 0 1 3023.dat
1 0 0 -152 -50 1 0 0 0 1 0 0 0 1 3710.dat
1 8 0 -160 0 1 0 0 0 1 0 0 0 1 3795.dat
1 0 -70 -152 56 0 0 1 -1 0 0 0 -1 0 4360.dat
1 8 0 -160 -50 1 0 0 0 1 0 0 0 1 2419.dat
1 0 0 -168 10 -1 0 0 0 1 0 0 0 -1 2540.dat
1 0 -30 -168 10 -1 0 0 0 1 0 0 0 -1 6141.dat
1 0 30 -168 10 -1 0 0 0 1 0 0 0 -1 6141.dat
1 4 0 -176 10 -1 0 0 0 1 0 0 0 -1 2431.dat
1 0 -30 -184 -50 0 0 1 0 1 0 -1 0 0 3665.dat
1 0 30 -184 -50 0 0 -1 0 1 0 1 0 0 3665.dat
1 8 0 -166 30 1 0 0 0 0.165 -0.9863 0 0.9863 0.165 6020.dat
1 0 -10 -184 -70 0 0 1 0 1 0 -1 0 0 3665.dat
1 0 10 -184 -70 0 0 -1 0 1 0 1 0 0 3665.dat
1 0 50 -184 -20 0 0 -1 0 1 0 1 0 0 3660.dat
1 0 -50 -184 -20 0 0 1 0 1 0 -1 0 0 3660.dat
1 0 -50 -184 20 0 0 1 0 1 0 -1 0 0 3660.dat
1 0 50 -184 20 0 0 -1 0 1 0 1 0 0 3660.dat
1 4 -50 -192 0 0 0 1 0 1 0 -1 0 0 2431.dat
1 4 50 -192 0 0 0 1 0 1 0 -1 0 0 2431.dat
1 4 0 -192 -50 1 0 0 0 1 0 0 0 1 2431.dat
1 4 -70 -208 30 -1 0 0 0 1 0 0 0 -1 3665.dat
1 4 70 -208 30 -1 0 0 0 1 0 0 0 -1 3665.dat
1 4 -70 -208 0 0 0 -1 0 1 0 1 0 0 3004.dat
1 4 70 -208 0 0 0 -1 0 1 0 1 0 0 3004.dat
1 4 0 -208 -70 -1 0 0 0 1 0 0 0 -1 3004.dat
1 4 50 -208 -50 1 0 0 0 1 0 0 0 1 2462.dat
1 4 -50 -208 -50 0 0 1 0 1 0 -1 0 0 2462.dat
1 0 -70 -224 50 0 0 -1 0 1 0 1 0 0 4735.dat
1 0 70 -224 50 0 0 1 0 1 0 -1 0 0 4735.dat
1 4 -70 -232 50 -1 0 0 0 1 0 0 0 -1 6141.dat
1 4 70 -232 50 -1 0 0 0 1 0 0 0 -1 6141.dat
1 0 -70 -232 0 0 0 -1 0 1 0 1 0 0 3010.dat
1 0 70 -232 0 0 0 -1 0 1 0 1 0 0 3010.dat
1 0 -50 -232 -50 -1 0 0 0 1 0 0 0 -1 2357.dat
1 0 50 -232 -50 0 0 1 0 1 0 -1 0 0 2357.dat
1 4 -50 -256 -70 0 0 1 0 1 0 -1 0 0 3062b.dat
1 4 50 -256 -70 0 0 1 0 1 0 -1 0 0 3062b.dat
1 0 -70 -256 -50 1 0 0 0 1 0 0 0 1 2357.dat
1 0 70 -256 -50 0 0 -1 0 1 0 1 0 0 2357.dat
1 0 -70 -256 20 0 0 -1 0 1 0 1 0 0 3010.dat
1 0 70 -256 20 0 0 -1 0 1 0 1 0 0 3010.dat
1 4 0 -280 -50 1 0 0 0 1 0 0 0 1 3455.dat
1 0 70 -280 -20 0 0 1 0 1 0 -1 0 0 3004.dat
1 0 -70 -280 -20 0 0 1 0 1 0 -1 0 0 3004.dat
1 0 -70 -280 30 0 0 1 0 1 0 -1 0 0 3622.dat
1 0 70 -280 30 0 0 1 0 1 0 -1 0 0 3622.dat
1 4 -70 -304 30 0 0 1 0 1 0 -1 0 0 3062b.dat
1 4 -70 -304 -30 0 0 1 0 1 0 -1 0 0 3062b.dat
1 4 70 -304 30 0 0 1 0 1 0 -1 0 0 3062b.dat
1 4 70 -304 -30 0 0 1 0 1 0 -1 0 0 3062b.dat
1 0 70 -280 -50 1 0 0 0 1 0 0 0 1 3665.dat
1 0 -70 -280 -50 1 0 0 0 1 0 0 0 1 3665.dat
1 4 -50 -280 -70 1 0 0 0 1 0 0 0 1 3062b.dat
1 4 50 -280 -70 1 0 0 0 1 0 0 0 1 3062b.dat
1 0 0 -280 -70 1 0 0 0 1 0 0 0 1 4215b.dat
1 0 0 -304 -50 1 0 0 0 1 0 0 0 1 3037.dat
1 0 -60 -304 -60 1 0 0 0 1 0 0 0 1 3003.dat
1 0 60 -304 -60 1 0 0 0 1 0 0 0 1 3003.dat
1 0 70 -304 0 0 0 -1 0 1 0 1 0 0 3660.dat
1 0 -70 -304 0 0 0 1 0 1 0 -1 0 0 3660.dat
1 0 -70 -304 50 0 0 -1 0 1 0 1 0 0 3665.dat
1 0 70 -304 50 0 0 1 0 1 0 -1 0 0 3665.dat
1 0 0 -328 -50 -1 0 0 0 1 0 0 0 -1 3009.dat
1 0 70 -328 0 0 0 -1 0 1 0 1 0 0 3009.dat
1 0 -70 -328 0 0 0 -1 0 1 0 1 0 0 3009.dat
1 4 -60 -328 -70 1 0 0 0 1 0 0 0 1 2877.dat
1 4 60 -328 -70 1 0 0 0 1 0 0 0 1 2877.dat
1 4 0 -336 -50 1 0 0 0 1 0 0 0 1 3710.dat
1 4 -50 -312 50 1 0 0 0 1 0 0 0 1 3024.dat
1 4 50 -312 50 1 0 0 0 1 0 0 0 1 3024.dat
1 0 0 -336 50 1 0 0 0 1 0 0 0 1 3455.dat
1 0 90 -328 0 0 0 -1 0 1 0 1 0 0 3660.dat
1 0 -90 -328 0 0 0 1 0 1 0 -1 0 0 3660.dat
1 8 -90 -336 0 0 0 1 0 1 0 -1 0 0 2419.dat
1 4 -50 -336 -70 0 0 -1 0 1 0 1 0 0 2420.dat
1 4 50 -336 -70 1 0 0 0 1 0 0 0 1 2420.dat
1 0 -110 -360 10 0 0 1 0 1 0 -1 0 0 6541.dat
1 0 -70 -360 10 0 0 1 0 1 0 -1 0 0 6541.dat
1 0 -80 -360 30 -1 0 0 0 1 0 0 0 -1 3004.dat
1 0 -90 -360 -10 -1 0 0 0 1 0 0 0 -1 2357.dat
1 4 -70 -360 -20 0 0 -1 0 1 0 1 0 0 3004.dat
1 0 240 -350 10 1 0 0 0 0.866 -0.5 0 0.5 0.866 6949 - Robot - Arm 2.ldr
1 8 90 -336 0 0 0 -1 0 1 0 1 0 0 2419.dat
1 0 70 -360 10 0 0 -1 0 1 0 1 0 0 6541.dat
1 0 110 -360 10 0 0 -1 0 1 0 1 0 0 6541.dat
1 0 80 -360 30 1 0 0 0 1 0 0 0 1 3004.dat
1 0 90 -360 -10 0 0 1 0 1 0 -1 0 0 2357.dat
1 4 70 -360 -20 0 0 1 0 1 0 -1 0 0 3004.dat
1 0 -240 -350 10 1 0 0 0 0.7071 -0.7071 0 0.7071 0.7071 6949 - Robot - Arm 1.ldr
1 0 0 -360 50 1 0 0 0 1 0 0 0 1 3008.dat
1 0 0 -360 -50 1 0 0 0 1 0 0 0 1 3010.dat
1 0 60 -360 -50 1 0 0 0 1 0 0 0 1 3039.dat
1 0 -60 -360 -50 1 0 0 0 1 0 0 0 1 3039.dat
1 4 -40 -368 50 1 0 0 0 1 0 0 0 1 3023.dat
1 4 40 -368 50 1 0 0 0 1 0 0 0 1 3023.dat
1 4 0 -368 0 0 0 1 0 1 0 -1 0 0 3795.dat
1 4 -50 -368 -50 -1 0 0 0 1 0 0 0 -1 3623.dat
1 4 50 -368 -50 -1 0 0 0 1 0 0 0 -1 3623.dat
1 0 -70 -384 -30 0 0 -1 0 1 0 1 0 0 6541.dat
1 7 -60 -374 -30 1 0 0 0 1 0 0 0 1 3673.dat
1 0 70 -384 -30 0 0 1 0 1 0 -1 0 0 6541.dat
1 7 60 -374 -30 -1 0 0 0 1 0 0 0 -1 3673.dat
1 4 -70 -384 0 0 0 1 0 1 0 -1 0 0 3004.dat
1 4 70 -384 0 0 0 1 0 1 0 -1 0 0 3004.dat
1 0 -70 -384 30 -1 0 0 0 1 0 0 0 -1 3040b.dat
1 0 70 -384 30 -1 0 0 0 1 0 0 0 -1 3040b.dat
1 0 -60 -376 -50 -1 0 0 0 1 0 0 0 -1 2412b.dat
1 0 60 -376 -50 -1 0 0 0 1 0 0 0 -1 2412b.dat
1 0 90 -384 0 0 0 -1 0 1 0 1 0 0 3039.dat
1 0 -90 -384 0 0 0 1 0 1 0 -1 0 0 3039.dat
1 4 -90 -384 30 0 0 1 0 1 0 -1 0 0 3062b.dat
1 4 -90 -384 -30 0 0 1 0 1 0 -1 0 0 3062b.dat
1 4 90 -384 -30 0 0 1 0 1 0 -1 0 0 3062b.dat
1 4 90 -384 30 0 0 1 0 1 0 -1 0 0 3062b.dat
1 0 -50 -374 -30 1 0 0 0 0.9994 -0.0349 0 0.0349 0.9994 6949 - Robot - Bar.ldr
1 0 50 -374 -30 1 0 0 0 0.9994 -0.0349 0 0.0349 0.9994 6949 - Robot - Bar.ldr
1 0 0 -392 -30 1 0 0 0 1 0 0 0 1 3037.dat
1 0 0 -392 30 -1 0 0 0 1 0 0 0 -1 3037.dat
1 0 80 -392 0 0 0 -1 0 1 0 1 0 0 3020.dat
1 0 -80 -392 0 0 0 -1 0 1 0 1 0 0 3020.dat
1 0 0 -400 0 -1 0 0 0 1 0 0 0 -1 3035.dat
1 4 -90 -400 0 0 0 -1 0 1 0 1 0 0 2412b.dat
1 4 90 -400 0 0 0 -1 0 1 0 1 0 0 2412b.dat
1 0 0 -424 0 0 0 -1 0 1 0 1 0 0 3403.dat
1 0 0 -424 0 0.9659 0 -0.2588 0 1 0 0.2588 0 0.9659 6949 - Robot - Head + Minifig.ldr
1 0 70 -14 40 0 0 -1 0 1 0 1 0 0 6118.dat
1 0 70 -14 -20 0 0 -1 0 1 0 1 0 0 6118.dat
1 0 50 -14 -80 0 0 -1 0 1 0 1 0 0 6118.dat
1 0 70 -70 20 0 0 -1 0 1 0 1 0 0 6118.dat
1 0 70 -70 -40 0 0 -1 0 1 0 1 0 0 6118.dat
1 0 -70 -14 -20 0 0 1 0 1 0 -1 0 0 6118.dat
1 0 -70 -14 40 0 0 1 0 1 0 -1 0 0 6118.dat
1 0 -70 -70 -40 0 0 1 0 1 0 -1 0 0 6118.dat
1 0 -70 -70 20 0 0 1 0 1 0 -1 0 0 6118.dat
1 0 -50 -14 -80 0 0 1 0 1 0 -1 0 0 6118.dat
1 0 0 -246 -64 1 0 0 0 0 -1 0 1 0 168275a.dat



0 FILE 6949 - Robot - Hinge 1.ldr
0 Robot - Hinge 1
0 Name: 6949 - Robot - Hinge 1.ldr
0 Author: Damien Roux [Darats]
0 !LDRAW_ORG Model
0 !LICENSE Redistributable under CCAL version 2.0 : see CAreadme.txt

0 !THEME Space / Spyrius

1 4 0 0 0 0 0 1 0 1 0 -1 0 0 2430.dat
1 0 10 -8 -10 0 0 1 0 1 0 -1 0 0 3024.dat
1 0 10 -8 -30 0 0 -1 0 1 0 1 0 0 6019.dat
1 0 10 -16 -20 0 0 -1 0 1 0 1 0 0 3069bp21.dat



0 FILE 6949 - Robot - Hinge 2.ldr
0 Robot - Hinge 2
0 Name: 6949 - Robot - Hinge 2.ldr
0 Author: Damien Roux [Darats]
0 !LDRAW_ORG Model
0 !LICENSE Redistributable under CCAL version 2.0 : see CAreadme.txt

0 !THEME Space / Spyrius

1 4 0 0 0 0 0 -1 0 1 0 1 0 0 2429.dat
1 0 -10 -8 -10 0 0 -1 0 1 0 1 0 0 3024.dat
1 0 -10 -8 -30 0 0 1 0 1 0 -1 0 0 6019.dat
1 0 -10 -16 -20 0 0 1 0 1 0 -1 0 0 3069bp21.dat



0 FILE 6949 - Robot - Container.ldr
0 Robot - Container
0 Name: 6949 - Robot - Container.ldr
0 Author: Damien Roux [Darats]
0 !LDRAW_ORG Model
0 !LICENSE Redistributable under CCAL version 2.0 : see CAreadme.txt

0 !THEME Space / Spyrius

1 4 0 0 0 1 0 0 0 1 0 0 0 1 4345b.dat
1 0 0 0 0 1 0 0 0 1 0 0 0 1 4346p61.dat
1 0 0 -8 0 1 0 0 0 1 0 0 0 1 2609a.dat
1 0 0 -14.6 0 1 0 0 0 0 -1 0 1 0 2959c01.dat
1 0 0 32 -4 0 0 1 0 1 0 -1 0 0 3069bp28.dat
1 0 0 24 -4 0 0 1 0 1 0 -1 0 0 3069bp28.dat



0 FILE 6949 - Robot - Bar.ldr
0 Robot - Bar
0 Name: 6949 - Robot - Bar.ldr
0 Author: Damien Roux [Darats]
0 !LDRAW_ORG Model
0 !LICENSE Redistributable under CCAL version 2.0 : see CAreadme.txt

0 !THEME Space / Spyrius

1 7 0 0 20 1 0 0 0 1 0 0 0 1 3651.dat
1 4 0 0 98 1 0 0 0 0 -1 0 1 0 3957a.dat



0 FILE 6949 - Robot - Head.ldr
0 Robot - Head
0 Name: 6949 - Robot - Head.ldr
0 Author: Damien Roux [Darats]
0 !LDRAW_ORG Model
0 !LICENSE Redistributable under CCAL version 2.0 : see CAreadme.txt

0 !THEME Space / Spyrius

1 0 0 0 0 1 0 0 0 1 0 0 0 1 3404.dat
1 4 0 -8 10 1 0 0 0 1 0 0 0 1 2431.dat
1 4 0 -8 -10 1 0 0 0 1 0 0 0 1 2431.dat
1 0 0 -16 0 1 0 0 0 1 0 0 0 1 6949 - Robot - Head - Head.ldr


0 FILE 6949 - Robot - Head - Head.ldr
0 Robot - Head - Head
0 Name: 6949 - Robot - Head - Head.ldr
0 Author: Damien Roux [Darats]
0 !LDRAW_ORG Model
0 !LICENSE Redistributable under CCAL version 2.0 : see CAreadme.txt

0 !THEME Space / Spyrius

1 8 -30 0 0 0 0 1 0 1 0 -1 0 0 2419.dat
1 8 30 0 0 0 0 -1 0 1 0 1 0 0 2419.dat
1 4 0 -8 0 1 0 0 0 1 0 0 0 1 3795.dat
1 0 -50 -32 0 0 0 1 0 1 0 -1 0 0 3700.dat
1 0 50 -32 0 0 0 1 0 1 0 -1 0 0 3700.dat
1 0 0 -24 50 -1 0 0 0 1 0 0 0 -1 3660.dat
1 0 0 -24 -50 1 0 0 0 1 0 0 0 1 3660.dat
1 0 -50 -24 -50 1 0 0 0 1 0 0 0 1 2464.dat
1 0 -50 -24 50 0 0 1 0 1 0 -1 0 0 2464.dat
1 4 -50 -40 0 0 0 1 0 1 0 -1 0 0 3023.dat
1 4 50 -40 0 0 0 1 0 1 0 -1 0 0 3023.dat
1 0 50 -24 50 -1 0 0 0 1 0 0 0 -1 2464.dat
1 0 50 -24 -50 0 0 -1 0 1 0 1 0 0 2464.dat
1 0 20 -48 -50 -1 0 0 0 1 0 0 0 -1 3039pc7.dat
1 0 -50 -48 0 0 0 -1 0 1 0 1 0 0 3023.dat
1 0 50 -48 0 0 0 -1 0 1 0 1 0 0 3023.dat
1 0 -10 -48 50 0 0 -1 0 1 0 1 0 0 2357.dat
1 0 10 -48 50 1 0 0 0 1 0 0 0 1 2357.dat
1 0 -20 -48 -50 -1 0 0 0 1 0 0 0 -1 3039pc1.dat
1 4 0 -48 -70 1 0 0 0 1 0 0 0 1 2877.dat
1 0 0 -56 -60 1 0 0 0 1 0 0 0 1 3020.dat
1 4 -30 -56 70 -1 0 0 0 1 0 0 0 -1 4085c.dat
1 4 30 -56 70 -1 0 0 0 1 0 0 0 -1 4085c.dat
1 0 -50 -56 0 0 0 -1 0 1 0 1 0 0 3666.dat
1 0 50 -56 0 0 0 -1 0 1 0 1 0 0 3666.dat
1 0 70 -56 0 0 0 -1 0 1 0 1 0 0 3710.dat
1 0 -70 -56 0 0 0 -1 0 1 0 1 0 0 3710.dat
1 4 0 8 30 -1 0 0 0 1 0 0 0 -1 3710.dat
1 4 0 8 -30 -1 0 0 0 1 0 0 0 -1 3710.dat
1 42 10 8 -50 -1 0 0 0 1 0 0 0 -1 6141.dat
1 42 -10 8 -50 -1 0 0 0 1 0 0 0 -1 6141.dat
1 42 10 8 50 -1 0 0 0 1 0 0 0 -1 6141.dat
1 42 -10 8 50 -1 0 0 0 1 0 0 0 -1 6141.dat
1 42 50 8 10 0 0 1 0 1 0 -1 0 0 6141.dat
1 42 50 8 -10 0 0 1 0 1 0 -1 0 0 6141.dat
1 42 -50 8 10 0 0 1 0 1 0 -1 0 0 6141.dat
1 42 -50 8 -10 0 0 1 0 1 0 -1 0 0 6141.dat
1 0 0 -72 60 0 0 -1 0 1 0 1 0 0 3003.dat
1 4 30 -72 50 0 0 -1 0 1 0 1 0 0 3062b.dat
1 4 -30 -72 50 0 0 -1 0 1 0 1 0 0 3062b.dat
1 0 50 -80 50 0 0 -1 0 1 0 1 0 0 2462.dat
1 0 -50 -80 50 -1 0 0 0 1 0 0 0 -1 2462.dat
1 0 -50 -80 30 1 0 0 0 1 0 0 0 1 4286.dat
1 0 50 -80 30 1 0 0 0 1 0 0 0 1 4286.dat
1 4 0 -52 80 -1 0 0 0 0 1 0 1 0 3956.dat
1 0 0 -52 88 -1 0 0 0 0 1 0 1 0 4591.dat
1 0 -30 -80 50 -1 0 0 0 1 0 0 0 -1 3024.dat
1 0 30 -80 50 -1 0 0 0 1 0 0 0 -1 3024.dat
1 4 50 -88 40 0 0 1 0 1 0 -1 0 0 2412b.dat
1 4 -50 -88 40 0 0 1 0 1 0 -1 0 0 2412b.dat
1 4 0 -88 60 1 0 0 0 1 0 0 0 1 3020.dat
1 0 0 -96 60 1 0 0 0 1 0 0 0 1 3020.dat
1 0 0 -104 70 1 0 0 0 1 0 0 0 1 3710.dat
1 0 0 -104 50 1 0 0 0 1 0 0 0 1 4315.dat
1 36 0 -100 36 1 0 0 0 1 0 0 0 1 4474.dat
1 0 0 -112 60 1 0 0 0 1 0 0 0 1 3068bp51.dat
1 42 30 -45 90 1 0 0 0 1 0 0 0 1 2569.dat
1 42 -30 -45 90 1 0 0 0 1 0 0 0 1 2569.dat



0 FILE 6949 - Robot - Head + Minifig.ldr
0 Robot - Head + Minifig
0 Name: 6949 - Robot - Head + Minifig.ldr
0 Author: Damien Roux [Darats]
0 !LDRAW_ORG Model
0 !LICENSE Redistributable under CCAL version 2.0 : see CAreadme.txt

0 !THEME Space / Spyrius

1 0 0 0 0 1 0 0 0 1 0 0 0 1 6949 - Robot - Head.ldr
1 0 0 -77 8 1 0 0 0 1 0 0 0 1 6949 - Minifig 3.ldr



0 FILE 6949 - Robot - Arm 1.ldr
0 Robot - Arm 1
0 Name: 6949 - Robot - Arm 1.ldr
0 Author: Damien Roux [Darats]
0 !LDRAW_ORG Model
0 !LICENSE Redistributable under CCAL version 2.0 : see CAreadme.txt

0 !THEME Space / Spyrius

1 0 160 0 0 1 0 0 0 -1 0 0 0 -1 3707.dat
1 7 190 0 0 0 0 -1 0 -1 0 -1 0 0 4019.dat
1 7 210 0 0 0 0 -1 0 -1 0 -1 0 0 3713.dat
1 0 80 -4 -30 1 0 0 0 1 0 0 0 1 3475b.dat
1 8 80 4 -40 -1 0 0 0 1 0 0 0 -1 4859.dat
1 0 80 12 -40 -1 0 0 0 1 0 0 0 -1 4032a.dat
1 0 80 -4 -60 0 0 1 0 1 0 -1 0 0 2444.dat
1 4 80 -12 -40 0 0 1 0 1 0 -1 0 0 3022.dat
1 4 80 -12 -70 1 0 0 0 1 0 0 0 1 3839b.dat
1 0 70 -20 -60 0 0 1 0 1 0 -1 0 0 2412b.dat
1 0 90 -20 -60 0 0 1 0 1 0 -1 0 0 2412b.dat
1 0 80 6 -120 1 0 0 0 1 0 0 0 1 6949 - Robot - Arm 1 - 1.ldr



0 FILE 6949 - Robot - Arm 1 - 1.ldr
0 Robot - Arm 1 - 1
0 Name: 6949 - Robot - Arm 1 - 1.ldr
0 Author: Damien Roux [Darats]
0 !LDRAW_ORG Model
0 !LICENSE Redistributable under CCAL version 2.0 : see CAreadme.txt

0 !THEME Space / Spyrius

1 0 0 14 0 0 0 -1 0 1 0 1 0 0 3020.dat
1 4 20 6 -40 1 0 0 0 1 0 0 0 1 2429.dat
1 4 0 6 -10 1 0 0 0 1 0 0 0 1 3023.dat
1 4 0 -10 20 0 0 -1 0 1 0 1 0 0 4730.dat
1 8 0 -2 -20 1 0 0 0 1 0 0 0 1 4859.dat
1 0 0 -10 -20 1 0 0 0 1 0 0 0 1 3022.dat
1 0 0 -18 30 1 0 0 0 1 0 0 0 1 2412b.dat
1 4 20 -18 -40 1 0 0 0 1 0 0 0 1 2429.dat
1 0 0 -18 0 -1 0 0 0 1 0 0 0 -1 3068bp51.dat
1 0 20 14 -40 0.866 0 -0.5 0 1 0 0.5 0 0.866 6949 - Robot - Arm 1 - 2.ldr



0 FILE 6949 - Robot - Arm 1 - 2.ldr
0 Robot - Arm 1 - 2
0 Name: 6949 - Robot - Arm 1 - 2.ldr
0 Author: Damien Roux [Darats]
0 !LDRAW_ORG Model
0 !LICENSE Redistributable under CCAL version 2.0 : see CAreadme.txt

0 !THEME Space / Spyrius

1 0 -20 0 -30 0 0 -1 0 1 0 1 0 0 3021.dat
1 4 0 -8 0 -1 0 0 0 1 0 0 0 -1 2430.dat
1 0 -20 -8 -50 1 0 0 0 1 0 0 0 1 3839b.dat
1 0 -20 -16 -60 0 0 1 0 1 0 -1 0 0 2444.dat
1 0 -20 -16 -10 -1 0 0 0 1 0 0 0 -1 3023.dat
1 0 -20 -6 -80 0 0 -1 0 1 0 1 0 0 2780.dat
1 0 -20 -24 -40 0 0 -1 0 1 0 1 0 0 3020.dat
1 4 0 -32 0 -1 0 0 0 1 0 0 0 -1 2430.dat
1 4 -20 -32 -70 -1 0 0 0 1 0 0 0 -1 3794a.dat
1 4 -20 -32 -50 -1 0 0 0 1 0 0 0 -1 3794a.dat
1 0 -20 -48 -60 -1 0 0 0 1 0 0 0 -1 4595.dat
1 42 6 -2 -68 -1 0 0 0 0 -1 0 -1 0 4589.dat
1 42 -46 -2 -68 -1 0 0 0 0 -1 0 -1 0 4589.dat
1 0 -20 -6 -90 0.9659 -0.2588 0 0.2588 0.9659 0 0 0 1 6949 - Robot - Arm 1 - 3.ldr



0 FILE 6949 - Robot - Arm 1 - 3.ldr
0 Robot - Arm 1 - 3
0 Name: 6949 - Robot - Arm 1 - 3.ldr
0 Author: Damien Roux [Darats]
0 !LDRAW_ORG Model
0 !LICENSE Redistributable under CCAL version 2.0 : see CAreadme.txt

0 !THEME Space / Spyrius

1 4 0 -10 0 1 0 0 0 1 0 0 0 1 2607.dat
1 0 0 -1 -26.6 1 0 0 0 0.866 0.5 0 -0.5 0.866 6949 - Robot - Arm 1 - 4 + Container.ldr



0 FILE 6949 - Robot - Arm 1 - 4.ldr
0 Robot - Arm 1 - 4
0 Name: 6949 - Robot - Arm 1 - 4.ldr
0 Author: Damien Roux [Darats]
0 !LDRAW_ORG Model
0 !LICENSE Redistributable under CCAL version 2.0 : see CAreadme.txt

0 !THEME Space / Spyrius

1 0 0 0 0 1 0 0 0 0 1 0 -1 0 2959c01.dat



0 FILE 6949 - Robot - Arm 1 - 4 + Container.ldr
0 Robot - Arm 1 - 4 + Container
0 Name: 6949 - Robot - Arm 1 - 4 + Container.ldr
0 Author: Damien Roux [Darats]
0 !LDRAW_ORG Model
0 !LICENSE Redistributable under CCAL version 2.0 : see CAreadme.txt

0 !THEME Space / Spyrius

1 0 0 0 0 1 0 0 0 1 0 0 0 1 6949 - Robot - Arm 1 - 4.ldr
1 0 0 30.6 0 1 0 0 0 1 0 0 0 1 6949 - Robot - Container.ldr



0 FILE 6949 - Robot - Arm 2.ldr
0 Robot - Arm 2
0 Name: 6949 - Robot - Arm 2.ldr
0 Author: Damien Roux [Darats]
0 !LDRAW_ORG Model
0 !LICENSE Redistributable under CCAL version 2.0 : see CAreadme.txt

0 !THEME Space / Spyrius

1 0 -160 0 0 -1 0 0 0 1 0 0 0 -1 3707.dat
1 7 -190 0 0 0 0 1 0 1 0 -1 0 0 4019.dat
1 7 -210 0 0 0 0 1 0 1 0 -1 0 0 3713.dat
1 0 -80 -4 -30 1 0 0 0 1 0 0 0 1 3475b.dat
1 8 -80 4 -40 -1 0 0 0 1 0 0 0 -1 4859.dat
1 0 -80 12 -40 -1 0 0 0 1 0 0 0 -1 4032a.dat
1 0 -80 -4 -60 0 0 1 0 1 0 -1 0 0 2444.dat
1 4 -80 -12 -40 0 0 1 0 1 0 -1 0 0 3022.dat
1 4 -80 -12 -70 1 0 0 0 1 0 0 0 1 3839b.dat
1 0 -90 -20 -60 0 0 1 0 1 0 -1 0 0 2412b.dat
1 0 -70 -20 -60 0 0 1 0 1 0 -1 0 0 2412b.dat
1 0 -80 6 -120 1 0 0 0 1 0 0 0 1 6949 - Robot - Arm 2 - 1.ldr


0 FILE 6949 - Robot - Arm 2 - 1.ldr
0 Robot - Arm 2 - 1
0 Name: 6949 - Robot - Arm 2 - 1.ldr
0 Author: Damien Roux [Darats]
0 !LDRAW_ORG Model
0 !LICENSE Redistributable under CCAL version 2.0 : see CAreadme.txt

0 !THEME Space / Spyrius

1 0 0 14 0 0 0 -1 0 1 0 1 0 0 3020.dat
1 4 0 6 -10 1 0 0 0 1 0 0 0 1 3023.dat
1 4 0 -10 20 0 0 -1 0 1 0 1 0 0 4730.dat
1 8 0 -2 -20 1 0 0 0 1 0 0 0 1 4859.dat
1 0 0 -10 -20 1 0 0 0 1 0 0 0 1 3022.dat
1 0 0 -18 30 1 0 0 0 1 0 0 0 1 2412b.dat
1 0 0 -18 0 -1 0 0 0 1 0 0 0 -1 3068bp51.dat
1 4 -20 -18 -40 1 0 0 0 1 0 0 0 1 2430.dat
1 4 -20 6 -40 1 0 0 0 1 0 0 0 1 2430.dat
1 0 -20 14 -40 0.7071 0 0.7071 0 1 0 -0.7071 0 0.7071 6949 - Robot - Arm 2 - 2.ldr


0 FILE 6949 - Robot - Arm 2 - 2.ldr
0 Robot - Arm 2 - 2
0 Name: 6949 - Robot - Arm 2 - 2.ldr
0 Author: Damien Roux [Darats]
0 !LDRAW_ORG Model
0 !LICENSE Redistributable under CCAL version 2.0 : see CAreadme.txt

0 !THEME Space / Spyrius

1 0 20 0 -30 0 0 -1 0 1 0 1 0 0 3021.dat
1 4 0 -8 0 -1 0 0 0 1 0 0 0 -1 2429.dat
1 0 20 -8 -50 1 0 0 0 1 0 0 0 1 3839b.dat
1 0 20 -16 -60 0 0 1 0 1 0 -1 0 0 2444.dat
1 0 20 -16 -10 -1 0 0 0 1 0 0 0 -1 3023.dat
1 0 20 -24 -40 0 0 -1 0 1 0 1 0 0 3020.dat
1 4 0 -32 0 -1 0 0 0 1 0 0 0 -1 2429.dat
1 4 20 -32 -50 -1 0 0 0 1 0 0 0 -1 3794a.dat
1 4 20 -32 -70 -1 0 0 0 1 0 0 0 -1 3794a.dat
1 0 20 -48 -60 -1 0 0 0 1 0 0 0 -1 4595.dat
1 0 20 -6 -82 -1 0 0 0 1 0 0 0 -1 6048.dat
1 42 46 -2 -68 -1 0 0 0 0 -1 0 -1 0 4589.dat
1 42 -6 -2 -68 -1 0 0 0 0 -1 0 -1 0 4589.dat
1 0 20 -6 -94 0 -0.866 0.5 1 0 0 0 0.5 0.866 6949 - Robot - Arm 2 - 3.ldr


0 FILE 6949 - Robot - Arm 2 - 3.ldr
0 Robot - Arm 2 - 3
0 Name: 6949 - Robot - Arm 2 - 3.ldr
0 Author: Damien Roux [Darats]
0 !LDRAW_ORG Model
0 !LICENSE Redistributable under CCAL version 2.0 : see CAreadme.txt

0 !THEME Space / Spyrius

1 0 0 0 -22 -1 0 0 0 -1 0 0 0 1 4220b.dat
1 0 0 0 -22 -1 0 0 0 -0.866 0.5 0 0.5 0.866 4221.dat
1 0 0 0 -22 1 0 0 0 0.9659 -0.2588 0 0.2588 0.9659 4221.dat


0 FILE 6949 - Minifig 1.ldr
0 Minifig 1
0 Name: 6949 - Minifig 1.ldr
0 Author: Damien Roux [Darats]
0 !LDRAW_ORG Model
0 !LICENSE Redistributable under CCAL version 2.0 : see CAreadme.txt

0 !THEME Space / Spyrius

1 47 0 -18.823 26.022 0.819152 0 0.573576 -0.219498 0.923879 0.313476 -0.529915 -0.382683 0.756798 2446.dat
1 0 0 -18.823 26.022 0.819152 0 0.573576 -0.219498 0.923879 0.313476 -0.529915 -0.382683 0.756798 3626bp63.dat
1 4 0 3.349 16.838 1 0 0 0 0.923879 0.382683 0 -0.382683 0.923879 973p63.dat
1 4 0 32.914 4.592 1 0 0 0 0.923879 0.382683 0 -0.382683 0.923879 3815p63.dat
1 0 -15.552 11.665 13.394 0.985 -0.167417 -0.0295202 0.157059 0.829744 0.534893 -0.065056 -0.531647 0.844388 3818.dat
1 0 15.552 11.665 13.394 0.985 0.0411267 0.16495 -0.157059 -0.151162 0.975569 0.065056 -0.987627 -0.14224 3819.dat
1 4 -23.51 20.894 -4.957 0.985 -0.139235 0.0974933 0.157059 0.964798 -0.208459 -0.065056 0.221108 0.972857 3820.dat
1 4 19.743 -2.057 -3.329 0.985 0.145696 0.0875433 -0.157059 0.582856 0.796599 0.065056 -0.798816 0.597689 3820.dat
1 4 0 44 0 1 0 0 0 1 0 0 0 1 3816p63.dat
1 4 0 44 0 1 0 0 0 1 0 0 0 1 3817p63.dat



0 FILE 6949 - Minifig 2.ldr
0 Minifig 2
0 Name: 6949 - Minifig 2.ldr
0 Author: Damien Roux [Darats]
0 !LDRAW_ORG Model
0 !LICENSE Redistributable under CCAL version 2.0 : see CAreadme.txt

0 !THEME Space / Spyrius

1 0 0 -27 0 0.838671 0 0.544639 0 1 0 -0.544639 0 0.838671 6949 - Minifig 2 - Helmet.ldr
1 14 0 -27 0 0.838671 0 0.544639 0 1 0 -0.544639 0 0.838671 3626bp66.dat
1 0 0 0 0 1 0 0 0 1 0 0 0 1 3838.dat
1 1 0 0 0 1 0 0 0 1 0 0 0 1 973p66.dat
1 4 0 32 0 1 0 0 0 1 0 0 0 1 3815.dat
1 0 -15.552 9 0 0.985 -0.0950628 -0.140936 0.17 0.550805 0.816602 0 -0.829038 0.559193 3818.dat
1 0 15.552 9 0 0.985 0.035345 0.166285 -0.17 0.204793 0.963475 0 -0.978148 0.207912 3819.dat
1 4 -21.0029 10.0215 -21.325 0.995794 -0.0803681 -0.0324326 0.0850947 0.977894 0.187918 0.0166276 -0.190054 0.981479 3820.dat
1 4 19.6209 2.01409 -20.4969 0.985 0.142552 0.0925747 -0.17 0.825966 0.536388 0 -0.544557 0.838544 3820.dat
1 0 0 44 0 1 0 0 0 0 1 0 -1 0 3816.dat
1 0 0 44 0 1 0 0 0 0 1 0 -1 0 3817.dat



0 FILE 6949 - Minifig 2 - Helmet.ldr
0 Minifig 2 - Helmet
0 Name: 6949 - Minifig 2 - Helmet.ldr
0 Author: Damien Roux [Darats]
0 !LDRAW_ORG Model
0 !LICENSE Redistributable under CCAL version 2.0 : see CAreadme.txt

0 !THEME Space / Spyrius

1 4 0 0 0 1 0 0 0 1 0 0 0 1 2446.dat
1 42 0 0 0 1 0 0 0 1 0 0 0 1 2447.dat



0 FILE 6949 - Minifig 3.ldr
0 Minifig 3
0 Name: 6949 - Minifig 3.ldr
0 Author: Damien Roux [Darats]
0 !LDRAW_ORG Model
0 !LICENSE Redistributable under CCAL version 2.0 : see CAreadme.txt

0 !THEME Space / Spyrius

1 0 0 -27 0 0.866025 0 -0.5 0 1 0 0.5 0 0.866025 6949 - Minifig 3 - Helmet.ldr
1 14 0 -27 0 0.866025 0 -0.5 0 1 0 0.5 0 0.866025 3626bp67.dat
1 0 0 0 0 1 0 0 0 1 0 0 0 1 3838.dat
1 1 0 0 0 1 0 0 0 1 0 0 0 1 973p66.dat
1 4 0 32 0 1 0 0 0 1 0 0 0 1 3815.dat
1 0 -15.552 9 0 0.985 -0.0236594 -0.168346 0.17 0.137086 0.975414 0 -0.990268 0.139173 3818.dat
1 0 15.552 9 0 0.985 0.135768 0.102309 -0.17 0.786656 0.592788 0 -0.601815 0.798636 3819.dat
1 4 -19.3804 0.620613 -20.0148 0.985 -0.135748 -0.102293 0.17 0.786537 0.592698 0 -0.601724 0.798515 3820.dat
1 4 22.1652 16.7563 -19.5334 0.985 0.16832 -0.0236559 -0.17 0.975267 -0.137065 0 0.139152 0.990119 3820.dat
1 0 0 44 0 1 0 0 0 0 1 0 -1 0 3816.dat
1 0 0 44 0 1 0 0 0 0 1 0 -1 0 3817.dat



0 FILE 6949 - Minifig 3 - Helmet.ldr
0 Minifig 3 - Helmet
0 Name: 6949 - Minifig 3 - Helmet.ldr
0 Author: Damien Roux [Darats]
0 !LDRAW_ORG Model
0 !LICENSE Redistributable under CCAL version 2.0 : see CAreadme.txt

0 !THEME Space / Spyrius

1 4 0 0 0 1 0 0 0 1 0 0 0 1 2446p50.dat
1 42 0 1.904 4.596 1 0 0 0 0.707107 0.707107 0 -0.707107 0.707107 2447.dat

