0 FILE 6953 - Cosmic Laser Launcher.ldr
0 Cosmic Laser Launcher
0 Name: 6953 - Cosmic Laser Launcher.ldr
0 Author: Damien Roux [Darats]
0 !LDRAW_ORG Model
0 !LICENSE Redistributable under CCAL version 2.0 : see CAreadme.txt

0 !THEME Space / Futuron

1 0 0 0 0 1 0 0 0 1 0 0 0 1 6953 - Base + Minifigs.ldr
1 0 440 -20 -40 0.707107 0 0.707107 0 1 0 -0.707107 0 0.707107 6953 - Vehicle.ldr


0 FILE 6953 - Vehicle.ldr
0 Vehicle
0 Name: 6953 - Vehicle.ldr
0 Author: Damien Roux [Darats]
0 !LDRAW_ORG Model
0 !LICENSE Redistributable under CCAL version 2.0 : see CAreadme.txt

0 !THEME Space / Futuron

1 0 0 0 0 1 0 0 0 1 0 0 0 1 6953 - Vehicle - Front + Minifig.ldr
1 0 0 -8 60 0.92388 0 -0.382683 0 1 0 0.382683 0 0.92388 6953 - Vehicle - Back.ldr


0 FILE 6953 - Vehicle - Front.ldr
0 Vehicle - Front
0 Name: 6953 - Vehicle - Front.ldr
0 Author: Damien Roux [Darats]
0 !LDRAW_ORG Model
0 !LICENSE Redistributable under CCAL version 2.0 : see CAreadme.txt

0 !THEME Space / Futuron

1 0 0 0 0 1 0 0 0 1 0 0 0 1 122c02.dat
1 15 0 -8 0 1 0 0 0 1 0 0 0 1 3022.dat
1 0 0 -16 0 -1 0 0 0 1 0 0 0 -1 3640.dat
1 15 0 -24 30 -1 0 0 0 1 0 0 0 -1 3023.dat
1 0 0 -24 -30 -1 0 0 0 1 0 0 0 -1 6953 - Vehicle - Front - Command.ldr
1 36 0 -38 -40 -1 0 0 0 0 -1 0 -1 0 6141.dat
1 36 0 -38 -48 -1 0 0 0 0 -1 0 -1 0 4740.dat
1 256 30 6 0 0 0 -1 0 1 0 1 0 0 3641.dat
1 256 -30 6 0 0 0 1 0 1 0 -1 0 0 3641.dat

0 FILE 6953 - Vehicle - Front - Command.ldr
0 Vehicle - Front - Command
0 Name: 6953 - Vehicle - Front - Command.ldr
0 Author: Damien Roux [Darats]
0 !LDRAW_ORG Model
0 !LICENSE Redistributable under CCAL version 2.0 : see CAreadme.txt

0 !THEME Space / Futuron

1 15 0 0 0 1 0 0 0 1 0 0 0 1 2342.dat
1 15 0 -39.71 -8.266 0 0 1 0.372567 0.928005 0 -0.928005 0.372567 0 3070bp06.dat


0 FILE 6953 - Vehicle - Front + Minifig.ldr
0 Vehicle - Front + Minifig
0 Name: 6953 - Vehicle - Front + Minifig.ldr
0 Author: Damien Roux [Darats]
0 !LDRAW_ORG Model
0 !LICENSE Redistributable under CCAL version 2.0 : see CAreadme.txt

0 !THEME Space / Futuron

1 0 0 0 0 1 0 0 0 1 0 0 0 1 6953 - Vehicle - Front.ldr
1 0 0 -69 8 1 0 0 0 1 0 0 0 1 6953 - Minifig 1.ldr


0 FILE 6953 - Vehicle - Back.ldr
0 Vehicle - Back
0 Name: 6953 - Vehicle - Back.ldr
0 Author: Damien Roux [Darats]
0 !LDRAW_ORG Model
0 !LICENSE Redistributable under CCAL version 2.0 : see CAreadme.txt

0 !THEME Space / Futuron

1 15 0 0 120 0 0 1 0 1 0 -1 0 0 3034.dat
1 0 0 8 60 -1 0 0 0 1 0 0 0 -1 122c02.dat
1 256 30 14 60 0 0 -1 0 1 0 1 0 0 3641.dat
1 256 -30 14 60 0 0 1 0 1 0 -1 0 0 3641.dat
1 0 0 8 180 -1 0 0 0 1 0 0 0 -1 122c02.dat
1 256 30 14 180 0 0 -1 0 1 0 1 0 0 3641.dat
1 256 -30 14 180 0 0 1 0 1 0 -1 0 0 3641.dat
1 0 0 -8 60 1 0 0 0 1 0 0 0 1 3639.dat
1 0 0 -8 160 0 0 1 0 1 0 -1 0 0 3795.dat
1 15 0 -16 200 0 0 1 0 1 0 -1 0 0 3022.dat
1 15 0 -16 80 0 0 1 0 1 0 -1 0 0 3022.dat
1 15 0 -16 140 -1 0 0 0 1 0 0 0 -1 3032.dat
1 15 0 -32 50 1 0 0 0 1 0 0 0 1 3039.dat
1 15 50 -40 150 -1 0 0 0 1 0 0 0 -1 3040b.dat
1 15 -50 -40 150 -1 0 0 0 1 0 0 0 -1 3040b.dat
1 15 -50 -40 110 -1 0 0 0 1 0 0 0 -1 3005.dat
1 15 50 -40 110 -1 0 0 0 1 0 0 0 -1 3005.dat


0 FILE 6953 - Base.ldr
0 Base
0 Name: 6953 - Base.ldr
0 Author: Damien Roux [Darats]
0 !LDRAW_ORG Model
0 !LICENSE Redistributable under CCAL version 2.0 : see CAreadme.txt

0 !THEME Space / Futuron

1 7 0 0 0 1 0 0 0 1 0 0 0 1 3811.dat
1 0 -240 -120 -100 0 0 1 0 1 0 -1 0 0 4476.dat
1 0 -240 -120 100 0 0 1 0 1 0 -1 0 0 4476.dat
1 0 -100 -120 -200 1 0 0 0 1 0 0 0 1 4476.dat
1 0 -100 -120 200 -1 0 0 0 1 0 0 0 -1 4476.dat
1 0 -210 -8 0 0 0 -1 0 1 0 1 0 0 3069b.dat
1 0 -110 -8 0 0 0 -1 0 1 0 1 0 0 3069b.dat
1 36 310 -8 -70 0 0 -1 0 1 0 1 0 0 3070b.dat
1 36 310 -8 70 0 0 -1 0 1 0 1 0 0 3070b.dat
1 15 220 -8 70 1 0 0 0 1 0 0 0 1 4162.dat
1 15 220 -8 -70 1 0 0 0 1 0 0 0 1 4162.dat
1 15 150 -24 -120 0 0 -1 0 1 0 1 0 0 3037.dat
1 15 150 -24 120 0 0 -1 0 1 0 1 0 0 3037.dat
1 0 20 -120 -140 -1 0 0 0 1 0 0 0 -1 4476.dat
1 0 20 -120 140 1 0 0 0 1 0 0 0 1 4476.dat
1 0 20 -120 200 -1 0 0 0 1 0 0 0 -1 4476.dat
1 0 20 -120 -200 1 0 0 0 1 0 0 0 1 4476.dat
1 0 150 -48 120 0 0 -1 0 1 0 1 0 0 3010p05.dat
1 0 150 -48 -120 0 0 -1 0 1 0 1 0 0 3010p05.dat
1 15 -110 -144 -200 0 0 1 0 1 0 -1 0 0 3660.dat
1 15 -110 -144 200 0 0 1 0 1 0 -1 0 0 3660.dat
1 15 -240 -144 100 0 0 1 0 1 0 -1 0 0 3003.dat
1 15 -240 -144 -100 0 0 1 0 1 0 -1 0 0 3003.dat
1 15 90 -120 -120 0 0 -1 0 1 0 1 0 0 4447.dat
1 0 90 -120 -120 0 0 -1 0 1 0 1 0 0 4448.dat
1 15 90 -120 120 0 0 -1 0 1 0 1 0 0 4447.dat
1 0 90 -120 120 0 0 -1 0 1 0 1 0 0 4448.dat
1 15 0 -128 -180 1 0 0 0 1 0 0 0 1 2401.dat
1 15 0 -128 180 0 0 -1 0 1 0 1 0 0 2401.dat
1 15 -90 -152 170 1 0 0 0 1 0 0 0 1 4287.dat
1 15 -90 -152 -170 -1 0 0 0 1 0 0 0 -1 4287.dat
1 15 -90 -152 210 0 0 -1 0 1 0 1 0 0 3622.dat
1 15 -90 -152 -210 0 0 -1 0 1 0 1 0 0 3622.dat
1 15 -90 -152 250 -1 0 0 0 1 0 0 0 -1 3040b.dat
1 15 -90 -152 -250 1 0 0 0 1 0 0 0 1 3040b.dat
1 0 20 -136 -160 1 0 0 0 1 0 0 0 1 3680.dat
1 0 20 -136 160 1 0 0 0 1 0 0 0 1 3680.dat
1 0 20 -136 -160 -0.382683 0 -0.92388 0 1 0 0.92388 0 -0.382683 6953 - Base - Command 1.ldr
1 0 20 -136 160 0.382683 0 -0.92388 0 1 0 0.92388 0 0.382683 6953 - Base - Command 2.ldr
1 15 -70 -152 -210 0 0 -1 0 1 0 1 0 0 4286.dat
1 15 -70 -152 210 0 0 -1 0 1 0 1 0 0 4286.dat
1 15 -200 -152 -140 0 0 1 0 1 0 -1 0 0 2401.dat
1 15 -200 -152 140 -1 0 0 0 1 0 0 0 -1 2401.dat
1 15 -230 -160 -50 0 0 -1 0 1 0 1 0 0 3623.dat
1 15 -230 -160 50 0 0 -1 0 1 0 1 0 0 3623.dat
1 15 -260 -160 0 0 0 -1 0 1 0 1 0 0 3034.dat
1 15 -270 -184 0 0 0 -1 0 1 0 1 0 0 3004.dat
1 15 -240 -176 150 1 0 0 0 1 0 0 0 1 3039.dat
1 15 -100 -160 -160 0 0 1 0 1 0 -1 0 0 3020.dat
1 15 -100 -160 160 0 0 1 0 1 0 -1 0 0 3020.dat
1 15 -240 -208 0 0 0 -1 0 1 0 1 0 0 2426c01.dat
1 0 -240 -190 0 0 0 -1 0 1 0 1 0 0 u9068.dat
1 0 -240 -190 100 0 0 -1 0 1 0 1 0 0 3707.dat
1 15 -240 -200 150 1 0 0 0 1 0 0 0 1 3700.dat
1 0 -240 -190 184 1 0 0 0 0 1 0 -1 0 3941.dat
1 15 -80 -176 210 -1 0 0 0 1 0 0 0 -1 3937.dat
1 0 -120 -176 210 -1 0 0 0 1 0 0 0 -1 3937.dat
1 15 -160 -176 210 -1 0 0 0 1 0 0 0 -1 3937.dat
1 15 -160 -176 -210 1 0 0 0 1 0 0 0 1 3937.dat
1 0 -120 -176 -210 1 0 0 0 1 0 0 0 1 3937.dat
1 15 -80 -176 -210 1 0 0 0 1 0 0 0 1 3937.dat
1 15 -190 -160 0 0 0 -1 0 1 0 1 0 0 3460.dat
1 0 -120 -166 0 1 0 0 0 1 0 0 0 1 6953 - Base - Structure.ldr
1 33 0 -264 -170 1 0 0 0 1 0 0 0 1 2448.dat
1 33 0 -264 -150 -1 0 0 0 1 0 0 0 -1 2448.dat
1 33 0 -264 150 1 0 0 0 1 0 0 0 1 2448.dat
1 33 0 -264 170 -1 0 0 0 1 0 0 0 -1 2448.dat
1 15 0 -272 160 0 0 -1 0 1 0 1 0 0 3068bp07.dat
1 15 0 -272 -160 0 0 -1 0 1 0 1 0 0 3068bp07.dat


0 FILE 6953 - Base - Command 1.ldr
0 Base - Command 1
0 Name: 6953 - Base - Command 1.ldr
0 Author: Damien Roux [Darats]
0 !LDRAW_ORG Model
0 !LICENSE Redistributable under CCAL version 2.0 : see CAreadme.txt

0 !THEME Space / Futuron

1 7 0 0 0 1 0 0 0 1 0 0 0 1 3679.dat
1 15 0 -24 0 1 0 0 0 1 0 0 0 1 3941.dat
1 15 0 -48 10 1 0 0 0 1 0 0 0 1 3039p32.dat
1 15 -10 -56 10 1 0 0 0 1 0 0 0 1 4592.dat
1 0 -10 -56 10 1 0 0 0 0.92388 -0.382683 0 0.382683 0.92388 4593.dat


0 FILE 6953 - Base - Command 2.ldr
0 Base - Command 2
0 Name: 6953 - Base - Command 2.ldr
0 Author: Damien Roux [Darats]
0 !LDRAW_ORG Model
0 !LICENSE Redistributable under CCAL version 2.0 : see CAreadme.txt

0 !THEME Space / Futuron

1 7 0 0 0 1 0 0 0 1 0 0 0 1 3679.dat
1 15 0 -24 0 1 0 0 0 1 0 0 0 1 3941.dat
1 15 0 -48 10 1 0 0 0 1 0 0 0 1 3039p32.dat
1 15 10 -56 10 1 0 0 0 1 0 0 0 1 4592.dat
1 0 10 -56 10 1 0 0 0 0.92388 -0.382683 0 0.382683 0.92388 4593.dat


0 FILE 6953 - Base - Structure.ldr
0 Base - Structure
0 Name: 6953 - Base - Structure.ldr
0 Author: Damien Roux [Darats]
0 !LDRAW_ORG Model
0 !LICENSE Redistributable under CCAL version 2.0 : see CAreadme.txt

0 !THEME Space / Futuron

1 0 0 0 210 1 0 0 0 0.939693 0.34202 0 -0.34202 0.939693 6953 - Base - Structure - 3.ldr
1 0 0 0 -210 1 0 0 0 0.939693 -0.34202 0 0.34202 0.939693 6953 - Base - Structure - 4.ldr
1 0 -76 -312.537 164.129 0 1 0 0.766044 0 -0.642788 -0.642788 0 -0.766044 6953 - Base - Structure - 2.ldr
1 0 -76 -312.538 -164.128 0 1 0 0.766044 0 0.642788 0.642788 0 -0.766044 6953 - Base - Structure - 2.ldr
1 0 -32 -189.971 61.282 1 0 0 0 1 0 0 0 1 6953 - Base - Structure - 1 + Rocket.ldr

0 FILE 6953 - Base - Structure - 1.ldr
0 Base - Structure - 1
0 Name: 6953 - Base - Structure - 1.ldr
0 Author: Damien Roux [Darats]
0 !LDRAW_ORG Model
0 !LICENSE Redistributable under CCAL version 2.0 : see CAreadme.txt

0 !THEME Space / Futuron

1 15 0 268 -60 1 0 0 0 1 0 0 0 1 3795.dat
1 15 -40 260 -60 0 0 1 0 1 0 -1 0 0 2422.dat
1 15 20 260 -60 0 0 1 0 1 0 -1 0 0 3020.dat
1 15 20 252 -30 -1 0 0 0 1 0 0 0 -1 3023.dat
1 15 20 252 -90 -1 0 0 0 1 0 0 0 -1 3023.dat
1 15 0 252 -60 -1 0 0 0 1 0 0 0 -1 3795.dat
1 0 -82 60 -60 0 1 0 1 0 0 0 0 -1 2428.dat
1 0 30 228 -70 1 0 0 0 1 0 0 0 1 3063b.dat
1 0 10 228 -70 0 0 1 0 1 0 -1 0 0 3063b.dat
1 0 10 228 -50 -1 0 0 0 1 0 0 0 -1 3063b.dat
1 0 30 228 -50 0 0 -1 0 1 0 1 0 0 3063b.dat
1 15 50 220 -60 0 0 -1 0 1 0 1 0 0 3069b.dat
1 15 20 220 -90 1 0 0 0 1 0 0 0 1 3069b.dat
1 15 -10 220 -60 0 0 1 0 1 0 -1 0 0 3069b.dat
1 15 20 220 -30 -1 0 0 0 1 0 0 0 -1 3069b.dat
1 15 -68 150 -60 0 1 0 1 0 0 0 0 -1 3623.dat
1 15 -60 180 -60 0 1 0 1 0 0 0 0 -1 3666.dat
1 15 -68 -10 -60 0 1 0 0 0 -1 -1 0 0 3794a.dat
1 15 -68 10 -60 0 1 0 0 0 -1 -1 0 0 3794a.dat
1 15 -60 0 -60 0 1 0 0 0 -1 -1 0 0 3034.dat
1 7 -52 0 -120 0 1 0 0 0 -1 -1 0 0 3679.dat
1 7 -52 0 0 0 1 0 0 0 -1 -1 0 0 3679.dat

0 FILE 6953 - Base - Structure - 1 + Rocket.ldr
0 Base - Structure - 1 + Rocket
0 Name: 6953 - Base - Structure - 1 + Rocket.ldr
0 Author: Damien Roux [Darats]
0 !LDRAW_ORG Model
0 !LICENSE Redistributable under CCAL version 2.0 : see CAreadme.txt

0 !THEME Space / Futuron

1 0 0 0 0 1 0 0 0 1 0 0 0 1 6953 - Base - Structure - 1.ldr
1 0 20 140 -60 0 0 -1 0 1 0 1 0 0 6953 - Base - Rocket.ldr

0 FILE 6953 - Base - Structure - 2.ldr
0 Base - Structure - 2
0 Name: 6953 - Base - Structure - 2.ldr
0 Author: Damien Roux [Darats]
0 !LDRAW_ORG Model
0 !LICENSE Redistributable under CCAL version 2.0 : see CAreadme.txt

0 !THEME Space / Futuron

1 15 80 0 0 1 0 0 0 1 0 0 0 1 3832.dat
1 7 0 8 0 1 0 0 0 1 0 0 0 1 3679.dat
1 0 160 -8 0 1 0 0 0 1 0 0 0 1 3680.dat

0 FILE 6953 - Base - Structure - 3.ldr
0 Base - Structure - 3
0 Name: 6953 - Base - Structure - 3.ldr
0 Author: Damien Roux [Darats]
0 !LDRAW_ORG Model
0 !LICENSE Redistributable under CCAL version 2.0 : see CAreadme.txt

0 !THEME Space / Futuron

1 15 40 -10 0 1 0 0 0 1 0 0 0 1 3938.dat
1 0 0 -10 0 1 0 0 0 1 0 0 0 1 3938.dat
1 15 -40 -10 0 1 0 0 0 1 0 0 0 1 3938.dat
1 33 0 -274 -160 -1 0 0 0 1 0 0 0 -1 2408p04.dat
1 15 -50 -298 -150 0 0 1 0 1 0 -1 0 0 3937.dat
1 15 -60 -288 -150 0 1 0 0 0 -1 -1 0 0 3938.dat
1 0 -68 -278 -150 0 1 0 0 0 -1 -1 0 0 3680.dat
1 15 -30 -282 -170 0 0 1 0 1 0 -1 0 0 3710.dat
1 15 30 -282 -170 0 0 1 0 1 0 -1 0 0 3710.dat
1 36 -30 -274 -200 0 0 1 0 1 0 -1 0 0 3024.dat
1 36 30 -274 -200 0 0 1 0 1 0 -1 0 0 3024.dat
1 15 0 -298 -160 -1 0 0 0 1 0 0 0 -1 3004.dat
1 15 0 -314 -160 0 0 -1 0 1 0 1 0 0 4595.dat
1 15 -10 -322 -160 0 0 -1 0 1 0 1 0 0 3957a.dat
1 15 10 -322 -160 0 0 -1 0 1 0 1 0 0 3957a.dat
1 36 36 -304 -160 0 1 0 0 0 1 1 0 0 4740.dat

0 FILE 6953 - Base - Structure - 4.ldr
0 Base - Structure - 4
0 Name: 6953 - Base - Structure - 4.ldr
0 Author: Damien Roux [Darats]
0 !LDRAW_ORG Model
0 !LICENSE Redistributable under CCAL version 2.0 : see CAreadme.txt

0 !THEME Space / Futuron

1 15 -40 -10 0 -1 0 0 0 1 0 0 0 -1 3938.dat
1 0 0 -10 0 -1 0 0 0 1 0 0 0 -1 3938.dat
1 15 40 -10 0 -1 0 0 0 1 0 0 0 -1 3938.dat
1 33 0 -274 160 1 0 0 0 1 0 0 0 1 2408p04.dat
1 15 -50 -298 150 0 0 1 0 1 0 -1 0 0 3937.dat
1 15 -60 -288 150 0 1 0 0 0 -1 -1 0 0 3938.dat
1 0 -68 -278 150 0 1 0 0 0 -1 -1 0 0 3680.dat
1 15 30 -282 170 0 0 -1 0 1 0 1 0 0 3710.dat
1 15 -30 -282 170 0 0 -1 0 1 0 1 0 0 3710.dat
1 36 30 -274 200 0 0 -1 0 1 0 1 0 0 3024.dat
1 36 -30 -274 200 0 0 -1 0 1 0 1 0 0 3024.dat
1 15 0 -298 160 1 0 0 0 1 0 0 0 1 3004.dat
1 15 0 -314 160 0 0 -1 0 1 0 1 0 0 4595.dat
1 15 10 -322 160 0 0 1 0 1 0 -1 0 0 3957a.dat
1 15 -10 -322 160 0 0 1 0 1 0 -1 0 0 3957a.dat
1 36 36 -304 160 0 1 0 0 0 1 1 0 0 4740.dat

0 FILE 6953 - Base - Rocket.ldr
0 Base - Rocket
0 Name: 6953 - Base - Rocket.ldr
0 Author: Damien Roux [Darats]
0 !LDRAW_ORG Model
0 !LICENSE Redistributable under CCAL version 2.0 : see CAreadme.txt

0 !THEME Space / Futuron

1 15 0 0 0 1 0 0 0 1 0 0 0 1 3031.dat
1 0 0 -24 30 1 0 0 0 1 0 0 0 1 3010.dat
1 0 -30 -24 -10 0 0 1 0 1 0 -1 0 0 3622.dat
1 0 30 -24 -10 0 0 1 0 1 0 -1 0 0 3622.dat
1 15 0 -96 30 1 0 0 0 1 0 0 0 1 2362a.dat
1 15 30 -96 0 0 0 1 0 1 0 -1 0 0 4215a.dat
1 15 -30 -96 0 0 0 -1 0 1 0 1 0 0 4215a.dat
1 0 0 -104 30 1 0 0 0 1 0 0 0 1 3710.dat
1 0 -30 -104 0 0 0 1 0 1 0 -1 0 0 2436a.dat
1 0 30 -104 0 0 0 -1 0 1 0 1 0 0 2436a.dat
1 0 0 -104 -30 1 0 0 0 1 0 0 0 1 4315.dat
1 0 60 -94 20 0 -1 0 0 0 1 -1 0 0 4531.dat
1 0 -60 -94 20 0 1 0 0 0 -1 -1 0 0 4531.dat
1 15 0 -152 0 1 0 0 0 1 0 0 0 1 3943b.dat
1 15 0 8 0 1 0 0 0 1 0 0 0 1 3941.dat
1 15 0 32 0 1 0 0 0 1 0 0 0 1 3943b.dat
1 0 0 80 0 1 0 0 0 1 0 0 0 1 3941.dat
1 15 0 -176 0 1 0 0 0 1 0 0 0 1 4588.dat
1 15 0 -184 0 1 0 0 0 1 0 0 0 1 4740.dat
1 36 0 -192 0 1 0 0 0 1 0 0 0 1 6141.dat
1 15 0 -200 0 1 0 0 0 1 0 0 0 1 4740.dat
1 36 0 -224 0 1 0 0 0 1 0 0 0 1 4589.dat
1 0 0 -100 -44 1 0 0 0 0 -1 0 1 0 6953 - Base - Rocket - Door.ldr
1 0 56 -94 -10 0.984808 -0.173648 0 0 0 -1 0.173648 0.984808 0 6953 - Base - Rocket - Wing 1.ldr
1 0 -56 -94 -10 0.984808 0.173648 0 0 0 -1 -0.173648 0.984808 0 6953 - Base - Rocket - Wing 2.ldr

0 FILE 6953 - Base - Rocket - Door.ldr
0 Base - Rocket - Door
0 Name: 6953 - Base - Rocket - Door.ldr
0 Author: Damien Roux [Darats]
0 !LDRAW_ORG Model
0 !LICENSE Redistributable under CCAL version 2.0 : see CAreadme.txt

0 !THEME Space / Futuron

1 15 0 -4 -36 1 0 0 0 1 0 0 0 1 2349a.dat
1 0 0 -4 -86 1 0 0 0 1 0 0 0 1 3710.dat
1 15 0 -12 -76 -1 0 0 0 1 0 0 0 -1 3068bp08.dat
1 33 0 0 -19 -1 0 0 0 1 0 0 0 -1 2348a.dat


0 FILE 6953 - Base - Rocket - Wing 1.ldr
0 Base - Rocket - Wing 1
0 Name: 6953 - Base - Rocket - Wing 1.ldr
0 Author: Damien Roux [Darats]
0 !LDRAW_ORG Model
0 !LICENSE Redistributable under CCAL version 2.0 : see CAreadme.txt

0 !THEME Space / Futuron

1 15 30 -4 0 -1 0 0 0 1 0 0 0 -1 4275b.dat
1 33 40 -12 -10 0 0 -1 0 1 0 1 0 0 2419.dat


0 FILE 6953 - Base - Rocket - Wing 2.ldr
0 Base - Rocket - Wing 2
0 Name: 6953 - Base - Rocket - Wing 2.ldr
0 Author: Damien Roux [Darats]
0 !LDRAW_ORG Model
0 !LICENSE Redistributable under CCAL version 2.0 : see CAreadme.txt

0 !THEME Space / Futuron

1 15 -30 -4 0 1 0 0 0 1 0 0 0 1 4275b.dat
1 33 -40 -12 -10 0 0 1 0 1 0 -1 0 0 2419.dat


0 FILE 6953 - Base + Minifigs.ldr
0 Base + Minifigs
0 Name: 6953 - Base + Minifigs.ldr
0 Author: Damien Roux [Darats]
0 !LDRAW_ORG Model
0 !LICENSE Redistributable under CCAL version 2.0 : see CAreadme.txt

0 !THEME Space / Futuron

1 0 0 0 0 1 0 0 0 1 0 0 0 1 6953 - Base.ldr
1 0 60 -200 -110 1 0 0 0 1 0 0 0 1 6953 - Minifig 2.ldr
1 0 -110 -232 140 0 0 -1 0 1 0 1 0 0 6953 - Minifig 3.ldr


0 FILE 6953 - Minifig 1.ldr
0 Minifig 1
0 Name: 6953 - Minifig 1.ldr
0 Author: Damien Roux [Darats]
0 !LDRAW_ORG Model
0 !LICENSE Redistributable under CCAL version 2.0 : see CAreadme.txt

0 !THEME Space / Futuron

1 0 0 -27 0 0.87462 0 -0.48481 0 1 0 0.48481 0 0.87462 6953 - Minifig 1 - Helmet.ldr
1 14 0 -27 0 0.87462 0 -0.48481 0 1 0 0.48481 0 0.87462 3626bp01.dat
1 4 0 0 0 1 0 0 0 1 0 0 0 1 3838.dat
1 15 0 0 0 1 0 0 0 1 0 0 0 1 973p6d.dat
1 4 0 32 0 1 0 0 0 1 0 0 0 1 3815.dat
1 4 -15.552 9 0 0.985 -0.00593291 -0.169896 0.17 0.034376 0.9844 0 -0.999391 0.0348995 3818.dat
1 4 15.552 9 0 0.985 0.17 0 -0.17 0.985 0 0 0 1 3819.dat
1 4 -19.0318 -1.39906 -19.1098 0.985 -0.124311 -0.115922 0.17 0.720275 0.671667 0 -0.681895 0.731243 3820.dat
1 4 23.8634 26.5956 -10.321 0.985 0.12019 -0.12019 -0.17 0.696395 -0.696395 0 0.707 0.707 3820.dat
1 4 0 44 0 1 0 0 0 0 1 0 -1 0 3816.dat
1 4 0 44 0 1 0 0 0 0 1 0 -1 0 3817.dat


0 FILE 6953 - Minifig 1 - Helmet.ldr
0 Minifig 1 - Helmet
0 Name: 6953 - Minifig 1 - Helmet.ldr
0 Author: Damien Roux [Darats]
0 !LDRAW_ORG Model
0 !LICENSE Redistributable under CCAL version 2.0 : see CAreadme.txt

0 !THEME Space / Futuron

1 4 0 0 0 1 0 0 0 1 0 0 0 1 2446.dat
1 33 0 0 0 1 0 0 0 1 0 0 0 1 2447.dat


0 FILE 6953 - Minifig 2.ldr
0 Minifig 2
0 Name: 6953 - Minifig 2.ldr
0 Author: Damien Roux [Darats]
0 !LDRAW_ORG Model
0 !LICENSE Redistributable under CCAL version 2.0 : see CAreadme.txt

0 !THEME Space / Futuron

1 0 0 -27 0 0.92388 0 -0.382683 0 1 0 0.382683 0 0.92388 6953 - Minifig 2 - Helmet.ldr
1 14 0 -27 0 0.92388 0 -0.382683 0 1 0 0.382683 0 0.92388 3626bp01.dat
1 14 0 0 0 1 0 0 0 1 0 0 0 1 3838.dat
1 15 0 0 0 1 0 0 0 1 0 0 0 1 973p6e.dat
1 14 0 32 0 1 0 0 0 1 0 0 0 1 3815.dat
1 14 -15.552 9 0 0.985 -0.0771784 -0.151471 0.17 0.447181 0.877641 0 -0.891007 0.45399 3818.dat
1 14 15.552 9 0 0.985 0.17 0 -0.17 0.985 0 0 0 1 3819.dat
1 14 -20.5586 7.44742 -21.4018 0.985 -0.161655 -0.052525 0.17 0.936649 0.304336 0 -0.30897 0.950913 3820.dat
1 14 23.8634 26.5956 -10.321 0.985 0.12019 -0.12019 -0.17 0.696395 -0.696395 0 0.707 0.707 3820.dat
1 0 -19.9164 3.7262 -29.8904 -0.0118287 -0.169517 -0.985 0.0685366 0.982199 -0.17 0.997156 -0.0695803 0 3962a.dat
1 14 0 44 0 1 0 0 0 1 0 0 0 1 3816.dat
1 14 0 44 0 1 0 0 0 1 0 0 0 1 3817.dat


0 FILE 6953 - Minifig 2 - Helmet.ldr
0 Minifig 2 - Helmet
0 Name: 6953 - Minifig 2 - Helmet.ldr
0 Author: Damien Roux [Darats]
0 !LDRAW_ORG Model
0 !LICENSE Redistributable under CCAL version 2.0 : see CAreadme.txt

0 !THEME Space / Futuron

1 14 0 0 0 1 0 0 0 1 0 0 0 1 2446.dat
1 33 0 1.904 4.596 1 0 0 0 0.707107 0.707107 0 -0.707107 0.707107 2447.dat


0 FILE 6953 - Minifig 3.ldr
0 Minifig 3
0 Name: 6953 - Minifig 3.ldr
0 Author: Damien Roux [Darats]
0 !LDRAW_ORG Model
0 !LICENSE Redistributable under CCAL version 2.0 : see CAreadme.txt

0 !THEME Space / Futuron

1 0 0 -21.596 -27.17 0.913545 0 0.406737 0.155651 0.92388 -0.349599 -0.375776 0.382683 0.844006 6953 - Minifig 3 - Helmet.ldr
1 14 0 -21.596 -27.17 0.913545 0 0.406737 0.155651 0.92388 -0.349599 -0.375776 0.382683 0.844006 3626bp01.dat
1 4 0 3.349 -16.838 1 0 0 0 0.92388 -0.382683 0 0.382683 0.92388 3838.dat
1 15 0 3.349 -16.838 1 0 0 0 0.92388 -0.382683 0 0.382683 0.92388 973p6d.dat
1 4 0 32.913 -4.592 1 0 0 0 0.92388 -0.382683 0 0.382683 0.92388 3815.dat
1 4 -15.552 11.664 -13.394 0.985 -0.150101 -0.0798102 0.15706 0.98316 0.0893397 0.0650562 -0.100914 0.992701 3818.dat
1 4 15.552 11.664 -13.394 0.985 0.151471 0.0771784 -0.15706 0.98457 0.0721676 -0.0650562 -0.0835737 0.994311 3819.dat
1 4 -22.666 28.371 -25.871 0.985 -0.162547 0.0496957 0.15706 0.758257 -0.631931 0.0650562 0.630494 0.773186 3820.dat
1 4 22.719 28.574 -25.563 0.985 0.161655 -0.052525 -0.15706 0.747113 -0.645068 -0.0650562 0.643891 0.762065 3820.dat
1 0 21.175 26.419 -43.747 -0.988635 0.144094 -0.0306429 0.0575991 0.568593 0.819647 0.135668 0.808994 -0.571104 4006.dat
1 4 0 44 0 1 0 0 0 1 0 0 0 1 3816.dat
1 4 0 44 0 1 0 0 0 1 0 0 0 1 3817.dat


0 FILE 6953 - Minifig 3 - Helmet.ldr
0 Minifig 3 - Helmet
0 Name: 6953 - Minifig 3 - Helmet.ldr
0 Author: Damien Roux [Darats]
0 !LDRAW_ORG Model
0 !LICENSE Redistributable under CCAL version 2.0 : see CAreadme.txt

0 !THEME Space / Futuron

1 4 0 0 0 1 0 0 0 1 0 0 0 1 2446.dat
1 33 0 1.904 4.596 1 0 0 0 0.707107 0.707107 0 -0.707107 0.707107 2447.dat


