0 FILE 6989 - Mega Core Magnetizer.ldr
0 Mega Core Magnetizer
0 Name: 6989 - Mega Core Magnetizer.ldr
0 Author: Damien Roux [Darats]
0 !LDRAW_ORG Model
0 !LICENSE Redistributable under CCAL version 2.0 : see CAreadme.txt

0 !THEME Space / M:Tron

1 0 0 0 0 1 0 0 0 1 0 0 0 1 6989 - Vehicle.ldr
1 0 339.289 50 245.564 0.707107 0 0.707107 0 1 0 -0.707107 0 0.707107 6989 - Car 2 + Minifig.ldr
1 0 -12.34 72 -614.767 -0.707107 0 -0.707107 0 1 0 0.707107 0 -0.707107 6989 - Spaceship + Minifig.ldr




0 FILE 6989 - Car 1.ldr
0 Car 1
0 Name: 6989 - Car 1.ldr
0 Author: Damien Roux [Darats]
0 !LDRAW_ORG Model
0 !LICENSE Redistributable under CCAL version 2.0 : see CAreadme.txt

0 !THEME Space / M:Tron

1 0 0 0 0 0 0 1 0 1 0 -1 0 0 3795.dat
1 0 0 8 -20 -1 0 0 0 1 0 0 0 -1 4600.dat
1 15 30 13 -20 0 0 -1 0 1 0 1 0 0 4624.dat
1 256 30 13 -20 0 0 -1 0 1 0 1 0 0 3641.dat
1 15 -30 13 -20 0 0 1 0 1 0 -1 0 0 4624.dat
1 256 -30 13 -20 0 0 1 0 1 0 -1 0 0 3641.dat
1 0 0 8 40 -1 0 0 0 1 0 0 0 -1 4600.dat
1 15 30 13 40 0 0 -1 0 1 0 1 0 0 4624.dat
1 256 30 13 40 0 0 -1 0 1 0 1 0 0 3641.dat
1 15 -30 13 40 0 0 1 0 1 0 -1 0 0 4624.dat
1 256 -30 13 40 0 0 1 0 1 0 -1 0 0 3641.dat
1 4 0 -8 40 0 0 1 0 1 0 -1 0 0 3022.dat
1 0 -10 -8 10 0 0 1 0 1 0 -1 0 0 4081b.dat
1 0 10 -8 10 0 0 -1 0 1 0 1 0 0 4081b.dat
1 15 0 -8 -50 -1 0 0 0 1 0 0 0 -1 3069bp68.dat
1 4 0 -16 10 -1 0 0 0 1 0 0 0 -1 2412b.dat
1 0 0 -16 40 -1 0 0 0 1 0 0 0 -1 2460.dat
1 42 30 -6 22 -1 0 0 0 0 -1 0 -1 0 6141.dat
1 42 -30 -6 22 -1 0 0 0 0 -1 0 -1 0 6141.dat
1 4 0 -26 50 1 0 0 0 0 1 0 -1 0 2607.dat
1 0 0 -52.5 41 1 0 0 0 0 1 0 -1 0 2959c01.dat




0 FILE 6989 - Car 2.ldr
0 Car 2
0 Vehicle 1
0 Name: 6989 - Car 2.ldr
0 Author: Damien Roux [Darats]
0 !LDRAW_ORG Model
0 !LICENSE Redistributable under CCAL version 2.0 : see CAreadme.txt

0 !THEME Space / M:Tron

1 0 0 0 0 0 0 1 0 1 0 -1 0 0 3795.dat
1 0 0 8 -20 -1 0 0 0 1 0 0 0 -1 4600.dat
1 15 30 13 -20 0 0 -1 0 1 0 1 0 0 4624.dat
1 256 30 13 -20 0 0 -1 0 1 0 1 0 0 3641.dat
1 15 -30 13 -20 0 0 1 0 1 0 -1 0 0 4624.dat
1 256 -30 13 -20 0 0 1 0 1 0 -1 0 0 3641.dat
1 0 0 8 40 -1 0 0 0 1 0 0 0 -1 4600.dat
1 15 30 13 40 0 0 -1 0 1 0 1 0 0 4624.dat
1 256 30 13 40 0 0 -1 0 1 0 1 0 0 3641.dat
1 15 -30 13 40 0 0 1 0 1 0 -1 0 0 4624.dat
1 256 -30 13 40 0 0 1 0 1 0 -1 0 0 3641.dat
1 4 0 -8 40 0 0 1 0 1 0 -1 0 0 3022.dat
1 0 -10 -8 10 0 0 1 0 1 0 -1 0 0 4081b.dat
1 0 10 -8 10 0 0 -1 0 1 0 1 0 0 4081b.dat
1 15 0 -8 -50 -1 0 0 0 1 0 0 0 -1 3069bp68.dat
1 4 0 -16 10 -1 0 0 0 1 0 0 0 -1 2412b.dat
1 0 0 -16 40 -1 0 0 0 1 0 0 0 -1 2460.dat
1 42 30 -6 22 -1 0 0 0 0 -1 0 -1 0 6141.dat
1 42 -30 -6 22 -1 0 0 0 0 -1 0 -1 0 6141.dat
1 4 0 -26 50 1 0 0 0 0 1 0 -1 0 2607.dat
1 0 0 -52.5 41 1 0 0 0 0.241922 0.970296 0 -0.970296 0.241922 2959c01.dat




0 FILE 6989 - Car 2 + Minifig.ldr
0 Car 2 + Minifig
0 Name: 6989 - Car 2 + Minifig.ldr
0 Author: Damien Roux [Darats]
0 !LDRAW_ORG Model
0 !LICENSE Redistributable under CCAL version 2.0 : see CAreadme.txt

0 !THEME Space / M:Tron

1 0 0 0 0 1 0 0 0 1 0 0 0 1 6989 - Car 2.ldr
1 0 0 -53 -12 1 0 0 0 1 0 0 0 1 6989 - Minifig 2.ldr




0 FILE 6989 - Spaceship.ldr
0 Spaceship
0 Name: 6989 - Spaceship.ldr
0 Author: Damien Roux [Darats]
0 !LDRAW_ORG Model
0 !LICENSE Redistributable under CCAL version 2.0 : see CAreadme.txt

0 !THEME Space / M:Tron

1 0 0 0 0 0 0 1 0 1 0 -1 0 0 3034.dat
1 4 0 -8 -60 1 0 0 0 1 0 0 0 1 4859.dat
1 0 0 -8 60 1 0 0 0 1 0 0 0 1 2460.dat
1 15 0 -16 -50 -1 0 0 0 1 0 0 0 -1 3069bp68.dat
1 4 0 -18 70 1 0 0 0 0 1 0 -1 0 2607.dat
1 0 0 -44.5 61 1 0 0 0 0 1 0 -1 0 2959c01.dat
1 0 0 -8 -10 1 0 0 0 1 0 0 0 1 4598.dat
1 4 0 -28 12 0 0 1 1 0 0 0 1 0 4871.dat
1 0 0 -18 36 1 0 0 0 0 -1 0 1 0 4590.dat
1 42 30 -28 52 1 0 0 0 0 -1 0 1 0 4589.dat
1 42 -30 -28 52 1 0 0 0 0 -1 0 1 0 4589.dat
1 0 30 -28 4 0 0 1 1 0 0 0 1 0 2412b.dat
1 0 -30 -28 4 0 0 1 1 0 0 0 1 0 2412b.dat




0 FILE 6989 - Spaceship + Minifig.ldr
0 Spaceship + Minifig
0 Name: 6989 - Spaceship + Minifig.ldr
0 Author: Damien Roux [Darats]
0 !LDRAW_ORG Model
0 !LICENSE Redistributable under CCAL version 2.0 : see CAreadme.txt

0 !THEME Space / M:Tron

1 0 0 0 0 1 0 0 0 1 0 0 0 1 6989 - Spaceship.ldr
1 0 0 -61 -12 1 0 0 0 1 0 0 0 1 6989 - Minifig 3.ldr




0 FILE 6989 - Vehicle.ldr
0 Vehicle
0 Name: 6989 - Vehicle.ldr
0 Author: Damien Roux [Darats]
0 !LDRAW_ORG Model
0 !LICENSE Redistributable under CCAL version 2.0 : see CAreadme.txt
0 !THEME Space / M:Tron

1 0 0 0 -320 1 0 0 0 1 0 0 0 1 6989 - Vehicle - Front + Minifig.ldr
1 0 36.235 0 135.23 0.965926 0 0.258819 0 1 0 -0.258819 0 0.965926 6989 - Vehicle - Back + Car 1.ldr




0 FILE 6989 - Vehicle - Front.ldr
0 Vehicle - Front
0 Name: 6989 - Vehicle - Front.ldr
0 Author: Damien Roux [Darats]
0 !LDRAW_ORG Model
0 !LICENSE Redistributable under CCAL version 2.0 : see CAreadme.txt

0 !THEME Space / M:Tron

1 4 0 0 0 1 0 0 0 1 0 0 0 1 2445.dat
1 4 0 0 200 1 0 0 0 1 0 0 0 1 2445.dat
1 0 -30 -24 210 1 0 0 0 1 0 0 0 1 3005.dat
1 0 30 -24 210 1 0 0 0 1 0 0 0 1 3005.dat
1 4 -10 -24 120 0 0 1 0 1 0 -1 0 0 2465.dat
1 4 10 -24 120 0 0 1 0 1 0 -1 0 0 2465.dat
1 0 30 -8 0 0 0 1 0 1 0 -1 0 0 3023.dat
1 0 30 -16 0 0 0 1 0 1 0 -1 0 0 3023.dat
1 0 -30 -8 0 0 0 1 0 1 0 -1 0 0 3023.dat
1 0 -30 -16 0 0 0 1 0 1 0 -1 0 0 3023.dat
1 0 0 0 270 -1 0 0 0 1 0 0 0 -1 3023.dat
1 0 70 -24 0 0 0 -1 0 1 0 1 0 0 3700.dat
1 0 110 -24 0 0 0 -1 0 1 0 1 0 0 3700.dat
1 0 120 -14 0 1 0 0 0 1 0 0 0 1 3707.dat
1 7 90 -14 0 0 0 -1 0 1 0 1 0 0 3713.dat
1 0 70 -24 200 0 0 -1 0 1 0 1 0 0 3700.dat
1 0 110 -24 200 0 0 -1 0 1 0 1 0 0 3700.dat
1 0 120 -14 200 1 0 0 0 1 0 0 0 1 3707.dat
1 7 90 -14 200 0 0 -1 0 1 0 1 0 0 3713.dat
1 0 -70 -24 200 0 0 1 0 1 0 -1 0 0 3700.dat
1 0 -110 -24 200 0 0 1 0 1 0 -1 0 0 3700.dat
1 0 -120 -14 200 -1 0 0 0 1 0 0 0 -1 3707.dat
1 7 -90 -14 200 0 0 1 0 1 0 -1 0 0 3713.dat
1 0 -70 -24 0 0 0 1 0 1 0 -1 0 0 3700.dat
1 0 -110 -24 0 0 0 1 0 1 0 -1 0 0 3700.dat
1 0 -120 -14 0 -1 0 0 0 1 0 0 0 -1 3707.dat
1 7 -90 -14 0 0 0 1 0 1 0 -1 0 0 3713.dat
1 4 0 -16 -60 0 0 1 0 1 0 -1 0 0 4854.dat
1 0 0 -8 -90 -1 0 0 0 1 0 0 0 -1 3023.dat
1 0 0 -16 -90 -1 0 0 0 1 0 0 0 -1 3023.dat
1 0 30 -24 -20 0 0 -1 0 1 0 1 0 0 3710.dat
1 0 -30 -24 -20 0 0 -1 0 1 0 1 0 0 3710.dat
1 0 0 -24 -90 -1 0 0 0 1 0 0 0 -1 3475b.dat
1 0 30 -24 -80 0 0 -1 0 1 0 1 0 0 2540.dat
1 0 -30 -24 -80 0 0 1 0 1 0 -1 0 0 2540.dat
1 4 0 -32 0 1 0 0 0 1 0 0 0 1 2445.dat
1 4 0 -32 200 1 0 0 0 1 0 0 0 1 2445.dat
1 0 0 -32 260 -1 0 0 0 1 0 0 0 -1 3640.dat
1 42 50 -22 -64 -1 0 0 0 0 1 0 1 0 4589.dat
1 42 -50 -22 -64 -1 0 0 0 0 1 0 1 0 4589.dat
1 0 0 -32 -60 -1 0 0 0 1 0 0 0 -1 3031.dat
1 0 0 -32 100 -1 0 0 0 1 0 0 0 -1 3022.dat
1 4 0 -40 290 -1 0 0 0 1 0 0 0 -1 3023.dat
1 4 0 -40 240 -1 0 0 0 1 0 0 0 -1 3032.dat
1 4 0 -40 80 0 0 -1 0 1 0 1 0 0 3028.dat
1 4 30 -48 -60 0 0 1 0 1 0 -1 0 0 4531.dat
1 4 -30 -48 -60 0 0 1 0 1 0 -1 0 0 4531.dat
1 0 30 -64.648 -119.489 0 0 1 0.819152 0.573577 0 -0.573577 0.819152 0 2433.dat
1 0 -30 -77.26 -103.777 0 0 1 0.382683 0.92388 0 -0.92388 0.382683 0 2433.dat
1 4 0 -48 10 1 0 0 0 1 0 0 0 1 3023.dat
1 4 0 -64 70 0 0 1 0 1 0 -1 0 0 3002.dat
1 4 50 -64 130 1 0 0 0 1 0 0 0 1 4286.dat
1 4 -50 -64 130 1 0 0 0 1 0 0 0 1 4286.dat
1 4 50 -64 200 0 0 1 0 1 0 -1 0 0 3009.dat
1 4 -50 -64 200 0 0 1 0 1 0 -1 0 0 3009.dat
1 4 -40 -64 270 -1 0 0 0 1 0 0 0 -1 3004.dat
1 4 40 -64 270 -1 0 0 0 1 0 0 0 -1 3004.dat
1 4 0 -64 270 -1 0 0 0 1 0 0 0 -1 3039.dat
1 4 0 -72 90 -1 0 0 0 1 0 0 0 -1 3023.dat
1 4 50 -88 180 0 0 -1 0 1 0 1 0 0 3009.dat
1 4 -50 -88 180 0 0 -1 0 1 0 1 0 0 3009.dat
1 4 0 -88 260 1 0 0 0 1 0 0 0 1 2456.dat
1 4 0 -64 -20 0 0 1 0 1 0 -1 0 0 4871.dat
1 4 0 -88 60 0 0 1 0 1 0 -1 0 0 4871.dat
1 0 -50 -96 130 1 0 0 0 1 0 0 0 1 4085b.dat
1 0 50 -96 130 1 0 0 0 1 0 0 0 1 4085b.dat
1 0 40 -96 220 0 0 1 0 1 0 -1 0 0 3034.dat
1 0 -40 -96 220 0 0 1 0 1 0 -1 0 0 3034.dat
1 0 0 -96 260 -1 0 0 0 1 0 0 0 -1 3640.dat
1 0 0 -80 50 -1 0 0 0 1 0 0 0 -1 3069b.dat
1 0 0 -56 -30 -1 0 0 0 1 0 0 0 -1 3069b.dat
1 0 40 -120 150 -1 0 0 0 1 0 0 0 -1 3004.dat
1 0 -40 -120 150 -1 0 0 0 1 0 0 0 -1 3004.dat
1 0 0 -120 210 -1 0 0 0 1 0 0 0 -1 3009.dat
1 0 50 -64 20 0 0 -1 0 1 0 1 0 0 4873.dat
1 0 -50 -64 20 0 0 -1 0 1 0 1 0 0 4873.dat
1 0 0 -64 -50 1 0 0 0 1 0 0 0 1 2432.dat
1 0 0 -56 0 1 0 0 0 1 0 0 0 1 4079.dat
1 0 0 -80 80 1 0 0 0 1 0 0 0 1 4079.dat
1 4 0 -128 180 1 0 0 0 1 0 0 0 1 3032.dat
1 0 -30 -72 -20 0 0 1 0 1 0 -1 0 0 2412b.dat
1 0 -30 -96 60 0 0 1 0 1 0 -1 0 0 2412b.dat
1 15 30 -96 60 0 0 1 0 1 0 -1 0 0 3069bp68.dat
1 15 30 -72 -20 0 0 1 0 1 0 -1 0 0 3069bp68.dat
1 0 0 -120 130 -1 0 0 0 1 0 0 0 -1 2465.dat
1 0 0 -120 270 -1 0 0 0 1 0 0 0 -1 2465.dat
1 4 -140 -128 200 -1 0 0 0 1 0 0 0 -1 4151a.dat
1 4 140 -128 200 -1 0 0 0 1 0 0 0 -1 4151a.dat
1 0 -170 -120 130 0 0 1 0 1 0 -1 0 0 4287.dat
1 0 -170 -120 270 0 0 1 0 1 0 -1 0 0 4287.dat
1 0 170 -120 130 0 0 -1 0 1 0 1 0 0 4287.dat
1 0 170 -120 270 0 0 -1 0 1 0 1 0 0 4287.dat
1 0 -50 -91 110 0 0 -1 0 1 0 1 0 0 3962a.dat
1 0 50 -91 110 0 0 -1 0 1 0 1 0 0 3962a.dat
1 0 0 -136 160 1 0 0 0 1 0 0 0 1 3020.dat
1 0 0 -136 200 1 0 0 0 1 0 0 0 1 3034.dat
1 0 -70 -144 200 0 0 1 0 1 0 -1 0 0 3023.dat
1 0 70 -144 200 0 0 1 0 1 0 -1 0 0 3023.dat
1 4 -50 -144 200 0 0 1 0 1 0 -1 0 0 2412b.dat
1 4 50 -144 200 0 0 1 0 1 0 -1 0 0 2412b.dat
1 0 80 -138 250 0 -1 0 0 0 1 -1 0 0 4070.dat
1 0 -80 -138 250 0 1 0 0 0 1 1 0 0 4070.dat
1 0 70 -152 220 0 0 1 0 1 0 -1 0 0 3710.dat
1 0 -70 -152 220 0 0 1 0 1 0 -1 0 0 3710.dat
1 4 130 -136 200 0 0 1 0 1 0 -1 0 0 3023.dat
1 4 -130 -136 200 0 0 1 0 1 0 -1 0 0 3023.dat
1 0 210 -136 200 0 0 1 0 1 0 -1 0 0 2431.dat
1 0 -210 -136 200 0 0 1 0 1 0 -1 0 0 2431.dat
1 0 0 -160 180 0 0 1 0 1 0 -1 0 0 3403.dat
1 0 0 -160 180 0.978394 0 -0.206751 0 1 0 0.206751 0 0.978394 6989 - Vehicle - Front - Turntable.ldr
1 0 130 -144 200 0 0 1 0 1 0 -1 0 0 2412b.dat
1 0 -130 -144 200 0 0 1 0 1 0 -1 0 0 2412b.dat
1 0 40 -20 -120 -1 0 0 0 1 0 0 0 -1 3705.dat
1 0 -40 -20 -120 -1 0 0 0 1 0 0 0 -1 3705.dat
1 0 0 -20 -120 1 0 0 0 0 -1 0 1 0 6989 - Vehicle - Front - Windscreen.ldr
1 0 121 -14 0 1 0 0 0 0 -1 0 1 0 6989 - Vehicle - Wheel.ldr
1 0 121 -14 200 1 0 0 0 0 -1 0 1 0 6989 - Vehicle - Wheel.ldr
1 0 -121 -14 200 -1 0 0 0 0 -1 0 -1 0 6989 - Vehicle - Wheel.ldr
1 0 -121 -14 0 -1 0 0 0 0 -1 0 -1 0 6989 - Vehicle - Wheel.ldr
1 0 -160 -152 200 -1 0 0 0 1 0 0 0 -1 6989 - Vehicle - Container 2.ldr
1 0 180 -152 200 1 0 0 0 1 0 0 0 1 6989 - Vehicle - Container 3.ldr


0 FILE 6989 - Vehicle - Front - Turntable.ldr
0 Vehicle - Front - Turntable
0 Name: 6989 - Vehicle - Front - Turntable.ldr
0 Author: Damien Roux [Darats]
0 !LDRAW_ORG Model
0 !LICENSE Redistributable under CCAL version 2.0 : see CAreadme.txt

0 !THEME Space / M:Tron

1 0 0 0 0 1 0 0 0 1 0 0 0 1 3404.dat
1 4 0 -8 20 0 0 1 0 1 0 -1 0 0 3034.dat
1 4 30 -8 0 0 0 1 0 1 0 -1 0 0 3023.dat
1 4 -30 -8 0 0 0 1 0 1 0 -1 0 0 3023.dat
1 4 0 -16 -40 0 0 1 0 1 0 -1 0 0 3068b.dat
1 4 0 -16 0 -1 0 0 0 1 0 0 0 -1 3020.dat
1 4 0 -14 110 1 0 0 0 1 0 0 0 1 3149e.dat
1 4 0 -14 110 1 0 0 0 1 0 0 0 1 6989 - Vehicle - Front - Turntable - 2.ldr
1 7 0 0 80 0 0 1 0 1 0 -1 0 0 3679.dat
1 4 0 0 80 -0.891545 0 -0.452933 0 1 0 0.452933 0 -0.891545 6989 - Vehicle - Front - Turntable - 1.ldr


0 FILE 6989 - Vehicle - Front - Turntable - 1.ldr
0 Vehicle - Front - Turntable - 1
0 Name: 6989 - Vehicle - Front - Turntable - 1.ldr
0 Author: Damien Roux [Darats]
0 !LDRAW_ORG Model
0 !LICENSE Redistributable under CCAL version 2.0 : see CAreadme.txt

0 !THEME Space / M:Tron

1 4 0 0 0 1 0 0 0 1 0 0 0 1 3680.dat
1 0 0 8 0 0 0 1 0 1 0 -1 0 0 2817.dat


0 FILE 6989 - Vehicle - Front - Turntable - 2.ldr
0 Vehicle - Front - Turntable - 2
0 Name: 6989 - Vehicle - Front - Turntable - 2.ldr
0 Author: Damien Roux [Darats]
0 !LDRAW_ORG Model
0 !LICENSE Redistributable under CCAL version 2.0 : see CAreadme.txt

0 !THEME Space / M:Tron

1 4 0 0 0 1 0 0 0 1 0 0 0 1 313.dat
1 4 0 0 0 1 0 0 0 1 0 0 0 1 314e.dat
1 4 0 -18 -110 0 0 1 0 1 0 -1 0 0 3832.dat
1 4 0 -26 -110 0 0 1 0 1 0 -1 0 0 3022.dat
1 4 0 -34 -110 0 0 1 0 1 0 -1 0 0 3022.dat
1 4 0 -10 -140 -1 0 0 0 1 0 0 0 -1 3023.dat
1 0 0 -26 -200 1 0 0 0 1 0 0 0 1 3839b.dat
1 0 0 -42 -110 1 0 0 0 1 0 0 0 1 3961.dat
1 7 0 -50 -110 1 0 0 0 1 0 0 0 1 3022.dat
1 7 10 -58 -110 0 0 1 0 1 0 -1 0 0 3475a.dat
1 7 -10 -58 -110 0 0 -1 0 1 0 1 0 0 3475a.dat
1 4 0 -66 -110 1 0 0 0 1 0 0 0 1 3068bp68.dat


0 FILE 6989 - Vehicle - Front - Windscreen.ldr
0 Vehicle - Front - Windscreen
0 Name: 6989 - Vehicle - Front - Windscreen.ldr
0 Author: Damien Roux [Darats]
0 !LDRAW_ORG Model
0 !LICENSE Redistributable under CCAL version 2.0 : see CAreadme.txt

0 !THEME Space / M:Tron

1 0 -60 -18 -10 1 0 0 0 1 0 0 0 1 3023.dat
1 0 -60 -18 10 -1 0 0 0 1 0 0 0 -1 2540.dat
1 0 60 -18 -10 1 0 0 0 1 0 0 0 1 3023.dat
1 0 60 -18 10 -1 0 0 0 1 0 0 0 -1 2540.dat
1 4 0 -26 0 -1 0 0 0 1 0 0 0 -1 3034.dat
1 4 50 -34 -10 -1 0 0 0 1 0 0 0 -1 3623.dat
1 0 90 -34 10 0 0 -1 0 1 0 1 0 0 3963.dat
1 0 -90 -34 10 0 0 1 0 1 0 -1 0 0 3963.dat
1 0 60 -10 0 -1 0 0 0 1 0 0 0 -1 2817.dat
1 0 -60 -10 0 -1 0 0 0 1 0 0 0 -1 2817.dat
1 4 -50 -34 -10 -1 0 0 0 1 0 0 0 -1 3623.dat
1 0 0 -34 0 -1 0 0 0 1 0 0 0 -1 3680.dat
1 0 0 -34 0 -0.707107 0 -0.707107 0 1 0 0.707107 0 -0.707107 6989 - Vehicle - Front - Windscreen - Glass.ldr
1 7 0 -50 0 0 0 -1 0 1 0 1 0 0 3679.dat
1 4 70 -42 -10 0 0 -1 0 1 0 1 0 0 2420.dat
1 4 -70 -42 -10 1 0 0 0 1 0 0 0 1 2420.dat
1 4 -70 -50 -10 1 0 0 0 1 0 0 0 1 2420.dat
1 4 70 -50 -10 0 0 -1 0 1 0 1 0 0 2420.dat
1 0 0 -58 0 1 0 0 0 1 0 0 0 1 3034.dat
1 4 50 -66 0 0 0 1 0 1 0 -1 0 0 2412b.dat
1 4 -50 -66 0 0 0 1 0 1 0 -1 0 0 2412b.dat
1 42 0 -82 0 0 0 1 0 1 0 -1 0 0 4588.dat


0 FILE 6989 - Vehicle - Front - Windscreen - Glass.ldr
0 Vehicle - Front - Windscreen - Glass
0 Name: 6989 - Vehicle - Front - Windscreen - Glass.ldr
0 Author: Damien Roux [Darats]
0 !LDRAW_ORG Model
0 !LICENSE Redistributable under CCAL version 2.0 : see CAreadme.txt

0 !THEME Space / M:Tron

1 7 0 0 0 1 0 0 0 1 0 0 0 1 3679.dat
1 42 10 -8 -10 1 0 0 0 1 0 0 0 1 2409.dat
1 0 170 256 0 0 0 1 0 1 0 -1 0 0 3023.dat
1 0 0 256 -170 1 0 0 0 1 0 0 0 1 3023.dat
1 0 0 -16 0 1 0 0 0 1 0 0 0 1 3680.dat


0 FILE 6989 - Vehicle - Front + Minifig.ldr
0 Vehicle - Front + Minifig
0 Name: 6989 - Vehicle - Front + Minifig.ldr
0 Author: Damien Roux [Darats]
0 !LDRAW_ORG Model
0 !LICENSE Redistributable under CCAL version 2.0 : see CAreadme.txt

0 !THEME Space / M:Tron

1 0 0 0 0 1 0 0 0 1 0 0 0 1 6989 - Vehicle - Front.ldr
1 0 0 -85 -72 1 0 0 0 1 0 0 0 1 6989 - Minifig 1.ldr




0 FILE 6989 - Vehicle - Wheel.ldr
0 Vehicle - Wheel
0 Name: 6989 - Vehicle - Wheel.ldr
0 Author: Damien Roux [Darats]
0 !LDRAW_ORG Model
0 !LICENSE Redistributable under CCAL version 2.0 : see CAreadme.txt

0 !THEME Space / M:Tron

1 0 0 0 0 1 0 0 0 1 0 0 0 1 2573.dat
1 4 70 0 0 0 -1 0 1 0 0 0 0 1 3941.dat





0 FILE 6989 - Vehicle - Back.ldr
0 Vehicle - Back
0 Name: 6989 - Vehicle - Back.ldr
0 Author: Damien Roux [Darats]
0 !LDRAW_ORG Model
0 !LICENSE Redistributable under CCAL version 2.0 : see CAreadme.txt

0 !THEME Space / M:Tron

1 4 0 0 0 1 0 0 0 1 0 0 0 1 2445.dat
1 0 -30 -24 -10 1 0 0 0 1 0 0 0 1 3005.dat
1 0 30 -24 -10 1 0 0 0 1 0 0 0 1 3005.dat
1 0 70 -24 0 0 0 1 0 1 0 -1 0 0 3700.dat
1 0 110 -24 0 0 0 1 0 1 0 -1 0 0 3700.dat
1 0 -70 -24 0 0 0 1 0 1 0 -1 0 0 3700.dat
1 0 -110 -24 0 0 0 1 0 1 0 -1 0 0 3700.dat
1 0 120 -14 0 -1 0 0 0 1 0 0 0 -1 3707.dat
1 0 -120 -14 0 1 0 0 0 1 0 0 0 1 3707.dat
1 7 90 -14 0 0 0 -1 0 1 0 1 0 0 3713.dat
1 7 -90 -14 0 0 0 1 0 1 0 -1 0 0 3713.dat
1 4 0 -24 -20 0 0 1 0 1 0 -1 0 0 3006.dat
1 0 0 0 70 -1 0 0 0 1 0 0 0 -1 3023.dat
1 0 0 0 -110 -1 0 0 0 1 0 0 0 -1 3023.dat
1 4 0 -32 0 1 0 0 0 1 0 0 0 1 2445.dat
1 0 0 -32 -80 1 0 0 0 1 0 0 0 1 3639.dat
1 0 0 -32 70 -1 0 0 0 1 0 0 0 -1 4315.dat
1 0 0 -28 84 1 0 0 0 0.0349 -0.999391 0 0.999391 0.0349 6989 - Vehicle - Back - Door.ldr
1 4 0 -40 -20 0 0 1 0 1 0 -1 0 0 3033.dat
1 0 50 -48 -100 0 0 1 0 1 0 -1 0 0 3023.dat
1 0 -50 -48 -100 0 0 1 0 1 0 -1 0 0 3023.dat
1 0 10 -48 20 0 0 1 0 1 0 -1 0 0 2431.dat
1 0 -10 -48 20 0 0 1 0 1 0 -1 0 0 2431.dat
1 4 0 -64 -110 -1 0 0 0 1 0 0 0 -1 3010.dat
1 4 50 -64 -20 0 0 -1 0 1 0 1 0 0 3009.dat
1 4 -50 -64 -20 0 0 -1 0 1 0 1 0 0 3009.dat
1 4 50 -72 -60 0 0 -1 0 1 0 1 0 0 3023.dat
1 4 50 -80 -60 0 0 -1 0 1 0 1 0 0 3023.dat
1 4 -50 -72 -60 0 0 -1 0 1 0 1 0 0 3023.dat
1 4 -50 -80 -60 0 0 -1 0 1 0 1 0 0 3023.dat
1 4 50 -88 60 0 0 1 0 1 0 -1 0 0 4864a.dat
1 4 -50 -88 60 0 0 -1 0 1 0 1 0 0 4864a.dat
1 4 0 -88 -110 -1 0 0 0 1 0 0 0 -1 3010.dat
1 4 0 -88 -70 -1 0 0 0 1 0 0 0 -1 3666.dat
1 4 50 -88 -50 -1 0 0 0 1 0 0 0 -1 3024.dat
1 4 -50 -88 -50 -1 0 0 0 1 0 0 0 -1 3024.dat
1 4 50 -88 0 0 0 -1 0 1 0 1 0 0 3010.dat
1 4 -50 -88 0 0 0 -1 0 1 0 1 0 0 3010.dat
1 0 0 -96 -80 1 0 0 0 1 0 0 0 1 3639.dat
1 0 30 -96 -90 0 0 1 0 1 0 -1 0 0 3623.dat
1 0 -30 -96 -90 0 0 1 0 1 0 -1 0 0 3623.dat
1 0 50 -96 0 0 0 1 0 1 0 -1 0 0 3460.dat
1 0 -50 -96 0 0 0 1 0 1 0 -1 0 0 3460.dat
1 4 50 -104 40 0 0 1 0 1 0 -1 0 0 3710.dat
1 4 -50 -104 40 0 0 1 0 1 0 -1 0 0 3710.dat
1 4 0 -104 -40 -1 0 0 0 1 0 0 0 -1 3032.dat
1 4 0 -120 -100 -1 0 0 0 1 0 0 0 -1 3001.dat
1 4 0 -128 -70 -1 0 0 0 1 0 0 0 -1 3010.dat
1 4 60 -128 80 0 0 -1 0 1 0 1 0 0 3831.dat
1 4 -60 -128 80 0 0 1 0 1 0 -1 0 0 3830.dat
1 4 50 -136 60 0 0 1 0 1 0 -1 0 0 3023.dat
1 4 50 -144 60 0 0 1 0 1 0 -1 0 0 3023.dat
1 4 -50 -136 60 0 0 1 0 1 0 -1 0 0 3023.dat
1 4 -50 -144 60 0 0 1 0 1 0 -1 0 0 3023.dat
1 0 30 -112 -20 0 0 1 0 1 0 -1 0 0 3023.dat
1 0 -30 -112 -20 0 0 1 0 1 0 -1 0 0 3023.dat
1 0 -60 -128 80 0 0 1 0 1 0 -1 0 0 6989 - Vehicle - Back - Hinge 1.ldr
1 0 60 -128 80 0 0 -1 0 1 0 1 0 0 6989 - Vehicle - Back - Hinge 2.ldr
1 4 30 -128 -100 0 0 -1 0 1 0 1 0 0 3023.dat
1 4 -30 -128 -100 0 0 -1 0 1 0 1 0 0 3023.dat
1 0 50 -152 60 0 0 -1 0 1 0 1 0 0 2540.dat
1 0 -50 -152 60 0 0 1 0 1 0 -1 0 0 2540.dat
1 0 10 -176 -20 0 0 -1 0 1 0 1 0 0 2362a.dat
1 0 -10 -176 -20 0 0 1 0 1 0 -1 0 0 2362a.dat
1 4 0 -128 -120 0 0 1 0 1 0 -1 0 0 3020.dat
1 4 0 -152 -150 -1 0 0 0 1 0 0 0 -1 3700.dat
1 4 0 -152 -130 -1 0 0 0 1 0 0 0 -1 3700.dat
1 0 0 -142 -180 0 0 -1 0 1 0 1 0 0 3706.dat
1 4 50 -152 -20 0 0 -1 0 1 0 1 0 0 4228.dat
1 4 -50 -152 -20 0 0 1 0 1 0 -1 0 0 4228.dat
1 0 -40 -120 -20 0 0 1 0 1 0 -1 0 0 3068b.dat
1 0 40 -120 -20 0 0 1 0 1 0 -1 0 0 3068b.dat
1 4 30 -152 -90 0 0 1 0 1 0 -1 0 0 3622.dat
1 4 -30 -152 -90 0 0 1 0 1 0 -1 0 0 3622.dat
1 4 0 -152 -110 -1 0 0 0 1 0 0 0 -1 3004.dat
1 4 0 -176 -70 -1 0 0 0 1 0 0 0 -1 3009.dat
1 4 0 -176 70 -1 0 0 0 1 0 0 0 -1 3009.dat
1 4 0 -176 40 -1 0 0 0 1 0 0 0 -1 2456.dat
1 4 0 -160 -120 -1 0 0 0 1 0 0 0 -1 3031.dat
1 4 30 -184 -90 1 0 0 0 1 0 0 0 1 4286.dat
1 4 -30 -184 -90 1 0 0 0 1 0 0 0 1 4286.dat
1 0 0 -168 -90 1 0 0 0 1 0 0 0 1 2412b.dat
1 0 0 -184 -130 -1 0 0 0 1 0 0 0 -1 4865a.dat
1 4 70 -176 -70 0 0 -1 0 1 0 1 0 0 4286.dat
1 4 70 -176 30 0 0 -1 0 1 0 1 0 0 4286.dat
1 4 -70 -176 30 0 0 1 0 1 0 -1 0 0 4286.dat
1 4 -70 -176 -70 0 0 1 0 1 0 -1 0 0 4286.dat
1 0 -20 -182 90 1 0 0 0 1 0 0 0 1 3324e.dat
1 0 20 -182 90 1 0 0 0 1 0 0 0 1 3324e.dat
1 4 30 -192 -70 -1 0 0 0 1 0 0 0 -1 2420.dat
1 4 -30 -192 -70 0 0 1 0 1 0 -1 0 0 2420.dat
1 0 60 -184 -70 -1 0 0 0 1 0 0 0 -1 2412b.dat
1 0 60 -184 30 -1 0 0 0 1 0 0 0 -1 2412b.dat
1 0 -60 -184 30 -1 0 0 0 1 0 0 0 -1 2412b.dat
1 0 -60 -184 -70 -1 0 0 0 1 0 0 0 -1 2412b.dat
1 7 70 -190 80 -1 0 0 0 0 -1 0 -1 0 4735.dat
1 42 70 -190 64 -1 0 0 0 0 -1 0 -1 0 4589.dat
1 7 -70 -190 80 -1 0 0 0 0 -1 0 -1 0 4735.dat
1 42 -70 -190 64 -1 0 0 0 0 -1 0 -1 0 4589.dat
1 0 50 -192 -90 1 0 0 0 1 0 0 0 1 4737.dat
1 0 -50 -192 -90 0 0 1 0 1 0 -1 0 0 4737.dat
1 4 30 -200 -90 1 0 0 0 1 0 0 0 1 2420.dat
1 4 -30 -200 -90 0 0 -1 0 1 0 1 0 0 2420.dat
1 0 121 -14 0 1 0 0 0 1 0 0 0 1 6989 - Vehicle - Wheel.ldr
1 0 -121 -14 0 -1 0 0 0 1 0 0 0 -1 6989 - Vehicle - Wheel.ldr
1 0 0 -182 90 1 0 0 0 0.990268 0.139173 0 -0.139173 0.990268 6989 - Vehicle - Back - Crane.ldr



0 FILE 6989 - Vehicle - Back - Door.ldr
0 Vehicle - Back - Door
0 Name: 6989 - Vehicle - Back - Door.ldr
0 Author: Damien Roux [Darats]
0 !LDRAW_ORG Model
0 !LICENSE Redistributable under CCAL version 2.0 : see CAreadme.txt

0 !THEME Space / M:Tron

1 4 0 -4 36 -1 0 0 0 1 0 0 0 -1 4213.dat
1 4 -30 -4 106 0 0 -1 0 1 0 1 0 0 3623.dat
1 4 30 -4 106 0 0 -1 0 1 0 1 0 0 3623.dat
1 4 0 4 76 0 0 -1 0 1 0 1 0 0 3958.dat




0 FILE 6989 - Vehicle - Back - Hinge 1.ldr
0 Vehicle - Back - Hinge 1
0 Name: 6989 - Vehicle - Back - Hinge 1.ldr
0 Author: Damien Roux [Darats]
0 !LDRAW_ORG Model
0 !LICENSE Redistributable under CCAL version 2.0 : see CAreadme.txt

0 !THEME Space / M:Tron

1 4 0 0 0 0 0 -1 0 1 0 1 0 0 3831.dat
1 0 -20 24 -20 0 0 -1 0 1 0 1 0 0 3022.dat
1 4 -30 0 -30 1 0 0 0 1 0 0 0 1 4070.dat
1 0 -30 0 -10 -1 0 0 0 1 0 0 0 -1 4287.dat
1 0 -40 20 -20 0 -1 0 0 0 1 -1 0 0 3956.dat
1 4 -30 -8 20 0 0 -1 0 1 0 1 0 0 2412b.dat
1 15 -20 -16 -20 -1 0 0 0 1 0 0 0 -1 3068bp08.dat
1 7 -48 20 -20 0 -1 0 -1 0 0 0 0 -1 4591.dat




0 FILE 6989 - Vehicle - Back - Hinge 2.ldr
0 Vehicle - Back - Hinge 2
0 Name: 6989 - Vehicle - Back - Hinge 2.ldr
0 Author: Damien Roux [Darats]
0 !LDRAW_ORG Model
0 !LICENSE Redistributable under CCAL version 2.0 : see CAreadme.txt

0 !THEME Space / M:Tron

1 4 0 0 0 0 0 1 0 1 0 -1 0 0 3830.dat
1 0 20 24 -20 0 0 1 0 1 0 -1 0 0 3022.dat
1 4 30 0 -30 1 0 0 0 1 0 0 0 1 4070.dat
1 0 30 0 -10 -1 0 0 0 1 0 0 0 -1 4287.dat
1 0 40 20 -20 0 1 0 0 0 1 1 0 0 3956.dat
1 4 30 -8 20 0 0 -1 0 1 0 1 0 0 2412b.dat
1 15 20 -16 -20 -1 0 0 0 1 0 0 0 -1 3068bp08.dat
1 7 48 20 -20 0 1 0 0 0 1 1 0 0 4591.dat




0 FILE 6989 - Vehicle - Back - Crane.ldr
0 Vehicle - Back - Crane
0 Name: 6989 - Vehicle - Back - Crane.ldr
0 Author: Damien Roux [Darats]
0 !LDRAW_ORG Model
0 !LICENSE Redistributable under CCAL version 2.0 : see CAreadme.txt

0 !THEME Space / M:Tron

1 4 20 0 0 1 0 0 0 1 0 0 0 1 313.dat
1 0 20 0 0 1 0 0 0 1 0 0 0 1 314e.dat
1 4 -20 0 0 1 0 0 0 1 0 0 0 1 313.dat
1 0 -20 0 0 1 0 0 0 1 0 0 0 1 314e.dat
1 0 0 -34 -50 1 0 0 0 1 0 0 0 1 3403.dat
1 0 0 -34 -50 0.996195 0 -0.087156 0 1 0 0.087156 0 0.996195 6989 - Vehicle - Back - Crane - Cockpit.ldr




0 FILE 6989 - Vehicle - Back - Crane - Cockpit.ldr
0 Vehicle - Back - Crane - Cockpit
0 Name: 6989 - Vehicle - Back - Crane - Cockpit.ldr
0 Author: Damien Roux [Darats]
0 !LDRAW_ORG Model
0 !LICENSE Redistributable under CCAL version 2.0 : see CAreadme.txt

0 !THEME Space / M:Tron

1 0 0 0 0 1 0 0 0 1 0 0 0 1 3404.dat
1 0 0 -32 0 1 0 0 0 1 0 0 0 1 4597.dat
1 4 50 -56 0 0 0 1 0 1 0 -1 0 0 3010.dat
1 4 -50 -56 0 0 0 1 0 1 0 -1 0 0 3010.dat
1 4 0 -56 50 -1 0 0 0 1 0 0 0 -1 3009.dat
1 4 40 -56 -50 1 0 0 0 1 0 0 0 1 3298p68.dat
1 4 -40 -56 -50 1 0 0 0 1 0 0 0 1 3298p68.dat
1 0 0 -64 50 1 0 0 0 1 0 0 0 1 3023.dat
1 0 0 -64 -50 1 0 0 0 1 0 0 0 1 3710.dat
1 0 0 -72 -50 1 0 0 0 1 0 0 0 1 3023.dat
1 0 0 -80 -50 1 0 0 0 1 0 0 0 1 3069b.dat
1 0 0 -72 50 1 0 0 0 1 0 0 0 1 3069b.dat
1 4 50 -80 -30 1 0 0 0 1 0 0 0 1 3040a.dat
1 4 -50 -80 -30 1 0 0 0 1 0 0 0 1 3040a.dat
1 4 50 -80 50 -1 0 0 0 1 0 0 0 -1 2357.dat
1 4 -50 -80 50 0 0 1 0 1 0 -1 0 0 2357.dat
1 4 50 -80 0 0 0 1 0 1 0 -1 0 0 3700.dat
1 4 -50 -80 0 0 0 1 0 1 0 -1 0 0 3700.dat
1 0 0 -70 0 1 0 0 0 0.997564 0.069757 0 -0.069757 0.997564 6989 - Vehicle - Back - Crane - Arm.ldr
1 4 50 -104 10 1 0 0 0 1 0 0 0 1 4286.dat
1 4 -50 -104 10 1 0 0 0 1 0 0 0 1 4286.dat
1 4 40 -104 50 -1 0 0 0 1 0 0 0 -1 3660.dat
1 4 -40 -104 50 -1 0 0 0 1 0 0 0 -1 3660.dat
1 4 -50 -104 30 -1 0 0 0 1 0 0 0 -1 3005.dat
1 4 50 -104 30 -1 0 0 0 1 0 0 0 -1 3005.dat
1 0 30 -112 60 0 0 1 0 1 0 -1 0 0 3023.dat
1 0 -30 -112 60 0 0 1 0 1 0 -1 0 0 3023.dat
1 0 50 -112 60 0 0 -1 0 1 0 1 0 0 4276b.dat
1 0 -50 -112 60 0 0 -1 0 1 0 1 0 0 4276b.dat
1 0 50 -108 90 1 0 0 0 0.92388 -0.382683 0 0.382683 0.92388 6989 - Vehicle - Back - Crane - Cockpit - Light.ldr
1 0 -50 -108 90 1 0 0 0 0.92388 -0.382683 0 0.382683 0.92388 6989 - Vehicle - Back - Crane - Cockpit - Light.ldr
1 0 0 -112 20 -1 0 0 0 1 0 0 0 -1 3795.dat
1 0 0 -104 10 -1 0 0 0 1 0 0 0 -1 3023.dat
1 4 40 -120 70 -1 0 0 0 1 0 0 0 -1 2412b.dat
1 4 -40 -120 70 -1 0 0 0 1 0 0 0 -1 2412b.dat
1 0 0 -120 20 -1 0 0 0 1 0 0 0 -1 3022.dat
1 0 50 -120 30 1 0 0 0 1 0 0 0 1 2450.dat
1 0 -50 -120 30 0 0 1 0 1 0 -1 0 0 2450.dat
1 0 0 -128 20 0 0 1 0 1 0 -1 0 0 3680.dat
1 0 0 -128 20 0.981627 0 -0.190809 0 1 0 0.190809 0 0.981627 6989 - Vehicle - Back - Crane - Cockpit - Antenna.ldr





0 FILE 6989 - Vehicle - Back - Crane - Arm.ldr
0 Vehicle - Back - Crane - Arm
0 Name: 6989 - Vehicle - Back - Crane - Arm.ldr
0 Author: Damien Roux [Darats]
0 !LDRAW_ORG Model
0 !LICENSE Redistributable under CCAL version 2.0 : see CAreadme.txt

0 !THEME Space / M:Tron

1 0 0 0 -18 -1 0 0 0 0 1 0 1 0 2426c02.dat
1 0 -53 0 0 -1 0 0 0 0 1 0 1 0 3705.dat
1 256 -77 0 0 0 0 -1 -1 0 0 0 1 0 4288.dat
1 0 0 -7.5 50 1 0 0 0 1 0 0 0 1 6989 - Vehicle - Back - Crane - Arm - Arm.ldr





0 FILE 6989 - Vehicle - Back - Crane - Arm - Arm.ldr
0 Vehicle - Back - Crane - Arm - Arm
0 Name: 6989 - Vehicle - Back - Crane - Arm - Arm.ldr
0 Author: Damien Roux [Darats]
0 !LDRAW_ORG Model
0 !LICENSE Redistributable under CCAL version 2.0 : see CAreadme.txt

0 !THEME Space / M:Tron

1 4 0 0 0 0 0 -1 0 -1 0 -1 0 0 2428.dat
1 0 0 -14 190 -1 0 0 0 -1 0 0 0 1 3665.dat
1 4 0 -42 -200 -1 0 0 0 0 -1 0 -1 0 2422.dat
1 0 0 -52 -208 -1 0 0 0 0 -1 0 -1 0 3839b.dat
1 0 0 -22 -208 0 0 -1 1 0 0 0 -1 0 2444.dat
1 0 0 -42 -216 0 0 -1 1 0 0 0 -1 0 4032a.dat
1 42 0 -42 -224 0 0 -1 1 0 0 0 -1 0 4740.dat
1 7 0 -2 -218 0 0 -1 1 0 0 0 -1 0 3673.dat
1 4 0 8 -228 1 0 0 0 0 -1 0 1 0 2607.dat
1 0 0 34.5 -219 1 0 0 0 -0.207912 -0.978148 0 0.978148 -0.207912 2959c01.dat
1 0 0 64.334 -212.659 1 0 0 0 0.978148 -0.207912 0 0.207912 0.978148 6989 - Vehicle - Container 1.ldr





0 FILE 6989 - Vehicle - Back - Crane - Cockpit - Light.ldr
0 Vehicle - Back - Crane - Cockpit - Light
0 Name: 6989 - Vehicle - Back - Crane - Cockpit - Light.ldr
0 Author: Damien Roux [Darats]
0 !LDRAW_ORG Model
0 !LICENSE Redistributable under CCAL version 2.0 : see CAreadme.txt

0 !THEME Space / M:Tron

1 4 0 -4 20 1 0 0 0 1 0 0 0 1 2452.dat
1 0 0 -12 20 -1 0 0 0 1 0 0 0 -1 3839b.dat
1 42 26 -6 34 -1 0 0 0 0 1 0 1 0 4589.dat
1 42 -26 -6 34 -1 0 0 0 0 1 0 1 0 4589.dat





0 FILE 6989 - Vehicle - Back - Crane - Cockpit - Antenna.ldr
0 Vehicle - Back - Crane - Cockpit - Antenna
0 Name: 6989 - Vehicle - Back - Crane - Cockpit - Antenna.ldr
0 Author: Damien Roux [Darats]
0 !LDRAW_ORG Model
0 !LICENSE Redistributable under CCAL version 2.0 : see CAreadme.txt

0 !THEME Space / M:Tron

1 7 0 0 0 1 0 0 0 1 0 0 0 1 3679.dat
1 0 0 -8 10 1 0 0 0 1 0 0 0 1 3794b.dat
1 0 0 -8 -10 1 0 0 0 1 0 0 0 1 2452.dat
1 0 0 -16 -10 1 0 0 0 1 0 0 0 1 3794b.dat
1 0 0 -24 -10 -1 0 0 0 1 0 0 0 -1 4085b.dat
1 42 0 -16 10 -1 0 0 0 1 0 0 0 -1 2569.dat
1 0 0 -4 -30 -1 0 0 0 -0.382683 -0.92388 0 -0.92388 0.382683 6989 - Vehicle - Back - Crane - Cockpit - Antenna - Radar.ldr





0 FILE 6989 - Vehicle - Back - Crane - Cockpit - Antenna - Radar.ldr
0 Vehicle - Back - Crane - Cockpit - Antenna - Radar
0 Name: 6989 - Vehicle - Back - Crane - Cockpit - Antenna - Radar.ldr
0 Author: Damien Roux [Darats]
0 !LDRAW_ORG Model
0 !LICENSE Redistributable under CCAL version 2.0 : see CAreadme.txt

0 !THEME Space / M:Tron

1 4 0 -4 30 0 0 1 0 1 0 -1 0 0 4531.dat
1 4 0 12 30 0 0 1 0 1 0 -1 0 0 3938.dat
1 4 0 22 30 -0.96363 0.267238 0 -0.267238 -0.96363 0 0 0 1 6989 - Vehicle - Back - Crane - Cockpit - Antenna - Radar - Radar.ldr





0 FILE 6989 - Vehicle - Back - Crane - Cockpit - Antenna - Radar - Radar.ldr
0 Vehicle - Back - Crane - Cockpit - Antenna - Radar - Radar
0 Name: 6989 - Vehicle - Back - Crane - Cockpit - Antenna - Radar - Radar.ldr
0 Author: Damien Roux [Darats]
0 !LDRAW_ORG Model
0 !LICENSE Redistributable under CCAL version 2.0 : see CAreadme.txt

0 !THEME Space / M:Tron

1 0 0 -10 0 1 0 0 0 1 0 0 0 1 2440p69.dat




0 FILE 6989 - Vehicle - Back + Car 1.ldr
0 Vehicle - Back + Car 1
0 Name: 6989 - Vehicle - Back + Car 1.ldr
0 Author: Damien Roux [Darats]
0 !LDRAW_ORG Model
0 !LICENSE Redistributable under CCAL version 2.0 : see CAreadme.txt

0 !THEME Space / M:Tron

1 0 0 0 0 1 0 0 0 1 0 0 0 1 6989 - Vehicle - Back.ldr
1 0 55.5 -150.5 -20 0 0.21644 0.976296 0 0.976296 -0.21644 -1 0 0 6989 - Car 1.ldr




0 FILE 6989 - Vehicle - Container 1.ldr
0 Vehicle - Container 1
0 Name: 6989 - Vehicle - Container 1.ldr
0 Author: Damien Roux [Darats]
0 !LDRAW_ORG Model
0 !LICENSE Redistributable under CCAL version 2.0 : see CAreadme.txt

0 !THEME Space / M:Tron

1 4 0 0 0 1 0 0 0 1 0 0 0 1 4345a.dat
1 7 0 0 0 1 0 0 0 1 0 0 0 1 4346p68.dat
1 42 6 32 6 1 0 0 0 1 0 0 0 1 6141.dat
1 42 -6 32 -10 1 0 0 0 1 0 0 0 1 6141.dat
1 0 0 -8 0 1 0 0 0 1 0 0 0 1 2609a.dat
1 0 0 -14.5 0 1 0 0 0 0 -1 0 1 0 2959c01.dat





0 FILE 6989 - Vehicle - Container 2.ldr
0 Vehicle - Container 2
0 Name: 6989 - Vehicle - Container 2.ldr
0 Author: Damien Roux [Darats]
0 !LDRAW_ORG Model
0 !LICENSE Redistributable under CCAL version 2.0 : see CAreadme.txt

0 !THEME Space / M:Tron

1 0 0 0 0 0 0 1 0 1 0 -1 0 0 3032.dat
1 0 0 8 -30 -1 0 0 0 1 0 0 0 -1 3666.dat
1 0 0 8 30 -1 0 0 0 1 0 0 0 -1 3666.dat
1 4 0 8 0 -1 0 0 0 1 0 0 0 -1 3022.dat
1 0 0 16 -30 -1 0 0 0 1 0 0 0 -1 3710.dat
1 0 0 16 30 -1 0 0 0 1 0 0 0 -1 3710.dat
1 4 -30 -24 -50 1 0 0 0 1 0 0 0 1 4070.dat
1 4 30 -24 -50 1 0 0 0 1 0 0 0 1 4070.dat
1 4 -20 -32 50 -1 0 0 0 1 0 0 0 -1 2432.dat
1 4 20 -32 50 -1 0 0 0 1 0 0 0 -1 2432.dat
1 4 30 -48 20 0 0 1 0 1 0 -1 0 0 4864a.dat
1 4 -30 -48 20 0 0 -1 0 1 0 1 0 0 4864a.dat
1 4 -30 -48 -20 0 0 -1 0 1 0 1 0 0 4864a.dat
1 4 30 -48 -20 0 0 1 0 1 0 -1 0 0 4864a.dat
1 15 -30 -14 -64 0 0 1 1 0 0 0 1 0 3070bpc2.dat
1 15 30 -14 -64 -1 0 0 0 0 1 0 1 0 3070bp06.dat
1 4 0 -56 0 0 0 -1 0 1 0 1 0 0 3031.dat
1 0 0 -64 0 1 0 0 0 1 0 0 0 1 2609a.dat
1 0 0 -70.5 0 1 0 0 0 0 -1 0 1 0 2959c01.dat
1 4 0 -64 -30 1 0 0 0 1 0 0 0 1 4315.dat
1 4 0 -64 30 -1 0 0 0 1 0 0 0 -1 4315.dat
1 0 30 -64 0 0 0 -1 0 1 0 1 0 0 2412b.dat
1 0 -30 -64 0 0 0 -1 0 1 0 1 0 0 2412b.dat
1 7 0 6.469 -73.699 -1 0 0 0 -0.707107 0.707107 0 0.707107 0.707107 2582p68.dat
1 7 0 6.469 73.699 1 0 0 0 -0.707107 0.707107 0 -0.707107 -0.707107 2582p68.dat





0 FILE 6989 - Vehicle - Container 3.ldr
0 Vehicle - Container 3
0 Name: 6989 - Vehicle - Container 3.ldr
0 Author: Damien Roux [Darats]
0 !LDRAW_ORG Model
0 !LICENSE Redistributable under CCAL version 2.0 : see CAreadme.txt

0 !THEME Space / M:Tron

1 0 0 0 0 0 0 1 0 1 0 -1 0 0 3795.dat
1 0 -40 0 0 0 0 1 0 1 0 -1 0 0 3020.dat
1 0 -20 8 -30 -1 0 0 0 1 0 0 0 -1 3666.dat
1 0 -20 8 30 -1 0 0 0 1 0 0 0 -1 3666.dat
1 4 -20 8 0 -1 0 0 0 1 0 0 0 -1 3022.dat
1 0 -20 16 30 -1 0 0 0 1 0 0 0 -1 3710.dat
1 0 -20 16 -30 -1 0 0 0 1 0 0 0 -1 3710.dat
1 15 -70 0 -30 1 0 0 0 1 0 0 0 1 3070bp06.dat
1 0 -50 -8 -30 1 0 0 0 1 0 0 0 1 4085b.dat
1 0 -30 -8 -30 1 0 0 0 1 0 0 0 1 4085b.dat
1 0 10 -8 -30 0 0 -1 0 1 0 1 0 0 4085b.dat
1 0 10 -8 30 0 0 -1 0 1 0 1 0 0 4085b.dat
1 0 -30 -8 30 -1 0 0 0 1 0 0 0 -1 4085b.dat
1 0 -50 -8 30 0 0 1 0 1 0 -1 0 0 4085b.dat
1 0 -10 -8 30 -1 0 0 0 1 0 0 0 -1 3024.dat
1 0 -10 -8 -30 -1 0 0 0 1 0 0 0 -1 3024.dat
1 0 -50 -8 0 0 0 -1 0 1 0 1 0 0 3023.dat
1 0 0 -32 30 1 0 0 0 1 0 0 0 1 3004.dat
1 0 0 -32 -30 1 0 0 0 1 0 0 0 1 3004.dat
1 4 0 -40 30 1 0 0 0 1 0 0 0 1 2412b.dat
1 4 0 -40 -30 1 0 0 0 1 0 0 0 1 2412b.dat
1 0 -30 -19 -50 0 0 -1 0 1 0 1 0 0 4006.dat
1 0 -50 -19 -50 0 0 -1 0 1 0 1 0 0 4006.dat
1 0 -30 -37 50 0 0 1 0 1 0 -1 0 0 4522.dat
1 4 0 -48 -10 1 0 0 0 1 0 0 0 1 4864a.dat
1 4 0 -48 10 -1 0 0 0 1 0 0 0 -1 4864a.dat
1 4 -40 -56 0 0 0 1 0 1 0 -1 0 0 4209.dat
1 0 -50 -34 0 0 0 1 0 1 0 -1 0 0 6989 - Vehicle - Container 3 - String.ldr
1 7 30 -18 -30 1 0 0 0 1 0 0 0 1 4210a.dat
1 7 30 -18 30 -1 0 0 0 1 0 0 0 -1 4210a.dat
1 0 0 -40 30 1 0 0 0 1 0 0 0 1 6989 - Vehicle - Container 3 - Nozzle.ldr
1 4 0 -56 0 0 0 -1 0 1 0 1 0 0 3020.dat
1 0 -20 -64 0 0 0 -1 0 1 0 1 0 0 2609a.dat
1 0 -20 -70.5 0 0 -1 0 0 0 -1 1 0 0 2959c01.dat
1 4 -20 -64 30 -1 0 0 0 1 0 0 0 -1 4315.dat
1 4 -20 -64 -30 1 0 0 0 1 0 0 0 1 4315.dat
1 0 10 -64 0 0 0 1 0 1 0 -1 0 0 2412b.dat
1 0 -50 -64 0 0 0 1 0 1 0 -1 0 0 2412b.dat
1 7 -20 6.468 -73.699 -1 0 0 0 -0.707107 0.707107 0 0.707107 0.707107 2582p68.dat
1 7 -20 6.469 73.699 1 0 0 0 -0.707107 0.707107 0 -0.707107 -0.707107 2582p68.dat
0 MLCAD BTG String 1
1 256 30 -18 32 -1 0 0 0 1 0 0 0 2 6989 - LS60.dat
0 MLCAD BTG String 1
1 256 30 -18 33.7321 -0.9996 -0.0289 0 -0.0289 0.9996 0 0 0 1 6989 - LS60.dat
0 MLCAD BTG String 1
1 256 30 -18 35.5191 -0.9983 -0.0586 0 -0.0586 0.9983 0 0 0 1 6989 - LS60.dat
0 MLCAD BTG String 1
1 256 30 -18 37.3006 -0.9961 -0.0882 0 -0.0882 0.9961 0 0 0 1 6989 - LS60.dat
0 MLCAD BTG String 1
1 256 30 -18 39.0822 -0.993 -0.1177 0 -0.1177 0.993 0 0 0 1 6989 - LS60.dat
0 MLCAD BTG String 1
1 256 30 -18.0065 40.8634 -0.9891 -0.1471 0 -0.1471 0.9891 -0.0032 -0.0005 0.0032 1 6989 - LS60.dat
0 MLCAD BTG String 1
1 256 30 -18.0903 42.6415 -0.9843 -0.1764 0 -0.1762 0.9834 -0.0423 -0.0075 0.0416 0.9991 6989 - LS60.dat
0 MLCAD BTG String 1
1 256 30 -18.2547 44.409 -0.9787 -0.2054 0 -0.2046 0.975 -0.087 -0.0179 0.0851 0.9962 6989 - LS60.dat
0 MLCAD BTG String 1
1 256 30 -18.4654 46.1793 -0.9721 -0.2344 0 -0.2328 0.9657 -0.1148 -0.0269 0.1116 0.9934 6989 - LS60.dat
0 MLCAD BTG String 1
1 256 30 -18.6426 47.9553 -0.9647 -0.2632 0 -0.2618 0.9598 -0.1009 -0.0266 0.0974 0.9949 6989 - LS60.dat
0 MLCAD BTG String 1
1 256 30 -18.6312 49.7404 -0.9565 -0.2917 0 -0.2917 0.9565 -0.0052 -0.0015 0.005 1 6989 - LS60.dat
0 MLCAD BTG String 1
1 256 30 -18.2429 51.4803 -0.9474 -0.3199 0 -0.3139 0.9295 0.1935 0.0619 -0.1834 0.9811 6989 - LS60.dat
0 MLCAD BTG String 1
1 256 30 -17.4494 53.074 -0.9376 -0.3478 0 -0.3158 0.8514 0.4187 0.1456 -0.3925 0.9081 6989 - LS60.dat
0 MLCAD BTG String 1
1 256 30 -16.3891 54.5114 -0.9268 -0.3755 0 -0.307 0.7578 0.5758 0.2162 -0.5336 0.8176 6989 - LS60.dat
0 MLCAD BTG String 1
1 256 30 -15.1818 55.8309 -0.9153 -0.4029 0 -0.3009 0.6836 0.665 0.2679 -0.6086 0.7469 6989 - LS60.dat
0 MLCAD BTG String 1
1 256 30.0126 -13.8734 57.0317 -0.9028 -0.43 0.0063 -0.2902 0.6199 0.7291 0.3174 -0.6564 0.6844 6989 - LS60.dat
0 MLCAD BTG String 1
1 256 30.0664 -12.4181 58.0713 -0.8884 -0.4583 0.0276 -0.2521 0.5369 0.8051 0.3838 -0.7082 0.5925 6989 - LS60.dat
0 MLCAD BTG String 1
1 256 30.1544 -10.8629 58.9305 -0.8717 -0.4878 0.0471 -0.2066 0.4529 0.8673 0.4444 -0.7462 0.4956 6989 - LS60.dat
0 MLCAD BTG String 1
1 256 30.2721 -9.2235 59.6136 -0.8528 -0.5182 0.064 -0.1561 0.37 0.9158 0.4983 -0.771 0.3965 6989 - LS60.dat
0 MLCAD BTG String 1
1 256 30.4151 -7.52 60.1171 -0.832 -0.5491 0.0785 -0.1005 0.2885 0.9522 0.5456 -0.7844 0.2952 6989 - LS60.dat
0 MLCAD BTG String 1
1 256 30.5796 -5.7704 60.4361 -0.8092 -0.5804 0.0907 -0.0396 0.208 0.9773 0.5861 -0.7873 0.1913 6989 - LS60.dat
0 MLCAD BTG String 1
1 256 30.7597 -4.0151 60.5554 -0.7846 -0.6118 0.1006 0.0284 0.1266 0.9915 0.6193 -0.7808 0.082 6989 - LS60.dat
0 MLCAD BTG String 1
1 256 30.9557 -2.23 60.4671 -0.7574 -0.6439 0.1083 0.1058 0.0426 0.9935 0.6443 -0.7639 -0.0358 6989 - LS60.dat
0 MLCAD BTG String 1
1 256 31.1579 -0.4907 60.1456 -0.7279 -0.6763 0.1131 0.1946 -0.0455 0.9798 0.6575 -0.7352 -0.1647 6989 - LS60.dat
0 MLCAD BTG String 1
1 256 31.3619 1.1824 59.5643 -0.6954 -0.7094 0.1144 0.298 -0.1399 0.9442 0.6539 -0.6908 -0.3087 6989 - LS60.dat
0 MLCAD BTG String 1
1 256 31.5576 2.7244 58.6964 -0.6599 -0.7432 0.1106 0.4172 -0.24 0.8765 0.6249 -0.6246 -0.4684 6989 - LS60.dat
0 MLCAD BTG String 1
1 256 31.7315 4.0469 57.5296 -0.6218 -0.7768 0.0998 0.5485 -0.3409 0.7635 0.5591 -0.5295 -0.638 6989 - LS60.dat
0 MLCAD BTG String 1
1 256 31.87 5.0702 56.0748 -0.5826 -0.8087 0.0804 0.6781 -0.4292 0.5967 0.448 -0.4022 -0.7985 6989 - LS60.dat
0 MLCAD BTG String 1
1 256 31.9614 5.7286 54.4022 -0.5458 -0.8362 0.054 0.7821 -0.4852 0.3909 0.3007 -0.2556 -0.9188 6989 - LS60.dat
0 MLCAD BTG String 1
1 256 32.0005 6.0041 52.6427 -0.5139 -0.8575 0.0256 0.8459 -0.5015 0.1817 0.1429 -0.115 -0.983 6989 - LS60.dat
0 MLCAD BTG String 1
1 256 32.004 5.9768 50.856 -0.486 -0.8739 0.0045 0.8739 -0.486 0.0061 0.0031 -0.0069 -1 6989 - LS60.dat
0 MLCAD BTG String 1
1 256 32.0314 5.7326 49.094 -0.4588 -0.8884 0.0142 0.8811 -0.457 -0.1214 -0.1143 0.0432 -0.9925 6989 - LS60.dat
0 MLCAD BTG String 1
1 256 32.0931 5.1762 47.4046 -0.4285 -0.903 0.0324 0.86 -0.4186 -0.2918 -0.2771 0.0971 -0.9559 6989 - LS60.dat
0 MLCAD BTG String 1
1 256 32.1939 4.2005 45.9167 -0.3912 -0.9187 0.0541 0.774 -0.3602 -0.5208 -0.498 0.1619 -0.852 6989 - LS60.dat
0 MLCAD BTG String 1
1 256 32.3257 2.8032 44.8106 -0.3448 -0.9359 0.072 0.5917 -0.2763 -0.7573 -0.7287 0.2186 -0.6491 6989 - LS60.dat
0 MLCAD BTG String 1
1 256 32.4653 1.1479 44.1505 -0.2959 -0.952 0.0778 0.3644 -0.1878 -0.9121 -0.883 0.2415 -0.4025 6989 - LS60.dat
0 MLCAD BTG String 1
1 256 32.595 -0.6021 43.8389 -0.2521 -0.9649 0.0736 0.1765 -0.1206 -0.9769 -0.9515 0.2333 -0.2007 6989 - LS60.dat
0 MLCAD BTG String 1
1 256 32.7077 -2.3658 43.7619 -0.2142 -0.9746 0.0649 0.0467 -0.0766 -0.996 -0.9757 0.2103 -0.062 6989 - LS60.dat
0 MLCAD BTG String 1
1 256 32.8042 -4.1543 43.8344 -0.1797 -0.9822 0.055 -0.0392 -0.0487 -0.998 -0.9829 0.1816 0.0298 6989 - LS60.dat
0 MLCAD BTG String 1
1 256 32.8809 -5.915 44.0088 -0.1478 -0.988 0.0447 -0.0963 -0.0306 -0.9949 -0.9843 0.1513 0.0906 6989 - LS60.dat
0 MLCAD BTG String 1
1 256 32.9401 -7.6923 44.2524 -0.1166 -0.9926 0.0342 -0.1343 -0.0184 -0.9908 -0.9841 0.1201 0.1311 6989 - LS60.dat
0 MLCAD BTG String 1
1 256 32.9793 -9.4397 44.5374 -0.0866 -0.996 0.0235 -0.159 -0.0095 -0.9872 -0.9835 0.0892 0.1575 6989 - LS60.dat
0 MLCAD BTG String 1
1 256 32.9992 -11.1981 44.851 -0.0566 -0.9983 0.0125 -0.1741 -0.0024 -0.9847 -0.9831 0.0579 0.1736 6989 - LS60.dat
0 MLCAD BTG String 1
1 256 32.9795 -12.9521 45.1779 -0.0269 -0.9996 -0.0085 -0.1819 0.0133 -0.9832 -0.983 0.0249 0.1821 6989 - LS60.dat
0 MLCAD BTG String 1
1 256 32.7885 -14.7064 45.5175 0.0026 -0.9953 -0.0964 -0.1895 0.0941 -0.9774 -0.9819 -0.0208 0.1884 6989 - LS60.dat
0 MLCAD BTG String 1
1 256 32.455 -16.4069 45.8569 0.0307 -0.9835 -0.1781 -0.2003 0.1685 -0.9651 -0.9792 -0.0653 0.1918 6989 - LS60.dat
0 MLCAD BTG String 1
1 256 32.0094 -18.0926 46.2007 0.0581 -0.9684 -0.2427 -0.2132 0.2254 -0.9507 -0.9753 -0.107 0.1933 6989 - LS60.dat
0 MLCAD BTG String 1
1 256 31.4729 -19.7563 46.5455 0.0847 -0.9518 -0.2948 -0.2273 0.2696 -0.9358 -0.9701 -0.1462 0.1935 6989 - LS60.dat
0 MLCAD BTG String 1
1 256 30.8622 -21.3938 46.889 0.1104 -0.9348 -0.3377 -0.2423 0.3042 -0.9213 -0.9639 -0.1836 0.1929 6989 - LS60.dat
0 MLCAD BTG String 1
1 256 30.1893 -23.003 47.2296 0.1354 -0.9175 -0.3741 -0.258 0.3319 -0.9073 -0.9566 -0.2194 0.1918 6989 - LS60.dat
0 MLCAD BTG String 1
1 256 29.4521 -24.6131 47.5724 0.1601 -0.9 -0.4053 -0.2743 0.3539 -0.8942 -0.9482 -0.2544 0.1902 6989 - LS60.dat
0 MLCAD BTG String 1
1 256 28.6821 -26.1664 47.9044 0.1836 -0.8827 -0.4326 -0.2907 0.3716 -0.8817 -0.939 -0.2877 0.1883 6989 - LS60.dat
0 MLCAD BTG String 1
1 256 27.8583 -27.7216 48.2374 0.2069 -0.865 -0.4571 -0.3075 0.386 -0.8697 -0.9288 -0.3205 0.1861 6989 - LS60.dat
0 MLCAD BTG String 1
1 256 26.9977 -29.2521 48.5649 0.2295 -0.8472 -0.4792 -0.3245 0.3976 -0.8583 -0.9176 -0.3525 0.1837 6989 - LS60.dat
