0 FILE 6990 - Monorail Transport System.ldr
0 Monorail Transport System
0 Name: 6990 - Monorail Transport System.ldr
0 Author: Damien Roux [Darats]
0 !LDRAW_ORG Model
0 !LICENSE Redistributable under CCAL version 2.0 : see CAreadme.txt

0 !THEME Space / Futuron

1 0 0 0 0 1 0 0 0 1 0 0 0 1 6990 - Track + Train.ldr
1 0 -1043 -27 -740 0.382683 0 -0.92388 0 1 0 0.92388 0 0.382683 6990 - Vehicle 2 + Minifig.ldr
1 0 -1300 -44.9 -759.1 0.258819 0 -0.965926 0 1 0 0.965926 0 0.258819 6990 - Minifig 3.ldr

0 FILE 6990 - Vehicle 1.ldr
0 Vehicle 1
0 Name: 6990 - Vehicle 1.ldr
0 Author: Damien Roux [Darats]
0 !LDRAW_ORG Model
0 !LICENSE Redistributable under CCAL version 2.0 : see CAreadme.txt

0 !THEME Space / Futuron

1 15 0 0 0 1 0 0 0 1 0 0 0 1 4032a.dat
1 15 0 0 40 1 0 0 0 1 0 0 0 1 4032a.dat
1 0 0 -8 20 0 0 1 0 1 0 -1 0 0 3020.dat
1 15 10 -32 50 -1 0 0 0 1 0 0 0 -1 4070.dat
1 15 -10 -32 50 -1 0 0 0 1 0 0 0 -1 4070.dat
1 15 0 -16 -10 -1 0 0 0 1 0 0 0 -1 2342.dat
1 36 10 -22 80 0 0 1 -1 0 0 0 -1 0 3062b.dat
1 36 -10 -22 80 0 0 1 -1 0 0 0 -1 0 3062b.dat

0 FILE 6990 - Vehicle 2.ldr
0 Vehicle 2
0 Name: 6990 - Vehicle 2.ldr
0 Author: Damien Roux [Darats]
0 !LDRAW_ORG Model
0 !LICENSE Redistributable under CCAL version 2.0 : see CAreadme.txt

0 !THEME Space / Futuron

1 15 0 0 0 0 0 1 0 1 0 -1 0 0 3832.dat
1 15 0 8 60 -1 0 0 0 1 0 0 0 -1 3795.dat
1 15 0 8 -60 -1 0 0 0 1 0 0 0 -1 3795.dat
1 0 -10 8 -90 0 0 1 0 1 0 -1 0 0 4081b.dat
1 0 10 8 -90 0 0 -1 0 1 0 1 0 0 4081b.dat
1 0 40 16 -60 1 0 0 0 1 0 0 0 1 4229.dat
1 0 -40 16 -60 1 0 0 0 1 0 0 0 1 4229.dat
1 0 -40 16 60 1 0 0 0 1 0 0 0 1 4229.dat
1 0 40 16 60 1 0 0 0 1 0 0 0 1 4229.dat
1 15 0 -8 90 1 0 0 0 1 0 0 0 1 3023.dat
1 15 0 -8 30 1 0 0 0 1 0 0 0 1 3023.dat
1 15 0 -8 60 1 0 0 0 1 0 0 0 1 3068b.dat
1 0 -30 -16 -50 1 0 0 0 1 0 0 0 1 4070.dat
1 0 30 -16 -50 1 0 0 0 1 0 0 0 1 4070.dat
1 15 0 -8 -70 1 0 0 0 1 0 0 0 1 4598.dat
1 0 0 -16 90 1 0 0 0 1 0 0 0 1 3069b.dat
1 0 0 -16 30 1 0 0 0 1 0 0 0 1 3069b.dat
1 0 30 -6 -64 1 0 0 0 0 -1 0 1 0 4592.dat
1 0 30 -6 -64 1 0 0 0 0.544639 -0.838671 0 0.838671 0.544639 4593.dat
1 0 -30 -6 -64 1 0 0 0 0 -1 0 1 0 4592.dat
1 0 -30 -6 -64 1 0 0 0 0.358368 -0.93358 0 0.93358 0.358368 4593.dat
1 15 40 0 70 1 0 0 0 1 0 0 0 1 4275b.dat
1 15 40 0 50 1 0 0 0 1 0 0 0 1 4275b.dat
1 15 -40 0 70 -1 0 0 0 1 0 0 0 -1 4275b.dat
1 15 -40 0 50 -1 0 0 0 1 0 0 0 -1 4275b.dat
1 0 70 4 60 0 1 0 -1 0 0 0 0 1 6990 - Vehicle 2 - Door.ldr
1 0 -70 4 60 0 -1 0 -1 0 0 0 0 -1 6990 - Vehicle 2 - Door.ldr
1 0 0 -24 60 1 0 0 0 1 0 0 0 1 6990 - Vehicle 2 - Container.ldr
1 15 30 10 -112 1 0 0 0 0 -1 0 1 0 752.dat
1 15 -30 10 -112 1 0 0 0 0 -1 0 1 0 752.dat
0 MLCAD BTG Hose1
1 511 30 10 -112 1 0 0 0 0 1 0 -1 0 755.dat
0 MLCAD BTG Hose1
1 511 -30 10 -112 1 0 0 0 0 1 0 -1 0 755.dat
0 MLCAD BTG Hose1
1 511 -29.9682 10 -118.957 0.9987 0.0512 0 0 0 -1 0.0512 -0.9987 0 756.dat
0 MLCAD BTG Hose1
1 511 -29.8525 10 -121.215 0.9961 0.0888 0 0 0 -1 0.0888 -0.9961 0 756.dat
0 MLCAD BTG Hose1
1 511 -29.6494 10 -123.494 0.992 0.1265 0 0 0 -1 0.1265 -0.992 0 756.dat
0 MLCAD BTG Hose1
1 511 -29.3632 10 -125.738 0.9864 0.1645 0 0 0 -1 0.1645 -0.9864 0 756.dat
0 MLCAD BTG Hose1
1 511 -28.9908 10 -127.97 0.9791 0.2032 0 0 0 -1 0.2032 -0.9791 0 756.dat
0 MLCAD BTG Hose1
1 511 -28.5305 10 -130.188 0.9701 0.2428 0 0 0 -1 0.2428 -0.9701 0 756.dat
0 MLCAD BTG Hose1
1 511 -27.98 10 -132.387 0.9589 0.2837 0 0 0 -1 0.2837 -0.9589 0 756.dat
0 MLCAD BTG Hose1
1 511 -27.3364 10 -134.563 0.9454 0.3259 0 0 0 -1 0.3259 -0.9454 0 756.dat
0 MLCAD BTG Hose1
1 511 -26.5963 10 -136.71 0.9291 0.3698 0 0 0 -1 0.3698 -0.9291 0 756.dat
0 MLCAD BTG Hose1
1 511 -25.7558 10 -138.822 0.9097 0.4152 0 0 0 -1 0.4152 -0.9097 0 756.dat
0 MLCAD BTG Hose1
1 511 -24.823 10 -140.865 0.8866 0.4626 0 0 0 -1 0.4626 -0.8866 0 756.dat
0 MLCAD BTG Hose1
1 511 -23.7707 10 -142.882 0.8588 0.5123 0 0 0 -1 0.5123 -0.8588 0 756.dat
0 MLCAD BTG Hose1
1 511 -22.6054 10 -144.836 0.8259 0.5639 0 0 0 -1 0.5639 -0.8259 0 756.dat
0 MLCAD BTG Hose1
1 511 -21.3234 10 -146.713 0.7871 0.6168 0 0 0 -1 0.6168 -0.7871 0 756.dat
0 MLCAD BTG Hose1
1 511 -19.9393 10 -148.479 0.7416 0.6708 0 0 0 -1 0.6708 -0.7416 0 756.dat
0 MLCAD BTG Hose1
1 511 -18.4174 10 -150.162 0.6883 0.7254 0 0 0 -1 0.7254 -0.6883 0 756.dat
0 MLCAD BTG Hose1
1 511 -16.7738 10 -151.721 0.6265 0.7794 0 0 0 -1 0.7794 -0.6265 0 756.dat
0 MLCAD BTG Hose1
1 511 -14.9889 10 -153.156 0.5567 0.8307 0 0 0 -1 0.8307 -0.5567 0 756.dat
0 MLCAD BTG Hose1
1 511 -13.1113 10 -154.415 0.4797 0.8774 0 0 0 -1 0.8774 -0.4797 0 756.dat
0 MLCAD BTG Hose1
1 511 -11.1293 10 -155.498 0.3966 0.918 0 0 0 -1 0.918 -0.3966 0 756.dat
0 MLCAD BTG Hose1
1 511 -9.0554 10 -156.394 0.3088 0.9511 0 0 0 -1 0.9511 -0.3088 0 756.dat
0 MLCAD BTG Hose1
1 511 -6.8789 10 -157.101 0.2192 0.9757 0 0 0 -1 0.9757 -0.2193 0 756.dat
0 MLCAD BTG Hose1
1 511 -4.6711 10 -157.597 0.1313 0.9913 0 0 0 -1 0.9913 -0.1313 0 756.dat
0 MLCAD BTG Hose1
1 511 -2.4265 10 -157.894 0.0466 0.9989 0 0 0 -1 0.9989 -0.0466 0 756.dat
0 MLCAD BTG Hose1
1 511 -0.1655 10 -158 -0.0346 0.9994 0 0 0 -1 0.9994 0.0346 0 756.dat
0 MLCAD BTG Hose1
1 511 2.0951 10 -157.921 -0.1185 0.9929 0 0 0 -1 0.9929 0.1185 0 756.dat
0 MLCAD BTG Hose1
1 511 4.3427 10 -157.653 -0.2062 0.9785 0 0 0 -1 0.9785 0.2062 0 756.dat
0 MLCAD BTG Hose1
1 511 6.5566 10 -157.187 -0.2952 0.9554 0 0 0 -1 0.9554 0.2952 0 756.dat
0 MLCAD BTG Hose1
1 511 8.7165 10 -156.519 -0.3834 0.9236 0 0 0 -1 0.9236 0.3834 0 756.dat
0 MLCAD BTG Hose1
1 511 10.8283 10 -155.643 -0.4678 0.8838 0 0 0 -1 0.8838 0.4678 0 756.dat
0 MLCAD BTG Hose1
1 511 12.8246 10 -154.586 -0.5457 0.8379 0 0 0 -1 0.8379 0.5457 0 756.dat
0 MLCAD BTG Hose1
1 511 14.7183 10 -153.353 -0.6164 0.7874 0 0 0 -1 0.7874 0.6164 0 756.dat
0 MLCAD BTG Hose1
1 511 16.4996 10 -151.958 -0.679 0.7341 0 0 0 -1 0.7341 0.679 0 756.dat
0 MLCAD BTG Hose1
1 511 18.1626 10 -150.42 -0.7336 0.6796 0 0 0 -1 0.6796 0.7336 0 756.dat
0 MLCAD BTG Hose1
1 511 19.7043 10 -148.756 -0.7805 0.6251 0 0 0 -1 0.6251 0.7805 0 756.dat
0 MLCAD BTG Hose1
1 511 21.1242 10 -146.983 -0.8205 0.5716 0 0 0 -1 0.5716 0.8205 0 756.dat
0 MLCAD BTG Hose1
1 511 22.4239 10 -145.117 -0.8543 0.5198 0 0 0 -1 0.5198 0.8543 0 756.dat
0 MLCAD BTG Hose1
1 511 23.6063 10 -143.174 -0.8826 0.4701 0 0 0 -1 0.4701 0.8826 0 756.dat
0 MLCAD BTG Hose1
1 511 24.6628 10 -141.19 -0.9064 0.4224 0 0 0 -1 0.4224 0.9064 0 756.dat
0 MLCAD BTG Hose1
1 511 25.6236 10 -139.128 -0.9265 0.3764 0 0 0 -1 0.3764 0.9265 0 756.dat
0 MLCAD BTG Hose1
1 511 26.4793 10 -137.022 -0.9432 0.3322 0 0 0 -1 0.3322 0.9432 0 756.dat
0 MLCAD BTG Hose1
1 511 27.234 10 -134.879 -0.9571 0.2897 0 0 0 -1 0.2897 0.9571 0 756.dat
0 MLCAD BTG Hose1
1 511 27.8916 10 -132.707 -0.9686 0.2487 0 0 0 -1 0.2487 0.9686 0 756.dat
0 MLCAD BTG Hose1
1 511 28.4556 10 -130.511 -0.9779 0.2089 0 0 0 -1 0.2089 0.9779 0 756.dat
0 MLCAD BTG Hose1
1 511 28.929 10 -128.296 -0.9854 0.1701 0 0 0 -1 0.1701 0.9854 0 756.dat
0 MLCAD BTG Hose1
1 511 29.3141 10 -126.065 -0.9912 0.1321 0 0 0 -1 0.1321 0.9912 0 756.dat
0 MLCAD BTG Hose1
1 511 29.6128 10 -123.823 -0.9955 0.0945 0 0 0 -1 0.0945 0.9955 0 756.dat
0 MLCAD BTG Hose1
1 511 29.8264 10 -121.572 -0.9984 0.0571 0 0 0 -1 0.0571 0.9984 0 756.dat
0 MLCAD BTG Hose1
1 511 29.9555 10 -119.315 -0.9998 0.0195 0 0 0 -1 0.0195 0.9998 0 756.dat
0 MLCAD BTG Hose1
1 511 30 10 -117.028 -1 0 0 0 0 -1 0 1 0 756.dat
0 MLCAD BTG Hose1
1 511 30 10 -114.781 -1 0 0 0 0 -1 0 1 0 756.dat
0 GROUP 53 Hose1
1 15 30 -34 -50 1 0 0 0 1 0 0 0 1 752.dat
1 15 -30 -34 -50 1 0 0 0 1 0 0 0 1 752.dat
0 MLCAD BTG Hose 2
1 511 30 -34 -50 1 0 0 0 -1 0 0 0 -1 755.dat
0 MLCAD BTG Hose 2
1 511 -30 -34 -50 1 0 0 0 -1 0 0 0 -1 755.dat
0 MLCAD BTG Hose 2
1 511 -29.968 -40.957 -50 0.9987 0.0512 0 0.0512 -0.9987 0 0 0 1 756.dat
0 MLCAD BTG Hose 2
1 511 -29.853 -43.215 -50 0.9961 0.0888 0 0.0888 -0.9961 0 0 0 1 756.dat
0 MLCAD BTG Hose 2
1 511 -29.649 -45.494 -50 0.992 0.1265 0 0.1265 -0.992 0 0 0 1 756.dat
0 MLCAD BTG Hose 2
1 511 -29.363 -47.738 -50 0.9864 0.1645 0 0.1645 -0.9864 0 0 0 1 756.dat
0 MLCAD BTG Hose 2
1 511 -28.991 -49.97 -50 0.9791 0.2032 0 0.2032 -0.9791 0 0 0 1 756.dat
0 MLCAD BTG Hose 2
1 511 -28.531 -52.188 -50 0.9701 0.2428 0 0.2428 -0.9701 0 0 0 1 756.dat
0 MLCAD BTG Hose 2
1 511 -27.98 -54.387 -50 0.9589 0.2837 0 0.2837 -0.9589 0 0 0 1 756.dat
0 MLCAD BTG Hose 2
1 511 -27.336 -56.563 -50 0.9454 0.3259 0 0.3259 -0.9454 0 0 0 1 756.dat
0 MLCAD BTG Hose 2
1 511 -26.596 -58.71 -50 0.9291 0.3698 0 0.3698 -0.9291 0 0 0 1 756.dat
0 MLCAD BTG Hose 2
1 511 -25.756 -60.822 -50 0.9097 0.4152 0 0.4152 -0.9097 0 0 0 1 756.dat
0 MLCAD BTG Hose 2
1 511 -24.823 -62.865 -50 0.8866 0.4626 0 0.4626 -0.8866 0 0 0 1 756.dat
0 MLCAD BTG Hose 2
1 511 -23.771 -64.882 -50 0.8588 0.5123 0 0.5123 -0.8588 0 0 0 1 756.dat
0 MLCAD BTG Hose 2
1 511 -22.605 -66.836 -50 0.8259 0.5639 0 0.5639 -0.8259 0 0 0 1 756.dat
0 MLCAD BTG Hose 2
1 511 -21.323 -68.713 -50 0.7871 0.6168 0 0.6168 -0.7871 0 0 0 1 756.dat
0 MLCAD BTG Hose 2
1 511 -19.939 -70.479 -50 0.7416 0.6708 0 0.6708 -0.7416 0 0 0 1 756.dat
0 MLCAD BTG Hose 2
1 511 -18.417 -72.162 -50 0.6883 0.7254 0 0.7254 -0.6883 0 0 0 1 756.dat
0 MLCAD BTG Hose 2
1 511 -16.774 -73.721 -50 0.6265 0.7794 0 0.7794 -0.6265 0 0 0 1 756.dat
0 MLCAD BTG Hose 2
1 511 -14.989 -75.156 -50 0.5567 0.8307 0 0.8307 -0.5567 0 0 0 1 756.dat
0 MLCAD BTG Hose 2
1 511 -13.111 -76.415 -50 0.4797 0.8774 0 0.8774 -0.4797 0 0 0 1 756.dat
0 MLCAD BTG Hose 2
1 511 -11.129 -77.498 -50 0.3966 0.918 0 0.918 -0.3966 0 0 0 1 756.dat
0 MLCAD BTG Hose 2
1 511 -9.055 -78.394 -50 0.3088 0.9511 0 0.9511 -0.3088 0 0 0 1 756.dat
0 MLCAD BTG Hose 2
1 511 -6.879 -79.101 -50 0.2192 0.9757 0 0.9757 -0.2193 0 0 0 1 756.dat
0 MLCAD BTG Hose 2
1 511 -4.671 -79.597 -50 0.1313 0.9913 0 0.9913 -0.1313 0 0 0 1 756.dat
0 MLCAD BTG Hose 2
1 511 -2.426 -79.894 -50 0.0466 0.9989 0 0.9989 -0.0466 0 0 0 1 756.dat
0 MLCAD BTG Hose 2
1 511 -0.166 -80 -50 -0.0346 0.9994 0 0.9994 0.0346 0 0 0 1 756.dat
0 MLCAD BTG Hose 2
1 511 2.095 -79.921 -50 -0.1185 0.9929 0 0.9929 0.1185 0 0 0 1 756.dat
0 MLCAD BTG Hose 2
1 511 4.343 -79.653 -50 -0.2062 0.9785 0 0.9785 0.2062 0 0 0 1 756.dat
0 MLCAD BTG Hose 2
1 511 6.557 -79.187 -50 -0.2952 0.9554 0 0.9554 0.2952 0 0 0 1 756.dat
0 MLCAD BTG Hose 2
1 511 8.717 -78.519 -50 -0.3834 0.9236 0 0.9236 0.3834 0 0 0 1 756.dat
0 MLCAD BTG Hose 2
1 511 10.828 -77.643 -50 -0.4678 0.8838 0 0.8838 0.4678 0 0 0 1 756.dat
0 MLCAD BTG Hose 2
1 511 12.825 -76.586 -50 -0.5457 0.8379 0 0.8379 0.5457 0 0 0 1 756.dat
0 MLCAD BTG Hose 2
1 511 14.718 -75.353 -50 -0.6164 0.7874 0 0.7874 0.6164 0 0 0 1 756.dat
0 MLCAD BTG Hose 2
1 511 16.5 -73.958 -50 -0.679 0.7341 0 0.7341 0.679 0 0 0 1 756.dat
0 MLCAD BTG Hose 2
1 511 18.163 -72.42 -50 -0.7336 0.6796 0 0.6796 0.7336 0 0 0 1 756.dat
0 MLCAD BTG Hose 2
1 511 19.704 -70.756 -50 -0.7805 0.6251 0 0.6251 0.7805 0 0 0 1 756.dat
0 MLCAD BTG Hose 2
1 511 21.124 -68.983 -50 -0.8205 0.5716 0 0.5716 0.8205 0 0 0 1 756.dat
0 MLCAD BTG Hose 2
1 511 22.424 -67.117 -50 -0.8543 0.5198 0 0.5198 0.8543 0 0 0 1 756.dat
0 MLCAD BTG Hose 2
1 511 23.606 -65.174 -50 -0.8826 0.4701 0 0.4701 0.8826 0 0 0 1 756.dat
0 MLCAD BTG Hose 2
1 511 24.663 -63.19 -50 -0.9064 0.4224 0 0.4224 0.9064 0 0 0 1 756.dat
0 MLCAD BTG Hose 2
1 511 25.624 -61.128 -50 -0.9265 0.3764 0 0.3764 0.9265 0 0 0 1 756.dat
0 MLCAD BTG Hose 2
1 511 26.479 -59.022 -50 -0.9432 0.3322 0 0.3322 0.9432 0 0 0 1 756.dat
0 MLCAD BTG Hose 2
1 511 27.234 -56.879 -50 -0.9571 0.2897 0 0.2897 0.9571 0 0 0 1 756.dat
0 MLCAD BTG Hose 2
1 511 27.892 -54.707 -50 -0.9686 0.2487 0 0.2487 0.9686 0 0 0 1 756.dat
0 MLCAD BTG Hose 2
1 511 28.456 -52.511 -50 -0.9779 0.2089 0 0.2089 0.9779 0 0 0 1 756.dat
0 MLCAD BTG Hose 2
1 511 28.929 -50.296 -50 -0.9854 0.1701 0 0.1701 0.9854 0 0 0 1 756.dat
0 MLCAD BTG Hose 2
1 511 29.314 -48.065 -50 -0.9912 0.1321 0 0.1321 0.9912 0 0 0 1 756.dat
0 MLCAD BTG Hose 2
1 511 29.613 -45.823 -50 -0.9955 0.0945 0 0.0945 0.9955 0 0 0 1 756.dat
0 MLCAD BTG Hose 2
1 511 29.826 -43.572 -50 -0.9984 0.0571 0 0.0571 0.9984 0 0 0 1 756.dat
0 MLCAD BTG Hose 2
1 511 29.956 -41.315 -50 -0.9998 0.0195 0 0.0195 0.9998 0 0 0 1 756.dat
0 MLCAD BTG Hose 2
1 511 30 -39.028 -50 -1 0 0 0 1 0 0 0 1 756.dat
0 MLCAD BTG Hose 2
1 511 30 -36.781 -50 -1 0 0 0 1 0 0 0 1 756.dat
0 GROUP 53 Hose 2

0 FILE 6990 - Vehicle 2 - Door.ldr
0 Vehicle 2 - Door
0 Name: 6990 - Vehicle 2 - Door.ldr
0 Author: Damien Roux [Darats]
0 !LDRAW_ORG Model
0 !LICENSE Redistributable under CCAL version 2.0 : see CAreadme.txt

0 !THEME Space / Futuron

1 15 30 -12 0 1 0 0 0 1 0 0 0 1 4871.dat
1 15 30 -4 10 -1 0 0 0 1 0 0 0 -1 4276b.dat
1 15 30 -4 -10 -1 0 0 0 1 0 0 0 -1 4276b.dat
1 0 30 -12 0 -1 0 0 0 1 0 0 0 -1 3022.dat
1 15 70 -20 0 -1 0 0 0 1 0 0 0 -1 3795.dat
1 15 90 -28 0 0 0 -1 0 1 0 1 0 0 3956.dat
1 15 126 -48 0 0 -1 0 0 0 1 -1 0 0 3068bp08.dat

0 FILE 6990 - Vehicle 2 - Container.ldr
0 Vehicle 2 - Container
0 Name: 6990 - Vehicle 2 - Container.ldr
0 Author: Damien Roux [Darats]
0 !LDRAW_ORG Model
0 !LICENSE Redistributable under CCAL version 2.0 : see CAreadme.txt

0 !THEME Space / Futuron

1 0 0 0 0 0 0 1 0 1 0 -1 0 0 3035.dat
1 15 30 -8 0 0 0 1 0 1 0 -1 0 0 3710.dat
1 15 -30 -8 0 0 0 1 0 1 0 -1 0 0 3710.dat
1 15 0 -24 70 -1 0 0 0 1 0 0 0 -1 3004.dat
1 15 0 -24 -70 -1 0 0 0 1 0 0 0 -1 3004.dat
1 15 -30 -24 60 0 0 1 0 1 0 -1 0 0 3937.dat
1 15 30 -24 60 0 0 -1 0 1 0 1 0 0 3937.dat
1 15 30 -24 -60 0 0 -1 0 1 0 1 0 0 3937.dat
1 15 -30 -24 -60 0 0 1 0 1 0 -1 0 0 3937.dat
1 15 30 -32 -20 0 0 1 0 1 0 -1 0 0 4865a.dat
1 15 30 -32 20 0 0 1 0 1 0 -1 0 0 4865a.dat
1 15 -30 -32 20 0 0 -1 0 1 0 1 0 0 4865a.dat
1 15 -30 -32 -20 0 0 -1 0 1 0 1 0 0 4865a.dat
1 15 0 -48 70 1 0 0 0 1 0 0 0 1 3004.dat
1 15 0 -48 -70 1 0 0 0 1 0 0 0 1 3004.dat
1 15 0 -56 70 1 0 0 0 1 0 0 0 1 3023.dat
1 15 0 -56 -70 1 0 0 0 1 0 0 0 1 3023.dat
1 15 0 -64 70 1 0 0 0 1 0 0 0 1 3069b.dat
1 15 0 -64 -70 1 0 0 0 1 0 0 0 1 3069b.dat
1 0 0 8 -60 1 0 0 0 1 0 0 0 1 3022.dat
1 0 0 8 0 1 0 0 0 1 0 0 0 1 3022.dat
1 0 0 8 60 1 0 0 0 1 0 0 0 1 3022.dat
1 0 30 -14 0 1 0 0 0 1 0 0 0 1 6990 - Train 1 - Container - Door 1.ldr
1 0 -30 -14 0 1 0 0 0 1 0 0 0 1 6990 - Train 1 - Container - Door 2.ldr

0 FILE 6990 - Vehicle 2 + Minifig.ldr
0 Vehicle 2 + Minifig
0 Name: 6990 - Vehicle 2 + Minifig.ldr
0 Author: Damien Roux [Darats]
0 !LDRAW_ORG Model
0 !LICENSE Redistributable under CCAL version 2.0 : see CAreadme.txt

0 !THEME Space / Futuron

1 0 0 0 0 1 0 0 0 1 0 0 0 1 6990 - Vehicle 2.ldr
1 0 0 -61 -72 1 0 0 0 1 0 0 0 1 6990 - Minifig 2.ldr

0 FILE 6990 - Train 1.ldr
0 Train 1
0 Name: 6990 - Train 1.ldr
0 Author: Damien Roux [Darats]
0 !LDRAW_ORG Model
0 !LICENSE Redistributable under CCAL version 2.0 : see CAreadme.txt

0 !THEME Space / Futuron

1 0 0 0 0 0 0 -1 0 1 0 1 0 0 2687.dat
1 15 0 -8 -150 1 0 0 0 1 0 0 0 1 3023.dat
1 15 0 -8 190 1 0 0 0 1 0 0 0 1 3710.dat
1 15 0 -8 150 1 0 0 0 1 0 0 0 1 3023.dat
1 15 0 -8 90 1 0 0 0 1 0 0 0 1 3023.dat
1 15 30 -8 120 0 0 1 0 1 0 -1 0 0 3710.dat
1 15 -30 -8 120 0 0 1 0 1 0 -1 0 0 3710.dat
1 15 0 -8 50 -1 0 0 0 1 0 0 0 -1 3710.dat
1 15 0 -8 20 -1 0 0 0 1 0 0 0 -1 3068b.dat
1 15 0 -8 -20 -1 0 0 0 1 0 0 0 -1 3068b.dat
1 0 0 -16 -150 -1 0 0 0 1 0 0 0 -1 6990 - Train 1 - Command.ldr
1 15 -30 -24 -50 0 0 1 0 1 0 -1 0 0 3665.dat
1 15 30 -24 -50 0 0 -1 0 1 0 1 0 0 3665.dat
1 15 0 -24 -50 1 0 0 0 1 0 0 0 1 3004.dat
1 15 0 -16 50 1 0 0 0 1 0 0 0 1 3069b.dat
1 15 0 -16 190 1 0 0 0 1 0 0 0 1 3069b.dat
1 15 -30 -16 190 0 0 1 0 1 0 -1 0 0 4081b.dat
1 15 30 -16 190 0 0 -1 0 1 0 1 0 0 4081b.dat
1 15 30 -16 50 0 0 -1 0 1 0 1 0 0 4081b.dat
1 15 -30 -16 50 0 0 1 0 1 0 -1 0 0 4081b.dat
1 15 0 -16 90 -1 0 0 0 1 0 0 0 -1 3710.dat
1 15 0 -16 150 -1 0 0 0 1 0 0 0 -1 3710.dat
1 15 -30 -16 120 0 0 -1 0 1 0 1 0 0 3023.dat
1 15 30 -16 120 0 0 -1 0 1 0 1 0 0 3023.dat
1 15 30 -24 -20 0 0 -1 0 1 0 1 0 0 3937.dat
1 15 30 -24 20 0 0 -1 0 1 0 1 0 0 3937.dat
1 15 -30 -24 20 0 0 1 0 1 0 -1 0 0 3937.dat
1 15 -30 -24 -20 0 0 1 0 1 0 -1 0 0 3937.dat
1 15 30 -24 120 0 0 1 0 1 0 -1 0 0 4162.dat
1 15 -30 -24 120 0 0 1 0 1 0 -1 0 0 4162.dat
1 0 0 -24 90 -1 0 0 0 1 0 0 0 -1 3069b.dat
1 0 0 -24 150 -1 0 0 0 1 0 0 0 -1 3069b.dat
1 33 50 -14 78 -1 0 0 0 0 -1 0 -1 0 4589.dat
1 33 -50 -14 78 -1 0 0 0 0 -1 0 -1 0 4589.dat
1 33 50 -14 162 -1 0 0 0 0 1 0 1 0 4589.dat
1 33 -50 -14 162 -1 0 0 0 0 1 0 1 0 4589.dat
1 15 0 -24 -190 1 0 0 0 1 0 0 0 1 3010.dat
1 15 30 -24 -120 0 0 1 0 1 0 -1 0 0 3009.dat
1 15 -30 -24 -120 0 0 1 0 1 0 -1 0 0 3009.dat
1 15 0 -32 -190 1 0 0 0 1 0 0 0 1 2436a.dat
1 0 -30 -32 -120 0 0 1 0 1 0 -1 0 0 2436a.dat
1 0 30 -32 -120 0 0 -1 0 1 0 1 0 0 2436a.dat
1 0 0 -32 -50 1 0 0 0 1 0 0 0 1 3023.dat
1 36 -30 -22 -212 1 0 0 0 0 -1 0 1 0 3024.dat
1 36 30 -22 -212 1 0 0 0 0 -1 0 1 0 3024.dat
1 15 0 -22 -212 1 0 0 0 0 -1 0 1 0 3794a.dat
1 15 0 -22 -220 1 0 0 0 0 -1 0 1 0 4740.dat
1 33 0 -22 -228 1 0 0 0 0 -1 0 1 0 6141.dat
1 15 0 -22 -236 1 0 0 0 0 -1 0 1 0 4740.dat
1 33 0 -22 -244 1 0 0 0 0 -1 0 1 0 6141.dat
1 15 0 -22 -252 1 0 0 0 0 -1 0 1 0 4740.dat
1 15 30 -22 -230 1 0 0 0 0 -1 0 1 0 752.dat
1 15 -30 -22 -230 1 0 0 0 0 -1 0 1 0 752.dat
1 511 30 -22 -230 1 0 0 0 0 1 0 -1 0 755.dat
1 511 -30 -22 -230 1 0 0 0 0 1 0 -1 0 755.dat
0 MLCAD BTG Hose
1 511 -29.9682 -22 -236.957 0.9987 0.0512 0 0 0 -1 0.0512 -0.9987 0 756.dat
0 MLCAD BTG Hose
1 511 -29.8525 -22 -239.215 0.9961 0.0888 0 0 0 -1 0.0888 -0.9961 0 756.dat
0 MLCAD BTG Hose
1 511 -29.6494 -22 -241.494 0.992 0.1265 0 0 0 -1 0.1265 -0.992 0 756.dat
0 MLCAD BTG Hose
1 511 -29.3632 -22 -243.738 0.9864 0.1645 0 0 0 -1 0.1645 -0.9864 0 756.dat
0 MLCAD BTG Hose
1 511 -28.9908 -22 -245.97 0.9791 0.2032 0 0 0 -1 0.2032 -0.9791 0 756.dat
0 MLCAD BTG Hose
1 511 -28.5305 -22 -248.188 0.9701 0.2428 0 0 0 -1 0.2428 -0.9701 0 756.dat
0 MLCAD BTG Hose
1 511 -27.98 -22 -250.387 0.9589 0.2837 0 0 0 -1 0.2837 -0.9589 0 756.dat
0 MLCAD BTG Hose
1 511 -27.3364 -22 -252.563 0.9454 0.3259 0 0 0 -1 0.3259 -0.9454 0 756.dat
0 MLCAD BTG Hose
1 511 -26.5963 -22 -254.71 0.9291 0.3698 0 0 0 -1 0.3698 -0.9291 0 756.dat
0 MLCAD BTG Hose
1 511 -25.7558 -22 -256.822 0.9097 0.4152 0 0 0 -1 0.4152 -0.9097 0 756.dat
0 MLCAD BTG Hose
1 511 -24.823 -22 -258.865 0.8866 0.4626 0 0 0 -1 0.4626 -0.8866 0 756.dat
0 MLCAD BTG Hose
1 511 -23.7707 -22 -260.882 0.8588 0.5123 0 0 0 -1 0.5123 -0.8588 0 756.dat
0 MLCAD BTG Hose
1 511 -22.6054 -22 -262.836 0.8259 0.5639 0 0 0 -1 0.5639 -0.8259 0 756.dat
0 MLCAD BTG Hose
1 511 -21.3234 -22 -264.713 0.7871 0.6168 0 0 0 -1 0.6168 -0.7871 0 756.dat
0 MLCAD BTG Hose
1 511 -19.9393 -22 -266.479 0.7416 0.6708 0 0 0 -1 0.6708 -0.7416 0 756.dat
0 MLCAD BTG Hose
1 511 -18.4174 -22 -268.162 0.6883 0.7254 0 0 0 -1 0.7254 -0.6883 0 756.dat
0 MLCAD BTG Hose
1 511 -16.7738 -22 -269.721 0.6265 0.7794 0 0 0 -1 0.7794 -0.6265 0 756.dat
0 MLCAD BTG Hose
1 511 -14.9889 -22 -271.156 0.5567 0.8307 0 0 0 -1 0.8307 -0.5567 0 756.dat
0 MLCAD BTG Hose
1 511 -13.1113 -22 -272.415 0.4797 0.8774 0 0 0 -1 0.8774 -0.4797 0 756.dat
0 MLCAD BTG Hose
1 511 -11.1293 -22 -273.498 0.3966 0.918 0 0 0 -1 0.918 -0.3966 0 756.dat
0 MLCAD BTG Hose
1 511 -9.0554 -22 -274.394 0.3088 0.9511 0 0 0 -1 0.9511 -0.3088 0 756.dat
0 MLCAD BTG Hose
1 511 -6.8789 -22 -275.101 0.2192 0.9757 0 0 0 -1 0.9757 -0.2193 0 756.dat
0 MLCAD BTG Hose
1 511 -4.6711 -22 -275.597 0.1313 0.9913 0 0 0 -1 0.9913 -0.1313 0 756.dat
0 MLCAD BTG Hose
1 511 -2.4265 -22 -275.894 0.0466 0.9989 0 0 0 -1 0.9989 -0.0466 0 756.dat
0 MLCAD BTG Hose
1 511 -0.1655 -22 -276 -0.0346 0.9994 0 0 0 -1 0.9994 0.0346 0 756.dat
0 MLCAD BTG Hose
1 511 2.0951 -22 -275.921 -0.1185 0.9929 0 0 0 -1 0.9929 0.1185 0 756.dat
0 MLCAD BTG Hose
1 511 4.3427 -22 -275.653 -0.2062 0.9785 0 0 0 -1 0.9785 0.2062 0 756.dat
0 MLCAD BTG Hose
1 511 6.5566 -22 -275.187 -0.2952 0.9554 0 0 0 -1 0.9554 0.2952 0 756.dat
0 MLCAD BTG Hose
1 511 8.7165 -22 -274.519 -0.3834 0.9236 0 0 0 -1 0.9236 0.3834 0 756.dat
0 MLCAD BTG Hose
1 511 10.8283 -22 -273.643 -0.4678 0.8838 0 0 0 -1 0.8838 0.4678 0 756.dat
0 MLCAD BTG Hose
1 511 12.8246 -22 -272.586 -0.5457 0.8379 0 0 0 -1 0.8379 0.5457 0 756.dat
0 MLCAD BTG Hose
1 511 14.7183 -22 -271.353 -0.6164 0.7874 0 0 0 -1 0.7874 0.6164 0 756.dat
0 MLCAD BTG Hose
1 511 16.4996 -22 -269.958 -0.679 0.7341 0 0 0 -1 0.7341 0.679 0 756.dat
0 MLCAD BTG Hose
1 511 18.1626 -22 -268.42 -0.7336 0.6796 0 0 0 -1 0.6796 0.7336 0 756.dat
0 MLCAD BTG Hose
1 511 19.7043 -22 -266.756 -0.7805 0.6251 0 0 0 -1 0.6251 0.7805 0 756.dat
0 MLCAD BTG Hose
1 511 21.1242 -22 -264.983 -0.8205 0.5716 0 0 0 -1 0.5716 0.8205 0 756.dat
0 MLCAD BTG Hose
1 511 22.4239 -22 -263.117 -0.8543 0.5198 0 0 0 -1 0.5198 0.8543 0 756.dat
0 MLCAD BTG Hose
1 511 23.6063 -22 -261.174 -0.8826 0.4701 0 0 0 -1 0.4701 0.8826 0 756.dat
0 MLCAD BTG Hose
1 511 24.6628 -22 -259.19 -0.9064 0.4224 0 0 0 -1 0.4224 0.9064 0 756.dat
0 MLCAD BTG Hose
1 511 25.6236 -22 -257.128 -0.9265 0.3764 0 0 0 -1 0.3764 0.9265 0 756.dat
0 MLCAD BTG Hose
1 511 26.4793 -22 -255.022 -0.9432 0.3322 0 0 0 -1 0.3322 0.9432 0 756.dat
0 MLCAD BTG Hose
1 511 27.234 -22 -252.879 -0.9571 0.2897 0 0 0 -1 0.2897 0.9571 0 756.dat
0 MLCAD BTG Hose
1 511 27.8916 -22 -250.707 -0.9686 0.2487 0 0 0 -1 0.2487 0.9686 0 756.dat
0 MLCAD BTG Hose
1 511 28.4556 -22 -248.511 -0.9779 0.2089 0 0 0 -1 0.2089 0.9779 0 756.dat
0 MLCAD BTG Hose
1 511 28.929 -22 -246.296 -0.9854 0.1701 0 0 0 -1 0.1701 0.9854 0 756.dat
0 MLCAD BTG Hose
1 511 29.3141 -22 -244.065 -0.9912 0.1321 0 0 0 -1 0.1321 0.9912 0 756.dat
0 MLCAD BTG Hose
1 511 29.6128 -22 -241.823 -0.9955 0.0945 0 0 0 -1 0.0945 0.9955 0 756.dat
0 MLCAD BTG Hose
1 511 29.8264 -22 -239.572 -0.9984 0.0571 0 0 0 -1 0.0571 0.9984 0 756.dat
0 MLCAD BTG Hose
1 511 29.9555 -22 -237.315 -0.9998 0.0195 0 0 0 -1 0.0195 0.9998 0 756.dat
0 MLCAD BTG Hose
1 511 30 -22 -235.028 -1 0 0 0 0 -1 0 1 0 756.dat
0 MLCAD BTG Hose
1 511 30 -22 -232.781 -1 0 0 0 0 -1 0 1 0 756.dat
0 GROUP 51 Hose
1 511 30 -14 0 1 0 0 0 1 0 0 0 1 6990 - Train 1 - Door.ldr
1 511 -30 -14 0 -1 0 0 0 1 0 0 0 -1 6990 - Train 1 - Door.ldr
1 511 52 -22 -140 0 -1 0 0 0 -1 1 0 0 3023.dat
1 0 68 -22 -140 0 -1 0 -1 0 0 0 0 -1 4595.dat
1 36 58 -22 -184 0 0 -1 -1 0 0 0 1 0 4589.dat
1 36 58 -22 -104 0 0 -1 -1 0 0 0 1 0 6141.dat
1 511 -52 -22 -140 0 1 0 0 0 1 1 0 0 3023.dat
1 0 -68 -22 -140 0 1 0 1 0 0 0 0 -1 4595.dat
1 36 -58 -22 -184 0 0 1 1 0 0 0 1 0 4589.dat
1 36 -58 -22 -104 0 0 1 1 0 0 0 1 0 6141.dat
1 0 30 -32 -170 0 0 -1 0 1 0 1 0 0 3623.dat
1 0 -30 -32 -170 0 0 -1 0 1 0 1 0 0 3623.dat
1 0 30 -32 -80 0 0 -1 0 1 0 1 0 0 3023.dat
1 0 -30 -32 -80 0 0 -1 0 1 0 1 0 0 3023.dat
1 15 0 -56 -170 1 0 0 0 1 0 0 0 1 3037.dat
1 15 30 -56 -140 0 0 1 0 1 0 -1 0 0 4865a.dat
1 15 30 -56 -100 0 0 1 0 1 0 -1 0 0 4865a.dat
1 15 -30 -56 -140 0 0 -1 0 1 0 1 0 0 4865a.dat
1 15 -30 -56 -100 0 0 -1 0 1 0 1 0 0 4865a.dat
1 15 -10 -56 -70 0 0 -1 0 1 0 1 0 0 2357.dat
1 15 10 -56 -70 1 0 0 0 1 0 0 0 1 2357.dat
1 15 30 -96 -50 0 0 -1 0 1 0 1 0 0 4460a.dat
1 15 -30 -96 -50 0 0 1 0 1 0 -1 0 0 4460a.dat
1 15 0 -80 -50 -1 0 0 0 1 0 0 0 -1 3004.dat
1 15 0 -88 -40 -1 0 0 0 1 0 0 0 -1 3022.dat
1 15 0 -96 -30 -1 0 0 0 1 0 0 0 -1 3069b.dat
1 15 0 -96 -50 -1 0 0 0 1 0 0 0 -1 3023.dat
1 15 0 -104 -50 1 0 0 0 1 0 0 0 1 4315.dat
1 33 0 -100 -64 1 0 0 0 1 0 0 0 1 4474.dat
1 0 0 -32 120 1 0 0 0 1 0 0 0 1 6990 - Train 1 - Container.ldr
0 GROUP 3 Chassis
0 MLCAD BTG Chassis
1 0 0 16.001 -120.131 0 0 1 0.00872654 0.999962 0 -0.999962 0.00872654 0 2686.dat
0 MLCAD BTG Chassis
1 0 0 27.782 -95.027 0 0 1 0.00872654 0.999962 0 -0.999962 0.00872654 0 2688.dat
0 MLCAD BTG Chassis
1 0 0 28.218 -145.025 0 0 1 0.00872654 0.999962 0 -0.999962 0.00872654 0 2688.dat
1 0 0 31 -120 0 0 1 0 1 0 -1 0 0 2697.dat

0 FILE 6990 - Train 1 - Command.ldr
0 Train 1 - Command
0 Name: 6990 - Train 1 - Command.ldr
0 Author: Damien Roux [Darats]
0 !LDRAW_ORG Model
0 !LICENSE Redistributable under CCAL version 2.0 : see CAreadme.txt

0 !THEME Space / Futuron

1 15 0 0 0 1 0 0 0 1 0 0 0 1 2342.dat
1 15 0 -39.71 -8.266 1 0 0 0 0.927999 -0.372583 0 0.372583 0.927999 3070bpc2.dat

0 FILE 6990 - Train 1 - Door.ldr
0 Train 1 - Door
0 Name: 6990 - Train 1 - Door.ldr
0 Author: Damien Roux [Darats]
0 !LDRAW_ORG Model
0 !LICENSE Redistributable under CCAL version 2.0 : see CAreadme.txt

0 !THEME Space / Futuron

1 15 0 -10 -20 0 0 1 0 1 0 -1 0 0 3938.dat
1 15 0 -10 20 0 0 1 0 1 0 -1 0 0 3938.dat
1 0 0 -18 0 0 0 1 0 1 0 -1 0 0 3710.dat
1 15 0 -26 0 0 0 1 0 1 0 -1 0 0 3710.dat
1 15 0 -34 0 0 0 1 0 1 0 -1 0 0 3710.dat
1 33 0 -82 20 0 0 1 0 1 0 -1 0 0 4864a.dat
1 33 0 -82 -20 0 0 1 0 1 0 -1 0 0 4864a.dat
1 15 0 -90 30 -1 0 0 0 1 0 0 0 -1 2420.dat
1 15 0 -90 -30 0 0 -1 0 1 0 1 0 0 2420.dat

0 FILE 6990 - Train 1 - Container.ldr
0 Train 1 - Container
0 Name: 6990 - Train 1 - Container.ldr
0 Author: Damien Roux [Darats]
0 !LDRAW_ORG Model
0 !LICENSE Redistributable under CCAL version 2.0 : see CAreadme.txt

0 !THEME Space / Futuron

1 0 0 0 0 0 0 1 0 1 0 -1 0 0 3035.dat
1 15 30 -8 0 0 0 1 0 1 0 -1 0 0 3710.dat
1 15 -30 -8 0 0 0 1 0 1 0 -1 0 0 3710.dat
1 15 0 -24 70 -1 0 0 0 1 0 0 0 -1 3004.dat
1 15 0 -24 -70 -1 0 0 0 1 0 0 0 -1 3004.dat
1 15 -30 -24 60 0 0 1 0 1 0 -1 0 0 3937.dat
1 15 30 -24 60 0 0 -1 0 1 0 1 0 0 3937.dat
1 15 30 -24 -60 0 0 -1 0 1 0 1 0 0 3937.dat
1 15 -30 -24 -60 0 0 1 0 1 0 -1 0 0 3937.dat
1 15 30 -32 -20 0 0 1 0 1 0 -1 0 0 4865a.dat
1 15 30 -32 20 0 0 1 0 1 0 -1 0 0 4865a.dat
1 15 -30 -32 20 0 0 -1 0 1 0 1 0 0 4865a.dat
1 15 -30 -32 -20 0 0 -1 0 1 0 1 0 0 4865a.dat
1 15 0 -48 70 1 0 0 0 1 0 0 0 1 3004.dat
1 15 0 -48 -70 1 0 0 0 1 0 0 0 1 3004.dat
1 15 0 -56 70 1 0 0 0 1 0 0 0 1 3023.dat
1 15 0 -56 -70 1 0 0 0 1 0 0 0 1 3023.dat
1 15 0 -64 70 1 0 0 0 1 0 0 0 1 3069b.dat
1 15 0 -64 -70 1 0 0 0 1 0 0 0 1 3069b.dat
1 0 0 8 -60 1 0 0 0 1 0 0 0 1 3022.dat
1 0 0 8 0 1 0 0 0 1 0 0 0 1 3022.dat
1 0 0 8 60 1 0 0 0 1 0 0 0 1 3022.dat
1 0 30 -14 0 1 0 0 0 1 0 0 0 1 6990 - Train 1 - Container - Door 1.ldr
1 0 -30 -14 0 1 0 0 0 1 0 0 0 1 6990 - Train 1 - Container - Door 2.ldr

0 FILE 6990 - Train 1 - Container - Door 1.ldr
0 Train 1 - Container - Door 1
0 Name: 6990 - Train 1 - Container - Door 1.ldr
0 Author: Damien Roux [Darats]
0 !LDRAW_ORG Model
0 !LICENSE Redistributable under CCAL version 2.0 : see CAreadme.txt

0 !THEME Space / Futuron

1 15 0 -10 -60 0 0 1 0 1 0 -1 0 0 3938.dat
1 15 0 -10 60 0 0 1 0 1 0 -1 0 0 3938.dat
1 15 0 -18 60 0 0 1 0 1 0 -1 0 0 3023.dat
1 15 0 -26 60 0 0 1 0 1 0 -1 0 0 3023.dat
1 15 0 -18 -60 0 0 1 0 1 0 -1 0 0 3023.dat
1 15 0 -26 -60 0 0 1 0 1 0 -1 0 0 3023.dat
1 15 0 -50 0 0 0 1 0 1 0 -1 0 0 3008.dat
1 15 -10 -58 0 0 0 1 0 1 0 -1 0 0 3034.dat
1 15 0 -66 0 0 0 1 0 1 0 -1 0 0 3069bp06.dat
1 0 -20 -66 0 0 0 1 0 1 0 -1 0 0 3069b.dat

0 FILE 6990 - Train 1 - Container - Door 2.ldr
0 Train 1 - Container - Door 2
0 Name: 6990 - Train 1 - Container - Door 2.ldr
0 Author: Damien Roux [Darats]
0 !LDRAW_ORG Model
0 !LICENSE Redistributable under CCAL version 2.0 : see CAreadme.txt
0 !THEME Space / Futuron
1 15 0 -10 60 0 0 -1 0 1 0 1 0 0 3938.dat
1 15 0 -10 -60 0 0 -1 0 1 0 1 0 0 3938.dat
1 15 0 -18 -60 0 0 -1 0 1 0 1 0 0 3023.dat
1 15 0 -26 -60 0 0 -1 0 1 0 1 0 0 3023.dat
1 15 0 -18 60 0 0 -1 0 1 0 1 0 0 3023.dat
1 15 0 -26 60 0 0 -1 0 1 0 1 0 0 3023.dat
1 15 0 -50 0 0 0 -1 0 1 0 1 0 0 3008.dat
1 15 10 -58 0 0 0 -1 0 1 0 1 0 0 3034.dat
1 15 0 -66 0 0 0 1 0 1 0 -1 0 0 3069bp06.dat
1 0 20 -66 0.001 0 0 -1 0 1 0 1 0 0 3069b.dat

0 FILE 6990 - Train 1 + Minifig.ldr
0 Train 1 + Minifig
0 Name: 6990 - Train 1 + Minifig.ldr
0 Author: Damien Roux [Darats]
0 !LDRAW_ORG Model
0 !LICENSE Redistributable under CCAL version 2.0 : see CAreadme.txt

0 !THEME Space / Futuron

1 0 0 0 0 1 0 0 0 1 0 0 0 1 6990 - Train 1.ldr
1 0 0 -61 -112 1 0 0 0 1 0 0 0 1 6990 - Minifig 1.ldr

0 FILE 6990 - Train 1 + Vehicle 1.ldr
0 Train 1 + Vehicle 1
0 Name: 6990 - Train 1 + Vehicle 1.ldr
0 Author: Damien Roux [Darats]
0 !LDRAW_ORG Model
0 !LICENSE Redistributable under CCAL version 2.0 : see CAreadme.txt

0 !THEME Space / Futuron

1 0 0 0 0 1 0 0 0 1 0 0 0 1 6990 - Train 1 + Minifig.ldr
1 0 0 -28 32 1 0 0 0 0 -1 0 1 0 6990 - Vehicle 1.ldr

0 FILE 6990 - Train 2.ldr
0 Train 2
0 Name: 6990 - Train 2.ldr
0 Author: Damien Roux [Darats]
0 !LDRAW_ORG Model
0 !LICENSE Redistributable under CCAL version 2.0 : see CAreadme.txt

0 !THEME Space / Futuron

1 0 0 0 0 0 0 1 0 1 0 -1 0 0 2684.dat
1 0 0 111.5 0 0 0 1 0 1 0 -1 0 0 2682.dat
1 0 0 124 -39 0 0 1 0 1 0 -1 0 0 2688.dat
1 0 0 124 39 0 0 1 0 1 0 -1 0 0 2688.dat
1 334 -14 135 0 0 0 1 0 1 0 -1 0 0 s\2684s01.dat
1 15 0 0 0 0 0 1 0 1 0 -1 0 0 2683.dat
1 33 0 -10 0 0 0 1 0 1 0 -1 0 0 6141.dat
1 33 0 -18 0 0 0 1 0 1 0 -1 0 0 4740.dat
1 33 0 -26 0 0 0 1 0 1 0 -1 0 0 6141.dat
1 0 0 74 53 0 0 1 -1 0 0 0 -1 0 2726c01.dat

0 FILE 6990 - Train 3.ldr
0 Train 3
0 Name: 6990 - Train 3.ldr
0 Author: Damien Roux [Darats]
0 !LDRAW_ORG Model
0 !LICENSE Redistributable under CCAL version 2.0 : see CAreadme.txt

0 !THEME Space / Futuron

1 0 0 0 0 0 0 1 0 1 0 -1 0 0 2687.dat
1 15 0 -8 150 -1 0 0 0 1 0 0 0 -1 3023.dat
1 15 0 -8 -190 -1 0 0 0 1 0 0 0 -1 3710.dat
1 15 0 -8 -150 -1 0 0 0 1 0 0 0 -1 3023.dat
1 15 0 -8 -90 -1 0 0 0 1 0 0 0 -1 3023.dat
1 15 -30 -8 -120 0 0 -1 0 1 0 1 0 0 3710.dat
1 15 30 -8 -120 0 0 -1 0 1 0 1 0 0 3710.dat
1 15 0 -8 -50 1 0 0 0 1 0 0 0 1 3710.dat
1 0 0 -16 150 1 0 0 0 1 0 0 0 1 6990 - Train 1 - Command.ldr
1 15 30 -24 -30 0 0 -1 0 1 0 1 0 0 3665.dat
1 15 -30 -24 -30 0 0 1 0 1 0 -1 0 0 3665.dat
1 15 0 -24 -30 -1 0 0 0 1 0 0 0 -1 3004.dat
1 15 0 -16 -50 -1 0 0 0 1 0 0 0 -1 3069b.dat
1 15 0 -16 -190 -1 0 0 0 1 0 0 0 -1 3069b.dat
1 15 30 -16 -190 0 0 -1 0 1 0 1 0 0 4081b.dat
1 15 -30 -16 -190 0 0 1 0 1 0 -1 0 0 4081b.dat
1 15 -30 -16 -50 0 0 1 0 1 0 -1 0 0 4081b.dat
1 15 30 -16 -50 0 0 -1 0 1 0 1 0 0 4081b.dat
1 15 0 -16 -90 1 0 0 0 1 0 0 0 1 3710.dat
1 15 0 -16 -150 1 0 0 0 1 0 0 0 1 3710.dat
1 15 30 -16 -120 0 0 1 0 1 0 -1 0 0 3023.dat
1 15 -30 -16 -120 0 0 1 0 1 0 -1 0 0 3023.dat
1 15 -30 -24 -120 0 0 -1 0 1 0 1 0 0 4162.dat
1 15 30 -24 -120 0 0 -1 0 1 0 1 0 0 4162.dat
1 0 0 -24 -90 1 0 0 0 1 0 0 0 1 3069b.dat
1 0 0 -24 -150 1 0 0 0 1 0 0 0 1 3069b.dat
1 33 -50 -14 -78 1 0 0 0 0 -1 0 1 0 4589.dat
1 33 50 -14 -78 1 0 0 0 0 -1 0 1 0 4589.dat
1 33 -50 -14 -162 1 0 0 0 0 1 0 -1 0 4589.dat
1 33 50 -14 -162 1 0 0 0 0 1 0 -1 0 4589.dat
1 15 0 -24 190 -1 0 0 0 1 0 0 0 -1 3010.dat
1 15 -30 -24 120 0 0 -1 0 1 0 1 0 0 3009.dat
1 15 30 -24 120 0 0 -1 0 1 0 1 0 0 3009.dat
1 15 0 -32 190 -1 0 0 0 1 0 0 0 -1 2436a.dat
1 0 30 -32 120 0 0 -1 0 1 0 1 0 0 2436a.dat
1 0 -30 -32 120 0 0 1 0 1 0 -1 0 0 2436a.dat
1 0 0 -32 -30 -1 0 0 0 1 0 0 0 -1 3023.dat
1 36 30 -22 212 -1 0 0 0 0 -1 0 -1 0 3024.dat
1 36 -30 -22 212 -1 0 0 0 0 -1 0 -1 0 3024.dat
1 15 0 -22 212 -1 0 0 0 0 -1 0 -1 0 3794a.dat
1 15 0 -22 220 -1 0 0 0 0 -1 0 -1 0 4740.dat
1 33 0 -22 228 -1 0 0 0 0 -1 0 -1 0 6141.dat
1 15 0 -22 236 -1 0 0 0 0 -1 0 -1 0 4740.dat
1 33 0 -22 244 -1 0 0 0 0 -1 0 -1 0 6141.dat
1 15 0 -22 252 -1 0 0 0 0 -1 0 -1 0 4740.dat
1 15 -30 -22 230 -1 0 0 0 0 -1 0 -1 0 752.dat
1 15 30 -22 230 -1 0 0 0 0 -1 0 -1 0 752.dat
0 MLCAD BTG Hose
1 511 -30 -22 230 -1 0 0 0 0 1 0 1 0 755.dat
0 MLCAD BTG Hose
1 511 30 -22 230 -1 0 0 0 0 1 0 1 0 755.dat
0 MLCAD BTG Hose
1 511 29.968 -22 236.957 -0.9987 -0.0512 0 0 0 -1 -0.0512 0.9987 0 756.dat
0 MLCAD BTG Hose
1 511 29.852 -22 239.215 -0.9961 -0.0888 0 0 0 -1 -0.0888 0.9961 0 756.dat
0 MLCAD BTG Hose
1 511 29.649 -22 241.494 -0.992 -0.1265 0 0 0 -1 -0.1265 0.992 0 756.dat
0 MLCAD BTG Hose
1 511 29.363 -22 243.738 -0.9864 -0.1645 0 0 0 -1 -0.1645 0.9864 0 756.dat
0 MLCAD BTG Hose
1 511 28.991 -22 245.97 -0.9791 -0.2032 0 0 0 -1 -0.2032 0.9791 0 756.dat
0 MLCAD BTG Hose
1 511 28.53 -22 248.188 -0.9701 -0.2428 0 0 0 -1 -0.2428 0.9701 0 756.dat
0 MLCAD BTG Hose
1 511 27.98 -22 250.387 -0.9589 -0.2837 0 0 0 -1 -0.2837 0.9589 0 756.dat
0 MLCAD BTG Hose
1 511 27.336 -22 252.563 -0.9454 -0.3259 0 0 0 -1 -0.3259 0.9454 0 756.dat
0 MLCAD BTG Hose
1 511 26.596 -22 254.71 -0.9291 -0.3698 0 0 0 -1 -0.3698 0.9291 0 756.dat
0 MLCAD BTG Hose
1 511 25.756 -22 256.822 -0.9097 -0.4152 0 0 0 -1 -0.4152 0.9097 0 756.dat
0 MLCAD BTG Hose
1 511 24.823 -22 258.865 -0.8866 -0.4626 0 0 0 -1 -0.4626 0.8866 0 756.dat
0 MLCAD BTG Hose
1 511 23.771 -22 260.882 -0.8588 -0.5123 0 0 0 -1 -0.5123 0.8588 0 756.dat
0 MLCAD BTG Hose
1 511 22.605 -22 262.836 -0.8259 -0.5639 0 0 0 -1 -0.5639 0.8259 0 756.dat
0 MLCAD BTG Hose
1 511 21.323 -22 264.713 -0.7871 -0.6168 0 0 0 -1 -0.6168 0.7871 0 756.dat
0 MLCAD BTG Hose
1 511 19.939 -22 266.48 -0.7416 -0.6708 0 0 0 -1 -0.6708 0.7416 0 756.dat
0 MLCAD BTG Hose
1 511 18.417 -22 268.162 -0.6883 -0.7254 0 0 0 -1 -0.7254 0.6883 0 756.dat
0 MLCAD BTG Hose
1 511 16.774 -22 269.722 -0.6265 -0.7794 0 0 0 -1 -0.7794 0.6265 0 756.dat
0 MLCAD BTG Hose
1 511 14.989 -22 271.156 -0.5567 -0.8307 0 0 0 -1 -0.8307 0.5567 0 756.dat
0 MLCAD BTG Hose
1 511 13.111 -22 272.415 -0.4797 -0.8774 0 0 0 -1 -0.8774 0.4797 0 756.dat
0 MLCAD BTG Hose
1 511 11.129 -22 273.498 -0.3966 -0.918 0 0 0 -1 -0.918 0.3966 0 756.dat
0 MLCAD BTG Hose
1 511 9.055 -22 274.394 -0.3088 -0.9511 0 0 0 -1 -0.9511 0.3088 0 756.dat
0 MLCAD BTG Hose
1 511 6.879 -22 275.101 -0.2192 -0.9757 0 0 0 -1 -0.9757 0.2193 0 756.dat
0 MLCAD BTG Hose
1 511 4.671 -22 275.597 -0.1313 -0.9913 0 0 0 -1 -0.9913 0.1313 0 756.dat
0 MLCAD BTG Hose
1 511 2.426 -22 275.894 -0.0466 -0.9989 0 0 0 -1 -0.9989 0.0466 0 756.dat
0 MLCAD BTG Hose
1 511 0.165 -22 276 0.0346 -0.9994 0 0 0 -1 -0.9994 -0.0346 0 756.dat
0 MLCAD BTG Hose
1 511 -2.095 -22 275.921 0.1185 -0.9929 0 0 0 -1 -0.9929 -0.1185 0 756.dat
0 MLCAD BTG Hose
1 511 -4.343 -22 275.653 0.2062 -0.9785 0 0 0 -1 -0.9785 -0.2062 0 756.dat
0 MLCAD BTG Hose
1 511 -6.557 -22 275.187 0.2952 -0.9554 0 0 0 -1 -0.9554 -0.2952 0 756.dat
0 MLCAD BTG Hose
1 511 -8.717 -22 274.519 0.3834 -0.9236 0 0 0 -1 -0.9236 -0.3834 0 756.dat
0 MLCAD BTG Hose
1 511 -10.828 -22 273.643 0.4678 -0.8838 0 0 0 -1 -0.8838 -0.4678 0 756.dat
0 MLCAD BTG Hose
1 511 -12.825 -22 272.586 0.5457 -0.8379 0 0 0 -1 -0.8379 -0.5457 0 756.dat
0 MLCAD BTG Hose
1 511 -14.718 -22 271.353 0.6164 -0.7874 0 0 0 -1 -0.7874 -0.6164 0 756.dat
0 MLCAD BTG Hose
1 511 -16.5 -22 269.958 0.679 -0.7341 0 0 0 -1 -0.7341 -0.679 0 756.dat
0 MLCAD BTG Hose
1 511 -18.163 -22 268.42 0.7336 -0.6796 0 0 0 -1 -0.6796 -0.7336 0 756.dat
0 MLCAD BTG Hose
1 511 -19.704 -22 266.756 0.7805 -0.6251 0 0 0 -1 -0.6251 -0.7805 0 756.dat
0 MLCAD BTG Hose
1 511 -21.124 -22 264.983 0.8205 -0.5716 0 0 0 -1 -0.5716 -0.8205 0 756.dat
0 MLCAD BTG Hose
1 511 -22.424 -22 263.117 0.8543 -0.5198 0 0 0 -1 -0.5198 -0.8543 0 756.dat
0 MLCAD BTG Hose
1 511 -23.606 -22 261.174 0.8826 -0.4701 0 0 0 -1 -0.4701 -0.8826 0 756.dat
0 MLCAD BTG Hose
1 511 -24.663 -22 259.19 0.9064 -0.4224 0 0 0 -1 -0.4224 -0.9064 0 756.dat
0 MLCAD BTG Hose
1 511 -25.624 -22 257.128 0.9265 -0.3764 0 0 0 -1 -0.3764 -0.9265 0 756.dat
0 MLCAD BTG Hose
1 511 -26.479 -22 255.022 0.9432 -0.3322 0 0 0 -1 -0.3322 -0.9432 0 756.dat
0 MLCAD BTG Hose
1 511 -27.234 -22 252.879 0.9571 -0.2897 0 0 0 -1 -0.2897 -0.9571 0 756.dat
0 MLCAD BTG Hose
1 511 -27.892 -22 250.707 0.9686 -0.2487 0 0 0 -1 -0.2487 -0.9686 0 756.dat
0 MLCAD BTG Hose
1 511 -28.456 -22 248.511 0.9779 -0.2089 0 0 0 -1 -0.2089 -0.9779 0 756.dat
0 MLCAD BTG Hose
1 511 -28.929 -22 246.296 0.9854 -0.1701 0 0 0 -1 -0.1701 -0.9854 0 756.dat
0 MLCAD BTG Hose
1 511 -29.314 -22 244.065 0.9912 -0.1321 0 0 0 -1 -0.1321 -0.9912 0 756.dat
0 MLCAD BTG Hose
1 511 -29.613 -22 241.823 0.9955 -0.0945 0 0 0 -1 -0.0945 -0.9955 0 756.dat
0 MLCAD BTG Hose
1 511 -29.826 -22 239.572 0.9984 -0.0571 0 0 0 -1 -0.0571 -0.9984 0 756.dat
0 MLCAD BTG Hose
1 511 -29.956 -22 237.315 0.9998 -0.0195 0 0 0 -1 -0.0195 -0.9998 0 756.dat
0 MLCAD BTG Hose
1 511 -30 -22 235.028 1 0 0 0 0 -1 0 -1 0 756.dat
0 MLCAD BTG Hose
1 511 -30 -22 232.781 1 0 0 0 0 -1 0 -1 0 756.dat
0 GROUP 53 Hose
1 511 -52 -22 140 0 1 0 0 0 -1 -1 0 0 3023.dat
1 0 -68 -22 140 0 1 0 -1 0 0 0 0 1 4595.dat
1 36 -58 -22 184 0 0 1 -1 0 0 0 -1 0 4589.dat
1 36 -58 -22 104 0 0 1 -1 0 0 0 -1 0 6141.dat
1 511 52 -22 140 0 -1 0 0 0 1 -1 0 0 3023.dat
1 0 68 -22 140 0 -1 0 1 0 0 0 0 1 4595.dat
1 36 58 -22 184 0 0 -1 1 0 0 0 -1 0 4589.dat
1 36 58 -22 104 0 0 -1 1 0 0 0 -1 0 6141.dat
1 0 -30 -32 170 0 0 1 0 1 0 -1 0 0 3623.dat
1 0 30 -32 170 0 0 1 0 1 0 -1 0 0 3623.dat
1 15 0 -56 170 -1 0 0 0 1 0 0 0 -1 3037.dat
1 15 -30 -56 140 0 0 -1 0 1 0 1 0 0 4865a.dat
1 15 -30 -56 100 0 0 -1 0 1 0 1 0 0 4865a.dat
1 15 30 -56 140 0 0 1 0 1 0 -1 0 0 4865a.dat
1 15 30 -56 100 0 0 1 0 1 0 -1 0 0 4865a.dat
1 15 -30 -56 60 0 0 -1 0 1 0 1 0 0 4865a.dat
1 15 30 -56 60 0 0 1 0 1 0 -1 0 0 4865a.dat
1 15 -30 -56 20 0 0 -1 0 1 0 1 0 0 4865a.dat
1 15 30 -56 20 0 0 1 0 1 0 -1 0 0 4865a.dat
1 15 30 -24 20 0 0 -1 0 1 0 1 0 0 3010.dat
1 15 -30 -24 20 0 0 -1 0 1 0 1 0 0 3010.dat
1 0 30 -32 40 0 0 -1 0 1 0 1 0 0 3666.dat
1 0 -30 -32 40 0 0 -1 0 1 0 1 0 0 3666.dat
1 15 -10 -56 -10 -1 0 0 0 1 0 0 0 -1 2357.dat
1 15 10 -56 -10 0 0 1 0 1 0 -1 0 0 2357.dat
1 15 0 -80 -30 -1 0 0 0 1 0 0 0 -1 3004.dat
1 15 0 -88 -30 -1 0 0 0 1 0 0 0 -1 3023.dat
1 15 0 -96 -30 -1 0 0 0 1 0 0 0 -1 3023.dat
1 15 -30 -96 -30 0 0 1 0 1 0 -1 0 0 4460a.dat
1 15 30 -96 -30 0 0 -1 0 1 0 1 0 0 4460a.dat
1 15 0 -104 -30 -1 0 0 0 1 0 0 0 -1 4315.dat
1 33 0 -100 -16 -1 0 0 0 1 0 0 0 -1 2337.dat
1 33 0 -100 64 -1 0 0 0 1 0 0 0 -1 4474.dat
1 0 0 -32 -120 1 0 0 0 1 0 0 0 1 6990 - Train 3 - Battery.ldr
1 0 0 -120 -120 0 0 1 0 1 0 -1 0 0 2726c01.dat
0 MLCAD BTG Chassis
1 0 0 16.069 121.438 0 0 -1 0.0958458 0.995396 0 0.995396 -0.0958458 0 2686.dat
0 MLCAD BTG Chassis
1 0 0 25.617 95.402 0 0 -1 0.0958458 0.995396 0 0.995396 -0.0958458 0 2688.dat
0 MLCAD BTG Chassis
1 0 0 30.411 145.173 0 0 -1 0.0958458 0.995396 0 0.995396 -0.0958458 0 2688.dat
0 GROUP 3 Chassis
1 0 0 31 120 0 0 -1 0 1 0 1 0 0 2697.dat

0 FILE 6990 - Train 3 - Battery.ldr
0 Train 3 - Battery
0 Name: 6990 - Train 3 - Battery.ldr
0 Author: Damien Roux [Darats]
0 !LDRAW_ORG Model
0 !LICENSE Redistributable under CCAL version 2.0 : see CAreadme.txt

0 !THEME Space / Futuron

1 0 0 0 0 0 0 1 0 1 0 -1 0 0 3035.dat
1 15 30 -8 0 0 0 1 0 1 0 -1 0 0 3460.dat
1 15 30 -16 0 0 0 1 0 1 0 -1 0 0 3460.dat
1 15 -30 -8 0 0 0 1 0 1 0 -1 0 0 3460.dat
1 15 -30 -16 0 0 0 1 0 1 0 -1 0 0 3460.dat
1 15 0 -72 0 1 0 0 0 1 0 0 0 1 4760p01c01.dat
1 0 0 8 -60 1 0 0 0 1 0 0 0 1 3022.dat
1 0 0 8 0 1 0 0 0 1 0 0 0 1 3022.dat
1 0 0 8 60 1 0 0 0 1 0 0 0 1 3022.dat
1 15 30 -80 0 0 0 -1 0 1 0 1 0 0 3069bp06.dat
1 15 -30 -80 0 0 0 -1 0 1 0 1 0 0 3069bp06.dat
1 15 0 -88 30 1 0 0 0 1 0 0 0 1 73666.dat
1 36 0 -88 30 1 0 0 0 1 0 0 0 1 4770.dat

0 FILE 6990 - Station 1.ldr
0 Station 1
0 Name: 6990 - Station 1.ldr
0 Author: Damien Roux [Darats]
0 !LDRAW_ORG Model
0 !LICENSE Redistributable under CCAL version 2.0 : see CAreadme.txt

0 !THEME Space / Futuron

1 7 0 0 0 0 0 1 0 1 0 -1 0 0 3857.dat
1 0 140 -24 -200 0 0 1 0 1 0 -1 0 0 3941.dat
1 0 100 -24 -200 0 0 1 0 1 0 -1 0 0 3941.dat
1 0 -100 -24 -200 0 0 1 0 1 0 -1 0 0 3941.dat
1 0 -140 -24 -200 0 0 1 0 1 0 -1 0 0 3941.dat
1 0 140 -24 0 0 0 1 0 1 0 -1 0 0 3941.dat
1 0 100 -24 0 0 0 1 0 1 0 -1 0 0 3941.dat
1 0 -100 -24 0 0 0 1 0 1 0 -1 0 0 3941.dat
1 0 -140 -24 0 0 0 1 0 1 0 -1 0 0 3941.dat
1 0 140 -24 200 0 0 1 0 1 0 -1 0 0 3941.dat
1 0 100 -24 200 0 0 1 0 1 0 -1 0 0 3941.dat
