0 FILE 71200 - main.ldr
0 main
0 Name: 71200 - main.ldr
0 Author: Evert-Jan Boer [ejboer]
0 !LDRAW_ORG Unofficial_Model
0 !LICENSE Redistributable under CCAL version 2.0 : see CAreadme.txt

0 !HISTORY 2020-08-30 [technicbasics] added unofficial files and OMRize.

0 Name: main.ldr
1 72 0 0 0 0 0 -1 0 1 0 1 0 0 18601.dat
1 179 -60 -8 -190 1 0 0 0 1 0 0 0 1 2412b.dat
1 179 -60 -8 190 1 0 0 0 1 0 0 0 1 2412b.dat
1 322 -20 -8 -190 1 0 0 0 1 0 0 0 1 3069b.dat
1 322 -100 -8 -190 1 0 0 0 1 0 0 0 1 3069b.dat
1 322 -100 -8 190 1 0 0 0 1 0 0 0 1 3069b.dat
1 322 -20 -8 190 1 0 0 0 1 0 0 0 1 3069b.dat
1 322 -110 -8 220 0 0 1 0 1 0 -1 0 0 3069b.dat
1 322 -110 -8 -220 0 0 1 0 1 0 -1 0 0 3069b.dat
0 STEP
1 272 -110 -24 -130 1 0 0 0 1 0 0 0 1 3675.dat
1 272 -110 -24 130 0 0 -1 0 1 0 1 0 0 3675.dat
1 272 -81.217 -14.609 -147 0 -0.447 -0.894 0 0.894 -0.447 1 0 0 71200 - 6124787c.dat
1 272 -81.217 -14.609 147 0 -0.447 -0.894 0 0.894 -0.447 1 0 0 71200 - 6124787d.dat
0 STEP
1 72 -110 -24 -110 0 0 -1 0 1 0 1 0 0 60477.dat
1 72 -110 -24 110 0 0 -1 0 1 0 1 0 0 60477.dat
1 71 -50 -8 140 0 0 -1 0 1 0 1 0 0 88072.dat
0 STEP
1 71 -110 -24 -90 0 0 1 0 1 0 -1 0 0 60476.dat
1 71 -110 -24 90 0 0 1 0 1 0 -1 0 0 60476.dat
1 272 -90 -24 -90 0 0 1 0 1 0 -1 0 0 3005.dat
1 272 -90 -24 90 0 0 1 0 1 0 -1 0 0 3005.dat
1 322 -70 -24 90 0 0 -1 0 1 0 1 0 0 4286.dat
1 322 -70 -24 -90 0 0 -1 0 1 0 1 0 0 4286.dat
0 STEP
1 71 -100 -24 -60 0 0 -1 0 1 0 1 0 0 3003.dat
1 71 -100 -24 60 0 0 -1 0 1 0 1 0 0 3003.dat
0 STEP
1 71 -110 -24 0 0 0 -1 0 1 0 1 0 0 3701.dat
1 272 -90 -8 0 0 0 -1 0 1 0 1 0 0 3710.dat
0 STEP
1 272 -60 -8 10 1 0 0 0 1 0 0 0 1 2412b.dat
1 272 -60 -8 -10 1 0 0 0 1 0 0 0 1 2412b.dat
1 43 -90 -8 30 0 0 -1 0 1 0 1 0 0 54200.dat
1 43 -90 -8 -30 0 0 -1 0 1 0 1 0 0 54200.dat
0 STEP
1 43 -60 -24 -30 1 0 0 0 1 0 0 0 1 4865b.dat
1 43 -60 -24 30 -1 0 0 0 1 0 0 0 -1 4865b.dat
1 272 -110 -40 10 0 0 -1 0 1 0 1 0 0 6091.dat
1 272 -110 -40 -10 0 0 -1 0 1 0 1 0 0 6091.dat
0 STEP
1 71 -70 -24 -70 0 0 -1 0 1 0 1 0 0 3045.dat
1 71 -70 -24 70 1 0 0 0 1 0 0 0 1 3045.dat
1 71 -50.101 -14.101 61 0 -0.707 -0.707 0 0.707 -0.707 1 0 0 71200 - 6124787b.dat
1 71 -50.101 -14.101 -61 0 -0.707 -0.707 0 0.707 -0.707 1 0 0 71200 - 6124787a.dat
0 STEP
1 322 0 -8 -90 -1 0 0 0 1 0 0 0 -1 3069b.dat
1 322 0 -8 90 -1 0 0 0 1 0 0 0 -1 3069b.dat
1 322 70 -8 80 0 0 -1 0 1 0 1 0 0 3069b.dat
1 322 70 -8 -80 0 0 -1 0 1 0 1 0 0 3069b.dat
1 179 40 -8 -90 1 0 0 0 1 0 0 0 1 2412b.dat
1 179 40 -8 90 1 0 0 0 1 0 0 0 1 2412b.dat
0 STEP
1 272 100 -8 -10 1 0 0 0 1 0 0 0 1 2412b.dat
1 272 100 -8 10 1 0 0 0 1 0 0 0 1 2412b.dat
1 43 20 -24 -30 1 0 0 0 1 0 0 0 1 62360.dat
1 43 20 -24 30 -1 0 0 0 1 0 0 0 -1 62360.dat
0 STEP
1 43 100 -24 -30 1 0 0 0 1 0 0 0 1 4865b.dat
1 43 100 -24 30 -1 0 0 0 1 0 0 0 -1 4865b.dat
1 71 -90 -32 -80 0 0 -1 0 1 0 1 0 0 2419.dat
1 71 -90 -32 80 0 0 -1 0 1 0 1 0 0 2419.dat
0 STEP
1 72 -110 -40 0 0 0 -1 0 1 0 1 0 0 4477.dat
1 272 -110 -32 -110 1 0 0 0 1 0 0 0 1 54200.dat
1 272 -110 -32 110 -1 0 0 0 1 0 0 0 -1 54200.dat
0 STEP
1 71 -130 -14 20 0 0 1 0 1 0 -1 0 0 71200 - subModel-2.ldr
0 STEP
1 71 -130 -14 90 0 0.707 -0.707 0 0.707 0.707 1 0 0 98397.dat
1 71 -130 -14 -90 0 0.707 -0.707 0 0.707 0.707 1 0 0 98397.dat
0 STEP
1 52 -120 -308.853 0 0 -1 0 1 0 0 0 0 1 71200 - subModel-3.ldr
0 STEP
1 272 -98 -84 -30 -0.707 0 0.707 0 1 0 -0.707 0 -0.707 44676.dat
1 272 -75.373 -62 -49.799 -0.707 -0.707 0 0 0 -1 0.707 -0.707 0 71200 - 6124787g.dat
1 272 -98 -84 30 0.707 0 0.707 0 1 0 -0.707 0 0.707 44676.dat
1 272 -75.373 -62 49.799 0.707 -0.707 0 0 0 -1 0.707 0.707 0 71200 - 6124787f.dat
0 STEP
1 52 -78 -196.426 -122.427 0 0 -1 -1 0 0 0 1 0 71200 - 92747p03.dat
1 52 -78 -275.925 -89.498 0 0 -1 -0.707 0.707 0 0.707 0.707 0 71200 - 92747p02.dat
1 52 -78 -308.853 0 0 0 -1 0 1 0 1 0 0 71200 - 92747p05.dat
1 52 -78 -278.045 87.376 0 0 -1 0.707 0.707 0 0.707 -0.707 0 71200 - 92747p04.dat
1 52 -78 -196.426 122.426 0 0 -1 1 0 0 0 -1 0 71200 - 92747p06.dat
1 0 -110 -96 200 0.866 0 -0.5 0 1 0 0.5 0 0.866 71200 - subModel-5.ldr



0 STEP
1 43 70 -40 230 -0.707 0 -0.707 0 1 0 0.707 0 -0.707 71200 - subModel-1.ldr
1 43 70 -104 -210 0.5 0 -0.866 0 1 0 0.866 0 0.5 71200 - subModel-7.ldr
1 72 170 -107 -70 0.259 0 -0.966 0 1 0 0.966 0 0.259 71200 - subModel-8.ldr
1 72 189 -104 60 0.259 0 -0.966 0 1 0 0.966 0 0.259 71200 - subModel-9.ldr










0 FILE 71200 - subModel-2.ldr
0 subModel-2
0 Name: 71200 - subModel-2.ldr
0 Author: Evert-Jan Boer [ejboer]
0 !LDRAW_ORG Unofficial_Model
0 !LICENSE Redistributable under CCAL version 2.0 : see CAreadme.txt

1 0 0 0 0 0 0 1 0 -1 0 1 0 0 6553.dat
1 0 0 0 0 0 0 1 0 1 0 -1 0 0 18651.dat
0 STEP
1 71 0 0 -15 0 0 1 -1 0 0 0 -1 0 6632.dat
1 71 0 0 -25 0 0 1 -1 0 0 0 -1 0 6632.dat
0 STEP
1 0 40 0 0 0 0 1 0 1 0 -1 0 0 18651.dat
1 0 40 0 0 0 0 1 0 -1 0 1 0 0 6553.dat








0 FILE 71200 - subModel-3.ldr
0 subModel-3
0 Name: 71200 - subModel-3.ldr
0 Author: Evert-Jan Boer [ejboer]
0 !LDRAW_ORG Unofficial_Model
0 !LICENSE Redistributable under CCAL version 2.0 : see CAreadme.txt

1 272 0 0 0 0 0 1 0 1 0 -1 0 0 3020.dat
0 STEP
1 0 -10 -8 0 0 0 1 0 1 0 -1 0 0 2540.dat
1 0 10 -8 0 0 0 -1 0 1 0 1 0 0 2540.dat
0 STEP
1 322 40 -8 40 1 0 0 0 1 0 0 0 1 15706.dat
1 322 40 -8 -40 0.707 0 -0.707 0 1 0 0.707 0 0.707 15706.dat
0 STEP
1 71 32.929 0 -89.497 0.707 0 0.707 0 1 0 -0.707 0 0.707 3021.dat
1 71 32.929 0 89.497 -0.707 0 0.707 0 1 0 -0.707 0 -0.707 3021.dat
0 STEP
1 0 32.929 -8 -89.497 -0.707 0 0.707 0 1 0 -0.707 0 -0.707 18649.dat
1 0 32.929 -8 89.497 -0.707 0 -0.707 0 1 0 0.707 0 -0.707 18649.dat
0 STEP
1 322 82.426 -8 82.426 0.707 0 0.707 0 1 0 -0.707 0 0.707 15706.dat
1 322 82.426 -8 -82.426 0 0 -1 0 1 0 1 0 0 15706.dat
0 STEP
1 71 112.426 0 -122.426 -1 0 0 0 1 0 0 0 -1 3021.dat
1 71 112.426 0 122.426 -1 0 0 0 1 0 0 0 -1 3021.dat
0 STEP
1 0 112.426 -8 122.426 0 0 -1 0 1 0 1 0 0 18649.dat
1 0 112.426 -8 -122.426 0 0 -1 0 1 0 1 0 0 18649.dat
0 STEP
1 322 142.426 -8 -82.426 -0.707 0 -0.707 0 1 0 0.707 0 -0.707 15706.dat
1 322 142.426 -8 82.426 0 0 1 0 1 0 -1 0 0 15706.dat
0 STEP
1 71 191.924 0 -89.497 -0.707 0 0.707 0 1 0 -0.707 0 -0.707 3021.dat
1 71 191.924 0 89.498 -0.707 0 -0.707 0 1 0 0.707 0 -0.707 3021.dat
0 STEP
1 0 191.924 -8 89.498 -0.707 0 0.707 0 1 0 -0.707 0 -0.707 18649.dat
1 0 191.924 -8 -89.497 -0.707 0 -0.707 0 1 0 0.707 0 -0.707 18649.dat
0 STEP
1 322 184.853 -8 -40 -1 0 0 0 1 0 0 0 -1 15706.dat
1 322 184.853 -8 40 -0.707 0 0.707 0 1 0 -0.707 0 -0.707 15706.dat
0 STEP
1 322 0 -16 0 0 0 -1 0 1 0 1 0 0 3020.dat
1 322 112.427 -16 -122.427 1 0 0 0 1 0 0 0 1 3021.dat
1 322 112.426 -16 122.426 1 0 0 0 1 0 0 0 1 3021.dat
1 322 191.924 -16 89.498 0.707 0 0.707 0 1 0 -0.707 0 0.707 3021.dat
1 322 32.928 -16 -89.498 0.707 0 0.707 0 1 0 -0.707 0 0.707 3021.dat
1 322 32.929 -16 89.497 -0.707 0 0.707 0 1 0 -0.707 0 -0.707 3021.dat
1 322 191.925 -16 -89.498 -0.707 0 0.707 0 1 0 -0.707 0 -0.707 3021.dat
0 STEP
1 272 32.928 -24 -89.498 -0.707 0 0.707 0 1 0 -0.707 0 -0.707 15573.dat
1 272 112.427 -24 -122.427 0 0 1 0 1 0 -1 0 0 15573.dat
1 272 112.426 -24 122.426 0 0 1 0 1 0 -1 0 0 15573.dat
1 272 32.929 -24 89.497 0.707 0 0.707 0 1 0 -0.707 0 0.707 15573.dat
1 272 0 -24 0 0 0 1 0 1 0 -1 0 0 87580.dat
1 179 191.925 -24 -89.498 -0.707 0 -0.707 0 1 0 0.707 0 -0.707 2412b.dat
1 179 191.924 -24 89.498 0.707 0 -0.707 0 1 0 0.707 0 0.707 2412b.dat
0 STEP
1 71 30 -8 30 0 0 -1 0 1 0 1 0 0 54200.dat
1 71 29.999 -8 -30 0 0 -1 0 1 0 1 0 0 54200.dat
1 71 39.999 -8 54.143 0.707 0 -0.707 0 1 0 0.707 0 0.707 54200.dat
1 71 68.284 -8 82.426 0.707 0 -0.707 0 1 0 0.707 0 0.707 54200.dat
1 71 92.426 -8 92.427 1 0 0 0 1 0 0 0 1 54200.dat
1 71 132.426 -8 92.426 1 0 0 0 1 0 0 0 1 54200.dat
1 71 156.569 -8 82.427 0.707 0 0.707 0 1 0 -0.707 0 0.707 54200.dat
1 71 184.853 -8 54.142 0.707 0 0.707 0 1 0 -0.707 0 0.707 54200.dat
1 71 184.854 -8 -54.143 -0.707 0 0.707 0 1 0 -0.707 0 -0.707 54200.dat
1 71 156.569 -8 -82.426 -0.707 0 0.707 0 1 0 -0.707 0 -0.707 54200.dat
1 71 132.427 -8 -92.427 -1 0 0 0 1 0 0 0 -1 54200.dat
1 71 92.426 -8 -92.426 -1 0 0 0 1 0 0 0 -1 54200.dat
1 71 68.284 -8 -82.427 -0.707 0 -0.707 0 1 0 0.707 0 -0.707 54200.dat
1 71 40 -8 -54.142 -0.707 0 -0.707 0 1 0 0.707 0 -0.707 54200.dat
0 STEP
1 43 10 -24 30 0 0 1 0 1 0 -1 0 0 98138.dat
1 43 10 -24 -30 0 0 1 0 1 0 -1 0 0 98138.dat
1 43 25.858 -24 68.284 0 0 1 0 1 0 -1 0 0 98138.dat
1 43 54.142 -24 96.569 0 0 1 0 1 0 -1 0 0 98138.dat
1 43 92.426 -24 112.426 0 0 1 0 1 0 -1 0 0 98138.dat
1 43 132.426 -24 112.426 0 0 1 0 1 0 -1 0 0 98138.dat
1 43 170.711 -24 96.569 0 0 1 0 1 0 -1 0 0 98138.dat
1 43 198.995 -24 68.284 0 0 1 0 1 0 -1 0 0 98138.dat
1 43 198.996 -24 -68.285 0 0 1 0 1 0 -1 0 0 98138.dat
1 43 170.711 -24 -96.569 0 0 1 0 1 0 -1 0 0 98138.dat
1 43 132.427 -24 -112.427 0 0 1 0 1 0 -1 0 0 98138.dat
1 43 92.427 -24 -112.427 0 0 1 0 1 0 -1 0 0 98138.dat
1 43 54.142 -24 -96.569 0 0 1 0 1 0 -1 0 0 98138.dat
1 43 25.857 -24 -68.285 0 0 1 0 1 0 -1 0 0 98138.dat
0 STEP
1 272 -20 -8 -30 0 0 1 0 1 0 -1 0 0 11477.dat
1 272 -20 -8 30 0 0 1 0 1 0 -1 0 0 11477.dat
1 272 4.644 -8 -89.498 0.707 0 0.707 0 1 0 -0.707 0 0.707 11477.dat
1 272 32.928 -8 -117.783 0.707 0 0.707 0 1 0 -0.707 0 0.707 11477.dat
1 272 92.427 -8 -142.427 1 0 0 0 1 0 0 0 1 11477.dat
1 272 132.427 -8 -142.427 1 0 0 0 1 0 0 0 1 11477.dat
1 272 191.925 -8 -117.782 0.707 0 -0.707 0 1 0 0.707 0 0.707 11477.dat
1 272 220.209 -8 -89.498 0.707 0 -0.707 0 1 0 0.707 0 0.707 11477.dat
1 272 4.645 -8 89.497 -0.707 0 0.707 0 1 0 -0.707 0 -0.707 11477.dat
1 272 32.929 -8 117.782 -0.707 0 0.707 0 1 0 -0.707 0 -0.707 11477.dat
1 272 92.426 -8 142.426 -1 0 0 0 1 0 0 0 -1 11477.dat
1 272 132.426 -8 142.426 -1 0 0 0 1 0 0 0 -1 11477.dat
1 272 191.924 -8 117.782 -0.707 0 -0.707 0 1 0 0.707 0 -0.707 11477.dat
1 272 220.208 -8 89.498 -0.707 0 -0.707 0 1 0 0.707 0 -0.707 11477.dat
0 STEP
1 71 0 -32 0 -1 0 0 0 1 0 0 0 -1 15712.dat
1 71 32.929 -32 89.497 -0.707 0 -0.707 0 1 0 0.707 0 -0.707 15712.dat
1 71 112.426 -32 122.426 0 0 -1 0 1 0 1 0 0 15712.dat
1 71 32.928 -32 -89.498 0.707 0 -0.707 0 1 0 0.707 0 0.707 15712.dat
1 71 112.427 -32 -122.427 0 0 -1 0 1 0 1 0 0 15712.dat
0 STEP
1 0 244.853 24 0 1 0 0 0 1 0 0 0 1 71200 - subModel-4.ldr
0 STEP
1 322 214.853 -16 0 0 0 1 0 1 0 -1 0 0 3710.dat
1 72 244.853 -16 0 0 0 1 0 1 0 -1 0 0 3022.dat
0 STEP
1 71 244.853 -24 10 -1 0 0 0 1 0 0 0 -1 2540.dat
1 71 244.853 -24 -10 1 0 0 0 1 0 0 0 1 2540.dat
1 71 204.853 -8 30 0 0 1 0 1 0 -1 0 0 11477.dat
1 71 204.853 -8 -30 0 0 1 0 1 0 -1 0 0 11477.dat
0 STEP
1 179 254.853 -32 0 0 0 1 0 1 0 -1 0 0 2412b.dat
1 272 224.853 -16 0 0 0 1 0 1 0 -1 0 0 15068p06.dat
1 179 224.853 -16 0 0 0 1 0 1 0 -1 0 0 71200 - 6124787ec01.dat
0 STEP
1 0 112.426 -22.732 -177.407 0 0 -1 0.5 0.866 0 0.866 -0.5 0 63868.dat
1 72 112.426 -22.732 -177.407 1 0 0 0 0.866 0.5 0 -0.5 0.866 61409.dat
1 0 -5.948 -22.732 -128.375 0.612 -0.354 -0.707 0.5 0.866 0 0.612 -0.354 0.707 63868.dat
1 72 -5.948 -22.732 -128.375 0.707 -0.354 0.612 0 0.866 0.5 -0.707 -0.354 0.612 61409.dat
1 0 -54.981 -22.732 0 0.866 -0.5 0 0.5 0.866 0 0 0 1 63868.dat
1 72 -54.981 -22.732 0 0 -0.5 0.866 0 0.866 0.5 -1 0 0 61409.dat
1 0 -5.948 -22.732 128.375 0.612 -0.354 0.707 0.5 0.866 0 -0.612 0.354 0.707 63868.dat
1 72 -5.948 -22.732 128.375 -0.707 -0.354 0.612 0 0.866 0.5 -0.707 0.354 -0.612 61409.dat
1 0 112.426 -22.732 177.407 0 0 1 0.5 0.866 0 -0.866 0.5 0 63868.dat
1 72 112.426 -22.732 177.407 -1 0 0 0 0.866 0.5 0 0.5 -0.866 61409.dat
0 STEP
1 43 194.853 -6 0 0 0 1 0 -1 0 1 0 0 16770.dat
1 43 170.711 -6 68.284 -0.707 0 0.707 0 -1 0 0.707 0 0.707 16770.dat
1 43 112.426 -6 92.426 -1 0 0 0 -1 0 0 0 1 16770.dat
1 43 54.142 -6 68.284 -0.707 0 -0.707 0 -1 0 -0.707 0 0.707 16770.dat
1 43 30 -6 0 0 0 -1 0 -1 0 -1 0 0 16770.dat
1 43 54.142 -6 -68.284 0.707 0 -0.707 0 -1 0 -0.707 0 -0.707 16770.dat
1 43 112.426 -6 -92.426 1 0 0 0 -1 0 0 0 -1 16770.dat
1 43 170.711 -6 -68.284 0.707 0 0.707 0 -1 0 0.707 0 -0.707 16770.dat
0 STEP
1 179 214.853 18 0 0 -0.5 -0.866 0 0.866 -0.5 1 0 0 15341.dat








0 FILE 71200 - subModel-4.ldr
0 subModel-4
0 Name: 71200 - subModel-4.ldr
0 Author: Evert-Jan Boer [ejboer]
0 !LDRAW_ORG Unofficial_Model
0 !LICENSE Redistributable under CCAL version 2.0 : see CAreadme.txt

1 272 0 0 0 0 0 1 0 1 0 -1 0 0 3020.dat
0 STEP
1 71 -10 -8 0 0 0 1 0 1 0 -1 0 0 2540.dat
1 19 -10 -16 0 0 0 1 0 1 0 -1 0 0 3023.dat
0 STEP
1 71 -10 -24 30 0 0 1 0 1 0 -1 0 0 4287a.dat
1 71 -10 -24 -30 0 0 1 0 1 0 -1 0 0 4287a.dat
0 STEP
1 72 -20 -24 0 0 0 1 0 1 0 -1 0 0 3022.dat
1 71 10 -24 20 0 0 1 0 1 0 -1 0 0 32064a.dat
1 71 10 -24 -20 0 0 1 0 1 0 -1 0 0 32064a.dat
0 STEP
1 72 0 -32 0 0 0 1 0 1 0 -1 0 0 3022.dat
0 STEP
1 0 -30 -32 0 0 0 1 0 1 0 -1 0 0 2540.dat








0 FILE 71200 - subModel-5.ldr
0 subModel-5
0 Name: 71200 - subModel-5.ldr
0 Author: Evert-Jan Boer [ejboer]
0 !LDRAW_ORG Unofficial_Model
0 !LICENSE Redistributable under CCAL version 2.0 : see CAreadme.txt

1 71 0 0 0 -1 0 0 0 1 0 0 0 -1 4595.dat
0 STEP
1 71 18 10 0 0 -1 0 0 0 -1 1 0 0 2540.dat
1 71 -18 10 0 0 1 0 0 0 -1 -1 0 0 2540.dat
0 STEP
1 72 0 10 -28 1 0 0 0 0 -1 0 1 0 6141.dat
1 72 0 10 46 0 0 1 -1 0 0 0 -1 0 48729b.dat
0 STEP
1 52 0 10 -36 -1 0 0 0 0 1 0 1 0 98138.dat
1 179 -26 10 0 0 1 0 0 0 1 1 0 0 2412b.dat
1 179 26 10 0 0 -1 0 0 0 -1 1 0 0 2412b.dat
0 STEP
1 179 16 70 -20 -1 0 0 0 0 1 0 1 0 15341.dat
1 179 -16 70 -20 -1 0 0 0 0 1 0 1 0 15341.dat
1 71 0 -8 -10 -1 0 0 0 1 0 0 0 -1 4592.dat
1 0 0 -8 -10 -1 0 0 0 0.707 -0.707 0 -0.707 -0.707 4593.dat









0 FILE 71200 - subModel-1.ldr
0 subModel-1
0 Name: 71200 - subModel-1.ldr
0 Author: Evert Jan Boer [ejboer]
0 !LDRAW_ORG Unofficial_Model
0 !LICENSE Redistributable under CCAL version 2.0 : see CAreadme.txt

0 !LICENSE Redistributable under CCAL version 2.0 : see CAreadme.txt
1 0 0 0 0 -1 0 0 0 1 0 0 0 -1 99207.dat
0 STEP
1 0 0 -8 -10 -1 0 0 0 1 0 0 0 -1 4600.dat
0 STEP
1 0 0 0 -50 0 0 -1 0 1 0 1 0 0 3020.dat
0 STEP
1 14 0 -8 -50 1 0 0 0 1 0 0 0 1 3020.dat
1 0 30 0 -50 0 0 1 0 1 0 -1 0 0 3023.dat
1 0 -30 0 -50 0 0 1 0 1 0 -1 0 0 3023.dat
0 STEP
1 0 -10 -8 -90 0 0 1 0 1 0 -1 0 0 21445.dat
1 0 10 -8 -90 0 0 -1 0 1 0 1 0 0 21445.dat
0 STEP
1 72 0 0 -100 1 0 0 0 1 0 0 0 1 99780.dat
0 STEP
1 0 0 -16 -50 0 0 -1 0 1 0 1 0 0 3020.dat
1 14 0 -32 0 1 0 0 0 1 0 0 0 1 3937.dat
1 72 -30 -16 -40 1 0 0 0 1 0 0 0 1 6141.dat
1 72 30 -16 -40 1 0 0 0 1 0 0 0 1 6141.dat
0 STEP
1 0 0 -31.511 -3.09 1 0 0 0 0.951 -0.309 0 0.309 0.951 71200 - subModel-6.ldr
0 STEP
1 0 -30 -8 -50 1 0 0 0 1 0 0 0 1 11477.dat
1 0 30 -8 -50 1 0 0 0 1 0 0 0 1 11477.dat
0 STEP
1 0 0 -24 -40 -1 0 0 0 1 0 0 0 -1 3023.dat
1 0 0 -24 -80 -1 0 0 0 1 0 0 0 -1 3023.dat
1 0 0 -24 -60 -1 0 0 0 1 0 0 0 -1 15573.dat
0 STEP
1 0 0 -32 -40 -1 0 0 0 1 0 0 0 -1 15573.dat
1 0 0 -8 -100 1 0 0 0 1 0 0 0 1 85984.dat
1 0 -10 -2 -122 0 0 1 1 0 0 0 1 0 49668.dat
1 0 10 -2 -122 0 0 -1 -1 0 0 0 1 0 49668.dat
0 STEP
1 57 0 -40 -40 0 0 -1 0 1 0 1 0 0 3070b.dat
1 57 0 -24 -60 1 0 0 0 1 0 0 0 1 54200.dat
1 0 30 -37.217 -4.944 0 1 0 -0.309 0 0.951 0.951 0 0.309 98721.dat
1 0 -30 -37.217 -4.944 0 1 0 -0.309 0 0.951 0.951 0 0.309 98721.dat
0 STEP
1 72 0 -12 22 -1 0 0 0 0 -1 0 -1 0 15535.dat
1 57 0 -12 22 -1 0 0 0 0 1 0 1 0 4740.dat
1 57 0 -12 30 -1 0 0 0 0 1 0 1 0 4740.dat
0 STEP
1 0 32 -3 -90 0 0 -1 -1 0 0 0 1 0 74967.dat
1 0 32 -3 -10 0 0 -1 -1 0 0 0 1 0 74967.dat
1 0 -32 -3 -10 0 0 1 1 0 0 0 1 0 74967.dat
1 0 -32 -3 -90 0 0 1 1 0 0 0 1 0 74967.dat
1 256 27 -3 -90 1 0 0 0 0 -1 0 1 0 30028.dat
1 256 27 -3 -10 1 0 0 0 0 -1 0 1 0 30028.dat
1 256 -37 -3 -10 1 0 0 0 0 -1 0 1 0 30028.dat
1 256 -37 -3 -90 1 0 0 0 0 -1 0 1 0 30028.dat
0 STEP
1 43 0 8 -50 1 0 0 0 1 0 0 0 1 3941.dat
1 43 0 32 -50 1 0 0 0 1 0 0 0 1 71200 - 18603c01.dat









0 FILE 71200 - subModel-6.ldr
0 subModel-6
0 Name: 71200 - subModel-6.ldr
0 Author: Evert Jan Boer [ejboer]
0 !LDRAW_ORG Unofficial_Model
0 !LICENSE Redistributable under CCAL version 2.0 : see CAreadme.txt

0 !LICENSE Redistributable under CCAL version 2.0 : see CAreadme.txt
1 0 0 0 0 1 0 0 0 1 0 0 0 1 3938.dat
0 STEP
1 0 -10 -8 0 0 0 1 0 1 0 -1 0 0 61252.dat
1 0 10 -8 0 0 0 -1 0 1 0 1 0 0 61252.dat
0 STEP
1 0 0 -16 0 1 0 0 0 1 0 0 0 1 99781.dat
0 STEP
1 0 0 -6 -14 -1 0 0 0 0 1 0 1 0 85984.dat








0 FILE 71200 - subModel-7.ldr
0 subModel-7
0 Name: 71200 - subModel-7.ldr
0 Author: Evert Jan Boer [ejboer]
0 !LDRAW_ORG Unofficial_Model
0 !LICENSE Redistributable under CCAL version 2.0 : see CAreadme.txt

0 !LICENSE Redistributable under CCAL version 2.0 : see CAreadme.txt
1 72 0 0 0 1 0 0 0 1 0 0 0 1 6131.dat
1 78 0 0 0 1 0 0 0 1 0 0 0 1 71200 - 3626cpm9.dat
1 71 0 24 0 1 0 0 0 1 0 0 0 1 10052.dat
1 72 0 24 0 1 0 0 0 1 0 0 0 1 50231c01.dat
1 72 0 24 0 1 0 0 0 1 0 0 0 1 973pm1.dat
1 72 15.552 33 0 0.985 0.17 0 -0.17 0.985 0 0 0 1 3819.dat
1 72 -15.552 33 0 0.985 -0.17 0 0.17 0.986 0 0 0 1 3818.dat
1 78 -23.688 50.76 -9.884 0.985 -0.12 0.12 0.17 0.697 -0.697 0 0.707 0.707 3820.dat
1 78 23.688 50.76 -9.884 0.99 -0.074 -0.12 -0.031 0.717 -0.697 0.138 0.694 0.707 3820.dat
1 72 0 56 0 1 0 0 0 1 0 0 0 1 3815b.dat
1 72 0 68 0 1 0 0 0 1 0 0 0 1 3816b.dat
1 72 0 68 0 1 0 0 0 1 0 0 0 1 3817b.dat
1 43 0 96 -1 1 0 0 0 1 0 0 0 1 71200 - 18603c02p03.dat
1 70 -19.61 27.063 -69.154 0.996 0.086 0 0.043 -0.501 0.865 0.074 -0.861 -0.503 63965.dat








0 FILE 71200 - subModel-8.ldr
0 subModel-8
0 Name: 71200 - subModel-8.ldr
0 Author: Evert Jan Boer [ejboer]
0 !LDRAW_ORG Unofficial_Model
0 !LICENSE Redistributable under CCAL version 2.0 : see CAreadme.txt

0 !LICENSE Redistributable under CCAL version 2.0 : see CAreadme.txt
1 0 0 0 0 1 0 0 0 1 0 0 0 1 71200 - 10113.dat
1 72 0 27 0 1 0 0 0 1 0 0 0 1 71200 - 973pbi.dat
1 72 15.552 36 0 0.985 0.17 0 -0.17 0.985 0 0 0 1 3819.dat
1 72 -15.552 36 0 0.985 -0.17 0 0.17 0.985 0 0 0 1 3818.dat
1 0 -23.688 53.76 -9.884 0.985 -0.12 0.12 0.17 0.697 -0.697 0 0.707 0.707 3820.dat
1 0 23.688 53.76 -9.884 0.99 -0.074 -0.12 -0.031 0.717 -0.697 0.138 0.694 0.707 3820.dat
1 78 0 3 0 1 0 0 0 1 0 0 0 1 71200 - 3626cpb1.dat
1 72 0 59 0 1 0 0 0 1 0 0 0 1 3815b.dat
1 72 0 71 0 1 0 0 0 1 0 0 0 1 3816b.dat
1 72 0 71 0 1 0 0 0 1 0 0 0 1 3817b.dat
1 0 0 27 0 1 0 0 0 1 0 0 0 1 56630c01.dat
1 43 0 99 -1 1 0 0 0 1 0 0 0 1 71200 - 18603c02p01.dat
1 0 25.089 59.288 -18.724 -0.102 0.995 0.001 0.519 0.052 0.853 0.848 0.087 -0.522 98721.dat








0 FILE 71200 - subModel-9.ldr
0 subModel-9
0 Name: 71200 - subModel-9.ldr
0 Author: Evert Jan Boer [ejboer]
0 !LDRAW_ORG Unofficial_Model
0 !LICENSE Redistributable under CCAL version 2.0 : see CAreadme.txt

0 !LICENSE Redistributable under CCAL version 2.0 : see CAreadme.txt
1 14 0 0 0 1 0 0 0 1 0 0 0 1 71200 - 3626cp81.dat
1 0 0 0 0 1 0 0 0 1 0 0 0 1 15427p01.dat
1 0 0 24 0 1 0 0 0 1 0 0 0 1 71200 - 15428p01.dat
1 0 0 24 0 1 0 0 0 1 0 0 0 1 71200 - 973pu1.dat
1 0 15.552 33 0 0.985 0.17 0 -0.17 0.985 0 0 0 1 3819.dat
1 0 -15.552 33 0 0.985 -0.17 0 0.17 0.985 0 0 0 1 71200 - 3818pda2.dat
1 0 -23.688 50.76 -9.884 0.985 -0.12 0.12 0.17 0.697 -0.697 0 0.707 0.707 3820.dat
1 0 23.688 50.76 -9.884 0.99 -0.074 -0.12 -0.031 0.717 -0.697 0.138 0.694 0.707 3820.dat
1 0 0 56 0 1 0 0 0 1 0 0 0 1 71200 - 3815bpu1.dat
1 0 0 68 0 1 0 0 0 1 0 0 0 1 71200 - 3816bpu1.dat
1 0 0 68 0 1 0 0 0 1 0 0 0 1 3817b.dat
1 43 0 96 -1 1 0 0 0 1 0 0 0 1 71200 - 18603c02p02.dat
1 71 -23.959 52.332 -25.645 0.985 -0.086 0.146 0.17 0.5 -0.849 0 0.862 0.508 71200 - 44567b.dat
1 0 -23.27 48.331 -32.534 -0.984 -0.086 -0.146 -0.17 0.499 0.848 0 0.86 -0.507 71200 - 3069bpca.dat









0 FILE 71200 - 6124787a.dat
0 6124787a
0 Name: 71200 - 6124787a.dat
0 Author: Evert-Jan Boer [ejboer]
0 !LDRAW_ORG Unofficial_Part
0 !LICENSE Redistributable under CCAL version 2.0 : see CAreadme.txt

0 BFC CERTIFY CCW

4 16 -16.25 0 11.25 -3.45 0 11.25 16.25 0 -11.25 -16.25 0 -11.25

4 16 -16.25 -0.25 11.25 -3.45 -0.25 11.25 -3.45 0 11.25 -16.25 0 11.25
4 16 -3.45 0 11.25 -3.45 -0.25 11.25 16.25 -0.25 -11.25 16.25 0 -11.25
4 16 16.25 0 -11.25 16.25 -0.25 -11.25 -16.25 -0.25 -11.25 -16.25 0 -11.25
4 16 -16.25 0 -11.25 -16.25 -0.25 -11.25 -16.25 -0.25 11.25 -16.25 0 11.25

4 0 -13.5796 -0.25 4.45 -13.4213 -0.25 5.24583 -13.92518 -0.25 5.45454 -14.125 -0.25 4.45
4 0 -13.4213 -0.25 3.65417 -13.5796 -0.25 4.45 -14.125 -0.25 4.45 -13.92518 -0.25 3.44546
4 0 -9.4204 -0.25 4.45 -9.5787 -0.25 3.65417 -9.07482 -0.25 3.44546 -8.875 -0.25 4.45
4 0 -9.5787 -0.25 5.24583 -9.4204 -0.25 4.45 -8.875 -0.25 4.45 -9.07482 -0.25 5.45454
4 0 -10.0295 -0.25 5.9205 -9.5787 -0.25 5.24583 -9.07482 -0.25 5.45454 -9.64384 -0.25 6.30616
4 0 -10.70417 -0.25 6.3713 -10.0295 -0.25 5.9205 -9.64384 -0.25 6.30616 -10.49546 -0.25 6.87518
4 0 -11.5 -0.25 6.5296 -10.70417 -0.25 6.3713 -10.49546 -0.25 6.87518 -11.5 -0.25 7.075
4 0 -12.29583 -0.25 6.3713 -11.5 -0.25 6.5296 -11.5 -0.25 7.075 -12.50454 -0.25 6.87518
4 0 -12.9705 -0.25 5.9205 -12.29583 -0.25 6.3713 -12.50454 -0.25 6.87518 -13.35616 -0.25 6.30616
4 0 -13.4213 -0.25 5.24583 -12.9705 -0.25 5.9205 -13.35616 -0.25 6.30616 -13.92518 -0.25 5.45454
4 0 -12.58137 -0.25 4.1 -12.49525 -0.25 4.58296 -12.99565 -0.25 4.79023 -13.123 -0.25 4.15
4 0 -10.40475 -0.25 4.58296 -10.31863 -0.25 4.05 -9.777 -0.25 4.15 -9.90435 -0.25 4.79023
4 0 -10.65 -0.25 4.95 -10.40475 -0.25 4.58296 -9.90435 -0.25 4.79023 -10.26701 -0.25 5.33299
4 0 -11.01704 -0.25 5.19525 -10.65 -0.25 4.95 -10.26701 -0.25 5.33299 -10.80977 -0.25 5.69565
4 0 -11.45 -0.25 5.28137 -11.01704 -0.25 5.19525 -10.80977 -0.25 5.69565 -11.45 -0.25 5.823
4 0 -11.88296 -0.25 5.19525 -11.45 -0.25 5.28137 -11.45 -0.25 5.823 -12.09023 -0.25 5.69565
4 0 -12.25 -0.25 4.95 -11.88296 -0.25 5.19525 -12.09023 -0.25 5.69565 -12.63299 -0.25 5.33299
4 0 -12.49525 -0.25 4.58296 -12.25 -0.25 4.95 -12.63299 -0.25 5.33299 -12.99565 -0.25 4.79023
4 0 -12.0068 -0.25 4.29801 -11.81117 -0.25 3.98249 -11.45 -0.25 4.03048 -11.45 -0.25 4.372
4 0 -11.45 -0.25 4.372 -11.45 -0.25 4.03048 -11.08883 -0.25 3.98249 -10.8932 -0.25 4.29801
4 0 -10.8932 -0.25 4.29801 -11.08883 -0.25 3.98249 -10.78265 -0.25 3.84582 -10.31863 -0.25 4.05
4 0 -10.31863 -0.25 4.05 -10.78265 -0.25 3.84582 -10.35622 -0.25 3.65 -9.777 -0.25 4.15
4 0 -12.0068 -0.25 4.29801 -12.58137 -0.25 4.1 -12.54378 -0.25 3.7 -11.81117 -0.25 3.98249
4 0 -12.54378 -0.25 3.7 -12.58137 -0.25 4.1 -13.123 -0.25 4.15 -13.055 -0.25 3.4
3 0 -10.35622 -0.25 3.65 -9.795 -0.25 3.4 -9.777 -0.25 4.15
4 0 -3.57198 -0.25 -3.88599 -2.84424 -0.25 -4.24488 -2.51222 -0.25 -3.81218 -3.43082 -0.25 -3.35918
4 0 -4.38166 -0.25 -3.83292 -3.57198 -0.25 -3.88599 -3.43082 -0.25 -3.35918 -4.45285 -0.25 -3.29219
4 0 -5.3762 -0.25 -7.54459 -6.38354 -0.25 -7.20723 -5.70822 -0.25 -7.97729 -4.64846 -0.25 -7.90347
4 0 -4.64846 -0.25 -7.90347 -5.70822 -0.25 -7.97729 -4.78962 -0.25 -8.43029 -3.83878 -0.25 -7.95654
4 0 -3.83878 -0.25 -7.95654 -4.78962 -0.25 -8.43029 -3.76759 -0.25 -8.49728 -3.07042 -0.25 -7.69572
4 0 -3.07042 -0.25 -7.69572 -3.76759 -0.25 -8.49728 -2.79772 -0.25 -8.16805 -2.46036 -0.25 -7.16071
4 0 -2.46036 -0.25 -7.16071 -2.79772 -0.25 -8.16805 -2.02767 -0.25 -7.49273 -2.10148 -0.25 -6.43297
4 0 -2.10148 -0.25 -6.43297 -2.02767 -0.25 -7.49273 -1.57466 -0.25 -6.57413 -2.04841 -0.25 -5.62329
4 0 -2.04841 -0.25 -5.62329 -1.57466 -0.25 -6.57413 -1.50768 -0.25 -5.5521 -2.30923 -0.25 -4.85493
4 0 -2.30923 -0.25 -4.85493 -1.50768 -0.25 -5.5521 -1.8369 -0.25 -4.58223 -2.84424 -0.25 -4.24488
3 0 -1.8369 -0.25 -4.58223 -2.51222 -0.25 -3.81218 -2.84424 -0.25 -4.24488
4 0 -4.22012 -0.25 -4.77256 -3.7242 -0.25 -4.96781 -3.39448 -0.25 -4.5381 -3.97993 -0.25 -4.24939
4 0 -4.26527 -0.25 -6.98708 -4.80576 -0.25 -6.9082 -4.84594 -0.25 -7.48138 -4.19457 -0.25 -7.52407
4 0 -3.84725 -0.25 -6.84518 -4.26527 -0.25 -6.98708 -4.19457 -0.25 -7.52407 -3.57644 -0.25 -7.31424
4 0 -3.51536 -0.25 -6.55412 -3.84725 -0.25 -6.84518 -3.57644 -0.25 -7.31424 -3.08566 -0.25 -6.88384
4 0 -3.32012 -0.25 -6.1582 -3.51536 -0.25 -6.55412 -3.08566 -0.25 -6.88384 -2.79694 -0.25 -6.29839
4 0 -3.29125 -0.25 -5.71771 -3.32012 -0.25 -6.1582 -2.79694 -0.25 -6.29839 -2.75425 -0.25 -5.64701
4 0 -3.43314 -0.25 -5.2997 -3.29125 -0.25 -5.71771 -2.75425 -0.25 -5.64701 -2.96408 -0.25 -5.02888
4 0 -3.7242 -0.25 -4.96781 -3.43314 -0.25 -5.2997 -2.96408 -0.25 -5.02888 -3.39448 -0.25 -4.5381
4 0 -4.12586 -0.25 -5.36586 -4.48126 -0.25 -5.47317 -4.52838 -0.25 -5.83445 -4.1985 -0.25 -5.92284
4 0 -4.1985 -0.25 -5.92284 -4.52838 -0.25 -5.83445 -4.66822 -0.25 -6.17089 -4.41408 -0.25 -6.44152
4 0 -4.41408 -0.25 -6.44152 -4.66822 -0.25 -6.17089 -4.87948 -0.25 -6.43127 -4.80576 -0.25 -6.9082
4 0 -4.80576 -0.25 -6.9082 -4.87948 -0.25 -6.43127 -5.27047 -0.25 -6.82778 -4.84594 -0.25 -7.48138
4 0 -4.12586 -0.25 -5.36586 -4.22012 -0.25 -4.77256 -4.66723 -0.25 -4.66306 -4.48126 -0.25 -5.47317
4 0 -4.66723 -0.25 -4.66306 -4.22012 -0.25 -4.77256 -3.97993 -0.25 -4.24939 -4.72198 -0.25 -4.12096
4 0 -5.56573 -0.25 -7.26988 -4.84594 -0.25 -7.48138 -5.27047 -0.25 -6.82778 -6.48369 -0.25 -6.91221
4 0 -9.30112 -0.25 -2.08968 -9.64235 -0.25 -1.94343 -9.91067 -0.25 -2.1899 -9.71479 -0.25 -2.46965
4 0 -9.71479 -0.25 -2.46965 -9.91067 -0.25 -2.1899 -10.23405 -0.25 -2.35774 -10.21333 -0.25 -2.72842
3 0 -10.21333 -0.25 -2.72842 -10.23405 -0.25 -2.35774 -10.56325 -0.25 -2.42141
4 0 -9.27756 -0.25 0.03554 -9.62581 -0.25 1.51324 -10.21216 -0.25 1.39661 -9.82988 -0.25 -0.19324
4 0 -8.54963 -0.25 -1.32632 -9.27756 -0.25 0.03554 -9.82988 -0.25 -0.19324 -9.35388 -0.25 -1.08378
4 0 -6.37632 -0.25 -3.49963 -7.57 -0.25 -2.52 -7.99273 -0.25 -2.94273 -6.70846 -0.25 -3.9967
4 0 -12.07581 -0.25 -0.18676 -12.27717 -0.25 1.35 -12.875 -0.25 1.35 -12.66216 -0.25 -0.30339
4 0 -11.62756 -0.25 -1.66446 -12.07581 -0.25 -0.18676 -12.66216 -0.25 -0.30339 -12.17988 -0.25 -1.89324
4 0 -9.92 -0.25 -4.22 -11.04963 -0.25 -2.77632 -11.3967 -0.25 -3.35846 -10.34273 -0.25 -4.64273
4 0 -8.72632 -0.25 -5.19963 -9.92 -0.25 -4.22 -10.34273 -0.25 -4.64273 -9.05846 -0.25 -5.6967
4 0 -7.36446 -0.25 -5.92756 -8.72632 -0.25 -5.19963 -9.05846 -0.25 -5.6967 -7.59324 -0.25 -6.47988
4 0 -13.02528 -0.25 3.06148 -13.4213 -0.25 3.65417 -13.92518 -0.25 3.44546 -13.35616 -0.25 2.59384
4 0 -13.02528 -0.25 3.06148 -13.35616 -0.25 2.59384 -12.96103 -0.25 2.32983 -12.54378 -0.25 3.7
4 0 -9.07482 -0.25 3.44546 -9.5787 -0.25 3.65417 -9.795 -0.25 3.4 -9.71825 -0.25 2.54413
4 0 -11.23273 -0.25 -2.40314 -11.04963 -0.25 -2.77632 -10.21333 -0.25 -2.72842 -10.56325 -0.25 -2.42141
4 0 -9.35388 -0.25 -1.08378 -9.64235 -0.25 -1.94343 -9.30112 -0.25 -2.08968 -9.09061 -0.25 -1.52681
4 0 -5.42272 -0.25 -3.62142 -5.61142 -0.25 -3.7869 -4.96325 -0.25 -4.03034 -4.45285 -0.25 -3.29219
3 0 -4.96325 -0.25 -4.03034 -4.38166 -0.25 -3.83292 -4.45285 -0.25 -3.29219
4 0 -6.48369 -0.25 -6.91221 -5.27047 -0.25 -6.82778 -7.36446 -0.25 -5.92756 -7.59324 -0.25 -6.47988
4 0 -5.61142 -0.25 -3.7869 -6.37632 -0.25 -3.49963 -6.70846 -0.25 -3.9967 -4.66723 -0.25 -4.66306
3 0 -5.61142 -0.25 -3.7869 -4.66723 -0.25 -4.66306 -4.96325 -0.25 -4.03034
3 0 -4.96325 -0.25 -4.03034 -4.66723 -0.25 -4.66306 -4.72198 -0.25 -4.12096
4 0 -11.23273 -0.25 -2.40314 -11.62756 -0.25 -1.66446 -12.17988 -0.25 -1.89324 -11.3967 -0.25 -3.35846
3 0 -11.3967 -0.25 -3.35846 -11.04963 -0.25 -2.77632 -11.23273 -0.25 -2.40314
4 0 -8.54963 -0.25 -1.32632 -9.35388 -0.25 -1.08378 -9.09061 -0.25 -1.52681 -7.57 -0.25 -2.52
3 0 -7.57 -0.25 -2.52 -9.09061 -0.25 -1.52681 -7.99273 -0.25 -2.94273
4 0 -12.96103 -0.25 2.32983 -12.875 -0.25 1.35 -12.27717 -0.25 1.35 -12.54378 -0.25 3.7
3 0 -13.055 -0.25 3.4 -13.02528 -0.25 3.06148 -12.54378 -0.25 3.7
4 0 -9.71825 -0.25 2.54413 -9.795 -0.25 3.4 -10.35622 -0.25 3.65 -10.21216 -0.25 1.39661
3 0 -9.62581 -0.25 1.51324 -9.71825 -0.25 2.54413 -10.21216 -0.25 1.39661
4 322 -12.49525 -0.25 4.58296 -12.58137 -0.25 4.1 -12.0068 -0.25 4.29801 -12.25 -0.25 4.95
4 322 -12.25 -0.25 4.95 -12.0068 -0.25 4.29801 -11.45 -0.25 4.372 -11.88296 -0.25 5.19525
4 322 -11.45 -0.25 5.28137 -11.88296 -0.25 5.19525 -11.45 -0.25 4.372 -11.01704 -0.25 5.19525
4 322 -11.01704 -0.25 5.19525 -11.45 -0.25 4.372 -10.8932 -0.25 4.29801 -10.65 -0.25 4.95
4 322 -10.40475 -0.25 4.58296 -10.65 -0.25 4.95 -10.8932 -0.25 4.29801 -10.31863 -0.25 4.05
4 322 -11.81117 -0.25 3.98249 -12.54378 -0.25 3.7 -12.27717 -0.25 1.35 -11.45 -0.25 4.03048
4 322 -11.08883 -0.25 3.98249 -11.45 -0.25 4.03048 -12.27717 -0.25 1.35 -10.78265 -0.25 3.84582
4 322 -10.35622 -0.25 3.65 -10.78265 -0.25 3.84582 -12.27717 -0.25 1.35 -10.21216 -0.25 1.39661
4 322 -10.21216 -0.25 1.39661 -12.27717 -0.25 1.35 -12.07581 -0.25 -0.18676 -9.82988 -0.25 -0.19324
4 322 -9.82988 -0.25 -0.19324 -12.07581 -0.25 -0.18676 -11.62756 -0.25 -1.66446 -11.23273 -0.25 -2.40314
4 322 -9.82988 -0.25 -0.19324 -11.23273 -0.25 -2.40314 -10.56325 -0.25 -2.42141 -10.23405 -0.25 -2.35774
4 322 -9.82988 -0.25 -0.19324 -10.23405 -0.25 -2.35774 -9.91067 -0.25 -2.1899 -9.64235 -0.25 -1.94343
3 322 -9.82988 -0.25 -0.19324 -9.64235 -0.25 -1.94343 -9.35388 -0.25 -1.08378
3 322 -10.21333 -0.25 -2.72842 -11.04963 -0.25 -2.77632 -9.92 -0.25 -4.22
4 322 -9.71479 -0.25 -2.46965 -10.21333 -0.25 -2.72842 -9.92 -0.25 -4.22 -7.99273 -0.25 -2.94273
3 322 -9.71479 -0.25 -2.46965 -7.99273 -0.25 -2.94273 -9.30112 -0.25 -2.08968
3 322 -9.30112 -0.25 -2.08968 -7.99273 -0.25 -2.94273 -9.09061 -0.25 -1.52681
4 322 -7.99273 -0.25 -2.94273 -9.92 -0.25 -4.22 -8.72632 -0.25 -5.19963 -6.70846 -0.25 -3.9967
4 322 -6.70846 -0.25 -3.9967 -8.72632 -0.25 -5.19963 -7.36446 -0.25 -5.92756 -4.66723 -0.25 -4.66306
4 322 -4.48126 -0.25 -5.47317 -4.66723 -0.25 -4.66306 -7.36446 -0.25 -5.92756 -4.52838 -0.25 -5.83445
4 322 -4.66822 -0.25 -6.17089 -4.52838 -0.25 -5.83445 -7.36446 -0.25 -5.92756 -4.87948 -0.25 -6.43127
3 322 -4.87948 -0.25 -6.43127 -7.36446 -0.25 -5.92756 -5.27047 -0.25 -6.82778
4 322 -4.41408 -0.25 -6.44152 -4.80576 -0.25 -6.9082 -4.26527 -0.25 -6.98708 -3.84725 -0.25 -6.84518
4 322 -4.41408 -0.25 -6.44152 -3.84725 -0.25 -6.84518 -3.51536 -0.25 -6.55412 -4.1985 -0.25 -5.92284
4 322 -4.1985 -0.25 -5.92284 -3.51536 -0.25 -6.55412 -3.32012 -0.25 -6.1582 -3.29125 -0.25 -5.71771
4 322 -4.12586 -0.25 -5.36586 -4.1985 -0.25 -5.92284 -3.29125 -0.25 -5.71771 -3.43314 -0.25 -5.2997
4 322 -4.12586 -0.25 -5.36586 -3.43314 -0.25 -5.2997 -3.7242 -0.25 -4.96781 -4.22012 -0.25 -4.77256
4 0 -2.1 -0.25 5.7 -4.3 -0.25 5.7 -4.3 -0.25 4.9 -2.1 -0.25 4.9
4 0 -5.2 -0.25 5.7 -7.4 -0.25 5.7 -7.4 -0.25 4.9 -5.2 -0.25 4.9
4 71 -4.3 -0.25 5.7 -5.2 -0.25 5.7 -5.2 -0.25 4.9 -4.3 -0.25 4.9
4 0 -2.1 -0.25 4.35 -4.3 -0.25 4.35 -4.3 -0.25 3.55 -2.1 -0.25 3.55
4 0 -5.2 -0.25 4.35 -7.4 -0.25 4.35 -7.4 -0.25 3.55 -5.2 -0.25 3.55
4 71 -4.3 -0.25 4.35 -5.2 -0.25 4.35 -5.2 -0.25 3.55 -4.3 -0.25 3.55
4 71 -5.2 -0.25 4.9 -7.4 -0.25 4.9 -7.4 -0.25 4.35 -5.2 -0.25 4.35
4 71 -4.3 -0.25 4.9 -5.2 -0.25 4.9 -5.2 -0.25 4.35 -4.3 -0.25 4.35
4 71 -2.1 -0.25 4.9 -4.3 -0.25 4.9 -4.3 -0.25 4.35 -2.1 -0.25 4.35
4 0 -2.1 -0.25 3 -4.3 -0.25 3 -4.3 -0.25 2.2 -2.1 -0.25 2.2
4 0 -5.2 -0.25 3 -7.4 -0.25 3 -7.4 -0.25 2.2 -5.2 -0.25 2.2
4 71 -4.3 -0.25 3 -5.2 -0.25 3 -5.2 -0.25 2.2 -4.3 -0.25 2.2
4 0 -2.1 -0.25 1.65 -4.3 -0.25 1.65 -4.3 -0.25 0.85 -2.1 -0.25 0.85
4 0 -5.2 -0.25 1.65 -7.4 -0.25 1.65 -7.4 -0.25 0.85 -5.2 -0.25 0.85
4 71 -4.3 -0.25 1.65 -5.2 -0.25 1.65 -5.2 -0.25 0.85 -4.3 -0.25 0.85
4 71 -5.2 -0.25 2.2 -7.4 -0.25 2.2 -7.4 -0.25 1.65 -5.2 -0.25 1.65
4 71 -4.3 -0.25 2.2 -5.2 -0.25 2.2 -5.2 -0.25 1.65 -4.3 -0.25 1.65
4 71 -2.1 -0.25 2.2 -4.3 -0.25 2.2 -4.3 -0.25 1.65 -2.1 -0.25 1.65
4 0 -2.1 -0.25 0.3 -4.3 -0.25 0.3 -4.3 -0.25 -0.5 -2.1 -0.25 -0.5
4 0 -5.2 -0.25 0.3 -7.4 -0.25 0.3 -7.4 -0.25 -0.5 -5.2 -0.25 -0.5
4 71 -4.3 -0.25 0.3 -5.2 -0.25 0.3 -5.2 -0.25 -0.5 -4.3 -0.25 -0.5
4 0 -2.1 -0.25 -1.05 -4.3 -0.25 -1.05 -4.3 -0.25 -1.85 -2.1 -0.25 -1.85
4 0 -5.2 -0.25 -1.05 -7.4 -0.25 -1.05 -7.4 -0.25 -1.85 -5.2 -0.25 -1.85
4 71 -4.3 -0.25 -1.05 -5.2 -0.25 -1.05 -5.2 -0.25 -1.85 -4.3 -0.25 -1.85
4 71 -5.2 -0.25 -0.5 -7.4 -0.25 -0.5 -7.4 -0.25 -1.05 -5.2 -0.25 -1.05
4 71 -4.3 -0.25 -0.5 -5.2 -0.25 -0.5 -5.2 -0.25 -1.05 -4.3 -0.25 -1.05
4 71 -2.1 -0.25 -0.5 -4.3 -0.25 -0.5 -4.3 -0.25 -1.05 -2.1 -0.25 -1.05
4 71 -5.2 -0.25 3.55 -7.4 -0.25 3.55 -7.4 -0.25 3 -5.2 -0.25 3
4 71 -4.3 -0.25 3.55 -5.2 -0.25 3.55 -5.2 -0.25 3 -4.3 -0.25 3
4 71 -2.1 -0.25 3.55 -4.3 -0.25 3.55 -4.3 -0.25 3 -2.1 -0.25 3
4 71 -5.2 -0.25 0.85 -7.4 -0.25 0.85 -7.4 -0.25 0.3 -5.2 -0.25 0.3
4 71 -4.3 -0.25 0.85 -5.2 -0.25 0.85 -5.2 -0.25 0.3 -4.3 -0.25 0.3
4 71 -2.1 -0.25 0.85 -4.3 -0.25 0.85 -4.3 -0.25 0.3 -2.1 -0.25 0.3
4 0 -9.05 -0.25 9.15 -9.37032 -0.25 9.47032 -9.503 -0.25 9.15 -9.37032 -0.25 8.82968
4 0 -9.05 -0.25 9.15 -9.37032 -0.25 8.82968 -9.05 -0.25 8.697 -8.72968 -0.25 8.82968
4 0 -9.05 -0.25 9.15 -8.72968 -0.25 8.82968 -8.597 -0.25 9.15 -8.72968 -0.25 9.47032
4 0 -9.05 -0.25 9.15 -8.72968 -0.25 9.47032 -9.05 -0.25 9.603 -9.37032 -0.25 9.47032
4 0 -15.5 -0.25 9.3 -14.9 -0.25 8.7 -11.3 -0.25 8.7 -10.9 -0.25 9.3
4 0 -10.5 -0.25 8.3 -10.9 -0.25 9.3 -11.3 -0.25 8.7 -10.9 -0.25 7.8
4 0 -7 -0.25 8.7 -7.4 -0.25 9.3 -7.8 -0.25 8.3 -7.4 -0.25 7.8
4 0 -10.5 -0.25 8.3 -10.9 -0.25 7.8 -7.4 -0.25 7.8 -7.8 -0.25 8.3
4 0 -7.4 -0.25 9.3 -7 -0.25 8.7 -3.6 -0.25 8.7 -3.2 -0.25 9.3
4 0 -14.9 -0.25 8.7 -15.5 -0.25 9.3 -15.5 -0.25 0 -14.9 -0.25 0
4 0 -15.5 -0.25 0 -15.5 -0.25 -9.7 -14.9 -0.25 -9.1 -14.9 -0.25 0
4 0 -9.503 -0.25 -9.55 -9.37032 -0.25 -9.87032 -9.05 -0.25 -9.55 -9.37032 -0.25 -9.22968
4 0 -9.05 -0.25 -9.097 -9.37032 -0.25 -9.22968 -9.05 -0.25 -9.55 -8.72968 -0.25 -9.22968
4 0 -8.597 -0.25 -9.55 -8.72968 -0.25 -9.22968 -9.05 -0.25 -9.55 -8.72968 -0.25 -9.87032
4 0 -9.05 -0.25 -10.003 -8.72968 -0.25 -9.87032 -9.05 -0.25 -9.55 -9.37032 -0.25 -9.87032
4 0 -11.3 -0.25 -9.1 -14.9 -0.25 -9.1 -15.5 -0.25 -9.7 -10.9 -0.25 -9.7
4 0 -11.3 -0.25 -9.1 -10.9 -0.25 -9.7 -10.5 -0.25 -8.7 -10.9 -0.25 -8.2
4 0 -7.8 -0.25 -8.7 -7.4 -0.25 -9.7 -7 -0.25 -9.1 -7.4 -0.25 -8.2
4 0 -7.4 -0.25 -8.2 -10.9 -0.25 -8.2 -10.5 -0.25 -8.7 -7.8 -0.25 -8.7
4 0 4.45 -0.25 -9.55 4.77032 -0.25 -9.87032 4.903 -0.25 -9.55 4.77032 -0.25 -9.22968
4 0 4.45 -0.25 -9.55 4.77032 -0.25 -9.22968 4.45 -0.25 -9.097 4.12968 -0.25 -9.22968
4 0 4.45 -0.25 -9.55 4.12968 -0.25 -9.22968 3.997 -0.25 -9.55 4.12968 -0.25 -9.87032
4 0 4.45 -0.25 -9.55 4.12968 -0.25 -9.87032 4.45 -0.25 -10.003 4.77032 -0.25 -9.87032
4 0 5.9 -0.25 -8.7 6.3 -0.25 -9.7 6.7 -0.25 -9.1 6.3 -0.25 -8.2
4 0 2.4 -0.25 -9.1 2.8 -0.25 -9.7 3.2 -0.25 -8.7 2.8 -0.25 -8.2
4 0 5.9 -0.25 -8.7 6.3 -0.25 -8.2 2.8 -0.25 -8.2 3.2 -0.25 -8.7
4 0 13.6 -0.25 -9.7 11.9 -0.25 -9.1 6.7 -0.25 -9.1 6.3 -0.25 -9.7
4 0 -7 -0.25 -9.1 -7.4 -0.25 -9.7 2.8 -0.25 -9.7 2.4 -0.25 -9.1
4 0 -3.2 -0.25 9.3 -3.6 -0.25 8.7 11.9 -0.25 -9.1 13.6 -0.25 -9.7
4 71 16.25 -0.25 -11.25 -3.45 -0.25 11.25 -3.2 -0.25 9.3 13.6 -0.25 -9.7
4 71 -16.25 -0.25 11.25 -15.5 -0.25 9.3 -10.9 -0.25 9.3 -9.37032 -0.25 9.47032
4 71 -9.503 -0.25 9.15 -9.37032 -0.25 9.47032 -10.9 -0.25 9.3 -10.5 -0.25 8.3
3 71 -10.5 -0.25 8.3 -9.37032 -0.25 8.82968 -9.503 -0.25 9.15
3 71 -10.5 -0.25 8.3 -9.05 -0.25 8.697 -9.37032 -0.25 8.82968
3 71 -10.5 -0.25 8.3 -7.8 -0.25 8.3 -9.05 -0.25 8.697
4 71 -8.72968 -0.25 8.82968 -9.05 -0.25 8.697 -7.8 -0.25 8.3 -7.4 -0.25 9.3
3 71 -8.72968 -0.25 8.82968 -7.4 -0.25 9.3 -8.597 -0.25 9.15
4 71 -8.72968 -0.25 9.47032 -8.597 -0.25 9.15 -7.4 -0.25 9.3 -3.45 -0.25 11.25
3 71 -3.45 -0.25 11.25 -7.4 -0.25 9.3 -3.2 -0.25 9.3
3 71 -9.05 -0.25 9.603 -16.25 -0.25 11.25 -9.37032 -0.25 9.47032
3 71 -8.72968 -0.25 9.47032 -3.45 -0.25 11.25 -9.05 -0.25 9.603
3 71 -9.05 -0.25 9.603 -3.45 -0.25 11.25 -16.25 -0.25 11.25
4 71 -15.5 -0.25 0 -15.5 -0.25 9.3 -16.25 -0.25 11.25 -16.25 -0.25 -11.25
3 71 -15.5 -0.25 0 -16.25 -0.25 -11.25 -15.5 -0.25 -9.7
4 71 -10.9 -0.25 -9.7 -15.5 -0.25 -9.7 -16.25 -0.25 -11.25 -9.37032 -0.25 -9.87032
4 71 -10.5 -0.25 -8.7 -10.9 -0.25 -9.7 -9.503 -0.25 -9.55 -9.37032 -0.25 -9.22968
3 71 -10.5 -0.25 -8.7 -9.37032 -0.25 -9.22968 -9.05 -0.25 -9.097
3 71 -7.8 -0.25 -8.7 -10.5 -0.25 -8.7 -9.05 -0.25 -9.097
4 71 -7.8 -0.25 -8.7 -9.05 -0.25 -9.097 -8.72968 -0.25 -9.22968 -7.4 -0.25 -9.7
3 71 -8.597 -0.25 -9.55 -7.4 -0.25 -9.7 -8.72968 -0.25 -9.22968
3 71 -8.72968 -0.25 -9.87032 -7.4 -0.25 -9.7 -8.597 -0.25 -9.55
3 71 -10.9 -0.25 -9.7 -9.37032 -0.25 -9.87032 -9.503 -0.25 -9.55
3 71 -9.37032 -0.25 -9.87032 -16.25 -0.25 -11.25 -9.05 -0.25 -10.003
4 71 3.2 -0.25 -8.7 2.8 -0.25 -9.7 3.997 -0.25 -9.55 4.12968 -0.25 -9.22968
3 71 4.12968 -0.25 -9.22968 4.45 -0.25 -9.097 3.2 -0.25 -8.7
3 71 3.2 -0.25 -8.7 4.45 -0.25 -9.097 5.9 -0.25 -8.7
4 71 5.9 -0.25 -8.7 4.45 -0.25 -9.097 4.77032 -0.25 -9.22968 6.3 -0.25 -9.7
3 71 6.3 -0.25 -9.7 4.77032 -0.25 -9.22968 4.903 -0.25 -9.55
4 71 6.3 -0.25 -9.7 4.903 -0.25 -9.55 4.77032 -0.25 -9.87032 16.25 -0.25 -11.25
3 71 6.3 -0.25 -9.7 16.25 -0.25 -11.25 13.6 -0.25 -9.7
3 71 4.77032 -0.25 -9.87032 4.45 -0.25 -10.003 16.25 -0.25 -11.25
3 71 3.997 -0.25 -9.55 2.8 -0.25 -9.7 4.12968 -0.25 -9.87032
4 71 2.8 -0.25 -9.7 -7.4 -0.25 -9.7 -8.72968 -0.25 -9.87032 4.12968 -0.25 -9.87032
4 71 4.12968 -0.25 -9.87032 -8.72968 -0.25 -9.87032 -9.05 -0.25 -10.003 4.45 -0.25 -10.003
4 71 4.45 -0.25 -10.003 -9.05 -0.25 -10.003 -16.25 -0.25 -11.25 16.25 -0.25 -11.25
4 71 -12.875 -0.25 1.35 -12.96103 -0.25 2.32983 -13.35616 -0.25 2.59384 -14.9 -0.25 -9.1
3 71 -14.9 -0.25 -9.1 -12.66216 -0.25 -0.30339 -12.875 -0.25 1.35
3 71 -14.9 -0.25 -9.1 -12.17988 -0.25 -1.89324 -12.66216 -0.25 -0.30339
3 71 -14.9 -0.25 -9.1 -11.3967 -0.25 -3.35846 -12.17988 -0.25 -1.89324
4 71 -10.34273 -0.25 -4.64273 -11.3967 -0.25 -3.35846 -14.9 -0.25 -9.1 -10.9 -0.25 -8.2
3 71 -11.3 -0.25 -9.1 -10.9 -0.25 -8.2 -14.9 -0.25 -9.1
4 71 -9.05846 -0.25 -5.6967 -10.34273 -0.25 -4.64273 -10.9 -0.25 -8.2 -7.4 -0.25 -8.2
3 71 -9.05846 -0.25 -5.6967 -7.4 -0.25 -8.2 -7.59324 -0.25 -6.47988
4 71 -6.48369 -0.25 -6.91221 -7.59324 -0.25 -6.47988 -7.4 -0.25 -8.2 -6.38354 -0.25 -7.20723
4 71 -6.38354 -0.25 -7.20723 -7.4 -0.25 -8.2 -7 -0.25 -9.1 -5.70822 -0.25 -7.97729
3 71 -4.78962 -0.25 -8.43029 -5.70822 -0.25 -7.97729 -7 -0.25 -9.1
4 71 -3.76759 -0.25 -8.49728 -4.78962 -0.25 -8.43029 -7 -0.25 -9.1 2.4 -0.25 -9.1
4 71 -2.79772 -0.25 -8.16805 -3.76759 -0.25 -8.49728 2.4 -0.25 -9.1 2.8 -0.25 -8.2
3 71 -2.79772 -0.25 -8.16805 2.8 -0.25 -8.2 -2.02767 -0.25 -7.49273
3 71 -2.02767 -0.25 -7.49273 2.8 -0.25 -8.2 -1.57466 -0.25 -6.57413
3 71 6.7 -0.25 -9.1 11.9 -0.25 -9.1 6.3 -0.25 -8.2
4 0 -5.56573 -0.25 -7.26988 -6.48369 -0.25 -6.91221 -6.38354 -0.25 -7.20723 -5.3762 -0.25 -7.54459
4 71 -4.84594 -0.25 -7.48138 -5.56573 -0.25 -7.26988 -5.3762 -0.25 -7.54459 -4.64846 -0.25 -7.90347
4 71 -4.19457 -0.25 -7.52407 -4.84594 -0.25 -7.48138 -4.64846 -0.25 -7.90347 -3.83878 -0.25 -7.95654
4 71 -3.57644 -0.25 -7.31424 -4.19457 -0.25 -7.52407 -3.83878 -0.25 -7.95654 -3.07042 -0.25 -7.69572
4 71 -3.08566 -0.25 -6.88384 -3.07042 -0.25 -7.69572 -2.46036 -0.25 -7.16071 -2.10148 -0.25 -6.43297
4 71 -2.79694 -0.25 -6.29839 -3.08566 -0.25 -6.88384 -2.10148 -0.25 -6.43297 -2.04841 -0.25 -5.62329
4 71 -2.75425 -0.25 -5.64701 -2.79694 -0.25 -6.29839 -2.04841 -0.25 -5.62329 -2.30923 -0.25 -4.85493
4 71 -2.96408 -0.25 -5.02888 -2.75425 -0.25 -5.64701 -2.30923 -0.25 -4.85493 -2.84424 -0.25 -4.24488
4 71 -3.39448 -0.25 -4.5381 -2.96408 -0.25 -5.02888 -2.84424 -0.25 -4.24488 -3.57198 -0.25 -3.88599
4 71 -3.97993 -0.25 -4.24939 -3.39448 -0.25 -4.5381 -3.57198 -0.25 -3.88599 -4.38166 -0.25 -3.83292
4 71 -4.96325 -0.25 -4.03034 -4.72198 -0.25 -4.12096 -3.97993 -0.25 -4.24939 -4.38166 -0.25 -3.83292
