0 FILE 7235 - Main.ldr
0 Main
0 Name: 7235 - Main.ldr
0 Author: Marc Giraudet [Mad_Marc]
0 !LDRAW_ORG Model
0 !LICENSE Redistributable under CCAL version 2.0 : see CAreadme.txt

1 0 0 0 0 1 0 0 0 1 0 0 0 1 7235 - Bike.ldr
1 0 100 -77 60 1 0 0 0 1 0 0 0 1 7235 - Biker.ldr



0 FILE 7235 - Bike.ldr
0 Bike
0 Name: 7235 - Bike.ldr
0 Author: Marc Giraudet [Mad_Marc]
0 !LDRAW_ORG Model
0 !LICENSE Redistributable under CCAL version 2.0 : see CAreadme.txt

1 15 0 -50 60 1 0 0 0 1 0 0 0 1 52035c01.dat
1 46 0 -48 -40 -1 0 0 0 0 1 0 1 0 54200.dat
1 33 -40 -72 -16 0 0 1 1 0 0 0 1 0 54200.dat
1 33 40 -72 -16 0 0 -1 -1 0 0 0 1 0 54200.dat
1 15 18 -40 60 0 -1 0 0 0 -1 1 0 0 3023.dat
1 15 26 -40 60 0 -1 0 0 0 -1 1 0 0 3023.dat
1 15 34 -40 60 0 -1 0 0 0 -1 1 0 0 3069b.dat
1 15 -18 -40 60 0 1 0 0 0 -1 -1 0 0 3023.dat
1 15 -26 -40 60 0 1 0 0 0 -1 -1 0 0 3023.dat
1 15 -34 -40 60 0 1 0 0 0 -1 -1 0 0 3069b.dat
1 15 0 -58 60 -1 0 0 0 1 0 0 0 -1 3021.dat
1 15 0 -66 70 -1 0 0 0 1 0 0 0 -1 4085c.dat
1 36 -20 -58 70 1 0 0 0 1 0 0 0 1 54200.dat
1 36 20 -58 70 1 0 0 0 1 0 0 0 1 54200.dat
1 15 0 -74 70 1 0 0 0 1 0 0 0 1 4592.dat
1 0 0 -74 70 1 0 0 0 0.939693 0.34202 0 -0.34202 0.939693 4593.dat
1 72 0 -63 90 0 0 1 0 1 0 -1 0 0 3962b.dat



0 FILE 7235 - Biker.ldr
0 Biker
0 Name: 7235 - Biker.ldr
0 Author: Marc Giraudet [Mad_Marc]
0 !LDRAW_ORG Model
0 !LICENSE Redistributable under CCAL version 2.0 : see CAreadme.txt

1 15 0 3 0 1 0 0 0 1 0 0 0 1 2446.dat
1 40 0 3 0 1 0 0 0 1 0 0 0 1 2447.dat
1 14 0 3 0 1 0 0 0 1 0 0 0 1 3626bp05.dat
1 0 0 27 0 1 0 0 0 1 0 0 0 1 973p7n.dat
1 0 0 59 0 1 0 0 0 1 0 0 0 1 3815.dat
1 0 -15.552 36 0 0.985 -0.17 0 0.17 0.985 0 0 0 1 3818.dat
1 0 15.552 36 0 0.985 0.17 0 -0.17 0.985 0 0 0 1 3819.dat
1 72 -23.863 53.596 -10.321 0.985 -0.12019 0.12019 0.17 0.696395 -0.696395 0 0.707 0.707 3820.dat
1 72 23.863 53.596 -10.321 0.985 0.12019 -0.12019 -0.17 0.696395 -0.696395 0 0.707 0.707 3820.dat
1 0 0 71 0 1 0 0 0 1 0 0 0 1 3816.dat
1 0 0 71 0 1 0 0 0 1 0 0 0 1 3817.dat




