0 FILE 7236 - main.ldr
0 main
0 Name: 7236 - main.ldr
0 Author: Victor Di Rienzo [tatubias]
0 !LDRAW_ORG Model
0 !LICENSE Redistributable under CCAL version 2.0 : see CAreadme.txt

1 0 0 0 0 1 0 0 0 1 0 0 0 1 7236 - Police Car, Black Logo.ldr


0 FILE 7236 - Police Car, Black Logo.ldr
0 Police Car, Black Logo
0 Name: 7236 - Police Car, Black Logo.ldr
0 Author: Victor Di Rienzo [tatubias]
0 !LDRAW_ORG Model
0 !LICENSE Redistributable under CCAL version 2.0 : see CAreadme.txt

1 72 0 -8 0 1 0 0 0 1 0 0 0 1 52036.dat
1 0 -80 -8 0 0 0 -1 0 1 0 1 0 0 6157.dat
1 0 80 -8 0 0 0 -1 0 1 0 1 0 0 6157.dat
0 STEP
1 15 -110 -32 0 0 0 1 0 1 0 -1 0 0 52038.dat
1 15 -128 -22 0 0 1 0 0 0 -1 -1 0 0 3069b.dat
1 72 -128 -2 0 0 1 0 0 0 -1 -1 0 0 2431.dat
1 36 -112 -22 -30 0 1 0 -1 0 0 0 0 1 54200.dat
1 36 -112 -22 30 0 1 0 1 0 0 0 0 -1 54200.dat
0 STEP
1 15 -80 -32 -20 1 0 0 0 1 0 0 0 1 50745.dat
1 15 -80 -32 20 -1 0 0 0 1 0 0 0 -1 50745.dat
1 0 30 -16 0 0 0 -1 0 1 0 1 0 0 3004.dat
1 1 10 0 0 0 0 -1 0 1 0 1 0 0 3829c01.dat
0 STEP
1 15 80 -32 20 -1 0 0 0 1 0 0 0 -1 50745.dat
1 15 80 -32 -20 1 0 0 0 1 0 0 0 1 50745.dat
1 0 30 -40 0 0 0 -1 0 1 0 1 0 0 3004.dat
1 15 0 -32 -30 0 0 1 0 1 0 -1 0 0 52501.dat
1 15 0 -32 30 0 0 1 0 1 0 -1 0 0 52501.dat
0 STEP
1 15 110 -32 0 0 0 -1 0 1 0 1 0 0 52038.dat
1 72 128 -2 0 0 -1 0 0 0 -1 1 0 0 2431.dat
1 46 112 -22 -30 0 -1 0 1 0 0 0 0 1 54200.dat
1 46 112 -22 30 0 -1 0 -1 0 0 0 0 -1 54200.dat
1 72 128 -22 0 0 -1 0 0 0 -1 1 0 0 2412b.dat
1 15 0 -40 -30 -1 0 0 0 1 0 0 0 -1 30413.dat
1 15 0 -40 30 1 0 0 0 1 0 0 0 1 30413.dat
0 STEP
1 15 -100 -40 0 0 0 -1 0 1 0 1 0 0 3020.dat
1 15 -60 -40 0 0 0 -1 0 1 0 1 0 0 3020.dat
1 15 60 -40 0 0 0 -1 0 1 0 1 0 0 3020.dat
1 15 100 -40 0 0 0 -1 0 1 0 1 0 0 51739.dat
1 40 10 -72 0 0 0 -1 0 1 0 1 0 0 2437.dat
1 40 -70 -72 0 0 0 1 0 1 0 -1 0 0 2437.dat
1 15 60 -48 0 0 0 -1 0 1 0 1 0 0 3068b.dat
1 15 -70 -80 0 0 0 1 0 1 0 -1 0 0 3710.dat
0 STEP
0 STEP
1 15 -50 -88 0 0 0 -1 0 1 0 1 0 0 45677.dat
1 15 -70 -88 30 0 0 -1 0 1 0 1 0 0 4592c01.dat
1 15 -70 -88 -30 0 0 -1 0 1 0 1 0 0 4592c01.dat
0 STEP
1 15 -50 -96 0 0 0 -1 0 1 0 1 0 0 3710.dat
1 15 -50 -104 0 0 0 -1 0 1 0 1 0 0 3023.dat
1 72 -50 -112 0 0 0 -1 0 1 0 1 0 0 2412b.dat
1 33 -50 -96 -30 1 0 0 0 1 0 0 0 1 54200.dat
1 33 -50 -96 30 -1 0 0 0 1 0 0 0 -1 54200.dat
0 STEP
1 15 -80 -3 -40 1 0 0 0 1 0 0 0 1 6014.dat
1 15 80 -3 -40 1 0 0 0 1 0 0 0 1 6014.dat
1 15 80 -3 40 -1 0 0 0 1 0 0 0 -1 6014.dat
1 15 -80 -3 40 -1 0 0 0 1 0 0 0 -1 6014.dat
1 0 80 -3 45 -1 0 0 0 1 0 0 0 -1 6015.dat
1 0 -80 -3 45 -1 0 0 0 1 0 0 0 -1 6015.dat
1 0 80 -3 -45 1 0 0 0 1 0 0 0 1 6015.dat
1 0 -80 -3 -45 1 0 0 0 1 0 0 0 1 6015.dat
0 STEP
1 0 -165 12 -155 0.5 0 -0.866 0 1 0 0.866 0 0.5 4032a.dat
1 15 -165 4 -155 0.5 0 -0.866 0 1 0 0.866 0 0.5 3957a.dat
1 0 -147.679 -23 -165 -0.5 0 0.866 0 1 0 -0.866 0 -0.5 4085c.dat
1 0 -185 -63 -120.359 0.866 0 -0.5 0 1 0 0.5 0 0.866 4735.dat
1 0 -185 -85 -120.359 0.5 0 0.866 0 1 0 -0.866 0 0.5 4349.dat
1 71 -142.679 -31 -156.34 -0.5 0 0.866 0 1 0 -0.866 0 -0.5 3069bpc3.dat
1 0 -175 -20 -20 0.866 0 -0.5 0 1 0 0.5 0 0.866 3815c01.dat
1 0 -175 -52 -20 0.866 0 -0.5 0 1 0 0.5 0 0.866 973p1f.dat
1 0 -188.468 -43 -27.776 0.853 -0.147 -0.5 0.493 -0.085 0.866 -0.17 -0.985 0 3818.dat
1 0 -161.532 -43 -12.224 0.853 0.147 -0.5 -0.17 0.985 0 0.493 0.085 0.866 3819.dat
1 14 -149.544 -25.24 -16.716 0.853 -0.25 -0.458 -0.17 0.697 -0.697 0.493 0.672 0.552 3820.dat
1 14 -190.572 -55.627 -45.536 0.938 -0.239 -0.25 0.346 0.655 0.672 0.002 -0.717 0.697 3820.dat
1 14 -175 -77 -20 0.938 0 -0.347 0 1 0 0.347 0 0.938 3626bp85.dat
1 15 -175 -77 -20 0.938 0 -0.347 0 1 0 0.347 0 0.938 3624.dat
1 72 -188.053 -62.419 -52.101 0.312 -0.294 -0.903 0.595 0.802 -0.056 0.741 -0.52 0.425 3962b.dat



