0 FILE 7242 - Main.ldr
0 Main
0 Name: 7242 - Main.ldr
0 Author: Marc Giraudet [Mad_Marc]
0 !LDRAW_ORG Model
0 !LICENSE Redistributable under CCAL version 2.0 : see CAreadme.txt

1 0 0 0 0 1 0 0 0 1 0 0 0 1 7242 - Sweeper.ldr
1 0 -50 -72 -140 0.707107 0 -0.707107 0 1 0 0.707107 0 0.707107 7242 - Worker.ldr




0 FILE 7242 - Sweeper.ldr
0 Sweeper
0 Name: 7242 - Sweeper.ldr
0 Author: Marc Giraudet [Mad_Marc]
0 !LDRAW_ORG Model
0 !LICENSE Redistributable under CCAL version 2.0 : see CAreadme.txt

1 0 0 -23 0 1 0 0 0 1 0 0 0 1 3034.dat
0 STEP
1 14 -20 -31 0 1 0 0 0 1 0 0 0 1 3795.dat
1 71 60 -31 0 0 0 -1 0 1 0 1 0 0 3731.dat
0 STEP
1 14 0 -39 0 0 0 -1 0 1 0 1 0 0 3020.dat
1 14 -70 -39 0 0 0 -1 0 1 0 1 0 0 3710.dat
1 14 -40 -47 0 0 0 -1 0 1 0 1 0 0 3788.dat
1 14 40 -47 0 0 0 -1 0 1 0 1 0 0 3788.dat
0 STEP
1 0 -60 -47 0 0 0 -1 0 1 0 1 0 0 3022.dat
1 0 0 -47 30 -1 0 0 0 1 0 0 0 -1 48336.dat
1 0 0 -47 -30 1 0 0 0 1 0 0 0 1 48336.dat
1 36 -70 -47 30 1 0 0 0 1 0 0 0 1 3024.dat
1 36 -70 -47 -30 1 0 0 0 1 0 0 0 1 3024.dat
0 STEP
1 0 40 -23 0 0 0 -1 0 1 0 1 0 0 6157.dat
1 0 -40 -23 0 0 0 -1 0 1 0 1 0 0 6157.dat
0 STEP
1 14 -20 -71 0 0 0 -1 0 1 0 1 0 0 3001.dat
1 14 -60 -71 -30 1 0 0 0 1 0 0 0 1 2877.dat
1 14 -60 -71 30 -1 0 0 0 1 0 0 0 -1 2877.dat
1 14 10 -71 30 0 0 -1 0 1 0 1 0 0 4286.dat
1 14 10 -71 -30 0 0 -1 0 1 0 1 0 0 4286.dat
0 STEP
1 0 -10 -95 0 0 0 -1 0 1 0 1 0 0 3004.dat
1 71 -70 -71 0 0 0 -1 0 1 0 1 0 0 3700.dat
1 71 70 -39 0 0 0 -1 0 1 0 1 0 0 3829c01.dat
0 STEP
1 14 0 -95 30 -1 0 0 0 1 0 0 0 -1 30237.dat
1 14 0 -95 -30 1 0 0 0 1 0 0 0 1 30237.dat
1 14 -30 -95 0 0 0 1 0 1 0 -1 0 0 4861.dat
0 STEP
1 14 10 -119 0 0 0 1 0 1 0 -1 0 0 3037.dat
1 14 40 -18 -42 1 0 0 0 1 0 0 0 1 30027a.dat
1 14 -40 -18 -42 1 0 0 0 1 0 0 0 1 30027a.dat
1 14 -40 -18 42 -1 0 0 0 1 0 0 0 -1 30027a.dat
1 14 40 -18 42 -1 0 0 0 1 0 0 0 -1 30027a.dat
1 256 40 -18 -37 0 0 1 0 1 0 -1 0 0 30028.dat
1 256 -40 -18 -37 0 0 1 0 1 0 -1 0 0 30028.dat
1 256 -40 -18 37 0 0 -1 0 1 0 1 0 0 30028.dat
1 256 40 -18 37 0 0 -1 0 1 0 1 0 0 30028.dat
0 STEP
1 14 100 -27 0 0 0.121868 -0.992546 0 0.992546 0.121868 1 0 0 2578a.dat
0 STEP
1 73 143.916 -30.378 0 0.121868 0 -0.992546 0.992546 0 0.121868 0 -1 0 2498.dat
0 STEP
1 73 143.916 -30.378 0 0.121868 0 0.992546 0.992546 0 -0.121868 0 1 0 2498.dat
1 0 143.916 -30.378 0 0 -0.121868 0.992546 0 -0.992546 -0.121868 1 0 0 3706.dat
0 STEP
1 0 10 -127 0 0 0 1 0 1 0 -1 0 0 44822.dat
0 STEP
1 14 40 -135 0 0 0 -1 0 1 0 1 0 0 44570.dat
1 72 60 -143 0 1 0 0 0 1 0 0 0 1 3020.dat
0 STEP
1 14 100 -135 0 0 0 -1 0 1 0 1 0 0 3020.dat
0 STEP
1 0 110 -143 0 0 0 -1 0 1 0 1 0 0 48336.dat
1 57 90 -135 -30 1 0 0 0 1 0 0 0 1 54200.dat
1 57 90 -135 30 -1 0 0 0 1 0 0 0 -1 54200.dat
0 STEP
1 71 90 -151 0 0 0 -1 0 1 0 1 0 0 2412b.dat
1 40 70 -127 0 0 0 -1 0 1 0 1 0 0 4872.dat
0 STEP
1 70 0 -135 49 1 0 0 0 1 0 0 0 1 3836.dat
1 0 0 -95 -50 -0.965926 0 -0.258819 0 1 0 0.258819 0 -0.965926 3837.dat
0 STEP
1 4 -100 -61 0 -1 0 0 0 0 1 0 1 0 30361a.dat
0 STEP
1 0 -90 -61 0 -1 0 0 0 1 0 0 0 -1 6558.dat
1 4 -100 -61 -34 0 0 -1 -1 0 0 0 1 0 30367a.dat
0 STEP
1 72 -100 -61 -42 0 0 1 1 0 0 0 1 0 4081b.dat
1 71 -100 -61 -50 0 0 1 1 0 0 0 1 0 3070bp07.dat
0 STEP
1 71 132 -121 0 0 -1 0 0 0 1 -1 0 0 6019.dat
1 57 132 -121 0 0 -1 0 0 0 -1 1 0 0 54200.dat
0 STEP
1 0 8 -45 -90 0 -1 0 0 0 -1 1 0 0 4349.dat
1 14 8 -23 -90 0 0 -1 0 1 0 1 0 0 43898.dat
0 STEP
1 71 -6 -45 -90 0 -1 0 -1 0 0 0 0 -1 4735.dat
1 0 -30 -111 -10 1 0 0 0 1 0 0 0 1 750.dat
1 0 8 -79 -90 1 0 0 0 1 0 0 0 1 750.dat
1 256 -30 -111 -10 1 0 0 0 -1 0 0 0 -1 755.dat
1 256 -30 -118 -10 1 0 0 0 -1 0 0 0 -1 756.dat
1 256 8 -79 -90 1 0 0 0 -1 0 0 0 -1 755.dat
1 256 8 -86 -90 1 0 0 0 -1 0 0 0 -1 756.dat
1 256 -30 -118 -10 0.903278 -0.0139947 -0.428829 0 0.999468 -0.0326174 0.429057 0.0294626 0.902797 756.dat
1 256 -29.9631 -120.634 -10.0777 0.903278 -0.0447473 -0.426717 0 0.994547 -0.104292 0.429057 0.0942049 0.898352 756.dat
1 256 -29.8447 -123.266 -10.327 0.903278 -0.0799105 -0.42155 0 0.982503 -0.186247 0.429057 0.168233 0.887473 756.dat
1 256 -29.6332 -125.866 -10.7721 0.903278 -0.119471 -0.412088 0 0.960451 -0.278451 0.429057 0.251518 0.867553 756.dat
1 256 -29.3182 -128.399 -11.4354 0.903278 -0.162835 -0.396956 0 0.925184 -0.379519 0.429057 0.342811 0.835698 756.dat
1 256 -28.8911 -130.826 -12.3346 0.903278 -0.208602 -0.374933 0 0.873855 -0.486187 0.429057 0.439162 0.789333 756.dat
1 256 -28.3468 -133.106 -13.4804 0.903278 -0.254527 -0.345407 0 0.805037 -0.593225 0.429057 0.535847 0.727172 756.dat
1 256 -27.6848 -135.2 -14.8742 0.903278 -0.297854 -0.308825 0 0.719776 -0.694207 0.429057 0.627061 0.650157 756.dat
1 256 -26.9093 -137.074 -16.5067 0.903278 -0.335992 -0.266831 0 0.621902 -0.783095 0.429057 0.707352 0.56175 756.dat
1 256 -26.0297 -138.702 -18.3586 0.903278 -0.367223 -0.221894 0 0.517166 -0.855885 0.429057 0.773102 0.467145 756.dat
1 256 -25.059 -140.069 -20.4022 0.903278 -0.391027 -0.1766 0 0.411601 -0.911364 0.429057 0.823215 0.37179 756.dat
1 256 -24.0126 -141.17 -22.605 0.903278 -0.407911 -0.133035 0 0.310065 -0.950715 0.429057 0.85876 0.280074 756.dat
1 256 -22.907 -142.011 -24.9326 0.903278 -0.418966 -0.0925054 0 0.215602 -0.976481 0.429057 0.882034 0.194748 756.dat
1 256 -21.7579 -142.602 -27.3518 0.903278 -0.42544 -0.0555911 0 0.129566 -0.991571 0.429057 0.895664 0.117034 756.dat
1 256 -20.5795 -142.961 -29.8326 0.903278 -0.428474 -0.0223554 0 0.0521037 -0.998642 0.429057 0.902051 0.0470641 756.dat
1 256 -19.3842 -143.106 -32.3491 0.903278 -0.428992 0.00743919 0 -0.0173385 -0.99985 0.429057 0.903142 -0.0156615 756.dat
1 256 -18.182 -143.058 -34.8801 0.903278 -0.427694 0.0341682 0 -0.0796356 -0.996824 0.429057 0.900409 -0.0719331 756.dat
1 256 -16.9809 -142.834 -37.4085 0.903278 -0.425085 0.0582443 0 -0.13575 -0.990743 0.429057 0.894916 -0.12262 756.dat
1 256 -15.7874 -142.453 -39.9213 0.903278 -0.42152 0.0800641 0 -0.186605 -0.982435 0.429057 0.887411 -0.168556 756.dat
1 256 -14.6061 -141.93 -42.4082 0.903278 -0.417244 0.0999845 0 -0.233033 -0.972469 0.429057 0.878409 -0.210494 756.dat
1 256 -13.4405 -141.279 -44.862 0.903278 -0.412421 0.118315 0 -0.275757 -0.961227 0.429057 0.868255 -0.249085 756.dat
1 256 -12.2934 -140.512 -47.2771 0.903278 -0.407158 0.135321 0 -0.315392 -0.948962 0.429057 0.857176 -0.284886 756.dat
1 256 -11.1664 -139.639 -49.6497 0.903278 -0.401523 0.151224 0 -0.352457 -0.935828 0.429057 0.845312 -0.318367 756.dat
1 256 -10.061 -138.669 -51.9768 0.903278 -0.395554 0.166213 0 -0.387391 -0.921915 0.429057 0.832745 -0.349922 756.dat
1 256 -8.97811 -137.608 -54.2566 0.903278 -0.389268 0.180445 0 -0.420562 -0.907264 0.429057 0.819511 -0.379884 756.dat
1 256 -7.91839 -136.463 -56.4876 0.903278 -0.382666 0.194053 0 -0.452278 -0.891877 0.429057 0.805612 -0.408533 756.dat
1 256 -6.88236 -135.239 -58.6687 0.903278 -0.375737 0.20715 0 -0.482804 -0.875729 0.429057 0.791026 -0.436106 756.dat
1 256 -5.87043 -133.938 -60.7991 0.903278 -0.368462 0.219831 0 -0.51236 -0.858771 0.429057 0.775709 -0.462803 756.dat
1 256 -4.88299 -132.565 -62.8779 0.903278 -0.360809 0.232178 0 -0.541135 -0.840936 0.429057 0.759599 -0.488795 756.dat
1 256 -3.92047 -131.122 -64.9043 0.903278 -0.352744 0.244257 0 -0.569288 -0.822138 0.429057 0.742619 -0.514225 756.dat
1 256 -2.98335 -129.609 -66.8772 0.903278 -0.344222 0.256127 0 -0.596954 -0.802276 0.429057 0.724678 -0.539215 756.dat
1 256 -2.07222 -128.029 -68.7953 0.903278 -0.335193 0.267835 0 -0.624241 -0.781231 0.429057 0.705669 -0.563863 756.dat
1 256 -1.18781 -126.382 -70.6572 0.903278 -0.325599 0.279419 0 -0.651239 -0.758872 0.429057 0.685472 -0.58825 756.dat
1 256 -0.331026 -124.668 -72.461 0.903278 -0.315378 0.290906 0 -0.678013 -0.73505 0.429057 0.663954 -0.612433 756.dat
1 256 0.497042 -122.888 -74.2043 0.903278 -0.30446 0.302315 0 -0.704603 -0.709602 0.429057 0.640967 -0.636452 756.dat
1 256 1.29507 -121.041 -75.8844 0.903278 -0.292767 0.313652 0 -0.731026 -0.682349 0.429057 0.616351 -0.66032 756.dat
1 256 2.06149 -119.128 -77.4979 0.903278 -0.280218 0.324912 0 -0.75727 -0.653102 0.429057 0.589933 -0.684025 756.dat
1 256 2.79447 -117.147 -79.041 0.903278 -0.266728 0.336074 0 -0.783286 -0.621661 0.429057 0.561532 -0.707525 756.dat
1 256 3.49188 -115.099 -80.5092 0.903278 -0.252208 0.347103 0 -0.808992 -0.58782 0.429057 0.530964 -0.730744 756.dat
1 256 4.15131 -112.983 -81.8975 0.903278 -0.236571 0.357944 0 -0.834257 -0.551376 0.429057 0.498045 -0.753566 756.dat
1 256 4.77004 -110.802 -83.2001 0.903278 -0.219736 0.368518 0 -0.858904 -0.512137 0.429057 0.462602 -0.775828 756.dat
1 256 5.34507 -108.554 -84.4107 0.903278 -0.201631 0.378728 0 -0.882698 -0.469941 0.429057 0.424487 -0.797321 756.dat
1 256 5.87314 -106.242 -85.5224 0.903278 -0.182206 0.388447 0 -0.90535 -0.424666 0.429057 0.383592 -0.817782 756.dat
1 256 6.35079 -103.869 -86.528 0.903278 -0.161437 0.397527 0 -0.926514 -0.37626 0.429057 0.339867 -0.836899 756.dat
1 256 6.77443 -101.437 -87.4199 0.903278 -0.13934 0.405801 0 -0.945797 -0.324758 0.429057 0.293347 -0.854317 756.dat
1 256 7.14048 -98.9528 -88.1905 0.903278 -0.11598 0.413084 0 -0.962772 -0.270314 0.429057 0.244168 -0.869651 756.dat
1 256 7.44544 -96.4213 -88.8325 0.903278 -0.0914811 0.419191 0 -0.977005 -0.213214 0.429057 0.192592 -0.882507 756.dat
1 256 7.68617 -93.8503 -89.3393 0.903278 -0.0660304 0.423945 0 -0.988087 -0.153897 0.429057 0.139011 -0.892517 756.dat
1 256 7.85999 -91.2493 -89.7052 0.903278 -0.0398777 0.4272 0 -0.995671 -0.0929426 0.429057 0.083953 -0.899368 756.dat
1 256 7.96495 -88.6286 -89.9262 0.903278 -0.0133273 0.42885 0 -0.999517 -0.0310618 0.429057 0.0280575 -0.902842 756.dat





0 FILE 7242 - Worker.ldr
0 Worker
0 Name: 7242 - Worker.ldr
0 Author: Marc Giraudet [Mad_Marc]
0 !LDRAW_ORG Model
0 !LICENSE Redistributable under CCAL version 2.0 : see CAreadme.txt

1 4 0 -24 0 1 0 0 0 1 0 0 0 1 3833.dat
1 14 0 -24 0 1 0 0 0 1 0 0 0 1 3626bp01.dat
1 25 0 0 0 1 0 0 0 1 0 0 0 1 973p8g.dat
1 1 0 32 0 1 0 0 0 1 0 0 0 1 3815b.dat
1 25 -15.552 9 0 0.985 -0.17 0 0.17 0.985 0 0 0 1 3818.dat
1 25 15.552 9 0 0.985 0.17 0 -0.17 0.985 0 0 0 1 3819.dat
1 72 -23.8634 26.5956 -10.321 0.985 -0.12019 0.12019 0.17 0.696395 -0.696395 0 0.707 0.707 3820.dat
1 72 23.8634 26.5956 -10.321 0.985 0.12019 -0.12019 -0.17 0.696395 -0.696395 0 0.707 0.707 3820.dat
1 1 0 44 0 1 0 0 0 1 0 0 0 1 3816b.dat
1 1 0 44 0 1 0 0 0 1 0 0 0 1 3817b.dat









