0 FILE 7245 - maim.ldr
0 maim
0 Name: 7245 - maim.ldr
0 Author: Victor Di Rienzo [tatubias]
0 !LDRAW_ORG Model
0 !LICENSE Redistributable under CCAL version 2.0 : see CAreadme.txt

1 0 0 0 0 1 0 0 0 1 0 0 0 1 7245 - Prisoner Transport, Black Logo.ldr


0 FILE 7245 - Prisoner Transport, Black Logo.ldr
0 Prisoner Transport, Black Logo
0 Name: 7245 - Prisoner Transport, Black Logo.ldr
0 Author: Victor Di Rienzo [tatubias]
0 !LDRAW_ORG Model
0 !LICENSE Redistributable under CCAL version 2.0 : see CAreadme.txt

1 72 0 0 0 0 0 1 0 1 0 -1 0 0 52037.dat
1 0 0 -8 130 -1 0 0 0 1 0 0 0 -1 3710.dat
1 72 -20 -8 150 -1 0 0 0 1 0 0 0 -1 2412b.dat
1 72 20 -8 150 -1 0 0 0 1 0 0 0 -1 2412b.dat
0 STEP
1 15 0 -24 -150 0 0 1 0 1 0 -1 0 0 52501.dat
1 15 0 -24 110 0 0 1 0 1 0 -1 0 0 52501.dat
1 15 0 -16 -50 1 0 0 0 1 0 0 0 1 3010.dat
0 STEP
1 15 50 -24 -20 0 0 1 0 1 0 -1 0 0 3010.dat
1 15 -50 -24 -20 0 0 1 0 1 0 -1 0 0 3010.dat
1 15 -50 -24 30 -1 0 0 0 1 0 0 0 -1 3665a.dat
1 15 -50 -24 -70 1 0 0 0 1 0 0 0 1 3665a.dat
1 15 50 -24 -70 1 0 0 0 1 0 0 0 1 3665a.dat
1 15 50 -24 30 -1 0 0 0 1 0 0 0 -1 3665a.dat
0 STEP
1 1 0 -16 -150 1 0 0 0 1 0 0 0 1 3710.dat
1 72 0 -16 120 1 0 0 0 1 0 0 0 1 3020.dat
1 0 0 -24 110 1 0 0 0 1 0 0 0 1 3710.dat
1 36 -30 -24 130 1 0 0 0 1 0 0 0 1 3070b.dat
1 36 30 -24 130 1 0 0 0 1 0 0 0 1 3070b.dat
0 STEP
1 15 0 -40 -50 1 0 0 0 1 0 0 0 1 3010.dat
1 1 0 -48 -50 1 0 0 0 1 0 0 0 1 3710.dat
1 14 0 -8 -100 1 0 0 0 1 0 0 0 1 4079.dat
1 71 0 -8 -130 1 0 0 0 1 0 0 0 1 3829c01.dat
0 STEP
1 72 40 -24 80 0 0 -1 0 1 0 1 0 0 50745.dat
1 72 40 -24 -120 0 0 -1 0 1 0 1 0 0 50745.dat
1 72 -40 -24 80 0 0 1 0 1 0 -1 0 0 50745.dat
1 72 -40 -24 -120 0 0 1 0 1 0 -1 0 0 50745.dat
0 STEP
1 15 50 -48 -20 0 0 1 0 1 0 -1 0 0 6112.dat
1 15 -50 -48 -20 0 0 1 0 1 0 -1 0 0 6112.dat
0 STEP
1 0 -20 8 -120 -1 0 0 0 1 0 0 0 -1 4488.dat
1 0 -20 8 80 -1 0 0 0 1 0 0 0 -1 4488.dat
1 0 20 8 80 1 0 0 0 1 0 0 0 1 4488.dat
1 0 20 8 -120 1 0 0 0 1 0 0 0 1 4488.dat
0 STEP
0 STEP
1 14 0 16 -120 -1 0 0 0 1 0 0 0 -1 3022.dat
1 14 0 16 80 -1 0 0 0 1 0 0 0 -1 3022.dat
0 STEP
1 71 -20 -24 -150 1 0 0 0 1 0 0 0 1 44728.dat
1 71 20 -24 -150 1 0 0 0 1 0 0 0 1 44728.dat
0 STEP
1 15 0 -4 -172 -1 0 0 0 0 1 0 1 0 3795.dat
1 0 0 6 -180 -1 0 0 0 0 1 0 1 0 3710.dat
1 33 50 6 -172 0 0 -1 -1 0 0 0 1 0 54200.dat
1 33 -50 6 -172 0 0 1 1 0 0 0 1 0 54200.dat
1 72 -20 6 -188 -1 0 0 0 0 1 0 1 0 2412b.dat
1 72 20 6 -188 -1 0 0 0 0 1 0 1 0 2412b.dat
1 72 0 -14 -180 -1 0 0 0 0 1 0 1 0 2412b.dat
1 46 -40 -14 -180 -1 0 0 0 0 1 0 1 0 3069b.dat
1 46 40 -14 -180 -1 0 0 0 0 1 0 1 0 3069b.dat
0 STEP
1 72 -50 -96 110 0 0 1 0 1 0 -1 0 0 3190.dat
1 72 50 -96 110 1 0 0 0 1 0 0 0 1 3191.dat
1 15 50 -96 80 0 0 -1 0 1 0 1 0 0 3245b.dat
1 15 -50 -96 80 0 0 -1 0 1 0 1 0 0 3245b.dat
1 72 -50 -96 20 0 0 -1 0 1 0 1 0 0 30055.dat
1 72 50 -96 20 0 0 -1 0 1 0 1 0 0 30055.dat
1 40 0 -96 -50 1 0 0 0 1 0 0 0 1 4864b.dat
0 STEP
1 15 -30 -48 -150 1 0 0 0 1 0 0 0 1 3038.dat
1 15 30 -48 -150 1 0 0 0 1 0 0 0 1 3038.dat
1 15 40 -96 -50 0 0 -1 0 1 0 1 0 0 4532.dat
1 15 57 -56 -26 1 0 0 0 -1 0 0 0 -1 4533.dat
1 15 -40 -96 -50 0 0 1 0 1 0 -1 0 0 4532.dat
1 15 -57 -92 -26 -1 0 0 0 1 0 0 0 -1 4533.dat
0 STEP
1 40 0 -96 -130 1 0 0 0 1 0 0 0 1 4176.dat
1 15 50 -104 60 0 0 -1 0 1 0 1 0 0 6636.dat
1 15 50 -104 -30 0 0 -1 0 1 0 1 0 0 3623.dat
1 1 0 -104 -50 -1 0 0 0 1 0 0 0 -1 3710.dat
1 15 -50 -104 -30 0 0 -1 0 1 0 1 0 0 3623.dat
1 15 -50 -104 60 0 0 -1 0 1 0 1 0 0 6636.dat
0 STEP
0 STEP
1 15 0 -112 -50 -1 0 0 0 1 0 0 0 -1 6636.dat
1 15 0 -112 40 0 0 1 0 1 0 -1 0 0 3036.dat
1 15 0 -112 -70 1 0 0 0 1 0 0 0 1 52031.dat
1 33 -30 -112 -30 0 0 -1 0 1 0 1 0 0 54200.dat
1 33 30 -112 -30 0 0 1 0 1 0 -1 0 0 54200.dat
1 33 -30 -112 110 0 0 1 0 1 0 -1 0 0 54200.dat
1 33 30 -112 110 0 0 -1 0 1 0 1 0 0 54200.dat
1 72 0 -124 -30 1 0 0 0 1 0 0 0 1 30162.dat
0 STEP
1 0 0 -120 -30 1 0 0 0 1 0 0 0 1 3794a.dat
1 15 0 -120 110 -1 0 0 0 1 0 0 0 -1 2436a.dat
1 15 0 -110 132 -1 0 0 0 0 -1 0 -1 0 2431.dat
0 STEP
1 72 0 -128 110 -1 0 0 0 1 0 0 0 -1 2412b.dat
1 4 0 -119 42 0 0 -1 0 1 0 1 0 0 6141.dat
1 71 0 -127 42 0 0 -1 0 1 0 1 0 0 4740.dat
1 33 -50 -112 -30 0 0 1 0 1 0 -1 0 0 54200.dat
1 33 50 -112 -30 0 0 -1 0 1 0 1 0 0 54200.dat
0 STEP
1 71 50 13 -120 0 0 -1 0 1 0 1 0 0 6014.dat
1 71 50 13 80 0 0 -1 0 1 0 1 0 0 6014.dat
1 71 -50 13 -120 0 0 1 0 1 0 -1 0 0 6014.dat
1 71 -50 13 80 0 0 1 0 1 0 -1 0 0 6014.dat
1 0 -55 13 80 0 0 1 0 1 0 -1 0 0 6015.dat
1 0 -55 13 -120 0 0 1 0 1 0 -1 0 0 6015.dat
1 0 55 13 -120 0 0 1 0 1 0 -1 0 0 6015.dat
1 0 55 13 80 0 0 -1 0 1 0 1 0 0 6015.dat
1 0 0 -139 42 1 0 0 0 1 0 0 0 1 3959.dat
1 46 0 -139 17 1 0 0 0 0 1 0 -1 0 6141.dat
1 0 129 -2 13 0.866 0 -0.5 0 1 0 0.5 0 0.866 3815c01.dat
1 72 160.83 -2 -32.131 0.866 0 -0.5 0 1 0 0.5 0 0.866 3815c01.dat
1 0 129 -34 13 0.866 0 -0.5 0 1 0 0.5 0 0.866 973p7n.dat
1 15 160.83 -34 -32.131 0.866 0 -0.5 0 1 0 0.5 0 0.866 973p7s.dat
1 15 174.299 -25 -24.355 0.938 -0.346 0 0 0 -1 0.346 0.938 0 3819.dat
1 15 142.468 -25 20.776 0.853 0.147 -0.5 -0.17 0.985 0 0.493 0.085 0.866 3819.dat
1 15 115.532 -25 5.224 0.853 -0.147 -0.5 0.17 0.985 0 0.493 -0.085 0.866 3818.dat
1 15 147.362 -25 -39.907 0.768 -0.64 0 0 0 -1 0.64 0.768 0 3818.dat
1 14 113.428 -7.24 -7.403 0.853 -0.458 -0.25 0.17 0.697 -0.697 0.493 0.552 0.672 3820.dat
1 14 154.456 -7.24 16.284 0.768 -0.447 -0.458 0.002 0.717 -0.697 0.64 0.534 0.552 3820.dat
1 14 131.436 -15.116 -28.595 0.768 -0.452 0.452 0 -0.707 -0.707 0.64 0.543 -0.543 3820.dat
1 14 172.464 -15.116 -4.907 0.852 -0.463 0.244 -0.17 -0.686 -0.707 0.495 0.561 -0.664 3820.dat
1 14 160.83 -58 -32.131 0.769 0 -0.639 0 1 0 0.639 0 0.769 3626bp86.dat
1 14 129 -58 13 0.769 0 -0.639 0 1 0 0.639 0 0.769 3626bp0f.dat
1 15 129 -58 13 0.769 0 -0.639 0 1 0 0.639 0 0.769 3624.dat
1 0 160.83 -58 -32.131 0.769 0 -0.639 0 1 0 0.639 0 0.769 41334.dat



