0 Cherry
0 Name: 7275 - Cherry.ldr
0 Author: Merlijn Wissink [legolijntje]
0 !LDRAW_ORG Model
0 !LICENSE Redistributable under CCAL version 2.0 : see CAreadme.txt

0 !THEME Creator

1 4 -10 24 0 0 0 1 0 1 0 -1 0 0 3665.dat
1 4 0 0 0 1 0 0 0 1 0 0 0 1 3004.dat
1 4 10 24 0 0 0 -1 0 1 0 1 0 0 3665.dat
1 4 10 -16 0 0 0 -1 0 1 0 1 0 0 6091.dat
1 4 -10 -16 0 0 0 1 0 1 0 -1 0 0 6091.dat
1 4 -30 16 0 0 0 1 0 1 0 -1 0 0 3024.dat
1 4 30 16 0 0 0 1 0 1 0 -1 0 0 3024.dat
1 4 0 -16 0 1 0 0 0 1 0 0 0 1 3794a.dat
1 27 0 -24 0 -0.924 0 0.383 0 1 0 -0.383 0 -0.924 2420.dat
1 0 -14.142 -56 -14.142 -0.707 0 -0.707 0 1 0 0.707 0 -0.707 6091.dat
1 0 -14.142 -56 -14.142 0.707 0 0.707 0 1 0 -0.707 0 0.707 3024.dat
