0 FILE 7306 - Golden Staff Guardians.ldr
0 Golden Staff Guardians
0 Name: 7306 - Golden Staff Guardians.ldr
0 Author: Christian Neumann [Wesley]
0 !LDRAW_ORG Model
0 !LICENSE Redistributable under CCAL version 2.0 : see CAreadme.txt

0 !THEME Pharaoh's Quest

0 !HISTORY [legolijntje] Swapped inlined parts for official parts

1 19 0 0 0 0 0 1 0 1 0 -1 0 0 3035.dat
1 28 -30 -24 -70 0 0 -1 0 1 0 1 0 0 3040b.dat
0 STEP
1 19 -30 -24 0 0 0 -1 0 1 0 1 0 0 3009.dat
1 19 -10 -24 0 0 0 -1 0 1 0 1 0 0 3009.dat
0 STEP
1 2 -30 -24 70 0.6428 0 -0.766 0 1 0 0.766 0 0.6428 30176.dat
0 STEP
1 72 10 -24 -50 0 0 -1 0 1 0 1 0 0 3046.dat
1 72 10 -24 50 1 0 0 0 1 0 0 0 1 3046.dat
1 72 10 -24 0 0 0 -1 0 1 0 1 0 0 3298.dat
0 STEP
1 19 60 0 0 0 0 -1 0 1 0 1 0 0 3020.dat
0 STEP
1 28 -30 -48 -50 1 0 0 0 1 0 0 0 1 3040b.dat
1 28 -30 -48 50 -1 0 0 0 1 0 0 0 -1 3040b.dat
1 272 -10 -24 50 -1 0 0 0 1 0 0 0 -1 50746.dat
1 272 -10 -24 -50 1 0 0 0 1 0 0 0 1 50746.dat
0 STEP
1 19 -30 -48 -30 1 0 0 0 1 0 0 0 1 2357.dat
1 19 -30 -48 30 0 0 1 0 1 0 -1 0 0 2357.dat
0 STEP
1 72 0 -48 0 0 0 1 0 1 0 -1 0 0 6143.dat
1 272 10 -48 -30 0 0 1 0 1 0 -1 0 0 3062b.dat
1 272 10 -48 30 0 0 1 0 1 0 -1 0 0 3062b.dat
0 STEP
1 19 -30 -72 0 0 0 1 0 1 0 -1 0 0 3009.dat
1 272 0 -56 0 0 0 1 0 1 0 -1 0 0 87580.dat
0 STEP
1 28 -10 -72 30 0 0 -1 0 1 0 1 0 0 3040b.dat
1 28 -10 -72 -30 0 0 -1 0 1 0 1 0 0 3040b.dat
0 STEP
1 19 -30 -96 0 0 0 -1 0 1 0 1 0 0 30136.dat
1 297 -10 -80 -30 0 0 -1 0 1 0 1 0 0 6141.dat
1 297 -10 -80 30 0 0 -1 0 1 0 1 0 0 6141.dat
0 STEP
1 0 -30 -120 0 0 0 -1 0 1 0 1 0 0 3700.dat
1 19 -30 -144 0 0 0 -1 0 1 0 1 0 0 30136.dat
0 STEP
1 19 -30 -144 -30 1 0 0 0 1 0 0 0 1 4460a.dat
1 19 -30 -144 30 -1 0 0 0 1 0 0 0 -1 4460a.dat
0 STEP
1 28 -30 -168 -10 1 0 0 0 1 0 0 0 1 3040b.dat
1 28 -30 -168 10 -1 0 0 0 1 0 0 0 -1 3040b.dat
0 STEP
1 484 -30 -176 0 0 0 1 0 1 0 -1 0 0 3023.dat
1 272 -30 -200 0 1 0 0 0 1 0 0 0 1 3044b.dat
0 STEP
1 28 -50 -110 0 1 0 0 0 1 0 0 0 1 6587.dat
1 297 -12 -110 0 0 -1 0 1 0 0 0 0 1 6141.dat
0 STEP
1 297 0 -159 0 -1 0 0 0 1 0 0 0 -1 93252.dat
0 STEP
1 71 90 8 190 0.5 0 -0.866 0 1 0 0.866 0 0.5 7306 - Mummy Warrior 1.ldr
0 STEP
1 71 30 8 -150 -0.5 0 -0.866 0 1 0 0.866 0 -0.5 7306 - Mummy Warrior 2.ldr
0 STEP
1 0 348 -57 180 0.7071 0 0.7071 0 1 0 -0.7071 0 0.7071 7306 - Motorbike.ldr
1 72 323.9584 -77.25 155.9584 0.7071 0 0.7071 0 1 0 -0.7071 0 0.7071 7306 - Mac McCloud.ldr



0 FILE 7306 - Motorbike.ldr
0 Motorbike
0 Name: 7306 - Motorbike.ldr
0 Author: Christian Neumann [Wesley]
0 !LDRAW_ORG Model
0 !LICENSE Redistributable under CCAL version 2.0 : see CAreadme.txt
1 320 0 0 0 1 0 0 0 1 0 0 0 1 85983p01.dat
1 0 0 41.5 -60 1 0 0 0 1 0 0 0 1 50859bc01.dat
1 320 0 -16 -105.5 1 0 0 0 0 -1 0 1 0 3023.dat
1 47 10 -16 -113.5 1 0 0 0 0 -1 0 1 0 6141.dat
1 47 -10 -16 -113.5 1 0 0 0 0 -1 0 1 0 6141.dat
1 72 0 -8 0 0 0 -1 0 1 0 1 0 0 60478.dat
1 72 0 12.1098 38.7198 1 0 0 0 0.342 0.9397 0 -0.9397 0.342 61252.dat
1 0 0 -16 -10 0 0 -1 0 1 0 1 0 0 4085b.dat
1 0 0 -16 10 0 0 1 0 1 0 -1 0 0 4085b.dat
1 36 0 9.3737 46.2373 0 0 1 -0.9397 0.342 0 -0.342 -0.9397 0 6141.dat
1 72 20 -38 0 1 0 0 0 0 -1 0 1 0 30141.dat
1 4 -28 -36 10 0 0 -1 0 1 0 1 0 0 64728.dat


0 FILE 7306 - Mac McCloud.ldr
0 Mac McCloud
0 Name: 7306 - Mac McCloud.ldr
0 Author: Christian Neumann [Wesley]
0 !LDRAW_ORG Model
0 !LICENSE Redistributable under CCAL version 2.0 : see CAreadme.txt
1 308 0 0.4649 -3.3076 1 0 0 0 0.9613 -0.2756 0 0.2756 0.9613 3815.dat
1 308 0 12 0 1 0 0 0 1 0 0 0 1 3816.dat
1 308 0 12 0 1 0 0 0 1 0 0 0 1 3817.dat
1 15 0 -30.2955 -12.128 1 0 0 0 0.9613 -0.2756 0 0.2756 0.9613 973pq4.dat
1 14 15.6004 -21.6787 -9.6572 0.9848 0.1423 0.0996 -0.167 0.9336 0.3172 -0.0479 -0.329 0.9431 3819.dat
1 14 -15.6004 -21.6787 -9.6572 0.9847 -0.1455 -0.0956 0.1687 0.9331 0.3175 0.0431 -0.3288 0.9434 3818.dat
1 14 -22.3265 -7.7663 -25.1653 0.0736 -0.9963 0.045 0.8924 0.0457 -0.4489 0.4452 0.0732 0.8924 3820.dat
1 14 22.2265 -8.0091 -25.4511 0.0587 0.9979 -0.0301 -0.8992 0.0397 -0.4359 -0.4337 0.0526 0.8996 3820.dat
1 14 0 -53.3658 -18.7433 1 0 0 0 0.9613 -0.2756 0 0.2756 0.9613 3626cpq0.dat
1 70 0 -53.3658 -18.7433 1 0 0 0 0.9613 -0.2756 0 0.2756 0.9613 30171.dat
1 72 0 -45.6757 -16.5382 1 0 0 0 0.9877 0.1564 0 -0.1564 0.9877 30170.dat




0 FILE 7306 - Mummy Warrior 1.ldr
0 Mummy Warrior 1
0 Name: 7306 - Mummy Warrior 1.ldr
0 Author: Christian Neumann [Wesley]
0 !LDRAW_ORG Model
0 !LICENSE Redistributable under CCAL version 2.0 : see CAreadme.txt
1 71 0 -40 0 1 0 0 0 1 0 0 0 1 3815pq0.dat
1 71 0 -28 0 1 0 0 0 1 0 0 0 1 3816pq0.dat
1 71 0 -28 0 1 0 0 0 1 0 0 0 1 3817pq0.dat
1 71 0 -72 0 1 0 0 0 1 0 0 0 1 973pq0.dat
1 71 -15.6004 -63.0359 0 0.9848 -0.1737 0 0.1737 0.9848 0 0 0 1 3818.dat
1 71 15.6004 -63.0359 0 0.9848 0.173 -0.0151 -0.1737 0.9811 -0.0859 0 0.0872 0.9968 3819.dat
1 72 -23.8065 -45.2913 -9.8995 0.9912 0.0501 0.1228 0.0501 0.7159 -0.6964 -0.1228 0.6964 0.7071 3820.dat
1 72 23.9439 -44.5121 -8.2206 0.0611 0.9892 -0.133 -0.6535 -0.0611 -0.7544 -0.7548 0.1331 0.6432 3820.dat
1 71 0 -96 0 1 0 0 0 1 0 0 0 1 3626bpq0.dat
1 0 0 -96 0 1 0 0 0 1 0 0 0 1 30168.dat
1 148 -25.7393 -43.4387 -24.7458 0.987 0.0792 0.1402 0.0792 0.5188 -0.8512 -0.1402 0.8512 0.5057 93247.dat
1 148 26.2752 -37.2562 -23.535 0.9246 0.2523 -0.2868 -0.2481 0.9676 0.0501 0.2894 0.0243 0.9583 93251.dat




0 FILE 7306 - Mummy Warrior 2.ldr
0 Mummy Warrior 2
0 Name: 7306 - Mummy Warrior 2.ldr
0 Author: Christian Neumann [Wesley]
0 !LDRAW_ORG Model
0 !LICENSE Redistributable under CCAL version 2.0 : see CAreadme.txt
1 71 0 -40 0 1 0 0 0 1 0 0 0 1 3815pq0.dat
1 71 0 -28 0 1 0 0 0 0.7071 -0.7071 0 0.7071 0.7071 3816pq0.dat
1 71 0 -28 0 1 0 0 0 0.866 0.5 0 -0.5 0.866 3817pq0.dat
1 71 0 -72 0 1 0 0 0 1 0 0 0 1 973pq0.dat
1 71 -15.6004 -63.0359 0 0.9848 -0.1228 -0.1228 0.1737 0.6964 0.6964 0 -0.7071 0.7071 3818.dat
1 71 15.6004 -63.0359 0 0.9848 0.173 -0.0151 -0.1737 0.9811 -0.0859 0 0.0872 0.9968 3819.dat
1 72 -21.629 -57.6365 -20.3645 1 0 0 0 1 0 0 0.0001 1 3820.dat
1 72 23.9439 -44.5121 -8.2206 0.0611 0.9892 -0.133 -0.6535 -0.0611 -0.7544 -0.7548 0.1331 0.6432 3820.dat
1 71 0 -96 0 -1 0 0 0 1 0 0 0 -1 3626bpq0.dat
1 0 0 -96 0 1 0 0 0 1 0 0 0 1 30168.dat
1 148 -21.6285 -66.7453 -32.3899 0.9995 -0.0001 0.0342 0.0085 0.9681 -0.2502 -0.0331 0.2503 0.9675 93247.dat
1 148 26.2752 -37.2562 -23.535 0.9246 0.2523 -0.2868 -0.2481 0.9676 0.0501 0.2894 0.0243 0.9583 93251.dat



