0 FILE 75953 - main.ldr
0 main
0 Name: 75953 - main.ldr
0 Author: Stefan Frenz [smf]
0 !LDRAW_ORG Model
0 !LICENSE Redistributable under CCAL version 2.0 : see CAreadme.txt

1 72 0 0 0 1 0 0 0 1 0 0 0 1 75953 - Tower.ldr
1 72 -240 0 -40 -1 0 0 0 1 0 0 0 -1 75953 - Passage.ldr
1 83 201.423 0 136.561 -0.707 0 -0.707 0 1 0 0.707 0 -0.707 75953 - Kitchen.ldr
1 72 -20 0 500 1 0 0 0 1 0 0 0 1 75953 - Tree.ldr
1 72 -360 0 340 0.707 0 0.707 0 1 0 -0.707 0 0.707 75953 - Car.ldr
1 0 -480 0 -100 0 0 -1 0 1 0 1 0 0 75953 - Workroom.ldr


0 FILE 75953 - Car.ldr
0 Car
0 Name: 75953 - Car.ldr
0 Author: Stefan Frenz [smf]
0 !LDRAW_ORG Model
0 !LICENSE Redistributable under CCAL version 2.0 : see CAreadme.txt

1 72 0 0 0 1 0 0 0 1 0 0 0 1 3021.dat
0 STEP
1 0 0 -8 0 0 0 -1 0 1 0 1 0 0 2926.dat
1 73 -20 -8 0 0 0 -1 0 1 0 1 0 0 3710.dat
0 STEP
1 0 -90 0 30 -1 0 0 0 1 0 0 0 -1 60479.dat
1 0 -90 0 -30 -1 0 0 0 1 0 0 0 -1 60479.dat
0 STEP
1 73 -160 -8 0 0 0 -1 0 1 0 1 0 0 3710.dat
1 0 -180 -8 0 0 0 -1 0 1 0 1 0 0 2926.dat
1 72 -180 0 0 1 0 0 0 1 0 0 0 1 3021.dat
0 STEP
1 73 -90 -8 -40 1 0 0 0 1 0 0 0 1 3795.dat
1 73 -90 -8 40 1 0 0 0 1 0 0 0 1 3795.dat
0 STEP
1 0 -90 -16 0 0 0 -1 0 1 0 1 0 0 30029.dat
0 STEP
1 71 -90 -8 0 1 0 0 0 1 0 0 0 1 3020.dat
1 71 30 -8 0 0 0 -1 0 1 0 1 0 0 3020.dat
1 71 -210 -8 0 0 0 -1 0 1 0 1 0 0 3020.dat
0 STEP
1 71 0 -16 -30 1 0 0 0 1 0 0 0 1 3623.dat
1 71 0 -16 30 1 0 0 0 1 0 0 0 1 3623.dat
1 71 -180 -16 -30 1 0 0 0 1 0 0 0 1 3623.dat
1 71 -180 -16 30 1 0 0 0 1 0 0 0 1 3623.dat
1 15 20 -16 0 0 0 1 0 1 0 -1 0 0 3023.dat
1 15 -200 -16 0 0 0 1 0 1 0 -1 0 0 3023.dat
0 STEP
1 179 -220 -16 -40 0 0 1 0 1 0 -1 0 0 32028.dat
1 179 -220 -16 0 0 0 1 0 1 0 -1 0 0 32028.dat
1 179 -220 -16 40 0 0 1 0 1 0 -1 0 0 32028.dat
0 STEP
1 71 -180 -24 0 0 0 1 0 1 0 -1 0 0 2412b.dat
1 73 -220 -24 -10 0 0 1 0 1 0 -1 0 0 14719.dat
1 73 -220 -24 10 1 0 0 0 1 0 0 0 1 14719.dat
0 STEP
1 72 -220 -24 -50 0 0 1 0 1 0 -1 0 0 36840.dat
1 72 -220 -24 50 0 0 1 0 1 0 -1 0 0 36840.dat
1 36 -242 -26 50 0 1 0 0 0 -1 -1 0 0 6141.dat
1 36 -242 -26 -50 0 1 0 0 0 -1 -1 0 0 6141.dat
0 STEP
1 73 -220 -32 -50 0 0 -1 0 1 0 1 0 0 36841.dat
1 73 -220 -32 50 0 0 -1 0 1 0 1 0 0 36841.dat
1 73 -206 -22 -50 0 -1 0 0 0 -1 1 0 0 54200.dat
1 73 -206 -22 50 0 -1 0 0 0 -1 1 0 0 54200.dat
0 STEP
1 73 -160 -24 0 0 0 -1 0 1 0 1 0 0 3710.dat
1 71 -190 -40 -30 -1 0 0 0 1 0 0 0 -1 4865b.dat
1 71 -190 -40 30 1 0 0 0 1 0 0 0 1 4865b.dat
1 71 -60 -16 0 0 0 -1 0 1 0 1 0 0 3829c01.dat
0 STEP
1 71 40 -16 0 0 0 -1 0 1 0 1 0 0 99781.dat
1 0 62 -6 0 0 -1 0 0 0 -1 1 0 0 3069b.dat
0 STEP
1 179 40 -16 -40 0 0 -1 0 1 0 1 0 0 32028.dat
1 179 40 -16 40 0 0 -1 0 1 0 1 0 0 32028.dat
0 STEP
1 0 40 -24 0 0 0 -1 0 1 0 1 0 0 3069b.dat
1 0 0 -24 0 0 0 -1 0 1 0 1 0 0 88646.dat
0 STEP
1 71 -10 -32 0 0 0 -1 0 1 0 1 0 0 3020.dat
1 0 40 -16 0 -1 0 0 0 1 0 0 0 -1 93273.dat
0 STEP
1 71 40 -40 0 1 0 0 0 1 0 0 0 1 62361.dat
0 STEP
1 0 -160 -32 -30 1 0 0 0 1 0 0 0 1 3024.dat
1 0 -160 -32 30 1 0 0 0 1 0 0 0 1 3024.dat
1 0 -160 -32 0 0 0 -1 0 1 0 1 0 0 99207.dat
0 STEP
1 73 -120 -32 50 0 0 -1 0 1 0 1 0 0 3005.dat
1 73 -120 -32 -50 0 0 -1 0 1 0 1 0 0 3005.dat
1 73 -140 -32 50 0 0 1 0 1 0 -1 0 0 3665a.dat
1 73 -140 -32 -50 0 0 1 0 1 0 -1 0 0 3665a.dat
1 73 -40 -32 50 0 0 -1 0 1 0 1 0 0 3665a.dat
1 73 -40 -32 -50 0 0 -1 0 1 0 1 0 0 3665a.dat
0 STEP
1 73 -170 -40 -50 1 0 0 0 1 0 0 0 1 3666.dat
1 73 -170 -40 50 1 0 0 0 1 0 0 0 1 3666.dat
0 STEP
1 73 -160 -40 0 0 0 1 0 1 0 -1 0 0 3710.dat
1 71 -160 -48 0 0 0 1 0 1 0 -1 0 0 11476.dat
0 STEP
1 73 40 -40 -30 0 0 1 0 1 0 -1 0 0 3024.dat
1 73 40 -40 30 0 0 1 0 1 0 -1 0 0 3024.dat
0 STEP
1 73 40 -48 -50 0 0 -1 0 1 0 1 0 0 4070.dat
1 73 40 -48 50 0 0 -1 0 1 0 1 0 0 4070.dat
1 46 54 -38 -50 0 -1 0 0 0 -1 1 0 0 6141.dat
1 46 54 -38 50 0 -1 0 0 0 -1 1 0 0 6141.dat
0 STEP
1 15 -130 -48 50 1 0 0 0 1 0 0 0 1 3023.dat
1 15 -210 -48 50 1 0 0 0 1 0 0 0 1 3023.dat
1 15 -210 -48 -50 1 0 0 0 1 0 0 0 1 3023.dat
1 15 -130 -48 -50 1 0 0 0 1 0 0 0 1 3023.dat
1 15 -160 -48 50 -1 0 0 0 1 0 0 0 -1 2420.dat
1 15 -160 -48 -50 0 0 -1 0 1 0 1 0 0 2420.dat
0 STEP
1 73 -40 -40 0 0 0 -1 0 1 0 1 0 0 3666.dat
1 73 -10 -40 0 0 0 -1 0 1 0 1 0 0 3795.dat
0 STEP
1 73 -220 -56 -50 0 0 1 0 1 0 -1 0 0 36841.dat
1 73 -220 -56 50 0 0 1 0 1 0 -1 0 0 36841.dat
1 57 -234 -46 -50 0 1 0 0 0 -1 -1 0 0 54200.dat
1 57 -234 -46 50 0 1 0 0 0 -1 -1 0 0 54200.dat
0 STEP
1 73 -150 -56 -50 1 0 0 0 1 0 0 0 1 3710.dat
1 73 -150 -56 50 1 0 0 0 1 0 0 0 1 3710.dat
1 73 -200 -56 -50 1 0 0 0 1 0 0 0 1 3024.dat
1 73 -200 -56 50 1 0 0 0 1 0 0 0 1 3024.dat
1 73 -160 -56 0 0 0 1 0 1 0 -1 0 0 2431.dat
0 STEP
1 73 20 -32 50 0 0 1 0 -1 0 1 0 0 54200.dat
1 73 20 -32 0 0 0 1 0 -1 0 1 0 0 3666.dat
1 73 20 -32 -50 0 0 1 0 -1 0 1 0 0 54200.dat
1 73 20 -24 0 0 0 1 0 -1 0 1 0 0 2431.dat
0 STEP
1 15 -40 -48 -50 1 0 0 0 1 0 0 0 1 2420.dat
1 15 -40 -48 50 0 0 1 0 1 0 -1 0 0 2420.dat
1 15 -40 -48 0 0 0 -1 0 1 0 1 0 0 3023.dat
1 71 10 -48 50 -1 0 0 0 1 0 0 0 -1 88072.dat
1 71 10 -48 -50 1 0 0 0 1 0 0 0 1 88072.dat
0 STEP
1 73 -40 -56 0 0 0 -1 0 1 0 1 0 0 3666.dat
1 73 -20 -56 0 0 0 -1 0 1 0 1 0 0 45677.dat
0 STEP
1 73 -60 -56 50 0 0 -1 0 1 0 1 0 0 92262.dat
1 73 -60 -56 -50 0 0 -1 0 1 0 1 0 0 92263.dat
0 STEP
1 70 -190 -32 -7 1 0 0 0 0 1 0 -1 0 4449-f1.dat
1 70 -190 -32 7 -1 0 0 0 0 1 0 1 0 4449-f1.dat
0 STEP
1 73 -200 -64 0 0 0 1 0 1 0 -1 0 0 75953 - Deck Lid.ldr
0 STEP
1 73 -160 -80 -50 0 0 -1 0 1 0 1 0 0 3040b.dat
1 73 -160 -80 50 0 0 -1 0 1 0 1 0 0 3040b.dat
0 STEP
1 73 -210 -64 50 -1 0 0 0 1 0 0 0 -1 2431.dat
1 73 -210 -64 -50 -1 0 0 0 1 0 0 0 -1 2431.dat
1 73 10 -56 -50 -1 0 0 0 1 0 0 0 -1 2431.dat
1 73 10 -56 50 -1 0 0 0 1 0 0 0 -1 2431.dat
0 STEP
1 71 4 -58 -70 0 -1 0 0 0 -1 1 0 0 15712.dat
1 71 4 -58 70 0 -1 0 0 0 -1 1 0 0 15712.dat
0 STEP
1 73 -160 -104 -50 0 0 1 0 1 0 -1 0 0 3665a.dat
1 73 -160 -104 50 0 0 1 0 1 0 -1 0 0 3665a.dat
1 47 -60 -104 0 0 0 -1 0 1 0 1 0 0 4176.dat
0 STEP
1 15 -110 -112 -50 -1 0 0 0 1 0 0 0 -1 6636.dat
1 15 -110 -112 50 -1 0 0 0 1 0 0 0 -1 6636.dat
0 STEP
1 15 -180 -112 50 -1 0 0 0 1 0 0 0 -1 3070b.dat
1 15 -180 -112 -50 -1 0 0 0 1 0 0 0 -1 3070b.dat
0 STEP
1 47 -140 -104 0 0 0 1 0 1 0 -1 0 0 4594.dat
1 15 -110 -120 0 0 0 -1 0 1 0 1 0 0 98281.dat
0 STEP
1 0 0 -3 50 -1 0 0 0 1 0 0 0 -1 75953 - Wheel.ldr
1 0 -180 -3 50 -1 0 0 0 1 0 0 0 -1 75953 - Wheel.ldr
1 0 -180 -3 -50 1 0 0 0 1 0 0 0 1 75953 - Wheel.ldr
1 0 0 -3 -50 1 0 0 0 1 0 0 0 1 75953 - Wheel.ldr


0 FILE 75953 - Deck Lid.ldr
0 Deck Lid
0 Name: 75953 - Deck Lid.ldr
0 Author: Stefan Frenz [smf]
0 !LDRAW_ORG Model
0 !LICENSE Redistributable under CCAL version 2.0 : see CAreadme.txt

1 73 0 0 0 1 0 0 0 1 0 0 0 1 6081.dat
1 73 0 0 0 1 0 0 0 1 0 0 0 1 2431.dat
0 STEP
1 73 -30 32 -20 1 0 0 0 1 0 0 0 1 3024.dat
1 73 30 32 -20 1 0 0 0 1 0 0 0 1 3024.dat
1 72 0 32 -20 1 0 0 0 1 0 0 0 1 99780.dat
0 STEP
1 0 0 30 -42 1 0 0 0 0 -1 0 1 0 3069b.dat
0 STEP
1 73 -20 16 0 -1 0 0 0 1 0 0 0 -1 2540.dat
1 73 20 16 0 -1 0 0 0 1 0 0 0 -1 2540.dat


0 FILE 75953 - Wheel.ldr
0 Wheel
0 Name: 75953 - Wheel.ldr
0 Author: Stefan Frenz [smf]
0 !LDRAW_ORG Model
0 !LICENSE Redistributable under CCAL version 2.0 : see CAreadme.txt

1 179 0 0 0 1 0 0 0 1 0 0 0 1 93594.dat
1 0 0 0 0 1 0 0 0 1 0 0 0 1 92409.dat


0 FILE 75953 - Tree.ldr
0 Tree
0 Name: 75953 - Tree.ldr
0 Author: Stefan Frenz [smf]
0 !LDRAW_ORG Model
0 !LICENSE Redistributable under CCAL version 2.0 : see CAreadme.txt

1 72 0 0 0 1 0 0 0 1 0 0 0 1 6063.dat
0 STEP
1 70 -50 0 0 0 0 -1 0 1 0 1 0 0 3710.dat
0 STEP
1 308 -50 -24 10 0 0 1 0 1 0 -1 0 0 3040b.dat
1 70 -50 -24 -10 -1 0 0 0 1 0 0 0 -1 2357.dat
0 STEP
1 70 -50 -24 30 0 0 1 0 1 0 -1 0 0 4070.dat
1 70 -60 -14 30 1 0 0 0 -0.707 -0.707 0 0.707 -0.707 13564.dat
0 STEP
1 70 0 0 50 -1 0 0 0 1 0 0 0 -1 3710.dat
1 70 0 0 -50 -1 0 0 0 1 0 0 0 -1 3710.dat
0 STEP
1 330 -30 -24 50 -1 0 0 0 1 0 0 0 -1 3046.dat
1 330 -30 -24 -50 0 0 1 0 1 0 -1 0 0 3046.dat
0 STEP
1 308 -10 -24 60 0 0 1 0 1 0 -1 0 0 30136.dat
1 308 10 -24 -60 0 0 1 0 1 0 -1 0 0 30136.dat
1 70 -10 -24 -50 1 0 0 0 1 0 0 0 1 4070.dat
1 70 -10 -14 -60 0 -0.707 0.707 0 -0.707 -0.707 1 0 0 13564.dat
1 70 10 -24 50 -1 0 0 0 1 0 0 0 -1 4070.dat
1 70 10 -14 60 0 0.707 -0.707 0 -0.707 -0.707 -1 0 0 13564.dat
0 STEP
1 330 30 -24 -50 1 0 0 0 1 0 0 0 1 3046.dat
1 330 30 -24 50 0 0 -1 0 1 0 1 0 0 3046.dat
0 STEP
1 308 -50 -48 -10 0 0 1 0 1 0 -1 0 0 3040b.dat
1 308 -50 -48 10 -1 0 0 0 1 0 0 0 -1 3040b.dat
1 288 -50 -24 -30 0 0 1 0 1 0 -1 0 0 54200.dat
0 STEP
1 288 -30 -24 -70 1 0 0 0 1 0 0 0 1 54200.dat
1 288 -10 -24 70 -1 0 0 0 1 0 0 0 -1 54200.dat
1 70 -30 -48 0 0 0 1 0 1 0 -1 0 0 92950.dat
0 STEP
1 308 0 -48 50 1 0 0 0 1 0 0 0 1 30136.dat
1 308 0 -48 -50 1 0 0 0 1 0 0 0 1 30136.dat
1 288 10 -24 -70 1 0 0 0 1 0 0 0 1 54200.dat
1 288 30 -24 70 -1 0 0 0 1 0 0 0 -1 54200.dat
0 STEP
1 70 30 -48 0 0 0 1 0 1 0 -1 0 0 92950.dat
1 288 50 -24 -50 0 0 -1 0 1 0 1 0 0 54200.dat
0 STEP
1 330 50 0 0 0 0 -1 0 1 0 1 0 0 92593.dat
1 70 60 -48 -30 -1 0 0 0 1 0 0 0 -1 87552.dat
1 70 60 -48 30 1 0 0 0 1 0 0 0 1 87552.dat
0 STEP
1 70 -30 -72 10 0 0 -1 0 1 0 1 0 0 2357.dat
1 70 -30 -72 -10 -1 0 0 0 1 0 0 0 -1 2357.dat
1 288 -30 -48 -50 0 0 1 0 1 0 -1 0 0 54200.dat
1 330 -30 -48 50 -1 0 0 0 1 0 0 0 -1 54200.dat
0 STEP
1 330 30 -48 -50 1 0 0 0 1 0 0 0 1 54200.dat
1 288 30 -48 50 0 0 -1 0 1 0 1 0 0 54200.dat
1 70 0 -72 50 -1 0 0 0 1 0 0 0 -1 3700.dat
1 70 0 -72 -50 -1 0 0 0 1 0 0 0 -1 3700.dat
0 STEP
1 70 30 -72 20 0 0 -1 0 1 0 1 0 0 3298.dat
1 70 30 -72 -20 0 0 -1 0 1 0 1 0 0 3298.dat
0 STEP
1 0 0 -80 0 1 0 0 0 1 0 0 0 1 6585.dat
1 19 0 -62 -17 1 0 0 0 1 0 0 0 1 6589.dat
0 STEP
1 72 0 -62 20 0 0 1 0 1 0 -1 0 0 55013.dat
0 STEP
1 288 0 -62 68 -1 0 0 0 0 -1 0 -1 0 4032a.dat
1 308 0 -62 92 -1 0 0 0 0 -1 0 -1 0 92947.dat
1 28 0 -62 100 -1 0 0 0 0 -1 0 -1 0 15535.dat
0 STEP
1 288 10 -72 -50 1 0 0 0 1 0 0 0 1 54200.dat
1 288 -50 -72 -10 1 0 0 0 1 0 0 0 1 54200.dat
1 288 -10 -72 50 -1 0 0 0 1 0 0 0 -1 54200.dat
1 330 -10 -72 -50 0 0 1 0 1 0 -1 0 0 54200.dat
1 330 -50 -72 10 0 0 1 0 1 0 -1 0 0 54200.dat
1 330 10 -72 50 0 0 -1 0 1 0 1 0 0 54200.dat
0 STEP
1 288 -30 -80 0 0 0 -1 0 1 0 1 0 0 3023.dat
1 19 0 -79 0 -0.259 0.966 0 0 0 1 0.966 0.259 0 6589.dat
1 288 30 -80 0 0 0 -1 0 1 0 1 0 0 3023.dat
0 STEP
1 70 -30 -88 0 0 0 -1 0 1 0 1 0 0 3710.dat
1 70 30 -88 0 0 0 -1 0 1 0 1 0 0 3710.dat
1 72 0 -88 0 0 0 -1 0 1 0 1 0 0 3709b.dat
0 STEP
1 72 0 -125 0 0 0.259 -0.966 1 0 0 0 -0.966 -0.259 59426.dat
1 4 0 -183 0 -0.966 0.259 0 0 0 -1 -0.259 -0.966 0 59443.dat
0 STEP
1 70 0 -112 -30 -1 0 0 0 1 0 0 0 -1 3700.dat
1 70 0 -112 30 -1 0 0 0 1 0 0 0 -1 3700.dat
1 70 30 -112 0 0 0 1 0 1 0 -1 0 0 3701.dat
1 70 -30 -112 0 0 0 1 0 1 0 -1 0 0 3701.dat
0 STEP
1 70 0 -208 0 0 0 1 0 1 0 -1 0 0 6259.dat
0 STEP
1 70 0 -208 0 0 0 -1 0 1 0 1 0 0 6259.dat
0 STEP
1 308 0 -216 0 0 0 -1 0 1 0 1 0 0 60474.dat
0 STEP
1 330 10 -224 10 0 0 -1 0 1 0 1 0 0 27925.dat
1 330 -10 -224 10 -1 0 0 0 1 0 0 0 -1 27925.dat
1 330 -10 -224 -10 0 0 1 0 1 0 -1 0 0 27925.dat
1 330 10 -224 -10 1 0 0 0 1 0 0 0 1 27925.dat
0 STEP
1 0 50 -102 0 -1 0 0 0 0.956 0.292 0 0.292 -0.956 15100.dat
1 308 50 -111.563 -2.924 0.485 0.875 0 0.256 -0.142 -0.956 -0.836 0.464 -0.292 40378.dat
1 0 0 -102 -50 0 0.292 -0.956 0 0.956 0.292 1 0 0 15100.dat
1 308 -2.924 -111.563 -50 -0.836 0.464 -0.292 0.256 -0.142 -0.956 -0.485 -0.875 0 40378.dat
1 0 -50 -102 0 1 0 0 0 0.956 0.292 0 -0.292 0.956 15100.dat
1 308 -50 -111.563 2.924 -0.485 -0.875 0 0.256 -0.142 -0.956 0.836 -0.464 0.292 40378.dat
1 0 0 -102 50 0 -0.292 0.956 0 0.956 0.292 -1 0 0 15100.dat
1 308 2.924 -111.563 50 0.836 -0.464 0.292 0.256 -0.142 -0.956 0.485 0.875 0 40378.dat
0 STEP
1 0 0 -222 0 0 -0.966 -0.259 1 0 0 0 -0.259 0.966 3705.dat
0 STEP
1 16 0 -232 0 0.966 0 -0.259 0 1 0 0.259 0 0.966 75953 - Tree Top Base.ldr
0 STEP
1 70 48.296 -236 12.941 0.426 0.44 0.791 0.076 0.853 -0.516 -0.902 0.28 0.33 75953 - Tree Top Limb.ldr
1 70 12.941 -236 -48.296 -0.902 0.28 0.33 -0.037 0.71 -0.703 -0.431 -0.646 -0.63 75953 - Tree Top Limb.ldr
1 70 -48.296 -236 -12.941 -0.426 -0.44 -0.791 0.307 0.752 -0.584 0.851 -0.491 -0.185 75953 - Tree Top Limb.ldr
1 70 -12.941 -236 48.296 0.902 -0.28 -0.33 0.076 0.853 -0.516 0.426 0.44 0.791 75953 - Tree Top Limb.ldr
0 STEP
1 2 35.82 -265.147 -70.455 0.427 0.902 0.066 0.077 0.037 -0.996 -0.901 0.431 -0.054 24866.dat
1 2 -120.339 -306.445 -9.513 0.902 -0.426 -0.065 0.076 0.307 -0.949 0.424 0.851 0.309 24866.dat
1 2 -37.623 -258.57 76.392 0.432 -0.902 0.024 -0.212 -0.076 0.974 -0.877 -0.426 -0.224 24866.dat
1 2 120.339 -304.932 27.862 0.89 0.426 0.16 -0.212 0.076 0.974 0.403 -0.902 0.158 24866.dat
1 2 23.354 -321.414 -102.198 0.413 0.902 0.13 0.226 0.037 -0.973 -0.882 0.431 -0.188 24855.dat
1 2 -90.02 -254.378 -3.701 -0.352 0.426 0.833 -0.923 -0.307 -0.233 0.156 -0.851 0.501 24855.dat
1 2 -20.65 -304.325 123.746 0.418 -0.902 0.11 -0.404 -0.076 0.911 -0.813 -0.426 -0.396 24855.dat
1 2 74.263 -258.949 42.131 0.84 0.426 0.337 -0.404 0.076 0.911 0.363 -0.902 0.236 24855.dat


0 FILE 75953 - Tree Top Base.ldr
0 Tree Top Base
0 Name: 75953 - Tree Top Base.ldr
0 Author: Stefan Frenz [smf]
0 !LDRAW_ORG Model
0 !LICENSE Redistributable under CCAL version 2.0 : see CAreadme.txt

1 308 0 0 0 0 0 -1 0 1 0 1 0 0 60474.dat
1 288 0 -8 0 1 0 0 0 1 0 0 0 1 4032a.dat
1 71 0 -8 -30 1 0 0 0 1 0 0 0 1 14704.dat
1 71 -30 -8 0 0 0 1 0 1 0 -1 0 0 14704.dat
1 71 0 -8 30 -1 0 0 0 1 0 0 0 -1 14704.dat
1 71 30 -8 0 0 0 -1 0 1 0 1 0 0 14704.dat
1 308 0 -16 0 0 0 -1 0 1 0 1 0 0 60474.dat
1 288 0 -24 0 1 0 0 0 1 0 0 0 1 4032a.dat


0 FILE 75953 - Tree Top Limb.ldr
0 Tree Top Limb
0 Name: 75953 - Tree Top Limb.ldr
0 Author: Stefan Frenz [smf]
0 !LDRAW_ORG Model
0 !LICENSE Redistributable under CCAL version 2.0 : see CAreadme.txt

1 70 0 0 42 1 0 0 0 1 0 0 0 1 32016.dat
1 71 0 0 12 0 0 -1 0 1 0 1 0 0 2736.dat
0 STEP
1 4 0 -11.481 69.716 0 0 -1 -0.383 0.924 0 0.924 0.383 0 32062.dat
1 70 0 -22.961 97.433 1 0 0 0 0.924 -0.383 0 0.383 0.924 32016.dat
0 STEP
1 1 0 -44.174 118.646 0 0 1 0.707 0.707 0 -0.707 0.707 0 43093.dat
0 STEP
1 308 0 -51.245 125.717 0 0 -1 0.707 0.707 0 0.707 -0.707 0 10288.dat
1 308 -30 -51.245 125.717 0 0 -1 -0.707 -0.707 0 -0.707 0.707 0 43892.dat
1 308 15 -32.874 144.088 -0.866 0 0.5 0.354 -0.707 0.612 0.354 0.707 0.612 43892.dat
1 308 15 -69.617 107.346 0.866 0 0.5 0.354 -0.707 -0.612 0.354 0.707 -0.612 43892.dat
0 STEP
1 70 0 -45.588 120.06 -0.5 0 -0.866 0.612 0.707 -0.354 0.612 -0.707 -0.354 33183.dat
1 70 0 -61.145 135.617 -0.5 0 0.866 0.612 -0.707 0.354 0.612 0.707 0.354 85861.dat


0 FILE 75953 - Tower.ldr
0 Tower
0 Name: 75953 - Tower.ldr
0 Author: Stefan Frenz [smf]
0 !LDRAW_ORG Model
0 !LICENSE Redistributable under CCAL version 2.0 : see CAreadme.txt

1 72 0 0 0 1 0 0 0 1 0 0 0 1 89523.dat
1 71 -30 0 90 -1 0 0 0 1 0 0 0 -1 54200.dat
0 STEP
1 71 0 -24 80 -1 0 0 0 1 0 0 0 -1 3003.dat
1 72 30 -24 70 -1 0 0 0 1 0 0 0 -1 3040b.dat
0 STEP
1 72 -90 -24 10 1 0 0 0 1 0 0 0 1 3040b.dat
1 19 -50 -24 50 -1 0 0 0 1 0 0 0 -1 2462.dat
0 STEP
1 71 -70 -24 -40 0 0 1 0 1 0 -1 0 0 3009.dat
0 STEP
1 308 -50 -24 10 1 0 0 0 1 0 0 0 1 3062b.dat
1 308 -50 -24 -50 1 0 0 0 1 0 0 0 1 3062b.dat
1 308 -10 -24 50 1 0 0 0 1 0 0 0 1 3062b.dat
1 71 60 -8 -60 1 0 0 0 1 0 0 0 1 26601.dat
0 STEP
1 72 88.286 0 79.998 0.707 0 0.707 0 1 0 -0.707 0 0.707 3020.dat
1 84 60 -24 80 0 0 -1 0 1 0 1 0 0 3831.dat
1 84 60 -24 80 0.707 0 0.707 0 1 0 -0.707 0 0.707 3830.dat
1 308 102.429 -24 51.714 0.707 0 0.707 0 1 0 -0.707 0 0.707 3062b.dat
1 71 109.5 -24 72.927 0.707 0 0.707 0 1 0 -0.707 0 0.707 32000.dat
1 72 88.286 -24 94.14 -0.707 0 0.707 0 1 0 -0.707 0 -0.707 3040b.dat
0 STEP
1 71 -80 0 -80 0 0 -1 0 1 0 1 0 0 26601.dat
1 71 -90 -24 -80 0 0 -1 0 1 0 1 0 0 32000.dat
0 STEP
1 71 50 -8 -70 1 0 0 0 1 0 0 0 1 54200.dat
1 71 70 -8 -50 0 0 -1 0 1 0 1 0 0 54200.dat
1 72 -10 -72 90 0 0 -1 0 1 0 1 0 0 60481.dat
0 STEP
1 19 -50 -168 50 -1 0 0 0 1 0 0 0 -1 87421.dat
0 STEP
1 19 20 -72 70 1 0 0 0 1 0 0 0 1 14718.dat
1 19 -70 -72 -20 0 0 -1 0 1 0 1 0 0 14718.dat
0 STEP
1 72 -10 -96 70 -1 0 0 0 1 0 0 0 -1 3040b.dat
1 84 -70 -96 10 -1 0 0 0 1 0 0 0 -1 3005.dat
0 STEP
1 19 -70 -120 10 1 0 0 0 1 0 0 0 1 3005.dat
1 84 -10 -120 70 1 0 0 0 1 0 0 0 1 3005.dat
0 STEP
1 70 -70 -136 -20 0 0 1 0 1 0 -1 0 0 30044.dat
1 0 -74 -113 -20 0 0 1 0 1 0 -1 0 0 30046.dat
1 70 20 -136 70 -1 0 0 0 1 0 0 0 -1 30044.dat
1 0 20 -113 74 -1 0 0 0 1 0 0 0 -1 30046.dat
0 STEP
1 70 -50 -32 -20 0 0 1 0 1 0 -1 0 0 3710.dat
1 34 -50 -56 -50 0 0 1 0 1 0 -1 0 0 3062b.dat
1 46 -50 -56 -30 0 0 1 0 1 0 -1 0 0 3062b.dat
1 47 -50 -56 -10 0 0 1 0 1 0 -1 0 0 3062b.dat
1 36 -50 -56 10 0 0 1 0 1 0 -1 0 0 3062b.dat
1 70 -50 -64 -20 0 0 1 0 1 0 -1 0 0 3710.dat
1 36 -50 -88 -10 0 0 1 0 1 0 -1 0 0 3062b.dat
1 179 -50 -104 10 0 0 1 0 1 0 -1 0 0 2343.dat
1 36 -50 -92 -10 0 0 1 0 1 0 -1 0 0 30153.dat
0 STEP
1 70 20 -32 50 1 0 0 0 1 0 0 0 1 3710.dat
1 33 -10 -56 50 1 0 0 0 1 0 0 0 1 3062b.dat
1 47 10 -56 50 1 0 0 0 1 0 0 0 1 3062b.dat
1 34 30 -56 50 1 0 0 0 1 0 0 0 1 3062b.dat
1 33 50 -56 50 1 0 0 0 1 0 0 0 1 3062b.dat
1 70 20 -64 50 1 0 0 0 1 0 0 0 1 3710.dat
1 36 -10 -88 50 1 0 0 0 1 0 0 0 1 3062b.dat
1 47 10 -112 50 0 0 1 0 1 0 -1 0 0 95228.dat
1 46 30 -88 50 0 0 1 0 1 0 -1 0 0 3062b.dat
1 46 30 -92 50 0 0 1 0 1 0 -1 0 0 30153.dat
0 STEP
1 19 -70 -168 -50 0 0 1 0 1 0 -1 0 0 2339.dat
1 19 50 -168 70 -1 0 0 0 1 0 0 0 -1 2339.dat
0 STEP
1 19 20 -144 70 -1 0 0 0 1 0 0 0 -1 3659.dat
1 19 -70 -144 -20 0 0 -1 0 1 0 1 0 0 3659.dat
0 STEP
1 71 -80 -72 -80 1 0 0 0 1 0 0 0 1 4345b.dat
1 0 -80 -72 -80 1 0 0 0 1 0 0 0 1 4346.dat
1 2 -80 -32 -80 1 0 0 0 1 0 0 0 1 33320.dat
1 19 -80 -96 -80 1 0 0 0 1 0 0 0 1 3003.dat
1 19 -80 -120 -80 1 0 0 0 1 0 0 0 1 3003.dat
0 STEP
1 19 95.359 -48 72.924 0.707 0 0.707 0 1 0 -0.707 0 0.707 3002.dat
1 19 95.359 -72 72.924 0.707 0 0.707 0 1 0 -0.707 0 0.707 3002.dat
1 19 95.359 -96 72.924 0.707 0 0.707 0 1 0 -0.707 0 0.707 3002.dat
1 19 95.359 -120 72.924 0.707 0 0.707 0 1 0 -0.707 0 0.707 3002.dat
0 STEP
1 308 -40 -40 -80 1 0 0 0 1 0 0 0 1 2489.dat
1 19 50 -152 -50 1 0 0 0 1 0 0 0 1 43888.dat
0 STEP
1 71 -90 -144 -80 0 0 -1 0 1 0 1 0 0 32000.dat
1 84 -70 -144 -80 0 0 -1 0 1 0 1 0 0 98283.dat
1 19 74.149 -144 79.994 0.707 0 0.707 0 1 0 -0.707 0 0.707 2357.dat
1 71 109.499 -144 72.924 0.707 0 0.707 0 1 0 -0.707 0 0.707 32000.dat
0 STEP
1 19 -70 -168 -50 0 0 1 0 1 0 -1 0 0 2357.dat
1 19 -90 -168 -90 1 0 0 0 1 0 0 0 1 2357.dat
1 84 -70 -168 -20 0 0 1 0 1 0 -1 0 0 98283.dat
1 19 -70 -168 20 0 0 1 0 1 0 -1 0 0 3004.dat
1 84 -20 -168 70 -1 0 0 0 1 0 0 0 -1 98283.dat
1 19 20 -168 70 -1 0 0 0 1 0 0 0 -1 3004.dat
0 STEP
1 19 102.429 -168 51.714 -0.707 0 -0.707 0 1 0 0.707 0 -0.707 88292.dat
0 STEP
1 84 60 -168 80 0 0 -1 0 1 0 1 0 0 3831.dat
1 84 60 -168 80 0.707 0 0.707 0 1 0 -0.707 0 0.707 3830.dat
0 STEP
1 84 88.289 -168 94.134 0.707 0 0.707 0 1 0 -0.707 0 0.707 3005.dat
1 19 116.569 -168 65.854 -0.707 0 -0.707 0 1 0 0.707 0 -0.707 2357.dat
0 STEP
1 19 50 -160 -50 0 0 -1 0 1 0 1 0 0 2420.dat
1 70 20 -168 -20 -1 0 0 0 1 0 0 0 -1 30503.dat
0 STEP
1 28 -20 -176 -50 -1 0 0 0 1 0 0 0 -1 3666.dat
1 28 50 -176 20 0 0 1 0 1 0 -1 0 0 3666.dat
1 19 50 -176 -50 0 0 1 0 1 0 -1 0 0 3024.dat
1 28 102.429 -176 79.994 -0.707 0 -0.707 0 1 0 0.707 0 -0.707 3623.dat
0 STEP
1 28 -20 -176 20 -1 0 0 0 1 0 0 0 -1 6003.dat
1 28 74.149 -176 51.714 -0.707 0 0.707 0 1 0 -0.707 0 -0.707 2450.dat
0 STEP
1 19 -50 -200 50 -1 0 0 0 1 0 0 0 -1 2462.dat
1 84 -70 -200 0 0 0 1 0 1 0 -1 0 0 98283.dat
1 19 -70 -200 -40 0 0 -1 0 1 0 1 0 0 3004.dat
1 19 0 -200 70 1 0 0 0 1 0 0 0 1 3004.dat
0 STEP
1 19 40 -200 70 1 0 0 0 1 0 0 0 1 3004.dat
1 19 81.219 -200 87.064 0.707 0 -0.707 0 1 0 0.707 0 0.707 3004.dat
1 70 -40 -184 30 -1 0 0 0 1 0 0 0 -1 15573.dat
1 70 20 -184 30 -1 0 0 0 1 0 0 0 -1 15573.dat
1 19 -10 -184 40 1 0 0 0 1 0 0 0 1 15672.dat
0 STEP
1 72 -10 -208 50 1 0 0 0 1 0 0 0 1 59900.dat
1 15 -10 -212 50 1 0 0 0 1 0 0 0 1 37762.dat
1 57 -10 -239 50 0 0 1 0 1 0 -1 0 0 37775.dat
0 STEP
1 19 50 -184 -40 -1 0 0 0 1 0 0 0 -1 15672.dat
1 70 20 -184 -50 -1 0 0 0 1 0 0 0 -1 15573.dat
1 70 -40 -184 -50 -1 0 0 0 1 0 0 0 -1 15573.dat
0 STEP
1 19 -70 -248 -20 0 0 -1 0 1 0 1 0 0 14718.dat
1 19 -70 -344 -50 0 0 1 0 1 0 -1 0 0 2339.dat
1 70 -70 -312 -20 0 0 1 0 1 0 -1 0 0 30044.dat
1 0 -74 -289 -20 0 0 1 0 1 0 -1 0 0 30046.dat
1 19 -70 -272 10 0 0 1 0 1 0 -1 0 0 3005.dat
1 84 -70 -296 10 0 0 1 0 1 0 -1 0 0 3005.dat
1 19 -70 -320 -20 0 0 1 0 1 0 -1 0 0 3659.dat
0 STEP
1 19 -50 -344 50 -1 0 0 0 1 0 0 0 -1 87421.dat
0 STEP
1 19 -70 -344 10 0 0 1 0 1 0 -1 0 0 3622.dat
1 19 -70 -344 -50 1 0 0 0 1 0 0 0 1 2357.dat
0 STEP
1 19 20 -248 70 1 0 0 0 1 0 0 0 1 14718.dat
1 19 50 -344 70 -1 0 0 0 1 0 0 0 -1 2339.dat
1 70 20 -312 70 -1 0 0 0 1 0 0 0 -1 30044.dat
1 0 20 -289 74 -1 0 0 0 1 0 0 0 -1 30046.dat
1 84 -10 -272 70 0 0 1 0 1 0 -1 0 0 3005.dat
1 19 -10 -296 70 0 0 1 0 1 0 -1 0 0 3005.dat
1 19 20 -320 70 1 0 0 0 1 0 0 0 1 3659.dat
0 STEP
1 19 -10 -344 70 1 0 0 0 1 0 0 0 1 3622.dat
1 19 50 -344 70 -1 0 0 0 1 0 0 0 -1 2357.dat
0 STEP
1 70 -40 -192 -50 -1 0 0 0 1 0 0 0 -1 75953 - Bed.ldr
1 70 20 -192 -50 -1 0 0 0 1 0 0 0 -1 75953 - Bed.ldr
0 STEP
1 19 50 -328 -50 1 0 0 0 1 0 0 0 1 43888.dat
0 STEP
1 19 50 -336 -50 0 0 -1 0 1 0 1 0 0 2420.dat
1 70 20 -344 -20 -1 0 0 0 1 0 0 0 -1 30503.dat
0 STEP
1 28 50 -352 20 0 0 1 0 1 0 -1 0 0 3666.dat
1 28 -20 -352 -50 -1 0 0 0 1 0 0 0 -1 3666.dat
1 19 50 -352 -50 0 0 1 0 1 0 -1 0 0 3024.dat
0 STEP
1 28 -20 -352 20 -1 0 0 0 1 0 0 0 -1 6003.dat
0 STEP
1 19 30 -360 70 0 0 1 0 1 0 -1 0 0 3024.dat
1 47 10 -360 70 0 0 1 0 1 0 -1 0 0 3024.dat
1 19 -10 -360 70 0 0 1 0 1 0 -1 0 0 3024.dat
1 19 -70 -360 10 0 0 1 0 1 0 -1 0 0 3024.dat
1 47 -70 -360 -10 0 0 1 0 1 0 -1 0 0 3024.dat
1 19 -70 -360 -30 0 0 1 0 1 0 -1 0 0 3024.dat
1 19 -50 -360 50 0.707 0 0.707 0 1 0 -0.707 0 0.707 3024.dat
1 19 50 -360 40 1 0 0 0 1 0 0 0 1 15672.dat
1 19 -40 -360 -50 0 0 -1 0 1 0 1 0 0 15672.dat
0 STEP
1 71 50 -368 70 -1 0 0 0 1 0 0 0 -1 27263.dat
1 71 10 -368 70 -1 0 0 0 1 0 0 0 -1 3070b.dat
1 71 0 -368 0 -1 0 0 0 1 0 0 0 -1 27507.dat
1 71 -70 -368 -10 -1 0 0 0 1 0 0 0 -1 3070b.dat
1 71 -70 -368 -50 1 0 0 0 1 0 0 0 1 27263.dat
0 STEP
1 0 0 -360 0 1 0 0 0 1 0 0 0 1 61485.dat
0 STEP
1 71 0 -368 0 0.707 0 -0.707 0 1 0 0.707 0 0.707 60474.dat
1 72 -28.284 -376 28.284 -0.707 0 0.707 0 1 0 -0.707 0 -0.707 22888.dat
1 72 14.142 -376 -14.142 -0.707 0 0.707 0 1 0 -0.707 0 -0.707 3020.dat
0 STEP
1 15 -14.142 -384 -14.142 -0.707 0 0.707 0 1 0 -0.707 0 -0.707 18674.dat
1 71 14.142 -400 14.142 -0.707 0 0.707 0 1 0 -0.707 0 -0.707 3003.dat
0 STEP
1 47 14.142 -408 28.284 -0.707 0 0.707 0 1 0 -0.707 0 -0.707 20482.dat
1 15 21.213 -408 7.071 -0.707 0 0.707 0 1 0 -0.707 0 -0.707 3069b.dat
1 15 14.142 -416 28.284 0.707 0 0.707 0 1 0 -0.707 0 0.707 64647.dat
1 308 -14.142 -424 -14.142 0.707 0 0.707 0 1 0 -0.707 0 0.707 64644.dat
0 STEP
1 70 -40 -8 -80 0 -0.174 0.985 0 -0.985 -0.174 1 0 0 3836.dat
1 15 -14.142 -428 -14.142 0.707 0 -0.707 0 1 0 0.707 0 0.707 40232.dat
0 STEP
1 72 0 -520 0 -0.707 0 0.707 0 1 0 -0.707 0 -0.707 48310.dat
1 72 0 -616 0 -0.707 0 0.707 0 1 0 -0.707 0 -0.707 35563.dat
0 STEP
1 72 -7.07 -640 7.07 -0.707 0 0.707 0 1 0 -0.707 0 -0.707 59900.dat
1 378 -7.07 -630 7.07 -0.707 0 0.707 0 -1 0 0.707 0 0.707 90540.dat
0 STEP
1 19 -80 -192 -80 1 0 0 0 1 0 0 0 1 3941.dat
1 19 -80 -216 -80 1 0 0 0 1 0 0 0 1 3941.dat
1 72 -80 -264 -80 1 0 0 0 1 0 0 0 1 3942c.dat
1 72 -80 -268 -80 1 0 0 0 1 0 0 0 1 24482.dat


0 FILE 75953 - Bed.ldr
0 Bed
0 Name: 75953 - Bed.ldr
0 Author: Stefan Frenz [smf]
0 !LDRAW_ORG Model
0 !LICENSE Redistributable under CCAL version 2.0 : see CAreadme.txt

1 19 0 0 0 1 0 0 0 1 0 0 0 1 35480.dat
0 STEP
1 70 -10 -8 -40 0 0 -1 0 1 0 1 0 0 32124.dat
1 70 10 -8 -40 0 0 -1 0 1 0 1 0 0 32124.dat
0 STEP
1 19 0 0 -80 1 0 0 0 1 0 0 0 1 35480.dat
0 STEP
1 15 0 -8 0 1 0 0 0 1 0 0 0 1 85984.dat
1 4 0 -16 -40 0 0 -1 0 1 0 1 0 0 26603.dat
1 70 0 -32 -80 -1 0 0 0 1 0 0 0 -1 93095.dat


0 FILE 75953 - Passage.ldr
0 Passage
0 Name: 75953 - Passage.ldr
0 Author: Stefan Frenz [smf]
0 !LDRAW_ORG Model
0 !LICENSE Redistributable under CCAL version 2.0 : see CAreadme.txt

1 72 0 0 0 1 0 0 0 1 0 0 0 1 3456.dat
0 STEP
1 71 -130 -24 40 0 0 -1 0 1 0 1 0 0 32000.dat
1 71 130 -24 40 0 0 -1 0 1 0 1 0 0 32000.dat
0 STEP
1 19 -130 -24 -10 0 0 -1 0 1 0 1 0 0 3622.dat
1 19 130 -24 -10 0 0 -1 0 1 0 1 0 0 3622.dat
1 71 -130 -24 -50 0 0 -1 0 1 0 1 0 0 3005.dat
1 2 130 -8 -50 1 0 0 0 1 0 0 0 1 32607.dat
0 STEP
1 72 -110 -24 -30 1 0 0 0 1 0 0 0 1 3040b.dat
1 72 110 -24 -30 1 0 0 0 1 0 0 0 1 3040b.dat
1 71 130 -8 -50 0 0 -1 0 1 0 1 0 0 54200.dat
0 STEP
1 28 -60 8 60 -1 0 0 0 1 0 0 0 -1 15068.dat
1 28 60 8 60 -1 0 0 0 1 0 0 0 -1 15068.dat
1 28 -60 -8 0 0 0 1 0 1 0 -1 0 0 87079.dat
1 28 60 -8 0 0 0 1 0 1 0 -1 0 0 87079.dat
1 28 -60 8 -60 1 0 0 0 1 0 0 0 1 15068.dat
1 28 60 8 -60 1 0 0 0 1 0 0 0 1 15068.dat
0 STEP
1 72 -130 -96 20 0 0 -1 0 1 0 1 0 0 60581.dat
1 72 130 -96 20 0 0 1 0 1 0 -1 0 0 60581.dat
1 72 -130 -96 -30 1 0 0 0 1 0 0 0 1 4460b.dat
0 STEP
1 71 -110 -48 -30 0 0 -1 0 1 0 1 0 0 3005.dat
1 71 -110 -48 -30 0 0 -1 0 1 0 1 0 0 54200.dat
0 STEP
1 72 130 -48 -30 0 0 1 0 1 0 -1 0 0 3040b.dat
1 71 130 -72 -30 0 0 -1 0 1 0 1 0 0 3005.dat
1 71 130 -96 -30 0 0 -1 0 1 0 1 0 0 3005.dat
0 STEP
1 19 -130 -120 30 0 0 -1 0 1 0 1 0 0 3622.dat
1 72 -130 -120 -20 0 0 -1 0 1 0 1 0 0 3004.dat
1 19 130 -120 30 0 0 -1 0 1 0 1 0 0 3622.dat
1 72 130 -120 -10 1 0 0 0 1 0 0 0 1 3040b.dat
0 STEP
1 19 -110 -120 0 0 0 -1 0 1 0 1 0 0 2454.dat
1 19 110 -120 0 0 0 -1 0 1 0 1 0 0 2454.dat
0 STEP
1 71 -130 -144 40 0 0 -1 0 1 0 1 0 0 32000.dat
1 71 130 -144 40 0 0 -1 0 1 0 1 0 0 32000.dat
1 19 -130 -144 10 0 0 1 0 1 0 -1 0 0 2357.dat
1 19 130 -144 10 -1 0 0 0 1 0 0 0 -1 2357.dat
1 2 -130 -128 -30 0.707 0 0.707 0 1 0 -0.707 0 0.707 32607.dat
0 STEP
1 71 -130 -128 -30 1 0 0 0 1 0 0 0 1 54200.dat
1 19 0 -192 -10 1 0 0 0 1 0 0 0 1 18838.dat
0 STEP
1 19 120 -168 20 0 0 -1 0 1 0 1 0 0 3001.dat
1 19 -120 -168 20 0 0 -1 0 1 0 1 0 0 3001.dat
0 STEP
1 19 -130 -192 40 0 0 -1 0 1 0 1 0 0 3004.dat
1 19 0 -192 50 -1 0 0 0 1 0 0 0 -1 6112.dat
1 19 130 -192 40 0 0 -1 0 1 0 1 0 0 3004.dat
0 STEP
1 19 -130 -192 0 0 0 -1 0 1 0 1 0 0 3004.dat
1 84 -100 -192 -10 1 0 0 0 1 0 0 0 1 98283.dat
1 84 130 -192 0 0 0 -1 0 1 0 1 0 0 98283.dat
1 19 100 -192 -10 -1 0 0 0 1 0 0 0 -1 3004.dat
0 STEP
1 28 -60 -200 20 -1 0 0 0 1 0 0 0 -1 3035.dat
1 28 80 -200 20 -1 0 0 0 1 0 0 0 -1 3032.dat
0 STEP
1 0 -140 -14 50 -1 0 0 0 1 0 0 0 -1 2780.dat
1 0 -140 -134 50 -1 0 0 0 1 0 0 0 -1 2780.dat
0 STEP
1 84 -130 -224 0 0 0 1 0 1 0 -1 0 0 98283.dat
1 19 -100 -224 -10 -1 0 0 0 1 0 0 0 -1 3004.dat
1 84 -60 -224 -10 1 0 0 0 1 0 0 0 1 98283.dat
1 19 -10 -224 -10 -1 0 0 0 1 0 0 0 -1 3622.dat
1 19 50 -224 -10 -1 0 0 0 1 0 0 0 -1 3622.dat
1 84 70 -224 10 -1 0 0 0 1 0 0 0 -1 3005.dat
1 84 100 -224 -10 1 0 0 0 1 0 0 0 1 98283.dat
1 19 130 -224 0 0 0 -1 0 1 0 1 0 0 3004.dat
0 STEP
1 19 -120 -224 -10 -1 0 0 0 1 0 0 0 -1 85984.dat
1 19 -40 -224 -10 -1 0 0 0 1 0 0 0 -1 85984.dat
1 19 40 -224 -10 -1 0 0 0 1 0 0 0 -1 85984.dat
1 19 80 -248 0 0 0 1 0 1 0 -1 0 0 87620.dat
1 19 120 -248 0 1 0 0 0 1 0 0 0 1 87620.dat
0 STEP
1 19 100 -296 20 1 0 0 0 1 0 0 0 1 24593.dat
0 STEP
1 72 100 -392 20 1 0 0 0 1 0 0 0 1 35563.dat
0 STEP
1 72 100 -416 10 1 0 0 0 1 0 0 0 1 59900.dat
1 72 100 -422 10 1 0 0 0 1 0 0 0 1 24482.dat


0 FILE 75953 - Kitchen.ldr
0 Kitchen
0 Name: 75953 - Kitchen.ldr
0 Author: Stefan Frenz [smf]
0 !LDRAW_ORG Model
0 !LICENSE Redistributable under CCAL version 2.0 : see CAreadme.txt

1 72 0 0 0 1 0 0 0 1 0 0 0 1 89523.dat
1 2 90 -8 30 0 0 -1 0 1 0 1 0 0 32607.dat
0 STEP
1 72 70 -72 10 0 0 -1 0 1 0 1 0 0 4460b.dat
1 71 80 -24 -20 0 0 -1 0 1 0 1 0 0 3003.dat
0 STEP
1 19 70 -48 -20 0 0 -1 0 1 0 1 0 0 3004.dat
1 72 90 -48 -30 -1 0 0 0 1 0 0 0 -1 3040b.dat
1 71 90 -8 30 -1 0 0 0 1 0 0 0 -1 54200.dat
0 STEP
1 72 70 -72 -30 0 0 -1 0 1 0 1 0 0 3040b.dat
1 84 70 -72 -10 0 0 -1 0 1 0 1 0 0 3005.dat
0 STEP
1 84 70 -96 -30 0 0 -1 0 1 0 1 0 0 3005.dat
1 70 70 -136 0 0 0 -1 0 1 0 1 0 0 30044.dat
1 0 74 -113 0 0 0 -1 0 1 0 1 0 0 30046.dat
0 STEP
1 19 70 -120 -30 0 0 -1 0 1 0 1 0 0 3005.dat
1 19 70 -120 30 0 0 -1 0 1 0 1 0 0 2453b.dat
0 STEP
1 19 70 -144 0 0 0 -1 0 1 0 1 0 0 3659.dat
0 STEP
1 19 50 -144 -70 1 0 0 0 1 0 0 0 1 87421.dat
0 STEP
1 19 50 -144 70 0 0 -1 0 1 0 1 0 0 87421.dat
0 STEP
1 19 30 -8 70 0 0 -1 0 1 0 1 0 0 3024.dat
1 19 30 -8 -70 0 0 -1 0 1 0 1 0 0 3024.dat
0 STEP
1 308 50 -24 30 0 0 -1 0 1 0 1 0 0 3062b.dat
1 308 50 -24 -30 0 0 -1 0 1 0 1 0 0 3062b.dat
1 70 50 -32 0 0 0 -1 0 1 0 1 0 0 3710.dat
1 47 50 -80 -10 0 0 -1 0 1 0 1 0 0 95228.dat
1 46 50 -56 10 0 0 -1 0 1 0 1 0 0 59900.dat
1 46 50 -62 10 0 0 -1 0 1 0 1 0 0 30153.dat
0 STEP
1 70 35 -16 -61.34 0.5 0 -0.866 0 1 0 0.866 0 0.5 99780.dat
1 71 54.053 -18 -72.34 0.5 -0.866 0 0 0 -1 0.866 0.5 0 2412b.dat
1 72 30 -40 -70 0.5 0 -0.866 0 1 0 0.866 0 0.5 59900.dat
1 36 40 -40 -52.679 0.5 0 -0.866 0 1 0 0.866 0 0.5 3062b.dat
1 70 35 -48 -61.34 0.5 0 -0.866 0 1 0 0.866 0 0.5 3023.dat
1 33 30 -72 -70 0.5 0 -0.866 0 1 0 0.866 0 0.5 3062b.dat
0 STEP
1 70 35 -16 61.34 -0.5 0 -0.866 0 1 0 0.866 0 -0.5 99780.dat
1 71 54.053 -18 72.34 -0.5 -0.866 0 0 0 -1 0.866 -0.5 0 2412b.dat
1 33 30 -40 70 -0.5 0 -0.866 0 1 0 0.866 0 -0.5 3062b.dat
1 34 40 -40 52.679 -0.5 0 -0.866 0 1 0 0.866 0 -0.5 3062b.dat
1 70 35 -48 61.34 -0.5 0 -0.866 0 1 0 0.866 0 -0.5 3023.dat
1 47 40 -72 52.679 -0.5 0 -0.866 0 1 0 0.866 0 -0.5 3062b.dat
1 179 30 -88 70 -0.5 0 -0.866 0 1 0 0.866 0 -0.5 2343.dat
0 STEP
1 72 10 -24 -90 1 0 0 0 1 0 0 0 1 6541.dat
1 84 10 -48 -90 1 0 0 0 1 0 0 0 1 3005.dat
1 19 10 -72 -90 1 0 0 0 1 0 0 0 1 3005.dat
0 STEP
1 72 10 -24 90 1 0 0 0 1 0 0 0 1 6541.dat
1 19 10 -48 90 1 0 0 0 1 0 0 0 1 3005.dat
1 84 10 -72 90 1 0 0 0 1 0 0 0 1 3005.dat
0 STEP
1 19 70 -168 50 0 0 -1 0 1 0 1 0 0 88292.dat
1 19 70 -168 -50 0 0 -1 0 1 0 1 0 0 88292.dat
0 STEP
1 19 10 -168 90 -1 0 0 0 1 0 0 0 -1 2339.dat
1 19 10 -168 -90 1 0 0 0 1 0 0 0 1 2339.dat
0 STEP
1 71 20 -144 90 1 0 0 0 1 0 0 0 1 32000.dat
1 71 20 -144 -90 1 0 0 0 1 0 0 0 1 32000.dat
0 STEP
1 19 50 -168 70 0 0 -1 0 1 0 1 0 0 2462.dat
1 19 50 -168 -70 1 0 0 0 1 0 0 0 1 2462.dat
1 71 10 -168 80 0 0 1 0 1 0 -1 0 0 95820.dat
1 71 10 -168 -80 0 0 1 0 1 0 -1 0 0 95820.dat
0 STEP
1 19 70 -168 -20 0 0 1 0 1 0 -1 0 0 3004.dat
1 84 70 -168 20 0 0 -1 0 1 0 1 0 0 98283.dat
1 70 10 -168 0 0 0 -1 0 1 0 1 0 0 3710.dat
0 STEP
1 28 40 -176 20 -1 0 0 0 1 0 0 0 -1 3020.dat
1 28 40 -176 -20 -1 0 0 0 1 0 0 0 -1 3020.dat
1 28 10 -176 70 0 0 1 0 1 0 -1 0 0 3623.dat
1 28 10 -176 -70 0 0 1 0 1 0 -1 0 0 3623.dat
0 STEP
1 28 50 -176 -70 1 0 0 0 1 0 0 0 1 2450.dat
1 28 50 -176 70 0 0 -1 0 1 0 1 0 0 2450.dat
0 STEP
1 84 30 -200 -80 0 0 1 0 1 0 -1 0 0 4865b.dat
1 84 30 -200 80 0 0 1 0 1 0 -1 0 0 4865b.dat
1 84 10 -184 80 0 0 1 0 1 0 -1 0 0 3023.dat
1 84 10 -184 -80 0 0 1 0 1 0 -1 0 0 3023.dat
0 STEP
1 19 60 -200 -60 1 0 0 0 1 0 0 0 1 87620.dat
1 19 60 -200 60 0 0 -1 0 1 0 1 0 0 87620.dat
1 19 70 -200 20 0 0 -1 0 1 0 1 0 0 3004.dat
1 84 70 -200 -20 0 0 -1 0 1 0 1 0 0 98283.dat
0 STEP
1 0 10 -134 100 0 0 -1 0 1 0 1 0 0 2780.dat
1 0 10 -14 100 0 0 -1 0 1 0 1 0 0 2780.dat
1 0 10 -14 -100 0 0 -1 0 1 0 1 0 0 2780.dat
1 0 10 -134 -100 0 0 -1 0 1 0 1 0 0 2780.dat
1 19 70 -200 40 0 0 1 0 1 0 -1 0 0 85984.dat
1 19 70 -200 -40 0 0 1 0 1 0 -1 0 0 85984.dat
0 STEP
1 0 -10 -152 80 0 0 1 0 1 0 -1 0 0 20482.dat
1 0 -10 -152 -80 0 0 1 0 1 0 -1 0 0 20482.dat
1 46 -10 -144 80 0 0 -1 0 1 0 1 0 0 59900.dat
1 46 -10 -144 -80 0 0 -1 0 1 0 1 0 0 59900.dat
1 0 -10 -120 80 0 0 -1 0 1 0 1 0 0 6141.dat
1 0 -10 -120 -80 0 0 -1 0 1 0 1 0 0 6141.dat
0 STEP
1 83 -40 -32 0 0 0 -1 0 1 0 1 0 0 75953 - Desk.ldr


0 FILE 75953 - Desk.ldr
0 Desk
0 Name: 75953 - Desk.ldr
0 Author: Stefan Frenz [smf]
0 !LDRAW_ORG Model
0 !LICENSE Redistributable under CCAL version 2.0 : see CAreadme.txt

1 70 0 0 0 1 0 0 0 1 0 0 0 1 3795.dat
0 STEP
1 308 -30 8 0 0 0 -1 0 1 0 1 0 0 30136.dat
1 308 30 8 0 0 0 -1 0 1 0 1 0 0 30136.dat
0 STEP
1 71 0 -8 0 0 0 -1 0 1 0 1 0 0 18674.dat
1 83 -40 -4 0 0 0 -1 0 1 0 1 0 0 98374.dat
1 83 40 -4 0 0 0 -1 0 1 0 1 0 0 98374.dat
0 STEP
1 15 0 -12 0 0 0 -1 0 1 0 1 0 0 37762.dat
1 57 0 -39 0 0 0 -1 0 1 0 1 0 0 37775.dat
0 STEP
1 308 -40 -7 0 -0.966 -0.067 -0.25 0 -0.966 0.259 -0.259 0.25 0.933 87994.dat
1 5 40 -24 0 0 0 -1 0 1 0 1 0 0 6141.dat
1 5 40 -16 0 0 0 -1 0 1 0 1 0 0 6141.dat
1 35 40 -24 0 0 0 -1 0 1 0 1 0 0 30385.dat


0 FILE 75953 - Workroom.ldr
0 Workroom
0 Name: 75953 - Workroom.ldr
0 Author: Stefan Frenz [smf]
0 !LDRAW_ORG Model
0 !LICENSE Redistributable under CCAL version 2.0 : see CAreadme.txt

1 72 0 0 0 1 0 0 0 1 0 0 0 1 89523.dat
1 2 90 -8 30 0 0 -1 0 1 0 1 0 0 32607.dat
0 STEP
1 72 70 -72 10 0 0 -1 0 1 0 1 0 0 4460b.dat
1 71 80 -24 -20 0 0 -1 0 1 0 1 0 0 3003.dat
0 STEP
1 71 90 -8 30 -1 0 0 0 1 0 0 0 -1 54200.dat
1 19 70 -48 -20 0 0 1 0 1 0 -1 0 0 3004.dat
1 72 90 -48 -30 -1 0 0 0 1 0 0 0 -1 3040b.dat
0 STEP
1 84 70 -72 -10 -1 0 0 0 1 0 0 0 -1 3005.dat
1 72 70 -72 -30 0 0 -1 0 1 0 1 0 0 3040b.dat
0 STEP
1 70 70 -136 0 0 0 -1 0 1 0 1 0 0 30044.dat
1 0 74 -113 0 0 0 -1 0 1 0 1 0 0 30046.dat
1 84 70 -96 -30 0 0 -1 0 1 0 1 0 0 3005.dat
0 STEP
1 19 70 -120 -30 0 0 -1 0 1 0 1 0 0 3005.dat
1 19 70 -120 30 0 0 -1 0 1 0 1 0 0 2453b.dat
0 STEP
1 19 70 -144 0 0 0 -1 0 1 0 1 0 0 3659.dat
0 STEP
1 19 50 -144 -70 1 0 0 0 1 0 0 0 1 87421.dat
0 STEP
1 19 50 -144 70 0 0 -1 0 1 0 1 0 0 87421.dat
0 STEP
1 19 30 -8 70 0 0 -1 0 1 0 1 0 0 3024.dat
1 19 30 -8 -70 0 0 -1 0 1 0 1 0 0 3024.dat
0 STEP
1 47 50 -48 -30 0 0 -1 0 1 0 1 0 0 95228.dat
1 297 50 -40 30 0 0 -1 0 1 0 1 0 0 64644.dat
1 15 50 -47.5 30 0 0 -1 0 1 0 1 0 0 37762.dat
1 57 50 -74.5 30 -1 0 0 0 1 0 0 0 -1 37775.dat
0 STEP
1 70 30 -8 10 0 0 -1 0 1 0 1 0 0 6141.dat
1 70 30 -16 10 0 0 -1 0 1 0 1 0 0 6141.dat
1 70 30 -8 -10 0 0 -1 0 1 0 1 0 0 6141.dat
1 70 30 -16 -10 0 0 -1 0 1 0 1 0 0 6141.dat
1 70 10 -8 10 0 0 -1 0 1 0 1 0 0 6141.dat
1 70 10 -16 10 0 0 -1 0 1 0 1 0 0 6141.dat
1 70 10 -8 -10 0 0 -1 0 1 0 1 0 0 6141.dat
1 70 10 -16 -10 0 0 -1 0 1 0 1 0 0 6141.dat
0 STEP
1 0 -40 -8 0 0 0 -1 0 1 0 1 0 0 87580.dat
1 0 20 -24 0 0 0 1 0 1 0 -1 0 0 4079.dat
0 STEP
1 70 35 -16 -61.34 0.5 0 -0.866 0 1 0 0.866 0 0.5 99780.dat
1 71 54.053 -18 -72.34 0.5 -0.866 0 0 0 -1 0.866 0.5 0 2412b.dat
1 32 30 -40 -70 0.5 0 -0.866 0 1 0 0.866 0 0.5 59900.dat
1 36 40 -40 -52.679 0.5 0 -0.866 0 1 0 0.866 0 0.5 3062b.dat
1 70 35 -48 -61.34 0.5 0 -0.866 0 1 0 0.866 0 0.5 3023.dat
1 33 30 -72 -70 0.5 0 -0.866 0 1 0 0.866 0 0.5 3062b.dat
0 STEP
1 70 35 -16 61.34 -0.5 0 -0.866 0 1 0 0.866 0 -0.5 99780.dat
1 71 54.053 -18 72.34 -0.5 -0.866 0 0 0 -1 0.866 -0.5 0 2412b.dat
1 33 30 -40 70 -0.5 0 -0.866 0 1 0 0.866 0 -0.5 3062b.dat
1 34 40 -40 52.679 -0.5 0 -0.866 0 1 0 0.866 0 -0.5 3062b.dat
1 70 35 -48 61.34 -0.5 0 -0.866 0 1 0 0.866 0 -0.5 3023.dat
1 47 40 -72 52.679 -0.5 0 -0.866 0 1 0 0.866 0 -0.5 3062b.dat
1 179 30 -88 70 -0.5 0 -0.866 0 1 0 0.866 0 -0.5 2343.dat
0 STEP
1 72 10 -24 -90 1 0 0 0 1 0 0 0 1 6541.dat
1 84 10 -48 -90 1 0 0 0 1 0 0 0 1 3005.dat
1 19 10 -72 -90 1 0 0 0 1 0 0 0 1 3005.dat
0 STEP
1 72 10 -24 90 1 0 0 0 1 0 0 0 1 6541.dat
1 19 10 -48 90 1 0 0 0 1 0 0 0 1 3005.dat
1 84 10 -72 90 1 0 0 0 1 0 0 0 1 3005.dat
0 STEP
1 19 70 -168 50 0 0 -1 0 1 0 1 0 0 88292.dat
1 19 70 -168 -50 0 0 -1 0 1 0 1 0 0 88292.dat
0 STEP
1 19 10 -168 -90 1 0 0 0 1 0 0 0 1 2339.dat
1 19 10 -168 90 -1 0 0 0 1 0 0 0 -1 2339.dat
0 STEP
1 71 20 -144 90 -1 0 0 0 1 0 0 0 -1 32000.dat
1 71 20 -144 -90 -1 0 0 0 1 0 0 0 -1 32000.dat
0 STEP
1 19 50 -168 70 0 0 -1 0 1 0 1 0 0 2462.dat
1 19 50 -168 -70 1 0 0 0 1 0 0 0 1 2462.dat
1 71 10 -168 80 0 0 1 0 1 0 -1 0 0 95820.dat
1 71 10 -168 -80 0 0 1 0 1 0 -1 0 0 95820.dat
0 STEP
1 84 70 -168 20 0 0 -1 0 1 0 1 0 0 98283.dat
1 19 70 -168 -20 0 0 -1 0 1 0 1 0 0 3004.dat
1 70 10 -168 0 0 0 -1 0 1 0 1 0 0 3710.dat
0 STEP
1 28 40 -176 20 1 0 0 0 1 0 0 0 1 3020.dat
1 28 40 -176 -20 1 0 0 0 1 0 0 0 1 3020.dat
1 28 10 -176 70 0 0 1 0 1 0 -1 0 0 3623.dat
1 28 10 -176 -70 0 0 1 0 1 0 -1 0 0 3623.dat
0 STEP
1 28 50 -176 70 0 0 -1 0 1 0 1 0 0 2450.dat
1 28 50 -176 -70 1 0 0 0 1 0 0 0 1 2450.dat
0 STEP
1 84 30 -200 80 0 0 1 0 1 0 -1 0 0 4865b.dat
1 84 30 -200 -80 0 0 1 0 1 0 -1 0 0 4865b.dat
1 84 10 -184 80 0 0 1 0 1 0 -1 0 0 3023.dat
1 84 10 -184 -80 0 0 1 0 1 0 -1 0 0 3023.dat
0 STEP
1 19 60 -200 -60 1 0 0 0 1 0 0 0 1 87620.dat
1 84 70 -200 -20 0 0 -1 0 1 0 1 0 0 98283.dat
1 19 70 -200 20 0 0 -1 0 1 0 1 0 0 3004.dat
1 19 60 -200 60 0 0 -1 0 1 0 1 0 0 87620.dat
0 STEP
1 19 70 -200 40 0 0 1 0 1 0 -1 0 0 85984.dat
1 19 70 -200 -40 0 0 1 0 1 0 -1 0 0 85984.dat
1 0 -10 -152 -80 0 0 1 0 1 0 -1 0 0 20482.dat
1 46 -10 -144 -80 0 0 -1 0 1 0 1 0 0 59900.dat
1 0 -10 -120 -80 0 0 -1 0 1 0 1 0 0 6141.dat
1 0 -10 -152 80 0 0 1 0 1 0 -1 0 0 20482.dat
1 46 -10 -144 80 0 0 -1 0 1 0 1 0 0 59900.dat
1 0 -10 -120 80 0 0 -1 0 1 0 1 0 0 6141.dat
1 0 10 -134 -100 0 0 1 0 1 0 -1 0 0 2780.dat
1 0 10 -14 -100 0 0 1 0 1 0 -1 0 0 2780.dat
0 STEP
1 308 -40 -40 0 -1 0 0 0 1 0 0 0 -1 75953 - Table.ldr
0 STEP
1 308 -20 -40 80 -1 0 0 0 1 0 0 0 -1 2489.dat
1 0 -13 -40 80 -1 0 0 0 1 0 0 0 -1 3835.dat
1 0 -25 -58 75 -1 0 0 0 1 0 0 0 -1 4522.dat


0 FILE 75953 - Table.ldr
0 Table
0 Name: 75953 - Table.ldr
0 Author: Stefan Frenz [smf]
0 !LDRAW_ORG Model
0 !LICENSE Redistributable under CCAL version 2.0 : see CAreadme.txt

1 308 0 0 0 1 0 0 0 1 0 0 0 1 60474.dat
0 STEP
1 19 -20 -8 0 1 0 0 0 1 0 0 0 1 3068b.dat
1 19 30 -8 0 0 0 -1 0 1 0 1 0 0 3069b.dat
0 STEP
1 0 0 8 0 0 0 -1 0 1 0 1 0 0 92947.dat
0 STEP
1 47 -10 -8 30 0 0 -1 0 1 0 1 0 0 20482.dat
1 15 -10 -16 30 1 0 0 0 1 0 0 0 1 64647.dat
1 297 10 -8 -30 0 0 -1 0 1 0 1 0 0 20482.dat
1 297 10 -16 -30 0 0 1 0 -1 0 1 0 0 85975.dat
1 72 10 -38 -30 0 0 -1 -1 0 0 0 1 0 3464.dat
1 47 10 -51 -30 0 0 -1 0 1 0 1 0 0 6141.dat
1 70 10 -59 -30 0 0 -1 0 1 0 1 0 0 4740.dat
1 47 10 -67 -30 0 0 -1 0 1 0 1 0 0 6141.dat



