0 FILE 75966 - main.ldr
0 main
0 Name: 75966 - main.ldr
0 Author: Stefan Frenz [smf]
0 !LDRAW_ORG Model
0 !LICENSE Redistributable under CCAL version 2.0 : see CAreadme.txt

1 71 0 0 0 -1 0 0 0 1 0 0 0 -1 75966 - Door.ldr
1 19 201.213 0 -75.355 -0.707 0 -0.707 0 1 0 0.707 0 -0.707 75966 - Chimney.ldr
1 70 180 0 90 1 0 0 0 1 0 0 0 1 75966 - Stand up Display.ldr


0 FILE 75966 - Door.ldr
0 Door
0 Name: 75966 - Door.ldr
0 Author: Stefan Frenz [smf]
0 !LDRAW_ORG Model
0 !LICENSE Redistributable under CCAL version 2.0 : see CAreadme.txt

1 72 -80 0 0 1 0 0 0 1 0 0 0 1 3035.dat
0 STEP
1 71 -150 -24 0 0 0 -1 0 1 0 1 0 0 3700.dat
1 71 -110 -8 -10 -1 0 0 0 1 0 0 0 -1 3623.dat
0 STEP
1 71 0 -8 -10 1 0 0 0 1 0 0 0 1 30586.dat
0 STEP
1 72 80 0 0 1 0 0 0 1 0 0 0 1 3035.dat
0 STEP
1 71 110 -8 -10 -1 0 0 0 1 0 0 0 -1 3623.dat
1 71 150 -24 0 0 0 -1 0 1 0 1 0 0 3700.dat
0 STEP
1 71 -20 0 0 -1 0 0 0 1 0 0 0 -1 15068.dat
1 71 20 0 0 -1 0 0 0 1 0 0 0 -1 15068.dat
0 STEP
1 19 -50 -32 -10 -1 0 0 0 1 0 0 0 -1 3005.dat
1 19 50 -32 -10 -1 0 0 0 1 0 0 0 -1 3005.dat
0 STEP
1 19 -50 -104 -10 -1 0 0 0 1 0 0 0 -1 60583b.dat
1 19 50 -104 -10 1 0 0 0 1 0 0 0 1 60583b.dat
0 STEP
1 19 0 -152 -10 1 0 0 0 1 0 0 0 1 15254.dat
0 STEP
1 33 -120 -128 -10 1 0 0 0 1 0 0 0 1 46212.dat
1 33 -80 -128 -10 1 0 0 0 1 0 0 0 1 46212.dat
1 33 80 -128 -10 1 0 0 0 1 0 0 0 1 46212.dat
1 33 120 -128 -10 1 0 0 0 1 0 0 0 1 46212.dat
1 379 -120 -152 -10 -1 0 0 0 1 0 0 0 -1 3660.dat
1 379 -80 -152 -10 -1 0 0 0 1 0 0 0 -1 3660.dat
1 379 80 -152 -10 -1 0 0 0 1 0 0 0 -1 3660.dat
1 379 120 -152 -10 -1 0 0 0 1 0 0 0 -1 3660.dat
0 STEP
1 19 -150 -72 0 0 0 -1 0 1 0 1 0 0 3245c.dat
1 19 -150 -120 0 0 0 -1 0 1 0 1 0 0 3245c.dat
1 71 -150 -144 0 0 0 -1 0 1 0 1 0 0 3700.dat
1 19 -150 -152 0 0 0 -1 0 1 0 1 0 0 3023.dat
1 19 150 -72 0 0 0 -1 0 1 0 1 0 0 3245c.dat
1 19 150 -120 0 0 0 -1 0 1 0 1 0 0 3245c.dat
1 71 150 -144 0 0 0 -1 0 1 0 1 0 0 3700.dat
1 19 150 -152 0 0 0 -1 0 1 0 1 0 0 3023.dat
0 STEP
1 19 0 -128 -30 1 0 0 0 1 0 0 0 1 59349.dat
1 19 0 -152 -30 1 0 0 0 1 0 0 0 1 3009.dat
0 STEP
1 71 0 -160 -10 1 0 0 0 1 0 0 0 1 30586.dat
1 28 -120 -160 -10 1 0 0 0 1 0 0 0 1 3710.dat
1 28 120 -160 -10 1 0 0 0 1 0 0 0 1 3710.dat
0 STEP
1 19 140 -160 10 1 0 0 0 1 0 0 0 1 3023.dat
1 19 -140 -160 10 1 0 0 0 1 0 0 0 1 3023.dat
1 19 70 -160 10 1 0 0 0 1 0 0 0 1 3024.dat
1 19 -70 -160 10 1 0 0 0 1 0 0 0 1 3024.dat
0 STEP
0 STEP
1 19 100 -128 30 -1 0 0 0 1 0 0 0 -1 75966 - Cantilever.ldr
1 19 -100 -128 30 -1 0 0 0 1 0 0 0 -1 75966 - Cantilever.ldr
0 STEP
1 19 -80 -168 0 -1 0 0 0 1 0 0 0 -1 3034.dat
1 19 80 -168 0 -1 0 0 0 1 0 0 0 -1 3034.dat
0 STEP
1 19 0 -176 0 -1 0 0 0 1 0 0 0 -1 87079.dat
1 19 100 -176 -10 -1 0 0 0 1 0 0 0 -1 6636.dat
1 19 -100 -176 -10 -1 0 0 0 1 0 0 0 -1 6636.dat
0 STEP
1 19 140 -176 10 -1 0 0 0 1 0 0 0 -1 3023.dat
1 19 60 -176 10 -1 0 0 0 1 0 0 0 -1 3023.dat
1 19 -60 -176 10 -1 0 0 0 1 0 0 0 -1 3023.dat
1 19 -140 -176 10 -1 0 0 0 1 0 0 0 -1 3023.dat
1 19 100 -176 20 -1 0 0 0 1 0 0 0 -1 3176.dat
1 19 -100 -176 20 -1 0 0 0 1 0 0 0 -1 3176.dat
0 STEP
1 19 150 -184 10 0 0 -1 0 1 0 1 0 0 14719.dat
1 19 50 -184 10 1 0 0 0 1 0 0 0 1 14719.dat
1 19 -50 -184 10 0 0 -1 0 1 0 1 0 0 14719.dat
1 19 -150 -184 10 1 0 0 0 1 0 0 0 1 14719.dat
1 19 110 -184 30 0 0 -1 0 1 0 1 0 0 27925.dat
1 19 90 -184 30 -1 0 0 0 1 0 0 0 -1 27925.dat
1 19 -90 -184 30 0 0 -1 0 1 0 1 0 0 27925.dat
1 19 -110 -184 30 -1 0 0 0 1 0 0 0 -1 27925.dat
0 STEP
1 308 -50 -92 10 1 0 0 0 1 0 0 0 1 64390.dat
1 0 0 -113 5 -1 0 0 0 1 0 0 0 -1 30046.dat
0 STEP


0 FILE 75966 - Cantilever.ldr
0 Cantilever
0 Name: 75966 - Cantilever.ldr
0 Author: Stefan Frenz [smf]
0 !LDRAW_ORG Model
0 !LICENSE Redistributable under CCAL version 2.0 : see CAreadme.txt

1 19 0 0 0 1 0 0 0 1 0 0 0 1 99781.dat
0 STEP
1 19 -10 -48 0 0 0 -1 0 1 0 1 0 0 88292.dat
1 19 10 -48 0 0 0 1 0 1 0 -1 0 0 88292.dat
0 STEP
1 3 0 -32 10 0 0 1 0 1 0 -1 0 0 3022.dat
0 STEP
1 28 0 -40 0 1 0 0 0 1 0 0 0 1 44728.dat
0 STEP
1 84 0 0 -22 1 0 0 0 0 -1 0 1 0 87580.dat
1 84 0 -30 -22 1 0 0 0 0 -1 0 1 0 15573.dat
0 STEP
1 19 0 -10 -30 0 0 1 1 0 0 0 1 0 63864.dat


0 FILE 75966 - Chimney.ldr
0 Chimney
0 Name: 75966 - Chimney.ldr
0 Author: Stefan Frenz [smf]
0 !LDRAW_ORG Model
0 !LICENSE Redistributable under CCAL version 2.0 : see CAreadme.txt

1 72 0 0 0 1 0 0 0 1 0 0 0 1 3710.dat
0 STEP
1 72 0 -8 -10 1 0 0 0 1 0 0 0 1 3020.dat
0 STEP
1 72 0 0 -50 0 0 -1 0 1 0 1 0 0 3020.dat
0 STEP
1 72 -40 0 -10 0 0 -1 0 1 0 1 0 0 15706.dat
1 72 40 0 -9.999 -0.707 0 -0.707 0 1 0 0.707 0 -0.707 15706.dat
0 STEP
1 71 0 -8 -40 -1 0 0 0 1 0 0 0 -1 3666.dat
0 STEP
1 0 0 -32 0 -1 0 0 0 1 0 0 0 -1 3633.dat
1 0 -20 -16 -20 -1 0 0 0 1 0 0 0 -1 15573.dat
1 0 20 -16 -20 -1 0 0 0 1 0 0 0 -1 15573.dat
0 STEP
1 19 54.142 -24 -9.999 -0.707 0 -0.707 0 1 0 0.707 0 -0.707 3005.dat
1 71 75.355 -24 -31.212 -0.707 0 -0.707 0 1 0 0.707 0 -0.707 3700.dat
1 19 -54.143 -24 -10.001 -0.707 0 -0.707 0 1 0 0.707 0 -0.707 3005.dat
1 71 -75.356 -24 -31.214 -0.707 0 0.707 0 1 0 -0.707 0 -0.707 3700.dat
0 STEP
1 57 -20 -24 -20 -1 0 0 0 1 0 0 0 -1 85861.dat
1 57 20 -24 -20 -1 0 0 0 1 0 0 0 -1 85861.dat
0 STEP
1 19 -68.285 -32 -24.143 -0.707 0 0.707 0 1 0 -0.707 0 -0.707 3623.dat
1 19 68.284 -32 -24.141 -0.707 0 -0.707 0 1 0 0.707 0 -0.707 3623.dat
1 57 -20 -24 -20 -0.259 0 0.966 0 1 0 -0.966 0 -0.259 64647.dat
1 57 20 -24 -20 0.259 0 -0.966 0 1 0 0.966 0 0.259 64647.dat
0 STEP
1 19 -75.356 -80 -31.214 -0.707 0 0.707 0 1 0 -0.707 0 -0.707 3245c.dat
1 19 75.355 -80 -31.212 -0.707 0 -0.707 0 1 0 0.707 0 -0.707 3245c.dat
1 19 -54.143 -56 -10.001 -0.707 0 0.707 0 1 0 -0.707 0 -0.707 3062b.dat
1 19 -54.143 -80 -10.001 -0.707 0 0.707 0 1 0 -0.707 0 -0.707 3062b.dat
1 19 54.142 -56 -9.999 -0.707 0 -0.707 0 1 0 0.707 0 -0.707 3062b.dat
1 19 54.142 -80 -9.999 -0.707 0 -0.707 0 1 0 0.707 0 -0.707 3062b.dat
0 STEP
1 19 0 -80 -40 -1 0 0 0 1 0 0 0 -1 60581.dat
0 STEP
1 19 -68.285 -88 -24.143 -0.707 0 0.707 0 1 0 -0.707 0 -0.707 3623.dat
1 19 68.284 -88 -24.141 -0.707 0 -0.707 0 1 0 0.707 0 -0.707 3623.dat
0 STEP
1 19 0 -88 -30 -1 0 0 0 1 0 0 0 -1 3020.dat
1 72 0 -96 -20 -1 0 0 0 1 0 0 0 -1 99781.dat
0 STEP
1 19 -82.427 -96 -38.285 -0.707 0 0.707 0 1 0 -0.707 0 -0.707 3024.dat
1 19 82.426 -96 -38.283 -0.707 0 -0.707 0 1 0 0.707 0 -0.707 3024.dat
1 19 -40 -96 -10 0.707 0 -0.707 0 1 0 0.707 0 0.707 2429.dat
1 19 -40 -96 -10 0 0 1 0 1 0 -1 0 0 2430.dat
1 19 40 -96 -10 0 0 -1 0 1 0 1 0 0 2429.dat
1 19 40 -96 -10 0.707 0 0.707 0 1 0 -0.707 0 0.707 2430.dat
0 STEP
1 70 0 -96 -40 1 0 0 0 1 0 0 0 1 44728.dat
1 70 0 -76 -62 1 0 0 0 0 -1 0 1 0 3068b.dat
0 STEP
1 19 -68.285 -120 -24.143 -0.707 0 0.707 0 1 0 -0.707 0 -0.707 3622.dat
1 19 68.284 -120 -24.142 -0.707 0 -0.707 0 1 0 0.707 0 -0.707 3622.dat
1 28 0 -104 -40 -1 0 0 0 1 0 0 0 -1 3710.dat
0 STEP
1 19 -50 -128 -40 -1 0 0 0 1 0 0 0 -1 2453b.dat
1 19 50 -128 -40 -1 0 0 0 1 0 0 0 -1 2453b.dat
1 70 0 -128 -40 -1 0 0 0 1 0 0 0 -1 3701.dat
0 STEP
1 71 -75.356 -144 -31.214 -0.707 0 0.707 0 1 0 -0.707 0 -0.707 3700.dat
1 19 -54.143 -144 -10.001 -0.707 0 -0.707 0 1 0 0.707 0 -0.707 3005.dat
1 71 75.355 -144 -31.213 -0.707 0 -0.707 0 1 0 0.707 0 -0.707 3700.dat
1 19 54.142 -144 -10 -0.707 0 -0.707 0 1 0 0.707 0 -0.707 3005.dat
0 STEP
1 71 -20 -118 -50 0 0 1 0 1 0 -1 0 0 4274.dat
1 71 20 -118 -50 0 0 1 0 1 0 -1 0 0 4274.dat
0 STEP
1 19 0 -118 -58 -1 0 0 0 0 1 0 1 0 3666.dat
1 70 0 -128 -66 1 0 0 0 0 -1 0 1 0 3068b.dat
1 70 -40 -108 -66 1 0 0 0 0 -1 0 1 0 3068b.dat
1 70 40 -108 -66 1 0 0 0 0 -1 0 1 0 3068b.dat
0 STEP
1 19 0 -152 -40 -1 0 0 0 1 0 0 0 -1 3009.dat
1 71 0 -160 -40 -1 0 0 0 1 0 0 0 -1 3666.dat
1 19 -40 -168 -40 -1 0 0 0 1 0 0 0 -1 3023.dat
1 19 40 -168 -40 -1 0 0 0 1 0 0 0 -1 3023.dat
1 19 0 -168 -40 -1 0 0 0 1 0 0 0 -1 48336.dat
0 STEP
1 19 0 -86 2 -1 0 0 0 0 -1 0 -1 0 3623.dat
1 19 0 -86 10 -1 0 0 0 0 -1 0 -1 0 3623.dat
1 19 0 -86 18 -1 0 0 0 0 -1 0 -1 0 3024.dat
1 19 30 -86 2 0 0 -1 1 0 0 0 -1 0 11477.dat
1 19 -30 -86 2 0 0 1 -1 0 0 0 -1 0 11477.dat
0 STEP
1 84 30 -168 -20 -1 0 0 0 1 0 0 0 -1 4460b.dat
1 84 -30 -168 -20 -1 0 0 0 1 0 0 0 -1 4460b.dat
1 19 -68.285 -168 -24.143 -0.707 0 0.707 0 1 0 -0.707 0 -0.707 3622.dat
1 19 68.284 -168 -24.142 -0.707 0 -0.707 0 1 0 0.707 0 -0.707 3622.dat
0 STEP
1 4 0 -118 -30 0 0 1 0 1 0 -1 0 0 32062.dat
1 14 0 -118 -15 1 0 0 0 1 0 0 0 1 32123b.dat
0 STEP
1 84 0 -166 -20 0 0 1 -0.921 0.391 0 -0.391 -0.921 0 75966 - Chimney Top.ldr
0 STEP
1 19 -40 -176 -10 0.707 0 -0.707 0 1 0 0.707 0 0.707 2429.dat
1 19 -40 -176 -10 0 0 1 0 1 0 -1 0 0 2430.dat
1 19 40 -176 -10 0 0 -1 0 1 0 1 0 0 2429.dat
1 19 40 -176 -10 0.707 0 0.707 0 1 0 -0.707 0 0.707 2430.dat
0 STEP
1 19 0 -176 -40 -1 0 0 0 1 0 0 0 -1 3023.dat
1 19 82.426 -176 -38.284 -0.707 0 -0.707 0 1 0 0.707 0 -0.707 3024.dat
1 19 -82.427 -176 -38.285 -0.707 0 0.707 0 1 0 -0.707 0 -0.707 3024.dat
1 19 50 -176 -40 -1 0 0 0 1 0 0 0 -1 3070b.dat
1 19 -50 -176 -40 -1 0 0 0 1 0 0 0 -1 3070b.dat
0 STEP
1 19 68.284 -184 -24.142 -0.707 0 -0.707 0 1 0 0.707 0 -0.707 63864.dat
1 19 -68.284 -184 -24.142 -0.707 0 0.707 0 1 0 -0.707 0 -0.707 63864.dat
1 19 0 -184 -30 -1 0 0 0 1 0 0 0 -1 87079.dat
0 STEP
1 0 82.426 -134 -24.142 -0.707 0 0.707 0 1 0 -0.707 0 -0.707 2780.dat
1 0 82.426 -14 -24.141 -0.707 0 0.707 0 1 0 -0.707 0 -0.707 2780.dat
0 STEP


0 FILE 75966 - Chimney Top.ldr
0 Chimney Top
0 Name: 75966 - Chimney Top.ldr
0 Author: Stefan Frenz [smf]
0 !LDRAW_ORG Model
0 !LICENSE Redistributable under CCAL version 2.0 : see CAreadme.txt

1 28 -30 -2 10 1 0 0 0 1 0 0 0 1 63868.dat
1 28 -30 -2 -10 1 0 0 0 1 0 0 0 1 63868.dat
1 84 -40 -10 0 1 0 0 0 1 0 0 0 1 26603.dat
0 STEP
1 84 -60 -2 0 0 0 -1 0 1 0 1 0 0 3023.dat


0 FILE 75966 - Stand up Display.ldr
0 Stand up Display
0 Name: 75966 - Stand up Display.ldr
0 Author: Stefan Frenz [smf]
0 !LDRAW_ORG Model
0 !LICENSE Redistributable under CCAL version 2.0 : see CAreadme.txt

1 70 0 0 0 1 0 0 0 1 0 0 0 1 92593.dat
0 STEP
1 70 -30 -24 0 1 0 0 0 1 0 0 0 1 3062b.dat
1 70 30 -24 0 1 0 0 0 1 0 0 0 1 3062b.dat
0 STEP
1 0 0 -96 0 -1 0 0 0 1 0 0 0 -1 60581.dat
0 STEP
1 70 0 -104 0 -1 0 0 0 1 0 0 0 -1 2431.dat



