0 FILE 7601 - Main.ldr
0 Main
0 Name: 7601 - Main.ldr
0 Author: Johann Eisner [technicbasics]
0 !LDRAW_ORG Model
0 !LICENSE Redistributable under CCAL version 2.0 : see CAreadme.txt

0 !THEME Creator

0 !HISTORY 2012-12-12 [Ken] Initial creation
0 !HISTORY 2018-12-10 [technicbasics] Build mpd, OMRize file

0 ROTATION CENTER 0 0 0 1 "Custom" 
0 ROTATION CONFIG 0 0
1 0 0 0 0 1 0 0 0 1 0 0 0 1 7601 - Go-Kart.ldr
0
0 FILE 7601 - Go-Kart.ldr
0 Go-Kart
0 Name: 7601 - Go-Kart.ldr
0 Author: Ken Drew [Ken]
0 !LDRAW_ORG Model
0 !LICENSE Redistributable under CCAL version 2.0 : see CAreadme.txt

0 !HISTORY 2012-12-12 [Ken] Initial creation
0 
0 ROTATION CENTER 0 0 0 1 "Custom" 
0 ROTATION CONFIG 0 0
1 8 0 0 0 0 0 1 0 1 0 -1 0 0 3795.dat
0 STEP
1 8 0 0 60 -1 0 0 0 1 0 -0 0 -1 6157.dat
1 8 0 0 -60 -1 0 0 0 1 0 -0 0 -1 6157.dat
0 STEP
1 0 10 -8 0 -0 -0 -1 -0 1 -0 1 0 -0 2436b.dat
1 0 -10 -8 0 0 0 1 -0 1 -0 -1 -0 0 2436b.dat
0 STEP
1 8 -10 -8 30 0 -0 1 0 1 0 -1 -0 0 2555.dat
1 8 10 -8 30 0 -0 1 0 1 0 -1 -0 0 2555.dat
0 STEP
1 4 32 2 0 0 -1 0 0 0 1 -1 0 0 3023.dat
1 4 -32 2 0 0 1 -0 -0 -0 -1 -1 0 0 3023.dat
0 STEP
1 7 39 5 -60 0.999999 0 0 0 1 -0 -0 0 0.999999 30027a.dat
1 7 39 5 60 0.999999 0 0 0 1 -0 -0 0 0.999999 30027a.dat
1 7 -39 5 60 -0.999999 0 0 0 1 0 0 0 -0.999999 30027a.dat
1 7 -39 5 -60 -0.999999 0 0 0 1 0 0 0 -0.999999 30027a.dat
0 STEP
1 0 39 5 -60 0.999999 0 0 0 1 -0 -0 0 0.999999 30028.dat
1 0 -49 5 -60 0.999999 0 0 0 1 -0 -0 0 0.999999 30028.dat
1 0 -49 5 60 0.999999 0 0 0 1 -0 -0 0 0.999999 30028.dat
1 0 39 5 60 0.999999 0 0 0 1 -0 -0 0 0.999999 30028.dat
0 STEP
1 0 0 0 -70 1 0 -0 -0 1 -0 0 0 1 2436b.dat
1 0 0 0 70 -1 -0 0 -0 1 -0 0 -0 -1 2436b.dat
0 STEP
1 0 -10 -24 50 -1 -0 0 -0 1 -0 0 -0 -1 4070.dat
0 STEP
1 7 -10 -14 80 -1 -0 0 -0 -0 -0.999999 0 -0.999999 -0 4589.dat
0 STEP
1 7 0 10 -92 -1 -0 0 0 0 1 -0 1 -0 44567.dat
0 STEP
1 14 0 -16 0 -1 -0 -0 -0 0.999999 0 0 -0 -0.999999 3022.dat
0 STEP
1 0 10 -24 50 0 -0 -0.999999 -0 1 -0 0.999999 0 0 4070.dat
1 0 10 -24 70 0 -0 -0.999999 -0 1 -0 0.999999 0 0 4070.dat
0 STEP
1 7 25 -14 60 0 -1 0 0 -0 -0.999999 0.999999 -0 0 2412b.dat
0 STEP
1 7 0 -34 33 0.999999 0 0 -0 0.258819 -0.965925 -0 0.965926 0.258819 48336.dat
0 STEP
1 14 0 -46 28 -1 -0 -0 -0 0.258819 0.965925 -0 0.965925 -0.258819 3022.dat
0 STEP
1 4 56 2 10 0 -1 0 -0.999999 -0 0 -0 -0 -0.999999 3040b.dat
1 4 -56 2 -10 -0 1 -0 -0.999999 -0 0 0 0 0.999999 3040b.dat
1 4 -56 2 10 -0 1 -0 0.999999 0 0 0 -0 -0.999999 3040b.dat
1 4 56 2 -10 0 -1 0 0.999999 0 0 0 0 0.999999 3040b.dat
0 STEP
1 4 0 10 92 1 0 -0 0 0 1 0 -1 0 3023.dat
0 STEP
1 4 30 10 108 -0 -0 -1 1 -0 -0 0 -1 0 50950.dat
1 4 -30 10 108 0 0 0.999999 -0.999999 0 0 0 -1 0 50950.dat
0 STEP
1 0 0 -32.7575 -70.3323 0 0 1 0.707106 0.707107 -0 -0.707106 0.707107 -0 44302.dat
0 STEP
1 4 0 -38.4143 -75.9891 0 -0 1 0.707106 0.707107 0 -0.707106 0.707107 0 3023.dat
0 STEP
1 0 0 -34.1717 -57.6044 -1 -0 0 -0 0.707107 0.707106 -0 0.707107 -0.707106 4070.dat
0 STEP
1 7 0 -37.0001 -40.6338 -1 -0 0 -0 0.707106 -0.707106 0 -0.707106 -0.707106 30663.dat
0 STEP
1 4 -30 10 -108 0 0 0.999999 1 -0 -0 -0 1 -0 50950.dat
1 4 30 10 -108 -0 -0 -0.999999 -0.999999 0 0 0 0.999999 -0 50950.dat
0 STEP
0
0
