0 FILE 7607 - Butterfly.ldr
0 Butterfly
0 Name: 7607 - Butterfly.ldr
0 Author: Merlijn Wissink [legolijntje]
0 !LDRAW_ORG Model
0 !LICENSE Redistributable under CCAL version 2.0 : see CAreadme.txt

0 !THEME Creator

1 0 0 0 0 1 0 0 0 1 0 0 0 1 3022.dat
1 4 0 -24 -10 1 0 0 0 1 0 0 0 1 3660.dat
1 4 0 -24 10 -1 0 0 0 1 0 0 0 -1 3660.dat
1 0 0 -32 0 1 0 0 0 1 0 0 0 1 3022.dat
1 0 -20 -40 20 0 0 1 0 1 0 -1 0 0 2430.dat
1 0 -20 -40 20 0.966 0 0.259 0 1 0 -0.259 0 0.966 7607 - Wing Right.ldr
1 0 20 -40 20 0 0 -1 0 1 0 1 0 0 2429.dat
1 0 20 -38 20 0.966 0 -0.259 0 1 0 0.259 0 0.966 7607 - Wing Left.ldr
1 4 0 -39.999 0 1 0 0 0 1 0 0 0 1 30602.dat
1 15 -10 -32 -30 0.707 0 0.707 0 1 0 -0.707 0 0.707 4592.dat
1 0 -10 -32 -30 -0.707 0.385 -0.593 0 0.839 0.545 0.707 0.385 -0.593 4593.dat
1 15 10 -32 -30 0.707 0 -0.707 0 1 0 0.707 0 0.707 4592.dat
1 0 10 -32 -30 -0.707 -0.385 0.593 0 0.839 0.545 -0.707 0.385 -0.593 4593.dat

0 FILE 7607 - Wing Left.ldr
0 Wing Left
0 Name: 7607 - Wing Left.ldr
0 Author: Merlijn Wissink [legolijntje]
0 !LDRAW_ORG Model
0 !LICENSE Redistributable under CCAL version 2.0 : see CAreadme.txt
0 !THEME Creator
1 0 0 0 0 0 0 1 0 1 0 -1 0 0 2430.dat
1 14 30 8 -20 -1 0 0 0 1 0 0 0 -1 3021.dat
1 0 40 0 -20 -1 0 0 0 1 0 0 0 -1 3022.dat
1 4 40 -8 20 0 0 -1 0 1 0 1 0 0 30565.dat
1 4 40 -8 -60 0 0 1 0 1 0 -1 0 0 30565.dat
1 4 50 -16 -10 -1 0 0 0 1 0 0 0 -1 30357.dat
1 4 10 -16 10 1 0 0 0 1 0 0 0 1 30357.dat
1 14 30 -24 30 0 0 1 0 1 0 -1 0 0 6141.dat
1 14 50 -24 -50 0 0 1 0 1 0 -1 0 0 6141.dat
1 1 10 -24 10 0 0 1 0 1 0 -1 0 0 6141.dat
1 14 20 -24 -20 0 0 1 0 1 0 -1 0 0 4150.dat

0 FILE 7607 - Wing Right.ldr
0 Wing Right
0 Name: 7607 - Wing Right.ldr
0 Author: Merlijn Wissink [legolijntje]
0 !LDRAW_ORG Model
0 !LICENSE Redistributable under CCAL version 2.0 : see CAreadme.txt
0 !THEME Creator
1 0 0 0 0 0 0 -1 0 1 0 1 0 0 2429.dat
1 14 -30 8 -20 -1 0 0 0 1 0 0 0 -1 3021.dat
1 0 -40 0 -20 -1 0 0 0 1 0 0 0 -1 3022.dat
1 4 -40 -8 20 -1 0 0 0 1 0 0 0 -1 30565.dat
1 4 -40 -8 -60 1 0 0 0 1 0 0 0 1 30565.dat
1 4 -50 -16 -10 0 0 1 0 1 0 -1 0 0 30357.dat
1 4 -10 -16 10 0 0 -1 0 1 0 1 0 0 30357.dat
1 14 -30 -24 30 0 0 -1 0 1 0 1 0 0 6141.dat
1 14 -50 -24 -50 0 0 -1 0 1 0 1 0 0 6141.dat
1 1 -10 -24 10 0 0 -1 0 1 0 1 0 0 6141.dat
1 14 -20 -24 -20 0 0 -1 0 1 0 1 0 0 4150.dat