0 FILE 7632 - Main.ldr
0 Main
0 Name: 7632 - Main.ldr
0 Author: Marc Giraudet [Mad_Marc]
0 !LDRAW_ORG Model
0 !LICENSE Redistributable under CCAL version 2.0 : see CAreadme.txt
1 0 0 0 0 0 0 -1 0 1 0 1 0 0 7632 - Crane.ldr
1 0 320 -18 -290 0.707107 0 0.707107 0 1 0 -0.707107 0 0.707107 7632 - Leader.ldr
1 0 80 -18 -390 1 0 0 0 1 0 0 0 1 7632 - Fence.ldr
1 0 0 -400 -865 1 0 0 0 1 0 0 0 1 7632 - Modular.ldr
1 0 395 -18 -100 1 0 0 0 1 0 0 0 1 7632 - Worker.ldr



0 FILE 7632 - Crane.ldr
0 Crane
0 Name: 7632 - Crane.ldr
0 Author: Marc Giraudet [Mad_Marc]
0 !LDRAW_ORG Model
0 !LICENSE Redistributable under CCAL version 2.0 : see CAreadme.txt
1 0 0 0 80 0 0 -1 0 1 0 1 0 0 32532.dat
1 0 -20 10 0 0 0 -1 0 1 0 1 0 0 2780.dat
1 0 20 10 0 0 0 -1 0 1 0 1 0 0 2780.dat
0 STEP
1 0 0 0 -80 0 0 -1 0 1 0 1 0 0 32532.dat
0 STEP
1 72 0 24 0 -1 0 0 0 1 0 0 0 -1 3034.dat
1 72 -70 0 0 0 0 1 0 1 0 -1 0 0 2877.dat
1 72 70 0 0 0 0 -1 0 1 0 1 0 0 2877.dat
0 STEP
1 4 -40 24 140 0 0 -1 0 1 0 1 0 0 2654.dat
1 4 40 24 140 0 0 -1 0 1 0 1 0 0 2654.dat
1 4 -40 24 -140 0 0 -1 0 1 0 1 0 0 2654.dat
1 4 40 24 -140 0 0 -1 0 1 0 1 0 0 2654.dat
0 STEP
1 72 0 24 100 -1 0 0 0 1 0 0 0 -1 4282.dat
1 72 -70 0 100 0 0 -1 0 1 0 1 0 0 2877.dat
1 72 70 0 100 0 0 1 0 1 0 -1 0 0 2877.dat
1 14 100 0 100 0 0 -1 0 1 0 1 0 0 6232.dat
1 14 140 0 100 0 0 -1 0 1 0 1 0 0 6232.dat
1 14 -140 0 100 0 0 -1 0 1 0 1 0 0 6232.dat
1 14 -100 0 100 0 0 -1 0 1 0 1 0 0 6232.dat
1 72 0 24 -100 1 0 0 0 1 0 0 0 1 4282.dat
1 72 70 0 -100 0 0 1 0 1 0 -1 0 0 2877.dat
1 72 -70 0 -100 0 0 -1 0 1 0 1 0 0 2877.dat
1 14 -100 0 -100 0 0 1 0 1 0 -1 0 0 6232.dat
1 14 -140 0 -100 0 0 1 0 1 0 -1 0 0 6232.dat
1 14 140 0 -100 0 0 1 0 1 0 -1 0 0 6232.dat
1 14 100 0 -100 0 0 1 0 1 0 -1 0 0 6232.dat
0 STEP
1 72 0 -8 100 -1 0 0 0 1 0 0 0 -1 4282.dat
1 72 0 -8 -100 1 0 0 0 1 0 0 0 1 4282.dat
0 STEP
1 14 180 10 -130 0 0 -1 -1 0 0 0 1 0 32526.dat
1 14 -180 10 -130 0 0 1 -1 0 0 0 -1 0 32526.dat
1 14 180 10 130 0 0 -1 -1 0 0 0 1 0 32526.dat
1 14 -180 10 130 0 0 1 -1 0 0 0 -1 0 32526.dat
0 STEP
1 0 -40 -8 0 0 0 -1 0 1 0 1 0 0 3035.dat
1 0 40 -8 0 0 0 -1 0 1 0 1 0 0 3035.dat
0 STEP
1 0 0 -32 0 -1 0 0 0 1 0 0 0 -1 32532.dat
0 STEP
1 14 -60 -24 -70 1 0 0 0 1 0 0 0 1 47457.dat
1 14 60 -24 -70 1 0 0 0 1 0 0 0 1 47457.dat
1 14 60 -24 70 -1 0 0 0 1 0 0 0 -1 47457.dat
1 14 -60 -24 70 -1 0 0 0 1 0 0 0 -1 47457.dat
0 STEP
1 1 -40 -24 -150 1 0 0 0 1 0 0 0 1 30414.dat
1 1 40 -24 -150 1 0 0 0 1 0 0 0 1 30414.dat
1 1 40 -24 150 -1 0 0 0 1 0 0 0 -1 30414.dat
1 1 -40 -24 150 -1 0 0 0 1 0 0 0 -1 30414.dat
0 STEP
1 14 0 -48 100 -1 0 0 0 1 0 0 0 -1 4515.dat
1 14 0 -48 -100 1 0 0 0 1 0 0 0 1 4515.dat
0 STEP
1 0 0 -72 0 0 0 1 0 1 0 -1 0 0 2856.dat
0 STEP
1 71 70 -22 20 -1 0 0 0 1 0 0 0 -1 32054.dat
1 71 70 -22 -20 -1 0 0 0 1 0 0 0 -1 32054.dat
1 71 -70 -22 -20 1 0 0 0 1 0 0 0 1 32054.dat
1 71 -70 -22 20 1 0 0 0 1 0 0 0 1 32054.dat
0 STEP
1 71 0 -72 0 0 0 -1 0 1 0 1 0 0 2855.dat
1 72 0 -80 30 -1 0 0 0 1 0 0 0 -1 3710.dat
1 72 0 -80 -30 -1 0 0 0 1 0 0 0 -1 3710.dat
1 14 60 -80 0 0 0 1 0 1 0 -1 0 0 3020.dat
1 14 -60 -80 0 0 0 1 0 1 0 -1 0 0 3020.dat
1 72 0 -88 30 1 0 0 0 1 0 0 0 1 3460.dat
1 72 0 -88 -30 1 0 0 0 1 0 0 0 1 3460.dat
0 STEP
1 71 -100 -30 -140 0 0 -1 0 1 0 1 0 0 3673.dat
1 71 100 -30 -140 0 0 -1 0 1 0 1 0 0 3673.dat
1 19 -180 10 -140 0 0 1 0 1 0 -1 0 0 3749.dat
1 19 180 10 -140 0 0 1 0 1 0 -1 0 0 3749.dat
0 STEP
1 0 180 10 -150 1 0 0 0 1 0 0 0 1 57520.dat
1 0 -180 10 -150 1 0 0 0 1 0 0 0 1 57520.dat
1 71 100 -30 -150 1 0 0 0 1 0 0 0 1 42610.dat
1 71 -100 -30 -150 1 0 0 0 1 0 0 0 1 42610.dat
0 STEP
1 71 100 -30 140 0 0 1 0 1 0 -1 0 0 3673.dat
1 71 -100 -30 140 0 0 1 0 1 0 -1 0 0 3673.dat
1 19 180 10 140 0 0 -1 0 1 0 1 0 0 3749.dat
1 19 -180 10 140 0 0 -1 0 1 0 1 0 0 3749.dat
0 STEP
1 0 -180 10 150 -1 0 0 0 1 0 0 0 -1 57520.dat
1 0 180 10 150 -1 0 0 0 1 0 0 0 -1 57520.dat
1 71 -100 -30 150 -1 0 0 0 1 0 0 0 -1 42610.dat
1 71 100 -30 150 -1 0 0 0 1 0 0 0 -1 42610.dat
0 STEP
1 72 -60 -4 -176 1 0 0 0 0 -1 0 1 0 3034.dat
1 1 80 -4 -176 1 0 0 0 0 -1 0 1 0 3795.dat
1 72 0 -4 -168 1 0 0 0 0 -1 0 1 0 3034.dat
1 14 -60 -4 -184 -1 0 0 0 0 1 0 1 0 6180.dat
1 14 60 -4 -184 -1 0 0 0 0 1 0 1 0 6180.dat
1 14 -140 -4 -184 0 0 1 1 0 0 0 1 0 51739.dat
1 14 140 -4 -184 0 0 -1 -1 0 0 0 1 0 51739.dat
1 72 60 -4 176 -1 0 0 0 0 -1 0 -1 0 3034.dat
1 1 -80 -4 176 -1 0 0 0 0 -1 0 -1 0 3795.dat
1 72 0 -4 168 -1 0 0 0 0 -1 0 -1 0 3034.dat
1 14 60 -4 184 1 0 0 0 0 1 0 -1 0 6180.dat
1 14 -60 -4 184 1 0 0 0 0 1 0 -1 0 6180.dat
1 14 140 -4 184 0 0 -1 1 0 0 0 -1 0 51739.dat
1 14 -140 -4 184 0 0 1 -1 0 0 0 -1 0 51739.dat
0 STEP
1 72 180.01 -20.017 -150 0 -0.5 -0.866025 0 0.866025 -0.5 1 0 0 57518.dat
1 72 206 -5 -150 0 -1 0 0 0 -1 1 0 0 57518.dat
1 72 205.99 25.017 -150 0 -0.5 0.866025 0 -0.866025 -0.5 1 0 0 57518.dat
1 72 180 40 -150 0 0 1 0 -1 0 1 0 0 57518.dat
1 72 150 40 -150 0 0 1 0 -1 0 1 0 0 57518.dat
1 72 120 40 -150 0 0 1 0 -1 0 1 0 0 57518.dat
1 72 90 40 -150 0 0 1 0 -1 0 1 0 0 57518.dat
1 72 60 40 -150 0 0 1 0 -1 0 1 0 0 57518.dat
1 72 30 40 -150 0 0 1 0 -1 0 1 0 0 57518.dat
1 72 0 40 -150 0 0 1 0 -1 0 1 0 0 57518.dat
1 72 -30 40 -150 0 0 1 0 -1 0 1 0 0 57518.dat
1 72 -60 40 -150 0 0 1 0 -1 0 1 0 0 57518.dat
1 72 -90 40 -150 0 0 1 0 -1 0 1 0 0 57518.dat
1 72 -120 40 -150 0 0 1 0 -1 0 1 0 0 57518.dat
1 72 -150 40 -150 0 0 1 0 -1 0 1 0 0 57518.dat
1 72 -180.01 40.017 -150 0 0.5 0.866025 0 -0.866025 0.5 1 0 0 57518.dat
1 72 -206 25 -150 0 1 0 0 0 1 1 0 0 57518.dat
1 72 -205.99 -5.017 -150 0 0.5 -0.866025 0 0.866025 0.5 1 0 0 57518.dat
1 72 -180.008 -20.069 -150 0 0.432086 -0.901833 0 0.901833 0.432086 1 0 0 57518.dat
1 72 -152.965 -33.047 -150 0 0.432086 -0.901833 0 0.901833 0.432086 1 0 0 57518.dat
1 72 -125.8 -46 -150 0 0 -1 0 1 0 1 0 0 57518.dat
1 72 -94.3 -46 -150 0 0 -1 0 1 0 1 0 0 57518.dat
1 72 -62.7 -46 -150 0 0 -1 0 1 0 1 0 0 57518.dat
1 72 -31.1 -46 -150 0 0 -1 0 1 0 1 0 0 57518.dat
1 72 0.5 -46 -150 0 0 -1 0 1 0 1 0 0 57518.dat
1 72 32.1 -46 -150 0 0 -1 0 1 0 1 0 0 57518.dat
1 72 64 -46 -150 0 0 -1 0 1 0 1 0 0 57518.dat
1 72 95.7 -46 -150 0 0 -1 0 1 0 1 0 0 57518.dat
1 72 125.8 -46 -150 0 -0.432086 -0.901833 0 0.901833 -0.432086 1 0 0 57518.dat
1 72 152.865 -33.047 -150 0 -0.432086 -0.901833 0 0.901833 -0.432086 1 0 0 57518.dat
1 72 180.01 -20.017 150 0 -0.5 -0.866025 0 0.866025 -0.5 1 0 0 57518.dat
1 72 206 -5 150 0 -1 0 0 0 -1 1 0 0 57518.dat
1 72 205.99 25.017 150 0 -0.5 0.866025 0 -0.866025 -0.5 1 0 0 57518.dat
1 72 180 40 150 0 0 1 0 -1 0 1 0 0 57518.dat
1 72 150 40 150 0 0 1 0 -1 0 1 0 0 57518.dat
1 72 120 40 150 0 0 1 0 -1 0 1 0 0 57518.dat
1 72 90 40 150 0 0 1 0 -1 0 1 0 0 57518.dat
1 72 60 40 150 0 0 1 0 -1 0 1 0 0 57518.dat
1 72 30 40 150 0 0 1 0 -1 0 1 0 0 57518.dat
1 72 0 40 150 0 0 1 0 -1 0 1 0 0 57518.dat
1 72 -30 40 150 0 0 1 0 -1 0 1 0 0 57518.dat
1 72 -60 40 150 0 0 1 0 -1 0 1 0 0 57518.dat
1 72 -90 40 150 0 0 1 0 -1 0 1 0 0 57518.dat
1 72 -120 40 150 0 0 1 0 -1 0 1 0 0 57518.dat
1 72 -150 40 150 0 0 1 0 -1 0 1 0 0 57518.dat
1 72 -180.01 40.017 150 0 0.5 0.866025 0 -0.866025 0.5 1 0 0 57518.dat
1 72 -206 25 150 0 1 0 0 0 1 1 0 0 57518.dat
1 72 -205.99 -5.017 150 0 0.5 -0.866025 0 0.866025 0.5 1 0 0 57518.dat
1 72 -180.008 -20.069 150 0 0.432086 -0.901833 0 0.901833 0.432086 1 0 0 57518.dat
1 72 -152.965 -33.047 150 0 0.432086 -0.901833 0 0.901833 0.432086 1 0 0 57518.dat
1 72 -125.8 -46 150 0 0 -1 0 1 0 1 0 0 57518.dat
1 72 -94.3 -46 150 0 0 -1 0 1 0 1 0 0 57518.dat
1 72 -62.7 -46 150 0 0 -1 0 1 0 1 0 0 57518.dat
1 72 -31.1 -46 150 0 0 -1 0 1 0 1 0 0 57518.dat
1 72 0.5 -46 150 0 0 -1 0 1 0 1 0 0 57518.dat
1 72 32.1 -46 150 0 0 -1 0 1 0 1 0 0 57518.dat
1 72 64 -46 150 0 0 -1 0 1 0 1 0 0 57518.dat
1 72 95.7 -46 150 0 0 -1 0 1 0 1 0 0 57518.dat
1 72 125.8 -46 150 0 -0.432086 -0.901833 0 0.901833 -0.432086 1 0 0 57518.dat
1 72 152.865 -33.047 150 0 -0.432086 -0.901833 0 0.901833 -0.432086 1 0 0 57518.dat
0 STEP
1 71 -20 -102 10 0 0 -1 -1 0 0 0 1 0 32009.dat
1 4 140 -102 -2 0 -1 0 0 0 1 -1 0 0 32062.dat
1 0 20 -102 0 0 -1 0 0 0 1 -1 0 0 2780.dat
0 STEP
1 71 -20 -102 -10 0 0 -1 -1 0 0 0 1 0 32009.dat
0 STEP
1 0 -20 -142 -20 0 -1 0 0 0 1 -1 0 0 2780.dat
1 0 -20 -142 20 0 -1 0 0 0 1 -1 0 0 2780.dat
0 STEP
1 0 40 -102 -20 0 -1 0 0 0 1 -1 0 0 2780.dat
1 0 40 -102 20 0 -1 0 0 0 1 -1 0 0 2780.dat
1 0 120 -102 -20 0 -1 0 0 0 1 -1 0 0 2780.dat
1 0 120 -102 20 0 -1 0 0 0 1 -1 0 0 2780.dat
0 STEP
1 14 60 -112 30 1 0 0 0 1 0 0 0 1 32018.dat
1 1 180 -112 0 0 0 1 0 1 0 -1 0 0 30000.dat
0 STEP
1 14 60 -112 -30 1 0 0 0 1 0 0 0 1 32018.dat
0 STEP
1 72 180 -88 0 0 0 1 0 1 0 -1 0 0 3034.dat
0 STEP
1 14 180 -112 -60 0 0 1 0 1 0 -1 0 0 6232.dat
1 14 180 -112 60 0 0 -1 0 1 0 1 0 0 6232.dat
0 STEP
1 72 180 -120 0 0 0 1 0 1 0 -1 0 0 3034.dat
1 71 -20 -142 -30 1 0 0 0 1 0 0 0 1 42610.dat
1 71 -20 -142 30 1 0 0 0 1 0 0 0 1 42610.dat
0 STEP
1 71 -20 -102 50 0 0 1 0 1 0 -1 0 0 32054.dat
1 71 20 -102 50 0 0 1 0 1 0 -1 0 0 32054.dat
1 71 20 -102 -50 0 0 -1 0 1 0 1 0 0 32054.dat
1 71 -20 -102 -50 0 0 -1 0 1 0 1 0 0 32054.dat
0 STEP
1 1 20 -102 80 0 0 1 0 1 0 -1 0 0 43093.dat
1 1 20 -102 -80 0 0 -1 0 1 0 1 0 0 43093.dat
0 STEP
1 1 140 -102 -40 0 -0.180519 0.983571 0 0.983571 0.180519 -1 0 0 43093.dat
1 72 141.816 -222.655 -50 0.180519 0 0.983571 -0.983571 0 0.180519 0 -1 0 55013.dat
1 4 150.474 -269.869 -50 0.983571 0 -0.180519 0.180519 0 0.983571 0 -1 0 3713.dat
1 72 154.082 -289.535 -50 0.180519 0.983571 0 -0.983571 0.180519 0 0 0 1 6536.dat
1 71 173.75 -285.928 -50 0 0.180519 -0.983571 0 -0.983571 -0.180519 -1 0 0 32054.dat
1 135 140 -102 -50 0 -0.983571 -0.180519 0 -0.180519 0.983571 -1 0 0 53586.dat
0 STEP
1 1 140 -102 40 0 -0.180519 -0.983571 0 0.983571 -0.180519 1 0 0 43093.dat
1 72 141.816 -222.655 50 0.180519 0 0.983571 -0.983571 0 0.180519 0 -1 0 55013.dat
1 4 150.474 -269.869 50 0.983571 0 -0.180519 0.180519 0 0.983571 0 -1 0 3713.dat
1 72 154.082 -289.535 50 0.180519 0.983571 0 -0.983571 0.180519 0 0 0 1 6536.dat
1 71 173.75 -285.928 50 0 0.180519 0.983571 0 -0.983571 0.180519 1 0 0 32054.dat
1 135 140 -102 50 0 -0.983571 -0.180519 0 -0.180519 0.983571 -1 0 0 53586.dat
0 STEP
1 14 292.542 -360.931 0 0.881303 0.472551 0 -0.472551 0.881303 0 0 0 1 6232.dat
1 72 303.887 -339.776 0 0 0.472551 -0.881303 0 0.881303 0.472551 1 0 0 3034.dat
0 STEP
1 14 186.787 -304.23 -70 0.881303 0.472551 0 -0.472551 0.881303 0 0 0 1 32018.dat
1 14 186.787 -304.23 70 0.881303 0.472551 0 -0.472551 0.881303 0 0 0 1 32018.dat
0 STEP
1 1 297.268 -352.121 -80 0 0.472551 0.881303 0 0.881303 -0.472551 -1 0 0 4274.dat
1 1 226.765 -314.312 -80 0 0.472551 0.881303 0 0.881303 -0.472551 -1 0 0 4274.dat
1 1 226.765 -314.312 80 0 0.472551 -0.881303 0 0.881303 0.472551 1 0 0 4274.dat
1 1 297.268 -352.121 80 0 0.472551 -0.881303 0 0.881303 0.472551 1 0 0 4274.dat
0 STEP
1 72 288.763 -367.98 0 0 0.472551 -0.881303 0 0.881303 0.472551 1 0 0 3034.dat
0 STEP
1 1 138.634 -267.061 -80 0 0.472551 0.881303 0 0.881303 -0.472551 -1 0 0 4274.dat
1 1 85.757 -238.706 -80 0 0.472551 0.881303 0 0.881303 -0.472551 -1 0 0 4274.dat
1 1 85.757 -238.706 80 0 0.472551 -0.881303 0 0.881303 0.472551 1 0 0 4274.dat
1 1 138.634 -267.061 80 0 0.472551 -0.881303 0 0.881303 0.472551 1 0 0 4274.dat
0 STEP
1 14 39.495 -198.015 -50 0 0.472551 0.881303 0 0.881303 -0.472551 -1 0 0 50305.dat
1 14 39.495 -198.015 50 0 0.472551 0.881303 0 0.881303 -0.472551 -1 0 0 50304.dat
0 STEP
1 0 72.22 -242.794 0 0 0.472551 -0.881303 0 0.881303 0.472551 1 0 0 3894.dat
1 72 89.844 -252.246 40 0 0.472551 -0.881303 0 0.881303 0.472551 1 0 0 3747b.dat
1 72 89.844 -252.246 -40 0 0.472551 -0.881303 0 0.881303 0.472551 1 0 0 3747b.dat
0 STEP
1 0 10.528 -209.714 -30 -0.881303 0.472551 0 0.472551 0.881303 0 0 0 -1 3894.dat
1 0 10.528 -209.714 30 -0.881303 0.472551 0 0.472551 0.881303 0 0 0 -1 3894.dat
1 72 -28.506 -197.862 30 -0.881303 0.472551 0 0.472551 0.881303 0 0 0 -1 2412b.dat
1 72 -28.506 -197.862 -30 -0.881303 0.472551 0 0.472551 0.881303 0 0 0 -1 2412b.dat
0 STEP
1 14 59.626 -245.114 -50 0 0.472551 0.881303 0 0.881303 -0.472551 -1 0 0 50305.dat
1 14 59.626 -245.114 50 0 0.472551 0.881303 0 0.881303 -0.472551 -1 0 0 50304.dat
1 72 108.72 -280.519 30 0.881303 0.472551 0 -0.472551 0.881303 0 0 0 1 3023.dat
1 72 108.72 -280.519 -30 0.881303 0.472551 0 -0.472551 0.881303 0 0 0 1 3023.dat
0 STEP
1 0 79.756 -292.221 -30 -0.881303 0.472551 0 0.472551 0.881303 0 0 0 -1 2744.dat
1 72 102.107 -292.86 40 0 0.472551 0.881303 0 0.881303 -0.472551 -1 0 0 55013.dat
1 72 102.107 -292.86 0 0 0.289032 -0.95732 0 -0.95732 -0.289032 -1 0 0 32012.dat
1 0 79.756 -292.221 30 -0.881303 0.472551 0 0.472551 0.881303 0 0 0 -1 2744.dat
1 72 102.107 -292.86 50 -0.881303 0.472551 0 0.472551 0.881303 0 0 0 -1 3647.dat
1 14 102.107 -292.86 80 0 0.472551 0.881303 0 0.881303 -0.472551 -1 0 0 62462.dat
1 0 102.107 -292.86 110 0.472551 0 0.881303 0.881303 0 -0.472551 0 1 0 33299.dat
1 14 137.362 -311.768 140 0 0.472551 0.881303 0 0.881303 -0.472551 -1 0 0 62462.dat
1 1 84.48 -283.409 40 0 0.0993204 -0.995056 0 0.995056 0.0993204 1 0 0 43093.dat
1 72 84.48 -283.409 50 -0.995056 0.0993204 0 0.0993204 0.995056 0 0 0 -1 3647.dat
0 STEP
1 72 93.595 -308.723 30 -0.881303 0.472551 0 0.472551 0.881303 0 0 0 -1 2412b.dat
1 72 93.595 -308.723 -30 -0.881303 0.472551 0 0.472551 0.881303 0 0 0 -1 2412b.dat
0 STEP
1 0 262.322 -353.807 -70 0.881303 0.472551 0 -0.472551 0.881303 0 0 0 1 4085c.dat
1 0 262.322 -353.807 70 -0.881303 0.472551 0 0.472551 0.881303 0 0 0 -1 4085c.dat
1 57 266.102 -346.753 90 -0.881303 0.472551 0 0.472551 0.881303 0 0 0 -1 58176.dat
1 57 266.102 -346.753 -90 -0.881303 0.472551 0 0.472551 0.881303 0 0 0 -1 58176.dat
0 STEP
1 72 121.01 -257.611 88 -0.881303 0 -0.472551 0.472551 0 -0.881303 0 -1 0 6636.dat
1 72 121.01 -257.611 -88 0.881303 0 -0.472551 -0.472551 0 -0.881303 0 1 0 6636.dat
1 14 244.389 -323.77 88 -0.881303 0 -0.472551 0.472551 0 -0.881303 0 -1 0 4162.dat
1 14 244.389 -323.77 -88 0.881303 0 -0.472551 -0.472551 0 -0.881303 0 1 0 4162.dat
0 STEP
1 0 -20 -182 0 0 0 1 0 1 0 -1 0 0 3705.dat
0 STEP
1 14 -52.929 -94.929 -50 -0.707107 -0.707107 0 0.707107 -0.707107 0 0 0 1 64449.dat
1 14 -52.929 -94.929 50 0.707107 -0.707107 0 -0.707107 -0.707107 0 0 0 -1 64449.dat
1 14 -342.842 -314.131 0 0 0.707107 0.707107 0 0.707107 -0.707107 -1 0 0 64448.dat
1 14 -272.131 -384.842 0 0 0.707107 -0.707107 0 0.707107 0.707107 1 0 0 64448.dat
1 14 -392.34 -434.34 -50 0.707107 0.707107 0 -0.707107 0.707107 0 0 0 1 64448.dat
1 14 -392.34 -434.34 50 -0.707107 0.707107 0 0.707107 0.707107 0 0 0 -1 64448.dat
1 14 -512.548 -483.838 0 0 0.707107 0.707107 0 0.707107 -0.707107 -1 0 0 64448.dat
1 14 -441.838 -554.548 0 0 0.707107 -0.707107 0 0.707107 0.707107 1 0 0 64448.dat
1 14 -562.046 -604.046 -50 0.707107 0.707107 0 -0.707107 0.707107 0 0 0 1 64448.dat
1 14 -562.046 -604.046 50 -0.707107 0.707107 0 0.707107 0.707107 0 0 0 -1 64448.dat
1 14 -682.255 -653.544 0 0 0.707107 0.707107 0 0.707107 -0.707107 -1 0 0 64448.dat
1 14 -611.544 -724.255 0 0 0.707107 -0.707107 0 0.707107 0.707107 1 0 0 64448.dat
1 72 -628.514 -741.225 0 0 0.707107 -0.707107 0 0.707107 0.707107 1 0 0 2458.dat
1 4 -682.254 -653.543 -50 0.707107 0.707107 0 0.707107 -0.707107 0 0 0 -1 32062.dat
1 4 -611.543 -724.254 -50 0.707107 0.707107 0 0.707107 -0.707107 0 0 0 -1 32062.dat
1 4 -682.254 -653.543 50 0.707107 0.707107 0 0.707107 -0.707107 0 0 0 -1 32062.dat
1 4 -611.543 -724.254 50 0.707107 0.707107 0 0.707107 -0.707107 0 0 0 -1 32062.dat
1 4 -597.401 -568.69 -50 0.707107 0.707107 0 0.707107 -0.707107 0 0 0 -1 32062.dat
1 4 -526.69 -639.401 -50 0.707107 0.707107 0 0.707107 -0.707107 0 0 0 -1 32062.dat
1 4 -597.401 -568.69 50 0.707107 0.707107 0 0.707107 -0.707107 0 0 0 -1 32062.dat
1 4 -526.69 -639.401 50 0.707107 0.707107 0 0.707107 -0.707107 0 0 0 -1 32062.dat
1 4 -512.548 -483.838 -50 0.707107 0.707107 0 0.707107 -0.707107 0 0 0 -1 32062.dat
1 4 -441.838 -554.548 -50 0.707107 0.707107 0 0.707107 -0.707107 0 0 0 -1 32062.dat
1 4 -512.548 -483.838 50 0.707107 0.707107 0 0.707107 -0.707107 0 0 0 -1 32062.dat
1 4 -441.838 -554.548 50 0.707107 0.707107 0 0.707107 -0.707107 0 0 0 -1 32062.dat
1 4 -427.696 -398.985 -50 0.707107 0.707107 0 0.707107 -0.707107 0 0 0 -1 32062.dat
1 4 -356.985 -469.696 -50 0.707107 0.707107 0 0.707107 -0.707107 0 0 0 -1 32062.dat
1 4 -427.696 -398.985 50 0.707107 0.707107 0 0.707107 -0.707107 0 0 0 -1 32062.dat
1 4 -356.985 -469.696 50 0.707107 0.707107 0 0.707107 -0.707107 0 0 0 -1 32062.dat
1 4 -342.843 -314.132 -50 0.707107 0.707107 0 0.707107 -0.707107 0 0 0 -1 32062.dat
1 4 -272.132 -384.843 -50 0.707107 0.707107 0 0.707107 -0.707107 0 0 0 -1 32062.dat
1 4 -342.843 -314.132 50 0.707107 0.707107 0 0.707107 -0.707107 0 0 0 -1 32062.dat
1 4 -272.132 -384.843 50 0.707107 0.707107 0 0.707107 -0.707107 0 0 0 -1 32062.dat
1 4 -257.99 -229.279 -50 0.707107 0.707107 0 0.707107 -0.707107 0 0 0 -1 32062.dat
1 4 -187.279 -299.99 -50 0.707107 0.707107 0 0.707107 -0.707107 0 0 0 -1 32062.dat
1 4 -257.99 -229.279 50 0.707107 0.707107 0 0.707107 -0.707107 0 0 0 -1 32062.dat
1 4 -187.279 -299.99 50 0.707107 0.707107 0 0.707107 -0.707107 0 0 0 -1 32062.dat
1 14 -816.604 -858.604 -50 0.707107 0.707107 0 -0.707107 0.707107 0 0 0 1 64449.dat
1 72 -822.261 -864.261 -50 0.707107 0.707107 0 -0.707107 0.707107 0 0 0 1 32530.dat
1 72 -822.261 -864.261 50 0.707107 0.707107 0 -0.707107 0.707107 0 0 0 1 32530.dat
1 14 -816.604 -858.604 50 -0.707107 0.707107 0 0.707107 0.707107 0 0 0 -1 64449.dat
0 STEP
1 0 -397.997 -439.997 -50 0.707107 0.707107 0 -0.707107 0.707107 0 0 0 1 48336.dat
1 71 -407.583 -449.583 -82.728 -0.707107 0.5 -0.5 0.707107 0.5 -0.5 0 -0.707107 -0.707107 60470a.dat
1 46 -403.582 -445.582 -88.385 -0.707107 0.5 -0.5 0.707107 0.5 -0.5 0 -0.707107 -0.707107 3023.dat
1 0 -397.997 -439.997 50 -0.707107 0.707107 0 0.707107 0.707107 0 0 0 -1 48336.dat
1 71 -407.583 -449.583 82.728 0.707107 0.5 -0.5 -0.707107 0.5 -0.5 0 0.707107 0.707107 60470a.dat
1 46 -403.582 -445.582 88.385 0.707107 0.5 -0.5 -0.707107 0.5 -0.5 0 0.707107 0.707107 3023.dat
0 STEP
1 14 -809.533 -851.533 30 -0.707107 0 -0.707107 0.707107 0 -0.707107 0 -1 0 32348.dat
1 14 -809.533 -851.533 -30 -0.707107 0 -0.707107 0.707107 0 -0.707107 0 -1 0 32348.dat
1 0 -837.817 -879.817 -40 0 0.707107 -0.707107 0 -0.707107 -0.707107 -1 0 0 2780.dat
1 0 -837.817 -879.817 40 0 -0.707107 -0.707107 0 0.707107 -0.707107 1 0 0 2780.dat
1 1 -809.533 -851.533 -40 0 -0.707107 -0.707107 0 0.707107 -0.707107 1 0 0 43093.dat
1 1 -809.533 -851.533 40 0 0.707107 -0.707107 0 -0.707107 -0.707107 -1 0 0 43093.dat
1 1 -851.96 -893.96 20.001 0 0.707107 -0.707107 0 -0.707107 -0.707107 -1 0 0 43093.dat
1 1 -851.96 -893.96 -20.001 0 -0.707107 -0.707107 0 0.707107 -0.707107 1 0 0 43093.dat
1 14 -851.96 -893.96 0 0 0.707107 -0.707107 0 0.707107 0.707107 1 0 0 41678.dat
0 STEP
1 0 -823.675 -865.675 20 0 0.707107 -0.707107 0 0.707107 0.707107 1 0 0 6628.dat
1 0 -911.355 -885.474 0 0 -0.98995 -0.141419 0 0.141419 -0.98995 1 0 0 3705.dat
1 71 -911.356 -885.475 10.001 0.141419 -0.98995 0 0.98995 0.141419 0 0 0 1 42610.dat
1 71 -911.356 -885.475 -10.001 0.141419 -0.98995 0 0.98995 0.141419 0 0 0 1 42610.dat
0 STEP
1 71 -60 -102 -50 0 0.707107 -0.707107 0 0.707107 0.707107 1 0 0 32054.dat
1 71 -60 -102 50 0 0.707107 0.707107 0 0.707107 -0.707107 -1 0 0 32054.dat
0 STEP
1 72 -593.159 -734.153 0 0 -0.707107 -0.707107 0 -0.707107 0.707107 -1 0 0 6536.dat
1 71 -593.159 -734.153 -15.001 -0.707107 0 0.707107 0.707107 0 0.707107 0 1 0 41677.dat
1 71 -593.159 -734.153 15.001 -0.707107 0 0.707107 0.707107 0 0.707107 0 1 0 41677.dat
1 4 -593.159 -734.153 0 0 0.707107 0.707107 0 0.707107 -0.707107 -1 0 0 32062.dat
1 4 -579.016 -720.011 0 0 0.707107 0.707107 0 0.707107 -0.707107 -1 0 0 32062.dat
0 STEP
1 71 -579.016 -720.011 0 -0.338738 0 -0.940881 0.940881 0 -0.338738 0 -1 0 2637.dat
1 71 -296.746 -618.394 -15 -0.338738 0 0.940881 0.940881 0 0.338738 0 1 0 41677.dat
1 71 -296.746 -618.394 15 -0.338738 0 0.940881 0.940881 0 0.338738 0 1 0 41677.dat
1 4 -296.746 -618.394 0 0 0.940881 0.338738 0 0.338738 -0.940881 -1 0 0 32062.dat
1 4 -277.926 -611.623 0 0 0.940881 0.338738 0 0.338738 -0.940881 -1 0 0 32062.dat
0 STEP
1 71 -277.926 -611.623 0 -0.338738 0 -0.940881 0.940881 0 -0.338738 0 -1 0 2637.dat
1 71 4.332 -510.002 -15.001 -0.338738 0 0.940881 0.940881 0 0.338738 0 1 0 41677.dat
1 71 4.332 -510.002 15.001 -0.338738 0 0.940881 0.940881 0 0.338738 0 1 0 41677.dat
1 4 4.332 -510.002 0 0 0.940881 0.338738 0 0.338738 -0.940881 -1 0 0 32062.dat
1 4 23.15 -503.219 0 0 0.940881 0.338738 0 0.338738 -0.940881 -1 0 0 32062.dat
1 71 23.15 -503.219 0 -0.338738 0 -0.940881 0.940881 0 -0.338738 0 -1 0 2637.dat
0 STEP
1 72 314.259 -383.921 0 0 0.472551 -0.881303 0 0.881303 0.472551 1 0 0 6536.dat
1 71 314.259 -383.921 15 -0.881303 0 -0.472551 0.472551 0 -0.881303 0 -1 0 41677.dat
1 71 314.259 -383.921 -15 -0.881303 0 -0.472551 0.472551 0 -0.881303 0 -1 0 41677.dat
1 4 314.259 -383.921 0 0 -0.472551 0.881303 0 -0.881303 -0.472551 1 0 0 32062.dat
1 4 304.809 -401.549 0 0 -0.472551 0.881303 0 -0.881303 -0.472551 1 0 0 32062.dat
0 STEP
1 0 -880 -616 -18 1 0 0 0 0 -1 0 1 0 3176.dat
1 0 -880 -616 18 -1 0 0 0 0 -1 0 -1 0 3176.dat
1 72 -880 -646 18 -1 0 0 0 0 -1 0 -1 0 3023.dat
1 72 -880 -646 -18 1 0 0 0 0 -1 0 1 0 3023.dat
1 0 -880 -636 -34 1 0 0 0 0 -1 0 1 0 3068b.dat
1 0 -880 -636 34 -1 0 0 0 0 -1 0 -1 0 3068b.dat
1 0 -880 -636 26 1 0 0 0 0 1 0 -1 0 3176.dat
1 0 -880 -636 -26 -1 0 0 0 0 1 0 1 0 3176.dat
1 0 -880 -636 0 1 0 0 0 1 0 0 0 1 52107.dat
1 19 -880 -666 0 0 0 -1 0 1 0 1 0 0 32556.dat
1 71 -880 -666 0 -1 0 0 0 1 0 0 0 -1 42610.dat
1 72 -880 -644 0 1 0 0 0 1 0 0 0 1 2412b.dat
1 14 -880 -586 0 -1 0 0 0 0 1 0 1 0 30396.dat
1 71 -880 -564 0 0 0 1 1 0 0 0 1 0 2736.dat
1 0 -880 -554 0 -1 0 0 0 0 -1 0 -1 0 32039.dat
1 0 -880 -534 0 -1 0 0 0 0 -1 0 -1 0 3705.dat
1 71 -895.001 -534 0 0 0 1 -1 0 0 0 -1 0 32123a.dat
1 71 -864.999 -534 0 0 0 1 -1 0 0 0 -1 0 32123a.dat
1 0 -910 -534 0 0 -1 0 0 0 1 -1 0 0 41669.dat
1 0 -850 -534 0 0 1 0 0 0 1 1 0 0 41669.dat
0 STEP
1 72 120 -88 -120 -1 0 0 0 1 0 0 0 -1 3029.dat
1 0 10 -112 -150 0 0 -1 0 1 0 1 0 0 6231.dat
0 STEP
1 0 110 -112 -150 -1 0 0 0 1 0 0 0 -1 6231.dat
1 0 60 -112 -150 -1 0 0 0 1 0 0 0 -1 30413.dat
0 STEP
1 0 10 -112 -120 0 0 -1 0 1 0 1 0 0 4865a.dat
1 0 110 -112 -120 0 0 1 0 1 0 -1 0 0 4865a.dat
0 STEP
1 0 100 -112 -90 1 0 0 0 1 0 0 0 1 2730.dat
0 STEP
1 2 210 -112 -90 0 0 1 0 1 0 -1 0 0 6541.dat
1 2 130 -112 -120 0 0 1 0 1 0 -1 0 0 3004.dat
1 72 20 -120 -90 1 0 0 0 1 0 0 0 1 2412b.dat
1 72 60 -120 -90 1 0 0 0 1 0 0 0 1 2412b.dat
1 72 100 -120 -90 1 0 0 0 1 0 0 0 1 2412b.dat
0 STEP
1 14 130 -136 -110 0 0 1 0 1 0 -1 0 0 3622.dat
1 14 130 -160 -110 0 0 1 0 1 0 -1 0 0 3622.dat
0 STEP
1 0 180 -136 -90 1 0 0 0 1 0 0 0 1 3010.dat
1 0 180 -160 -90 1 0 0 0 1 0 0 0 1 3010.dat
0 STEP
1 0 130 -160 -150 1 0 0 0 1 0 0 0 1 60583a.dat
1 0 230 -160 -150 1 0 0 0 1 0 0 0 1 60583a.dat
1 0 180 -160 -150 -1 0 0 0 1 0 0 0 -1 60594.dat
0 STEP
1 72 130 -160 -170 0 0 -1 0 1 0 1 0 0 60800b.dat
1 72 230 -88 -170 0 0 1 0 -1 0 1 0 0 60800b.dat
0 STEP
1 72 230 -96 -100 0 0 1 0 1 0 -1 0 0 3710.dat
1 1 230 -120 -100 0 0 -1 0 1 0 1 0 0 30414.dat
1 72 230 -128 -100 0 0 1 0 1 0 -1 0 0 3710.dat
1 72 230 -136 -100 0 0 1 0 1 0 -1 0 0 3710.dat
1 1 230 -160 -100 0 0 -1 0 1 0 1 0 0 30414.dat
0 STEP
1 14 180 -168 -120 -1 0 0 0 1 0 0 0 -1 6180.dat
0 STEP
1 72 120 -88 120 -1 0 0 0 1 0 0 0 -1 3029.dat
1 0 100 -112 90 1 0 0 0 1 0 0 0 1 2730.dat
0 STEP
1 72 100 -112 150 1 0 0 0 1 0 0 0 1 2877.dat
1 0 40 -112 150 1 0 0 0 1 0 0 0 1 3010.dat
0 STEP
1 14 80 -120 120 1 0 0 0 1 0 0 0 1 3031.dat
1 72 20 -120 150 1 0 0 0 1 0 0 0 1 2412b.dat
1 72 20 -120 90 1 0 0 0 1 0 0 0 1 2412b.dat
0 STEP
1 2 210 -112 90 0 0 1 0 1 0 -1 0 0 6541.dat
1 2 130 -112 120 0 0 1 0 1 0 -1 0 0 3004.dat
0 STEP
1 14 130 -136 110 0 0 1 0 1 0 -1 0 0 3622.dat
1 14 130 -160 110 0 0 1 0 1 0 -1 0 0 3622.dat
0 STEP
1 0 180 -136 90 -1 0 0 0 1 0 0 0 -1 3010.dat
1 0 180 -160 90 -1 0 0 0 1 0 0 0 -1 3010.dat
0 STEP
1 0 230 -160 150 -1 0 0 0 1 0 0 0 -1 60583a.dat
1 0 130 -160 150 -1 0 0 0 1 0 0 0 -1 60583a.dat
1 0 180 -160 150 1 0 0 0 1 0 0 0 1 60594.dat
0 STEP
1 72 230 -160 170 0 0 1 0 1 0 -1 0 0 60800b.dat
1 72 130 -88 170 0 0 -1 0 -1 0 -1 0 0 60800b.dat
0 STEP
1 72 230 -96 100 0 0 1 0 1 0 -1 0 0 3710.dat
1 1 230 -120 100 0 0 -1 0 1 0 1 0 0 30414.dat
1 72 230 -128 100 0 0 1 0 1 0 -1 0 0 3710.dat
1 72 230 -136 100 0 0 1 0 1 0 -1 0 0 3710.dat
1 1 230 -160 100 0 0 -1 0 1 0 1 0 0 30414.dat
0 STEP
1 14 180 -168 120 1 0 0 0 1 0 0 0 1 6180.dat
0 STEP
1 14 50 -192 140 0 0 -1 0 1 0 1 0 0 3684a.dat
1 14 50 -192 100 0 0 -1 0 1 0 1 0 0 3684a.dat
0 STEP
1 72 40 -200 150 -1 0 0 0 1 0 0 0 -1 3023.dat
1 72 40 -200 90 -1 0 0 0 1 0 0 0 -1 3023.dat
1 0 50 -200 120 0 0 1 0 1 0 -1 0 0 48336.dat
0 STEP
1 14 50 -208 120 0 0 1 0 1 0 -1 0 0 2431.dat
0 STEP
1 72 -10 -88 120 0 0 1 0 1 0 -1 0 0 3710.dat
1 14 -10 -96 130 0 0 1 0 1 0 -1 0 0 4592.dat
1 0 -10 -96 130 0 0 1 0 1 0 -1 0 0 4593.dat
1 14 -10 -96 110 0 0 1 0 1 0 -1 0 0 4592.dat
1 0 -10 -96 110 0 0 1 0 1 0 -1 0 0 4593.dat
0 STEP
1 40 -10 -184 120 0 0 1 0 1 0 -1 0 0 4872.dat
0 STEP
1 72 -30 -192 120 0 0 1 0 1 0 -1 0 0 3710.dat
1 0 -50 -192 140 0 0 1 0 1 0 -1 0 0 48336.dat
1 0 -50 -192 100 0 0 1 0 1 0 -1 0 0 48336.dat
0 STEP
1 72 0 -192 120 0 0 1 0 1 0 -1 0 0 3020.dat
1 71 10 -200 120 0 0 -1 0 1 0 1 0 0 60470a.dat
0 STEP
1 14 10 -208 120 0 0 1 0 1 0 -1 0 0 45677.dat
0 STEP
1 71 -82.728 -205.556 100 0 -0.707107 -0.707107 0 0.707107 -0.707107 1 0 0 60470a.dat
1 46 -88.385 -199.899 100 0 -0.707107 -0.707107 0 0.707107 -0.707107 1 0 0 3023.dat
1 71 -82.728 -205.556 140 0 -0.707107 -0.707107 0 0.707107 -0.707107 1 0 0 60470a.dat
1 46 -88.385 -199.899 140 0 -0.707107 -0.707107 0 0.707107 -0.707107 1 0 0 3023.dat
0 STEP
1 14 230 -168 0 0 0 -1 0 1 0 1 0 0 3460.dat
0 STEP
1 72 230 -176 80 0 0 -1 0 1 0 1 0 0 2412b.dat
1 72 230 -176 -80 0 0 -1 0 1 0 1 0 0 2412b.dat
1 57 230 -168 110 -1 0 0 0 1 0 0 0 -1 54200.dat
1 57 230 -168 -110 1 0 0 0 1 0 0 0 1 54200.dat
0 STEP
1 0 248 -120 100 0 -1 0 0 0 -1 1 0 0 3032.dat
0 STEP
1 0 272 -100 80 0 -1 0 -1 0 0 0 0 -1 41766.dat
1 0 272 -140 80 0 -1 0 -1 0 0 0 0 -1 41766.dat
0 STEP
1 14 248 -120 0 0 -1 0 0 0 -1 1 0 0 3020.dat
0 STEP
1 0 248 -120 -100 0 -1 0 0 0 1 -1 0 0 3032.dat
0 STEP
1 0 272 -140 -80 0 -1 0 1 0 0 0 0 1 41766.dat
1 0 272 -100 -80 0 -1 0 1 0 0 0 0 1 41766.dat
0 STEP
1 0 280 -120 0 0 -1 0 0 0 1 -1 0 0 6179.dat
0 STEP
1 72 288 -90 20 0 -1 0 0 0 1 -1 0 0 2412b.dat
1 72 288 -90 -20 0 -1 0 0 0 1 -1 0 0 2412b.dat
0 STEP
1 14 0 0 0 1 0 0 0 1 0 0 0 1 7632 - String.ldr



0 FILE 7632 - Fence.ldr
0 Fence
0 Name: 7632 - Fence.ldr
0 Author: Marc Giraudet [Mad_Marc]
0 !LDRAW_ORG Model
0 !LICENSE Redistributable under CCAL version 2.0 : see CAreadme.txt
1 15 0 0 0 1 0 0 0 1 0 0 0 1 6079.dat
1 15 50 64 0 0 0 -1 0 1 0 1 0 0 3794a.dat
1 15 -50 64 0 0 0 -1 0 1 0 1 0 0 3794a.dat
0 STEP
1 57 -50 4 0 0 0 -1 0 1 0 1 0 0 58176.dat
1 57 50 4 0 0 0 -1 0 1 0 1 0 0 58176.dat



0 FILE 7632 - Modular.ldr
0 Modular
0 Name: 7632 - Modular.ldr
0 Author: Marc Giraudet [Mad_Marc]
0 !LDRAW_ORG Model
0 !LICENSE Redistributable under CCAL version 2.0 : see CAreadme.txt
1 0 -80 0 0 1 0 0 0 1 0 0 0 1 7632 - Door.ldr
1 0 80 0 0 1 0 0 0 1 0 0 0 1 7632 - Window.ldr
1 72 -70 -16 0 0 0 1 0 1 0 -1 0 0 30104k01.dat
1 72 70 -16 0 0 0 -1 0 1 0 1 0 0 30104k01.dat
1 72 35 -125 0 1 0 0 0 -1 0 0 0 -1 7632 - Chain LH.ldr
1 72 -80 -106 0 1 0 0 0 -1 0 0 0 -1 7632 - Chain RH.ldr
1 72 4.5 -146 0 0 1 0 -1 0 0 0 0 1 30104k02.dat




0 FILE 7632 - Door.ldr
0 Door
0 Name: 7632 - Door.ldr
0 Author: Marc Giraudet [Mad_Marc]
0 !LDRAW_ORG Model
0 !LICENSE Redistributable under CCAL version 2.0 : see CAreadme.txt
1 15 0 0 0 1 0 0 0 1 0 0 0 1 30179.dat
1 47 -32 0 -6 1 0 0 0 1 0 0 0 1 60616a.dat
0 STEP
1 15 25 70 -17.75 1 0 0 0 0 -1 0 1 0 6141.dat
0 STEP
1 72 0 144 0 1 0 0 0 1 0 0 0 1 3460.dat
1 2 -50 120 0 1 0 0 0 1 0 0 0 1 6541.dat
1 2 50 120 0 1 0 0 0 1 0 0 0 1 6541.dat
0 STEP
1 2 70 120 0 0 0 -1 0 1 0 1 0 0 6541.dat
1 2 -70 120 0 0 0 -1 0 1 0 1 0 0 6541.dat
0 STEP
1 2 -60 96 0 -1 0 0 0 1 0 0 0 -1 3004.dat
1 2 60 96 0 -1 0 0 0 1 0 0 0 -1 3004.dat
1 2 -60 72 0 -1 0 0 0 1 0 0 0 -1 3004.dat
1 2 60 72 0 -1 0 0 0 1 0 0 0 -1 3004.dat
1 2 -60 48 0 -1 0 0 0 1 0 0 0 -1 3004.dat
1 2 60 48 0 -1 0 0 0 1 0 0 0 -1 3004.dat
1 2 -60 24 0 -1 0 0 0 1 0 0 0 -1 3004.dat
1 2 60 24 0 -1 0 0 0 1 0 0 0 -1 3004.dat
0 STEP
1 2 -50 0 0 1 0 0 0 1 0 0 0 1 6541.dat
1 2 50 0 0 1 0 0 0 1 0 0 0 1 6541.dat
1 2 70 0 0 0 0 -1 0 1 0 1 0 0 6541.dat
1 2 -70 0 0 0 0 -1 0 1 0 1 0 0 6541.dat
0 STEP
1 72 0 -8 0 1 0 0 0 1 0 0 0 1 3460.dat



0 FILE 7632 - Window.ldr
0 Window
0 Name: 7632 - Window.ldr
0 Author: Marc Giraudet [Mad_Marc]
0 !LDRAW_ORG Model
0 !LICENSE Redistributable under CCAL version 2.0 : see CAreadme.txt
1 15 0 0 0 1 0 0 0 1 0 0 0 1 57894.dat
1 47 0 0 -3 1 0 0 0 1 0 0 0 1 57895.dat
0 STEP
1 72 0 144 0 1 0 0 0 1 0 0 0 1 3460.dat
1 2 -50 120 0 1 0 0 0 1 0 0 0 1 6541.dat
1 2 50 120 0 1 0 0 0 1 0 0 0 1 6541.dat
0 STEP
1 2 70 120 0 0 0 -1 0 1 0 1 0 0 6541.dat
1 2 -70 120 0 0 0 -1 0 1 0 1 0 0 6541.dat
0 STEP
1 2 -60 96 0 -1 0 0 0 1 0 0 0 -1 3004.dat
1 2 60 96 0 -1 0 0 0 1 0 0 0 -1 3004.dat
1 2 -60 72 0 -1 0 0 0 1 0 0 0 -1 3004.dat
1 2 60 72 0 -1 0 0 0 1 0 0 0 -1 3004.dat
1 2 -60 48 0 -1 0 0 0 1 0 0 0 -1 3004.dat
1 2 60 48 0 -1 0 0 0 1 0 0 0 -1 3004.dat
1 2 -60 24 0 -1 0 0 0 1 0 0 0 -1 3004.dat
1 2 60 24 0 -1 0 0 0 1 0 0 0 -1 3004.dat
0 STEP
1 2 -50 0 0 1 0 0 0 1 0 0 0 1 6541.dat
1 2 50 0 0 1 0 0 0 1 0 0 0 1 6541.dat
1 2 70 0 0 0 0 -1 0 1 0 1 0 0 6541.dat
1 2 -70 0 0 0 0 -1 0 1 0 1 0 0 6541.dat
0 STEP
1 72 0 -8 0 1 0 0 0 1 0 0 0 1 3460.dat
0 STEP
1 0 -80 10 0 1 0 0 0 1 0 0 0 1 2780.dat
1 0 -80 130 0 1 0 0 0 1 0 0 0 1 2780.dat



0 FILE 7632 - Worker.ldr
0 Worker
0 Name: 7632 - Worker.ldr
0 Author: Marc Giraudet [Mad_Marc]
0 !LDRAW_ORG Model
0 !LICENSE Redistributable under CCAL version 2.0 : see CAreadme.txt
1 4 0 -24 0 1 0 0 0 1 0 0 0 1 3833.dat
1 14 0 -24 0 1 0 0 0 1 0 0 0 1 3626cp8h.dat
1 25 0 0 0 1 0 0 0 1 0 0 0 1 973p8g.dat
1 72 0 32 0 1 0 0 0 1 0 0 0 1 3815b.dat
1 25 -15.552 9 0 0.985 -0.17 0 0.17 0.985 0 0 0 1 3818.dat
1 25 15.552 9 0 0.985 0.17 0 -0.17 0.985 0 0 0 1 3819.dat
1 72 -23.8634 26.5956 -10.321 0.985 -0.12019 0.12019 0.17 0.696395 -0.696395 0 0.707 0.707 3820.dat
1 72 23.8634 26.5956 -10.321 0.985 0.12019 -0.12019 -0.17 0.696395 -0.696395 0 0.707 0.707 3820.dat
1 25 0 44 0 1 0 0 0 1 0 0 0 1 3816b.dat
1 25 0 44 0 1 0 0 0 1 0 0 0 1 3817b.dat



0 FILE 7632 - Leader.ldr
0 Leader
0 Name: 7632 - Leader.ldr
0 Author: Marc Giraudet [Mad_Marc]
0 !LDRAW_ORG Model
0 !LICENSE Redistributable under CCAL version 2.0 : see CAreadme.txt
1 4 0 -24 0 1 0 0 0 1 0 0 0 1 3833.dat
1 14 0 -24 0 1 0 0 0 1 0 0 0 1 3626bp0e.dat
1 272 0 0 0 1 0 0 0 1 0 0 0 1 973pdd.dat
1 72 0 32 0 1 0 0 0 1 0 0 0 1 3815b.dat
1 272 -15.552 9 0 0.985 -0.17 0 0.17 0.985 0 0 0 1 3818.dat
1 272 15.552 9 0 0.985 0.17 0 -0.17 0.985 0 0 0 1 3819.dat
1 14 -23.8634 26.5956 -10.321 0.985 -0.12019 0.12019 0.17 0.696395 -0.696395 0 0.707 0.707 3820.dat
1 14 23.8634 26.5956 -10.321 0.985 0.12019 -0.12019 -0.17 0.696395 -0.696395 0 0.707 0.707 3820.dat
1 72 0 44 0 1 0 0 0 1 0 0 0 1 3816b.dat
1 72 0 44 0 1 0 0 0 1 0 0 0 1 3817b.dat
0 STEP
1 0 -24.8576 32.3562 -17.5409 0.14567 -0.0874983 -0.985 -0.844031 0.506976 -0.17 0.514696 0.856884 0 3962b.dat



0 FILE 7632 - String.ldr
0 String
0 Name: 7632 - String.ldr
0 Author: Marc Giraudet [Mad_Marc]
0 !LDRAW_ORG Model
0 !LICENSE Redistributable under CCAL version 2.0 : see CAreadme.txt
1 0 110 -304 0 -0.866 0.5 0 -0.5 -0.866 0 0 0 1 7632 - String Part1.ldr
1 0 -850 -914 0 -1 0 0 0 1 0 0 0 -1 7632 - String Part2.ldr
1 0 -927 -874 0 0 -1 0 1 0 0 0 0 1 7632 - String Part3.ldr
1 0 -927 -854 0 0.259 -0.966 0 0.966 0.259 0 0 0 1 7632 - String Part4.ldr
1 0 -897 -662 0 0.259 -0.966 0 0.966 0.259 0 0 0 1 7632 - String Part5.ldr
1 0 -847 -798 0 0.259 -0.966 0 0.966 0.259 0 0 0 1 7632 - String Part6.ldr




0 FILE 7632 - Chain LH.ldr
0 Chain LH
0 Name: 7632 - Chain LH.ldr
0 Author: Marc Giraudet [Mad_Marc]
0 !LDRAW_ORG Model
0 !LICENSE Redistributable under CCAL version 2.0 : see CAreadme.txt
0 !CATEGORY minifig
0 !KEYWORDS flexible, chain
0 !LDCAD CONTENT [type=path] [addFallBack=default] [looped=false] [displayKind=links] [curveStep=0] [displayLenCor=0]

0 !LDCAD PATH_POINT [type=bezier] [posOri=-30 20 0 0 0.258819 0.965926 0 -0.965926 0.258819 1 0 0] [prevCPDist=10] [nextCPDist=10] [cirR=20] [cirDir=xyCW] [prevYRoll=0] [nextYRoll=0]
0 !LDCAD PATH_POINT [type=bezier] [posOri=17 -112 0 0 -0.258819 -0.965926 0 0.965926 -0.258819 1 0 0] [prevCPDist=10] [nextCPDist=10] [cirR=20] [cirDir=xyCW] [prevYRoll=0] [nextYRoll=0]

0 !LDCAD PATH_SKIN [donCol=16] [donOri=1 0 0 0 1 0 0 0 1] [donPart=209.dat] [donYSize=100%] [donCen=absCen] [donCenYOfs=7] [donFinScale=none] [donPlace=refsStat] [donYAlign=-1] [donInline=false] [segSize=14] [segSizeTol=25%] [segsCnt=0] [segsGrp=1] [segsMaxMerge=1] [segsMrgAng=0] [segsMrgRollAng=0] [segsEdgeDelKind=keepFirstLeft]
0 !LDCAD PATH_SKIN [donCol=16] [donOri=0 0 1 0 -1 0 1 0 0] [donPart=209.dat] [donYSize=100%] [donCen=absCen] [donCenYOfs=7] [donFinScale=none] [donPlace=refsStat] [donYAlign=-1] [donInline=false] [segSize=14] [segSizeTol=25%] [segsCnt=0] [segsGrp=1] [segsMaxMerge=1] [segsMrgAng=0] [segsMrgRollAng=0] [segsEdgeDelKind=keepFirstLeft]

0 !LDCAD GENERATED [generator=LDCad 1.6c]
0 //This is the fallback LDraw content for above PATH configuration.
0 // Do not edit, any changes will be lost upon regeneration.
0 // The path is approx 56.45 mm (141.13) and exists out of 10 segments.

0 //Some general hints about the document.
0 UNOFFICIAL PART
0 BFC CERTIFY CCW

0 //Segments
1 16 -29.08657 17.672846 0 0 -0.365372 -0.930862 0 0.930862 -0.365372 1 0 0 30104k02.dat
1 16 -21.233024 -3.118474 0 -0.93966 0.342109 0 -0.342109 -0.93966 0 0 0 1 30104k02.dat
1 16 -19.453205 -8.032035 0 0 -0.338894 -0.940824 0 0.940824 -0.338894 1 0 0 30104k02.dat
1 16 -11.604519 -29.891688 0 -0.941526 0.33694 0 -0.33694 -0.941526 0 0 0 1 30104k02.dat
1 16 -9.847489 -34.813463 0 0 -0.335413 -0.942071 0 0.942071 -0.335413 1 0 0 30104k02.dat
1 16 -2.24132 -56.228805 0 -0.942578 0.333985 0 -0.333985 -0.942578 0 0 0 1 30104k02.dat
1 16 -0.49994 -61.15614 0 0 -0.332375 -0.943147 0 0.943147 -0.332375 1 0 0 30104k02.dat
1 16 7.195923 -83.070062 0 -0.943876 0.330299 0 -0.330299 -0.943876 0 0 0 1 30104k02.dat
1 16 8.913507 -88.005731 0 0 -0.326877 -0.945067 0 0.945067 -0.326877 1 0 0 30104k02.dat
1 16 16.186818 -109.535782 0 -0.94963 0.313374 0 -0.313374 -0.94963 0 0 0 1 30104k02.dat


0 FILE 7632 - Chain RH.ldr
0 Chain RH
0 Name: 7632 - Chain RH.ldr
0 Author: Marc Giraudet [Mad_Marc]
0 !LDRAW_ORG Model
0 !LICENSE Redistributable under CCAL version 2.0 : see CAreadme.txt
0 !CATEGORY minifig
0 !KEYWORDS flexible, chain
0 !LDCAD CONTENT [type=path] [addFallBack=default] [looped=false] [displayKind=links] [curveStep=0] [displayLenCor=0]

0 !LDCAD PATH_POINT [type=bezier] [posOri=75 39 0 0 -0.258819 0.965926 0 -0.965926 -0.258819 1 0 0] [prevCPDist=10] [nextCPDist=10] [cirR=20] [cirDir=xyCW] [prevYRoll=0] [nextYRoll=0]
0 !LDCAD PATH_POINT [type=bezier] [posOri=28 -93 0 0 0.258819 -0.965926 0 0.965926 0.258819 1 0 0] [prevCPDist=10] [nextCPDist=10] [cirR=20] [cirDir=xyCW] [prevYRoll=0] [nextYRoll=0]

0 !LDCAD PATH_SKIN [donCol=16] [donOri=1 0 0 0 1 0 0 0 1] [donPart=209.dat] [donYSize=100%] [donCen=absCen] [donCenYOfs=7] [donFinScale=none] [donPlace=refsStat] [donYAlign=-1] [donInline=false] [segSize=14] [segSizeTol=25%] [segsCnt=0] [segsGrp=1] [segsMaxMerge=1] [segsMrgAng=0] [segsMrgRollAng=0] [segsEdgeDelKind=keepFirstLeft]
0 !LDCAD PATH_SKIN [donCol=16] [donOri=0 0 1 0 -1 0 1 0 0] [donPart=209.dat] [donYSize=100%] [donCen=absCen] [donCenYOfs=7] [donFinScale=none] [donPlace=refsStat] [donYAlign=-1] [donInline=false] [segSize=14] [segSizeTol=25%] [segsCnt=0] [segsGrp=1] [segsMaxMerge=1] [segsMrgAng=0] [segsMrgRollAng=0] [segsEdgeDelKind=keepFirstLeft]

0 !LDCAD GENERATED [generator=LDCad 1.6c]
0 //This is the fallback LDraw content for above PATH configuration.
0 // Do not edit, any changes will be lost upon regeneration.
0 // The path is approx 56.45 mm (141.13) and exists out of 10 segments.

0 //Some general hints about the document.
0 UNOFFICIAL PART
0 BFC CERTIFY CCW

0 //Segments
1 16 74.08657 36.672846 0 0 0.365372 -0.930862 0 0.930862 0.365372 1 0 0 30104k02.dat
1 16 66.233024 15.881526 0 -0.93966 -0.342109 0 0.342109 -0.93966 0 0 0 1 30104k02.dat
1 16 64.453205 10.967965 0 0 0.338894 -0.940824 0 0.940824 0.338894 1 0 0 30104k02.dat
1 16 56.604519 -10.891688 0 -0.941526 -0.33694 0 0.33694 -0.941526 0 0 0 1 30104k02.dat
1 16 54.847489 -15.813463 0 0 0.335413 -0.942071 0 0.942071 0.335413 1 0 0 30104k02.dat
1 16 47.24132 -37.228805 0 -0.942578 -0.333985 0 0.333985 -0.942578 0 0 0 1 30104k02.dat
1 16 45.49994 -42.15614 0 0 0.332375 -0.943147 0 0.943147 0.332375 1 0 0 30104k02.dat
1 16 37.804077 -64.070062 0 -0.943876 -0.330299 0 0.330299 -0.943876 0 0 0 1 30104k02.dat
1 16 36.086493 -69.005731 0 0 0.326877 -0.945067 0 0.945067 0.326877 1 0 0 30104k02.dat
1 16 28.813182 -90.535782 0 -0.94963 -0.313374 0 0.313374 -0.94963 0 0 0 1 30104k02.dat


0 FILE 7632 - String Part1.ldr
0 String Part1
0 Name: 7632 - String Part1.ldr
0 Author: Marc Giraudet [Mad_Marc]
0 !LDRAW_ORG Model
0 !LICENSE Redistributable under CCAL version 2.0 : see CAreadme.txt
0 !KEYWORDS flexible, string, rope
0 !LDCAD CONTENT [type=path] [addFallBack=default] [looped=false] [displayKind=mm] [curveStep=0] [displayLenCor=0]

0 !LDCAD PATH_POINT [type=bezier] [posOri=0 0 -13 0 -1 0 1 0 0 0 0 1] [prevCPDist=25] [nextCPDist=25] [cirR=25] [cirDir=xyCW] [prevYRoll=0] [nextYRoll=0]
0 !LDCAD PATH_POINT [type=bezier] [posOri=1128.32221 48.311395 -10 0.5 -0.866025 0 0.866025 0.5 0 0 0 1] [prevCPDist=14] [nextCPDist=25] [cirR=25] [cirDir=xyCW] [prevYRoll=0] [nextYRoll=0]

0 !LDCAD PATH_SKIN [donCol=16] [donOri=1 0 0 0 1 0 0 0 1] [donPart=ldcLQRopeSeg.dat] [donYSize=400%] [donCen=absCen] [donCenYOfs=0] [donFinScale=segMerge] [donPlace=refsStat] [donYAlign=0] [donInline=true] [segSize=75%] [segSizeTol=5%] [segsCnt=0] [segsGrp=0] [segsMaxMerge=0] [segsMrgAng=0] [segsMrgRollAng=0] [segsEdgeDelKind=keepFirstLeft]

0 !LDCAD GENERATED [generator=LDCad 1.6c]
0 //This is the fallback LDraw content for above PATH configuration.
0 // Do not edit, any changes will be lost upon regeneration.
0 // The path is approx 451.78 mm (1129.46) and exists out of 7 segments.

0 //Some general hints about the document.
0 UNOFFICIAL PART
0 BFC CERTIFY CCW

0 //Some of this content has been generated from other LDraw files, many thanks to all involved.
0 // Credits for "ldcLQRopeSeg.dat":
0 // Author: LDCad

0 //Segments
1 16 15.518509 0.567925 -12.969116 -0.054858 -16.00866 -0.002983 1.498997 -0.585863 -0.000056 -0.000053 -0.031859 1.499997 4-4cyli.dat
1 16 1081.015936 48.347476 -10.119308 -0.06719 -1066.302841 -0.004008 1.498494 -47.811624 -0.00008 -0.0001 -2.851627 1.499995 4-4cyli.dat
1 16 1111.253044 48.916258 -10.040472 -0.028611 -31.033064 -0.00393 1.499727 -0.59209 0.00093 -0.001005 -0.080932 1.499995 4-4cyli.dat
1 16 1120.289679 48.888508 -10.017769 0.00293 -10.011594 -0.003774 1.499997 0.019543 0.000962 -0.000955 -0.025201 1.499995 4-4cyli.dat
