0 FILE 7817 - main.ldr
0 main
0 Name: 7817 - main.ldr
0 Author: TotalyWicked [TotalyWicked]
0 !LDRAW_ORG Model
0 !LICENSE Redistributable under CCAL version 2.0 : see CAreadme.txt
0 !HISTORY 2020-03-18 [bercik] OMR version by Robert Paciorek [bercik] with perrmision of TotalyWicked

1 4 0 96 -45.5188 1 0 0 0 1 0 0 0 1 7817 - wagon.ldr
1 14 210.0052 -8 0.155 1 0 0 0 1 0 0 0 1 7817 - cargo.ldr
1 16 -20.5346 -24.9998 -12.1416 1 0 0 0 1 0 0 0 1 7817 - minifig.ldr
1 14 -97.4847 -64 -169.694 0.5 0 -0.866025 0 1 0 0.866025 0 0.5 7817 - cargo.ldr


0 FILE 7817 - wagon.ldr
0 wagon
0 Name: 7817 - wagon.ldr
0 Author: TotalyWicked [TotalyWicked]
0 !LDRAW_ORG Model
0 !LICENSE Redistributable under CCAL version 2.0 : see CAreadme.txt
0 !HISTORY 2020-03-18 [bercik] OMR version by Robert Paciorek [bercik] with perrmision of TotalyWicked

1 16 0 -18 45.9538 1 0 0 0 1 0 0 0 1 7817 - wahon - base.ldr
1 7 90 -48 155.5088 0 0 1 0 1 0 -1 0 0 3942a.dat
1 7 -90 -48 155.5088 0 0 1 0 1 0 -1 0 0 3942a.dat
1 7 90 -48 -64.4912 0 0 1 0 1 0 -1 0 0 3942a.dat
1 7 -90 -48 -64.4912 0 0 1 0 1 0 -1 0 0 3942a.dat
1 7 90 -56 125.5088 0 0 1 0 1 0 -1 0 0 4263.dat
1 7 -90 -56 125.5088 0 0 1 0 1 0 -1 0 0 4263.dat
1 7 90 -56 -34.4912 0 0 1 0 1 0 -1 0 0 4263.dat
1 7 -90 -56 -34.4912 0 0 1 0 1 0 -1 0 0 4263.dat
1 16 3.5617 -97 53.3842 0.5 0 -0.866025 0 1 0 0.866025 0 0.5 7817 - crane.ldr


0 FILE 7817 - wahon - base.ldr
0 wahon - base
0 Name: 7817 - wahon - base.ldr
0 Author: TotalyWicked [TotalyWicked]
0 !LDRAW_ORG Model
0 !LICENSE Redistributable under CCAL version 2.0 : see CAreadme.txt
0 !HISTORY 2020-03-18 [bercik] OMR version by Robert Paciorek [bercik] with perrmision of TotalyWicked

1 16 270 -102 49.565 1 0 0 0 1 0 0 0 1 4589.dat
1 16 270 -102 -50.435 1 0 0 0 1 0 0 0 1 4589.dat
1 16 -270 -102 49.565 1 0 0 0 1 0 0 0 1 4589.dat
1 16 -270 -102 -50.435 1 0 0 0 1 0 0 0 1 4589.dat
1 16 -200 -64 -0.465 1 0 0 0 1 0 0 0 1 7817 - wahon - wheels.ldr
1 0 90 -49 49.555 0 0 1 -1 0 0 0 -1 0 4459.dat
1 0 -90 -49 49.555 0 0 1 -1 0 0 0 -1 0 4459.dat
1 0 90 -49 -50.445 0 0 1 -1 0 0 0 -1 0 4459.dat
1 0 -90 -49 -50.445 0 0 1 -1 0 0 0 -1 0 4459.dat
1 0 0 -78 -0.435 1 0 0 0 1 0 0 0 1 4093c.dat
1 16 -270 -102 -0.455 0 0 1 0 1 0 -1 0 0 3633.dat
1 16 -150 -102 -0.455 0 0 -1 0 1 0 1 0 0 3633.dat
1 16 -150 -102 49.565 1 0 0 0 1 0 0 0 1 4589.dat
1 16 -150 -102 -50.435 1 0 0 0 1 0 0 0 1 4589.dat
1 16 150 -102 -0.455 0 0 1 0 1 0 -1 0 0 3633.dat
1 16 270 -102 -0.455 0 0 -1 0 1 0 1 0 0 3633.dat
1 16 150 -102 49.565 1 0 0 0 1 0 0 0 1 4589.dat
1 16 150 -102 -50.435 1 0 0 0 1 0 0 0 1 4589.dat
1 0 20 -86 -30.435 1 0 0 0 1 0 0 0 1 3069b.dat
1 0 -20 -86 -30.435 1 0 0 0 1 0 0 0 1 3069b.dat
1 0 20 -86 29.565 1 0 0 0 1 0 0 0 1 3069b.dat
1 0 -20 -86 29.565 1 0 0 0 1 0 0 0 1 3069b.dat
1 0 0 -86 -0.435 1 0 0 0 1 0 0 0 1 3680.dat
1 0 0 -38 -0.435 1 0 0 0 1 0 0 0 1 3030.dat
1 0 0 -46 -0.435 1 0 0 0 1 0 0 0 1 3034.dat
1 0 -20 -62 29.555 -1 0 0 0 1 0 0 0 -1 3660.dat
1 0 20 -62 29.555 -1 0 0 0 1 0 0 0 -1 3660.dat
1 0 20 -62 -30.435 1 0 0 0 1 0 0 0 1 3660.dat
1 0 -20 -62 -30.435 1 0 0 0 1 0 0 0 1 3660.dat
1 7 -90 -46 -0.445 0 0 1 0 1 0 -1 0 0 4262.dat
1 7 90 -46 -0.445 0 0 1 0 1 0 -1 0 0 4262.dat
1 0 0 -70 -0.435 1 0 0 0 1 0 0 0 1 3006.dat
1 0 0 -70 29.565 1 0 0 0 1 0 0 0 1 3710.dat
1 0 0 -70 -30.435 1 0 0 0 1 0 0 0 1 3710.dat
1 16 200 -64 -0.465 -1 0 0 0 1 0 0 0 -1 7817 - wahon - wheels.ldr


0 FILE 7817 - wahon - wheels.ldr
0 wahon - wheels
0 Name: 7817 - wahon - wheels.ldr
0 Author: TotalyWicked [TotalyWicked]
0 !LDRAW_ORG Model
0 !LICENSE Redistributable under CCAL version 2.0 : see CAreadme.txt
0 !HISTORY 2020-03-18 [bercik] OMR version by Robert Paciorek [bercik] with perrmision of TotalyWicked

1 0 -70 24 0 0 0 1 0 1 0 -1 0 0 4023.dat
1 0 -40 8 0 0 0 1 0 1 0 -1 0 0 4022.dat
1 0 -104 28 0 0 0 1 0 1 0 -1 0 0 73092.dat
1 0 0 0 0.01 -1 0 0 0 1 0 0 0 -1 4092a.dat
1 0 0 8 -29.99 -1 0 0 0 1 0 0 0 -1 3009.dat
1 0 0 8 30.01 -1 0 0 0 1 0 0 0 -1 3009.dat
1 0 -40 32 0.02 0 0 1 0 1 0 -1 0 0 4180c02.dat
1 0 40 32 0.02 0 0 1 0 1 0 -1 0 0 4180c02.dat
1 0 0 24 0.01 -1 0 0 0 1 0 0 0 -1 3795.dat
1 0 0 16 0.01 -1 0 0 0 1 0 0 0 -1 3795.dat
1 0 20 8 0.01 -1 0 0 0 1 0 0 0 -1 3020.dat
1 0 -104 28 0.21 0 0 -1 0 1 0 1 0 0 2959.dat


0 FILE 7817 - crane.ldr
0 crane
0 Name: 7817 - crane.ldr
0 Author: TotalyWicked [TotalyWicked]
0 !LDRAW_ORG Model
0 !LICENSE Redistributable under CCAL version 2.0 : see CAreadme.txt
0 !HISTORY 2020-03-18 [bercik] OMR version by Robert Paciorek [bercik] with perrmision of TotalyWicked

1 0 90.2196 -149 0.5274 1 0 0 0 1 0 0 0 1 7817 - crane - arm.ldr
1 0 -9.7779 -139.1522 0.8854 1 0 0 0 1 0 0 0 1 7817 - crane - lock.ldr
1 16 59.9996 -152 9.9995 1 0 0 0 1 0 0 0 1 4531.dat
1 16 -0.0204 -128 -0.0106 0 0 -1 0 1 0 1 0 0 4213.dat
1 0 -50.2003 -31.876 10.0638 0.907959 -0.176606 0.380026 0 0.906858 0.421436 -0.419058 -0.382647 0.82339 4593.dat
1 0 -50.67 -32.177 -9.9202 -0.867014 -0.209668 0.452025 0 0.907163 0.42078 -0.498284 0.364822 -0.786523 4593.dat
1 0 -50.3453 -32 -10.0795 -0.867014 0 0.498284 0 1 0 -0.498284 0 -0.867014 4592.dat
1 0 -50.2255 -32 10.0444 0.907959 0 0.419058 0 1 0 -0.419058 0 0.907959 4592.dat
1 16 29.9892 -120 19.999 -1 0 0 0 1 0 0 0 -1 3021.dat
1 16 49.9999 -112 -0.0104 0 0 -1 0 1 0 1 0 0 3747a.dat
1 7 -19.999 -24 -0.0006 0 0 1 0 1 0 -1 0 0 4079.dat
1 16 9.9985 -40 -29.9999 0 0 1 0 1 0 -1 0 0 3040b.dat
1 16 9.9996 -40 30 0 0 1 0 1 0 -1 0 0 3040b.dat
1 16 39.9901 -64 -0.001 0 0 1 0 1 0 -1 0 0 73037.dat
1 16 9.9996 -64 30 0 0 1 0 1 0 -1 0 0 3005.dat
1 16 9.9985 -64 -29.9999 0 0 1 0 1 0 -1 0 0 3005.dat
1 16 -80.0208 -128 -0.0398 0 0 1 0 1 0 -1 0 0 3020.dat
1 16 19.9702 -144 -30.0093 -1 0 0 0 1 0 0 0 -1 4531.dat
1 16 19.9799 -144 29.9898 -1 0 0 0 1 0 0 0 -1 4531.dat
1 16 59.9993 -152 -10 1 0 0 0 1 0 0 0 1 4531.dat
1 47 -50.0203 -120 -0.0302 0 0 1 0 1 0 -1 0 0 4872.dat
1 16 -50.0203 -128 -0.0302 0 0 -1 0 1 0 1 0 0 4315.dat
1 16 49.9999 -136 -0.0104 0 0 1 0 1 0 -1 0 0 3023.dat
1 16 49.9999 -128 -0.0104 0 0 1 0 1 0 -1 0 0 3023.dat
1 16 79.9998 -136 0 0 0 1 0 1 0 -1 0 0 3003.dat
1 16 29.9892 -120 -20.0009 -1 0 0 0 1 0 0 0 -1 3021.dat
1 16 29.9892 -120 19.999 -1 0 0 0 1 0 0 0 -1 3021.dat
1 16 29.9891 -112 -30.0007 -1 0 0 0 1 0 0 0 -1 3622.dat
1 16 29.9897 -112 30.0001 -1 0 0 0 1 0 0 0 -1 3622.dat
1 16 20.0009 -112 -0.0006 0 0 1 0 1 0 -1 0 0 3003.dat
1 16 49.9999 -112 -0.0104 0 0 -1 0 1 0 1 0 0 3747a.dat
1 16 -49.9991 -24 -30.0009 1 0 0 0 1 0 0 0 1 30039.dat
1 16 -50.0003 -24 30.0012 1 0 0 0 1 0 0 0 1 30039.dat
1 16 -50.0004 -24 0.0113 0 0 1 0 1 0 -1 0 0 3023.dat
1 16 49.9999 -88 -0.0104 0 0 1 0 1 0 -1 0 0 3010.dat
1 16 20.0009 -88 -0.0006 0 0 1 0 1 0 -1 0 0 3001.dat
1 16 0 -16 0 1 0 0 0 1 0 0 0 1 3032.dat
1 0 100.5315 -142.5693 -23.7284 -0.955474 0.076668 0.28494 0.294692 0.297022 0.908259 0.014999 -0.951788 0.30639 7817 - LS60.dat
1 0 100.8972 -141.1856 -23.2322 -0.963978 0.069133 0.256839 0.265294 0.319248 0.90978 0.0191 -0.945146 0.326089 7817 - LS60.dat
1 0 101.2158 -139.8268 -22.6958 -0.972611 0.060832 0.224336 0.231403 0.344348 0.909877 0.0219 -0.936869 0.348994 7817 - LS60.dat
1 0 101.4826 -138.4613 -22.1058 -0.981279 0.051763 0.185505 0.191296 0.373489 0.907696 0.022299 -0.926189 0.376399 7817 - LS60.dat
1 0 101.6454 -137.0906 -21.4817 -0.989648 0.04156 0.137368 0.142307 0.40822 0.901723 0.018601 -0.911937 0.409909 7817 - LS60.dat
1 0 101.7293 -135.7732 -20.7781 -0.996728 0.029979 0.075058 0.080502 0.450963 0.888905 0.007199 -0.892039 0.451901 7817 - LS60.dat
1 0 101.7044 -134.4875 -20.0106 -1 0.00005 0.000087 0.0001 0.495385 0.868674 0 -0.868674 0.495385 7817 - LS60.dat
1 0 101.6962 -133.1606 -19.2936 -1 -0.000039 0.000136 0.0001 0.484887 0.874577 0.0001 -0.874577 0.484887 7817 - LS60.dat
1 0 101.6951 -131.8226 -18.5825 -1 0.000006 0.000224 0.0002 0.472709 0.881218 0.0001 -0.881218 0.472709 7817 - LS60.dat
1 0 101.6997 -130.4807 -17.904 -1 -0.00004 0.000358 0.0003 0.458617 0.888634 0.0002 -0.888634 0.458617 7817 - LS60.dat
1 0 101.7109 -129.1464 -17.2495 -1 -0.000002 0.000447 0.0004 0.442607 0.896716 0.0002 -0.896716 0.442607 7817 - LS60.dat
1 0 101.7119 -127.7929 -16.6209 -1 0.000031 0.000538 0.0005 0.42439 0.905479 0.0002 -0.90548 0.42439 7817 - LS60.dat
1 0 101.7014 -126.3951 -16.0181 -1 0.000019 0.000538 0.0005 0.404105 0.914712 0.0002 -0.914712 0.404105 7817 - LS60.dat
1 0 101.7133 -125.0081 -15.4571 -1 0.000044 0.000631 0.0006 0.381609 0.924323 0.0002 -0.924324 0.381609 7817 - LS60.dat
1 0 101.7132 -123.6079 -14.9367 -1 0.000027 0.000632 0.0006 0.356794 0.934183 0.0002 -0.934183 0.356794 7817 - LS60.dat
1 0 101.7146 -122.1773 -14.4548 -1 0.000009 0.000632 0.0006 0.329905 0.944014 0.0002 -0.944014 0.329905 7817 - LS60.dat
1 0 101.714 -120.7507 -14.0195 -1 -0.00001 0.000632 0.0006 0.300887 0.95366 0.0002 -0.95366 0.300887 7817 - LS60.dat
1 0 101.7153 -119.2926 -13.6316 -1 -0.00003 0.000632 0.0006 0.269897 0.962889 0.0002 -0.962889 0.269897 7817 - LS60.dat
1 0 101.7148 -117.8297 -13.2835 -1 0.000045 0.000607 0.0006 0.237097 0.971486 0.0001 -0.971486 0.237097 7817 - LS60.dat
1 0 101.7145 -116.3471 -13.0004 -1 0.000003 0.00051 0.0005 0.202804 0.979219 0.0001 -0.979219 0.202804 7817 - LS60.dat
1 0 101.715 -114.8612 -12.7673 -1 -0.000015 0.00051 0.0005 0.167203 0.985922 0.0001 -0.985922 0.167203 7817 - LS60.dat
1 0 101.7134 -113.3707 -12.582 -1 0.000052 0.000397 0.0004 0.130801 0.991409 0 -0.991409 0.130801 7817 - LS60.dat
1 0 101.7159 -111.8776 -12.4613 -1 0.000028 0.000299 0.0003 0.093898 0.995582 0 -0.995582 0.093898 7817 - LS60.dat
1 0 101.7152 -110.3738 -12.3975 -1 0.000011 0.0002 0.0002 0.056799 0.998386 0 -0.998386 0.056799 7817 - LS60.dat
1 0 101.7158 -108.8683 -12.3851 -1 0.000002 0.0001 0.0001 0.0201 0.999798 0 -0.999798 0.0201 7817 - LS60.dat
1 0 101.384 -107.4019 -12.3938 -0.985462 0.000003 -0.169894 -0.169894 0.002334 0.98546 -0.0004 -0.999997 0.0023 7817 - LS60.dat
1 0 100.7748 -105.9978 -12.38 -0.940206 0.000031 -0.340607 -0.340602 0.004904 0.940195 -0.0017 -0.999988 0.0046 7817 - LS60.dat
1 0 100.1195 -104.639 -12.3649 -0.908958 -0.000062 -0.416888 -0.416881 0.006133 0.90894 -0.0025 -0.999981 0.0056 7817 - LS60.dat
1 0 99.4052 -103.3253 -12.3636 -0.887024 -0.000201 -0.461723 -0.461713 0.006884 0.887003 -0.003 -0.999976 0.006199 7817 - LS60.dat
1 0 98.6416 -102.0061 -12.3509 -0.870658 -0.000373 -0.491888 -0.491877 0.00737 0.870633 -0.0033 -0.999973 0.0066 7817 - LS60.dat
1 0 97.8591 -100.74 -12.3511 -0.857787 -0.000544 -0.514004 -0.513993 0.007718 0.85776 -0.0035 -0.99997 0.0069 7817 - LS60.dat
1 0 97.0463 -99.4668 -12.3377 -0.847301 -0.00072 -0.531113 -0.531101 0.007928 0.847271 -0.0036 -0.999968 0.0071 7817 - LS60.dat
1 0 96.2237 -98.2144 -12.3235 -0.838495 -0.000876 -0.544909 -0.544897 0.008137 0.838464 -0.0037 -0.999967 0.0073 7817 - LS60.dat
1 0 95.3776 -96.9654 -12.3064 -0.830904 -0.001043 -0.556414 -0.556403 0.008207 0.830872 -0.0037 -0.999966 0.0074 7817 - LS60.dat
1 0 94.5297 -95.7364 -12.2986 -0.824272 -0.001196 -0.566192 -0.566181 0.008276 0.824239 -0.0037 -0.999965 0.007499 7817 - LS60.dat
1 0 93.6576 -94.502 -12.2899 -0.81837 -0.001421 -0.574689 -0.57468 0.008288 0.818336 -0.0036 -0.999965 0.007599 7817 - LS60.dat
1 0 92.7755 -93.2644 -12.2807 -0.813059 -0.001637 -0.582179 -0.582171 0.008298 0.813024 -0.0035 -0.999964 0.0077 7817 - LS60.dat
1 0 91.8776 -92.0559 -12.2704 -0.808199 -0.001846 -0.588906 -0.588899 0.008306 0.808164 -0.0034 -0.999964 0.0078 7817 - LS60.dat
1 0 90.9805 -90.85 -12.2564 -0.803795 -0.001987 -0.594903 -0.594897 0.008232 0.80376 -0.0033 -0.999964 0.007799 7817 - LS60.dat
1 0 90.0678 -89.6272 -12.2462 -0.799696 -0.002264 -0.600401 -0.600397 0.00818 0.79966 -0.003101 -0.999964 0.007901 7817 - LS60.dat
1 0 89.1512 -88.4453 -12.2292 -0.795825 -0.002396 -0.605522 -0.605519 0.008104 0.795789 -0.003 -0.999964 0.0079 7817 - LS60.dat
1 0 88.2297 -87.2526 -12.2267 -0.792226 -0.002663 -0.610222 -0.610221 0.008046 0.79219 -0.0028 -0.999964 0.008 7817 - LS60.dat
1 0 87.316 -86.0785 -12.2095 -0.788773 -0.002787 -0.614679 -0.614679 0.007969 0.788737 -0.0027 -0.999964 0.007999 7817 - LS60.dat
1 0 86.3675 -84.8833 -12.1943 -0.785527 -0.002986 -0.61882 -0.618822 0.007831 0.785492 -0.0025 -0.999965 0.007999 7817 - LS60.dat
1 0 85.4369 -83.714 -12.1908 -0.782386 -0.003245 -0.622785 -0.62279 0.007769 0.782351 -0.0023 -0.999965 0.008099 7817 - LS60.dat
1 0 84.4868 -82.5372 -12.175 -0.779411 -0.003438 -0.626504 -0.62651 0.007629 0.779376 -0.0021 -0.999965 0.0081 7817 - LS60.dat
1 0 83.537 -81.3694 -12.1581 -0.776507 -0.003628 -0.630098 -0.630106 0.007487 0.776473 -0.0019 -0.999965 0.0081 7817 - LS60.dat
1 0 82.5827 -80.196 -12.1409 -0.773675 -0.003817 -0.633571 -0.63358 0.007344 0.773642 -0.0017 -0.999966 0.0081 7817 - LS60.dat
1 0 81.6123 -79.0402 -12.124 -0.770927 -0.004002 -0.636912 -0.636922 0.0072 0.770894 -0.0015 -0.999966 0.0081 7817 - LS60.dat
1 0 80.6539 -77.8884 -12.1211 -0.768204 -0.004327 -0.64019 -0.640204 0.007067 0.768173 -0.0012 -0.999966 0.0082 7817 - LS60.dat
1 0 79.6864 -76.7403 -12.1106 -0.765608 -0.004509 -0.643292 -0.643307 0.006921 0.765577 -0.001 -0.999966 0.008199 7817 - LS60.dat
1 0 78.7069 -75.578 -12.0991 -0.762999 -0.00469 -0.646383 -0.6464 0.006774 0.762969 -0.0008 -0.999966 0.0082 7817 - LS60.dat
1 0 77.738 -74.4547 -12.0825 -0.760377 -0.004869 -0.649463 -0.649481 0.006625 0.760349 -0.000601 -0.999966 0.008199 7817 - LS60.dat
1 0 76.7537 -73.3149 -12.073 -0.757793 -0.005122 -0.652475 -0.652495 0.006409 0.757766 -0.0003 -0.999966 0.008199 7817 - LS60.dat
1 0 75.7504 -72.171 -12.0567 -0.755197 -0.005299 -0.655477 -0.655498 0.006258 0.755171 -0.0001 -0.999966 0.0082 7817 - LS60.dat
1 0 74.7635 -71.0399 -12.0441 -0.752639 -0.005474 -0.658411 -0.658434 0.006106 0.752614 0.0001 -0.999966 0.0082 7817 - LS60.dat
1 0 73.7737 -69.9165 -12.0343 -0.750018 -0.005723 -0.661392 -0.661417 0.005886 0.749995 0.0004 -0.999966 0.0082 7817 - LS60.dat
1 0 72.7645 -68.7929 -12.0239 -0.747387 -0.005896 -0.664363 -0.664389 0.005729 0.747365 0.0006 -0.999966 0.0082 7817 - LS60.dat
1 0 71.7666 -67.6634 -12.0129 -0.744793 -0.006141 -0.667267 -0.667295 0.005507 0.744774 0.000899 -0.999966 0.0082 7817 - LS60.dat
1 0 70.7565 -66.5487 -11.995 -0.742094 -0.006313 -0.670266 -0.670295 0.005347 0.742075 0.0011 -0.999966 0.0082 7817 - LS60.dat
1 0 69.7355 -65.4489 -11.9835 -0.739287 -0.006482 -0.673359 -0.673389 0.005187 0.739271 0.0013 -0.999965 0.0082 7817 - LS60.dat
1 0 68.7244 -64.347 -11.9721 -0.736468 -0.006725 -0.676439 -0.676471 0.004956 0.736453 0.0016 -0.999965 0.008199 7817 - LS60.dat
1 0 67.71 -63.2494 -11.9582 -0.733589 -0.006892 -0.679558 -0.679591 0.004791 0.733576 0.0018 -0.999965 0.008199 7817 - LS60.dat
1 0 66.679 -62.1501 -11.9462 -0.730601 -0.00706 -0.682768 -0.682802 0.004625 0.730589 0.002 -0.999964 0.008199 7817 - LS60.dat
1 0 65.6374 -61.0551 -11.9411 -0.727405 -0.0073 -0.68617 -0.686205 0.004387 0.727395 0.0023 -0.999964 0.0082 7817 - LS60.dat
1 0 64.6097 -59.9707 -11.9214 -0.724193 -0.007396 -0.689558 -0.689593 0.004142 0.724185 0.0025 -0.999964 0.0081 7817 - LS60.dat
1 0 63.5541 -58.885 -11.9061 -0.720769 -0.007561 -0.693135 -0.69317 0.003967 0.720763 0.0027 -0.999964 0.0081 7817 - LS60.dat
1 0 62.503 -57.8058 -11.9006 -0.71718 -0.007724 -0.696845 -0.696882 0.003789 0.717176 0.0029 -0.999963 0.0081 7817 - LS60.dat
1 0 61.4457 -56.7324 -11.8864 -0.713375 -0.007888 -0.700738 -0.700776 0.003606 0.713373 0.0031 -0.999962 0.0081 7817 - LS60.dat
1 0 60.3752 -55.6597 -11.8786 -0.709299 -0.008051 -0.704861 -0.7049 0.00342 0.709299 0.0033 -0.999962 0.0081 7817 - LS60.dat
1 0 59.316 -54.605 -11.8578 -0.704999 -0.008141 -0.709162 -0.7092 0.003158 0.705001 0.0035 -0.999962 0.007999 7817 - LS60.dat
1 0 58.2346 -53.5477 -11.8492 -0.700319 -0.008301 -0.713781 -0.71382 0.002962 0.700323 0.0037 -0.999961 0.008 7817 - LS60.dat
1 0 57.1535 -52.5072 -11.8447 -0.695304 -0.008461 -0.718666 -0.718705 0.00276 0.695309 0.0039 -0.99996 0.008 7817 - LS60.dat
1 0 56.047 -51.4654 -11.8276 -0.689692 -0.008479 -0.724053 -0.724092 0.002553 0.689699 0.004 -0.999961 0.007901 7817 - LS60.dat
1 0 54.9512 -50.4388 -11.8175 -0.683622 -0.008637 -0.729785 -0.729824 0.002336 0.683631 0.0042 -0.99996 0.0079 7817 - LS60.dat
1 0 53.84 -49.4263 -11.8061 -0.676777 -0.008652 -0.736137 -0.736175 0.002114 0.676787 0.0043 -0.99996 0.0078 7817 - LS60.dat
1 0 52.7198 -48.427 -11.7891 -0.669024 -0.008666 -0.74319 -0.743227 0.001881 0.669036 0.0044 -0.999961 0.007699 7817 - LS60.dat
1 0 51.5779 -47.4311 -11.7761 -0.660188 -0.008614 -0.751051 -0.751087 0.001713 0.660201 0.0044 -0.999961 0.007601 7817 - LS60.dat
1 0 50.437 -46.4573 -11.7693 -0.649903 -0.008624 -0.759968 -0.760004 0.001454 0.649917 0.0045 -0.999962 0.0075 7817 - LS60.dat
1 0 49.2617 -45.4994 -11.7556 -0.637577 -0.00857 -0.770339 -0.770373 0.001252 0.637592 0.0045 -0.999963 0.007401 7817 - LS60.dat
1 0 48.0775 -44.5657 -11.7499 -0.622613 -0.008452 -0.782484 -0.782517 0.001102 0.622628 0.004401 -0.999964 0.0073 7817 - LS60.dat
1 0 46.8615 -43.6655 -11.7378 -0.6037 -0.008196 -0.797169 -0.797201 0.000939 0.603714 0.004199 -0.999966 0.007101 7817 - LS60.dat
1 0 45.6348 -42.807 -11.7281 -0.578894 -0.00786 -0.815365 -0.815393 0.000675 0.578908 0.004 -0.999969 0.0068 7817 - LS60.dat
1 0 44.3511 -42.0018 -11.716 -0.544105 -0.007274 -0.838985 -0.83901 0.000546 0.544116 0.0035 -0.999973 0.0064 7817 - LS60.dat
1 0 43.0255 -41.2891 -11.7108 -0.49098 -0.006476 -0.871147 -0.871166 0.000322 0.490988 0.0029 -0.999979 0.0058 7817 - LS60.dat
1 0 41.6183 -40.7372 -11.7031 -0.396307 -0.005028 -0.918104 -0.918116 0.00021 0.396311 0.0018 -0.999987 0.0047 7817 - LS60.dat
1 0 40.0734 -41.0467 -11.6937 0.056799 -0.005308 -0.998372 -0.998386 -0.000001 -0.0568 -0.0003 -0.999986 0.0053 7817 - LS60.dat
1 0 38.6006 -41.3853 -11.6605 0.182596 -0.017397 -0.983034 -0.983183 0.000023 -0.182624 -0.0032 -0.999849 0.0171 7817 - LS60.dat
1 0 37.199 -41.9444 -11.6101 0.32681 -0.032291 -0.944538 -0.945031 0.000044 -0.326982 -0.0106 -0.999479 0.030501 7817 - LS60.dat
1 0 35.9315 -42.7532 -11.5333 0.486818 -0.052107 -0.871948 -0.873134 -0.000001 -0.487481 -0.025401 -0.998642 0.045497 7817 - LS60.dat
1 0 34.8646 -43.8293 -11.4341 0.65438 -0.081295 -0.751783 -0.754278 0.000032 -0.656555 -0.053398 -0.99669 0.061298 7817 - LS60.dat
1 0 34.0991 -45.1345 -11.3077 0.811218 -0.133086 -0.569397 -0.574513 -0.000049 -0.818495 -0.108902 -0.991105 0.076499 7817 - LS60.dat
1 0 33.7607 -46.6234 -11.1712 0.910072 -0.271461 -0.313174 -0.32539 0.000011 -0.94558 -0.256692 -0.962449 0.088321 7817 - LS60.dat
1 0 33.9452 -48.1408 -11.0311 -0.146799 -0.989069 0.013895 -0.093999 -0.000035 -0.995572 -0.98469 0.147455 0.092966 7817 - LS60.dat
1 0 34.6718 -49.4911 -10.9003 0.901277 0.228867 0.367859 0.37789 -0.000004 -0.92585 0.211895 -0.973458 0.08649 7817 - LS60.dat
1 0 35.8148 -50.5229 -10.8056 0.73974 0.103954 0.664814 0.668437 -0.00002 -0.743769 0.077305 -0.994582 0.069502 7817 - LS60.dat
1 0 37.1904 -51.1858 -10.7462 0.518794 0.056768 0.853013 0.85439 0.000002 -0.519632 0.0295 -0.998387 0.048501 7817 - LS60.dat
1 0 38.6644 -51.557 -10.7098 0.315402 0.031084 0.948449 0.948908 -0.000009 -0.315554 0.0098 -0.999517 0.029499 7817 - LS60.dat
1 0 40.1625 -51.7014 -10.701 0.150907 0.014272 0.988445 0.988546 0.000046 -0.150923 0.0022 -0.999898 0.014101 7817 - LS60.dat
1 0 41.6711 -51.5133 -10.6945 -0.0581 0.005309 0.998297 0.998311 0.000008 0.058101 -0.0003 -0.999986 0.0053 7817 - LS60.dat
1 0 43.1381 -51.1629 -10.6601 -0.187704 0.017514 0.98207 0.98222 -0.000013 0.187733 -0.0033 -0.999847 0.0172 7817 - LS60.dat
1 0 44.5263 -50.5832 -10.6061 -0.33731 0.032834 0.940821 0.941328 -0.00002 0.337492 -0.0111 -0.999461 0.030901 7817 - LS60.dat
1 0 45.7829 -49.7426 -10.5305 -0.503413 0.053511 0.862387 0.863624 -0.000028 0.504137 -0.027001 -0.998567 0.046199 7817 - LS60.dat
1 0 46.8222 -48.647 -10.4289 -0.675365 0.084429 0.732635 0.735262 0.000037 0.677783 -0.057198 -0.996429 0.062103 7817 - LS60.dat
1 0 47.5304 -47.2967 -10.3106 -0.830352 0.141049 0.539092 0.544535 -0.000009 0.838738 -0.118308 -0.990003 0.076799 7817 - LS60.dat
1 0 47.8221 -45.8073 -10.1698 -0.912261 0.30229 0.276408 0.289988 0.000046 0.95703 -0.289288 -0.953216 0.087702 7817 - LS60.dat
1 0 47.5938 -44.2964 -10.0315 0.429098 0.902205 -0.043602 0.100999 0.000045 0.994887 -0.897594 0.431307 0.091103 7817 - LS60.dat
1 0 46.8615 -42.9476 -9.91 -0.899798 -0.218128 -0.377868 -0.387199 0.000037 0.921996 0.201099 -0.97592 0.084493 7817 - LS60.dat
1 0 45.7328 -41.9116 -9.8155 -0.745436 -0.103716 -0.658459 -0.662033 0.000043 0.749475 0.077704 -0.994607 0.068695 7817 - LS60.dat
1 0 44.3735 -41.209 -9.7487 -0.53431 -0.058036 -0.843294 -0.844717 -0.000046 0.535214 0.0311 -0.998314 0.048999 7817 - LS60.dat
1 0 42.9126 -40.8129 -9.7167 -0.333585 -0.032448 -0.942162 -0.942658 0.000032 0.33376 0.010799 -0.999473 0.030598 7817 - LS60.dat
1 0 41.4077 -40.6418 -9.6976 -0.1667 -0.015519 -0.985885 -0.986004 -0.000013 0.166721 0.0026 -0.99988 0.0153 7817 - LS60.dat
1 0 39.9003 -40.8398 -9.6948 0.057901 -0.005308 -0.998308 -0.998322 -0.000007 -0.057902 -0.0003 -0.999986 0.0053 7817 - LS60.dat
1 0 38.4339 -41.1826 -9.6632 0.186605 -0.017415 -0.982281 -0.98243 0.000051 -0.186634 -0.0033 -0.999848 0.017099 7817 - LS60.dat
1 0 37.041 -41.7617 -9.6092 0.334599 -0.032577 -0.941797 -0.942298 -0.000006 -0.334776 -0.0109 -0.999469 0.0307 7817 - LS60.dat
1 0 35.7804 -42.5945 -9.5326 0.498495 -0.052862 -0.86528 -0.866491 0.000012 -0.499193 -0.026399 -0.998602 0.045799 7817 - LS60.dat
1 0 34.7343 -43.6846 -9.4321 0.668096 -0.082977 -0.739434 -0.741995 -0.000039 -0.670405 -0.055599 -0.996552 0.061594 7817 - LS60.dat
1 0 34.0007 -45.0173 -9.3128 0.822649 -0.136924 -0.551816 -0.557066 -0.000032 -0.830468 -0.113693 -0.990582 0.076302 7817 - LS60.dat
1 0 33.6812 -46.5022 -9.174 0.912303 -0.283797 -0.295233 -0.307901 -0.000031 -0.951418 -0.270001 -0.958884 0.08741 7817 - LS60.dat
1 0 33.8754 -48.0213 -9.0321 -0.237693 -0.97108 0.022493 -0.094097 -0.000027 -0.995563 -0.966772 0.238755 0.09137 7817 - LS60.dat
1 0 34.5904 -49.3796 -8.9083 0.90375 0.229801 0.361146 0.37108 -0.000014 -0.928601 0.213389 -0.973238 0.085287 7817 - LS60.dat
1 0 35.7037 -50.4295 -8.8149 0.752711 0.106352 0.649704 0.65341 -0.000012 -0.757004 0.080501 -0.994329 0.069501 7817 - LS60.dat
1 0 37.0615 -51.1373 -8.7494 0.538886 0.058919 0.840316 0.841779 -0.000008 -0.539823 0.0318 -0.998263 0.049601 7817 - LS60.dat
1 0 38.5241 -51.5301 -8.7142 0.335493 0.032705 0.941475 0.941979 0.000023 -0.335673 0.011 -0.999465 0.0308 7817 - LS60.dat
1 0 40.0236 -51.6976 -8.6974 0.167203 0.015618 0.985799 0.985919 -0.000012 -0.167223 0.0026 -0.999878 0.0154 7817 - LS60.dat
1 0 41.5268 -51.4995 -8.6941 -0.057901 0.005309 0.998308 0.998322 0.000007 0.057902 -0.0003 -0.999986 0.0053 7817 - LS60.dat
1 0 42.9969 -51.1539 -8.6599 -0.186605 0.017415 0.982281 0.98243 -0.000051 0.186634 -0.0033 -0.999848 0.0171 7817 - LS60.dat
1 0 44.3874 -50.5798 -8.6114 -0.334599 0.032578 0.941797 0.942298 0.000006 0.334776 -0.0109 -0.999469 0.0307 7817 - LS60.dat
1 0 45.6472 -49.7449 -8.5346 -0.498419 0.052866 0.865323 0.866534 -0.000017 0.499118 -0.026401 -0.998602 0.045801 7817 - LS60.dat
1 0 46.6957 -48.6503 -8.4307 -0.667935 0.082909 0.739587 0.74214 -0.000046 0.670245 -0.055603 -0.996557 0.061499 7817 - LS60.dat
1 0 47.431 -47.3316 -8.3094 -0.822502 0.136795 0.552066 0.557302 -0.000033 0.83031 -0.1136 -0.990599 0.076209 7817 - LS60.dat
1 0 47.7474 -45.8359 -8.1778 -0.912321 0.28351 0.295455 0.308107 0.000039 0.951352 -0.269706 -0.958969 0.087387 7817 - LS60.dat
1 0 47.5552 -44.3235 -8.0361 0.2343 0.971913 -0.022116 0.0941 -0.000031 0.995563 -0.9676 0.235342 0.091464 7817 - LS60.dat
1 0 46.8477 -42.9643 -7.9111 -0.903813 -0.230001 -0.360863 -0.370805 0.000006 0.928711 0.213603 -0.97319 0.085291 7817 - LS60.dat
1 0 45.7282 -41.9121 -7.8143 -0.752798 -0.106426 -0.649591 -0.653298 -0.000038 0.7571 0.0806 -0.994321 0.069499 7817 - LS60.dat
1 0 44.3675 -41.2065 -7.7519 -0.539002 -0.05892 -0.840241 -0.841704 0.000016 0.53994 0.0318 -0.998263 0.049602 7817 - LS60.dat
1 0 42.911 -40.8112 -7.7135 -0.335492 -0.032704 -0.941475 -0.941979 -0.000023 0.335673 0.010999 -0.999465 0.030799 7817 - LS60.dat
1 0 41.4066 -40.6403 -7.6981 -0.167203 -0.015618 -0.985799 -0.985919 0.000011 0.167223 0.002601 -0.999878 0.0154 7817 - LS60.dat
1 0 39.9034 -40.8408 -7.6941 0.057901 -0.005308 -0.998308 -0.998322 -0.000007 -0.057902 -0.0003 -0.999986 0.0053 7817 - LS60.dat
1 0 38.4382 -41.1853 -7.6648 0.186605 -0.017415 -0.982281 -0.98243 0.000051 -0.186634 -0.0033 -0.999848 0.017099 7817 - LS60.dat
1 0 37.0433 -41.7617 -7.609 0.334599 -0.032577 -0.941797 -0.942298 -0.000006 -0.334776 -0.0109 -0.999469 0.0307 7817 - LS60.dat
1 0 35.78 -42.5918 -7.5321 0.498419 -0.052865 -0.865323 -0.866534 0.000017 -0.499118 -0.026401 -0.998602 0.045801 7817 - LS60.dat
1 0 34.7306 -43.6819 -7.4344 0.667935 -0.082909 -0.739587 -0.74214 0.000046 -0.670245 -0.055603 -0.996557 0.061499 7817 - LS60.dat
1 0 33.9978 -45.0136 -7.3105 0.822502 -0.136794 -0.552067 -0.557302 0.000033 -0.83031 -0.1136 -0.990599 0.076209 7817 - LS60.dat
1 0 33.6815 -46.4975 -7.1735 0.912321 -0.28351 -0.295455 -0.308107 -0.000039 -0.951352 -0.269706 -0.958969 0.087387 7817 - LS60.dat
1 0 33.8709 -48.0192 -7.0348 -0.2343 -0.971913 0.022115 -0.0941 0.000031 -0.995563 -0.967599 0.235341 0.091464 7817 - LS60.dat
1 0 34.5848 -49.3795 -6.9097 0.903813 0.230002 0.360863 0.370805 -0.000006 -0.928711 0.213603 -0.97319 0.085291 7817 - LS60.dat
1 0 35.7038 -50.4306 -6.8141 0.752798 0.106426 0.649591 0.653299 0.000038 -0.7571 0.0806 -0.994321 0.069499 7817 - LS60.dat
1 0 37.0542 -51.1283 -6.7494 0.539002 0.058921 0.840241 0.841704 -0.000016 -0.539939 0.031801 -0.998263 0.049603 7817 - LS60.dat
1 0 38.5266 -51.536 -6.7145 0.335493 0.032705 0.941475 0.941979 0.000023 -0.335673 0.011 -0.999465 0.0308 7817 - LS60.dat
1 0 40.0245 -51.6977 -6.6969 0.167203 0.015618 0.985799 0.985919 -0.000012 -0.167223 0.0026 -0.999878 0.0154 7817 - LS60.dat
1 0 41.5269 -51.4995 -6.6941 -0.057901 0.005309 0.998308 0.998322 0.000007 0.057902 -0.0003 -0.999986 0.0053 7817 - LS60.dat
1 0 42.9964 -51.154 -6.6592 -0.186605 0.017415 0.982281 0.98243 -0.000051 0.186634 -0.0033 -0.999848 0.0171 7817 - LS60.dat
1 0 44.3874 -50.5798 -6.6113 -0.334599 0.032578 0.941797 0.942298 0.000006 0.334776 -0.0109 -0.999469 0.0307 7817 - LS60.dat
1 0 45.6476 -49.7449 -6.5355 -0.498419 0.052866 0.865323 0.866534 -0.000017 0.499118 -0.026401 -0.998602 0.045801 7817 - LS60.dat
1 0 46.6945 -48.6504 -6.4325 -0.667935 0.082909 0.739587 0.74214 -0.000046 0.670245 -0.055603 -0.996557 0.061499 7817 - LS60.dat
1 0 47.4301 -47.3317 -6.31 -0.822502 0.136795 0.552066 0.557302 -0.000033 0.83031 -0.1136 -0.990599 0.076209 7817 - LS60.dat
1 0 47.7474 -45.8358 -6.1778 -0.912321 0.28351 0.295455 0.308107 0.000039 0.951352 -0.269706 -0.958969 0.087387 7817 - LS60.dat
1 0 47.5542 -44.3236 -6.0332 0.2343 0.971913 -0.022116 0.0941 -0.000031 0.995563 -0.9676 0.235342 0.091464 7817 - LS60.dat
1 0 46.8474 -42.9643 -5.9125 -0.903813 -0.230001 -0.360863 -0.370805 0.000006 0.928711 0.213603 -0.97319 0.085291 7817 - LS60.dat
1 0 45.7282 -41.9122 -5.8144 -0.752798 -0.106426 -0.649591 -0.653298 -0.000038 0.7571 0.0806 -0.994321 0.069499 7817 - LS60.dat
1 0 44.3666 -41.2065 -5.7523 -0.539002 -0.05892 -0.840241 -0.841704 0.000016 0.53994 0.0318 -0.998263 0.049602 7817 - LS60.dat
1 0 42.911 -40.8112 -5.7134 -0.335492 -0.032704 -0.941475 -0.941979 -0.000023 0.335673 0.010999 -0.999465 0.030799 7817 - LS60.dat
1 0 41.4079 -40.6403 -5.6984 -0.167203 -0.015618 -0.985799 -0.985919 0.000011 0.167223 0.002601 -0.999878 0.0154 7817 - LS60.dat
1 0 39.9029 -40.8409 -5.6932 0.057901 -0.005308 -0.998308 -0.998322 -0.000007 -0.057902 -0.0003 -0.999986 0.0053 7817 - LS60.dat
1 0 38.4377 -41.1852 -5.6641 0.186605 -0.017415 -0.982281 -0.98243 0.000051 -0.186634 -0.0033 -0.999848 0.017099 7817 - LS60.dat
1 0 37.0433 -41.7617 -5.609 0.334599 -0.032577 -0.941797 -0.942298 -0.000006 -0.334776 -0.0109 -0.999469 0.0307 7817 - LS60.dat
1 0 35.7787 -42.5918 -5.5318 0.498419 -0.052865 -0.865323 -0.866534 0.000017 -0.499118 -0.026401 -0.998602 0.045801 7817 - LS60.dat
1 0 34.732 -43.6818 -5.4347 0.667935 -0.082909 -0.739587 -0.74214 0.000046 -0.670245 -0.055603 -0.996557 0.061499 7817 - LS60.dat
1 0 33.997 -45.0135 -5.311 0.822502 -0.136794 -0.552067 -0.557302 0.000033 -0.83031 -0.1136 -0.990599 0.076209 7817 - LS60.dat
1 0 33.6802 -46.4976 -5.1731 0.912321 -0.28351 -0.295455 -0.308107 -0.000039 -0.951352 -0.269706 -0.958969 0.087387 7817 - LS60.dat
1 0 33.8707 -48.0191 -5.0363 -0.2343 -0.971913 0.022115 -0.0941 0.000031 -0.995563 -0.967599 0.235341 0.091464 7817 - LS60.dat
1 0 34.5858 -49.3795 -4.9114 0.903813 0.230002 0.360863 0.370805 -0.000006 -0.928711 0.213603 -0.97319 0.085291 7817 - LS60.dat
1 0 35.7039 -50.4305 -4.8143 0.752798 0.106426 0.649591 0.653299 0.000038 -0.7571 0.0806 -0.994321 0.069499 7817 - LS60.dat
1 0 37.0551 -51.1283 -4.7488 0.539002 0.058921 0.840241 0.841704 -0.000016 -0.539939 0.031801 -0.998263 0.049603 7817 - LS60.dat
1 0 38.5248 -51.5359 -4.7132 0.335493 0.032705 0.941475 0.941979 0.000023 -0.335673 0.011 -0.999465 0.0308 7817 - LS60.dat
1 0 40.0241 -51.6977 -4.696 0.167203 0.015618 0.985799 0.985919 -0.000012 -0.167223 0.0026 -0.999878 0.0154 7817 - LS60.dat
1 0 41.5269 -51.4994 -4.6941 -0.057901 0.005309 0.998308 0.998322 0.000007 0.057902 -0.0003 -0.999986 0.0053 7817 - LS60.dat
1 0 42.9965 -51.1541 -4.6595 -0.186605 0.017415 0.982281 0.98243 -0.000051 0.186634 -0.0033 -0.999848 0.0171 7817 - LS60.dat
1 0 44.387 -50.5798 -4.6126 -0.334599 0.032578 0.941797 0.942298 0.000006 0.334776 -0.0109 -0.999469 0.0307 7817 - LS60.dat
1 0 45.6476 -49.745 -4.5355 -0.498419 0.052866 0.865323 0.866534 -0.000017 0.499118 -0.026401 -0.998602 0.045801 7817 - LS60.dat
1 0 46.6954 -48.6504 -4.4319 -0.667935 0.082909 0.739587 0.74214 -0.000046 0.670245 -0.055603 -0.996557 0.061499 7817 - LS60.dat
1 0 47.4315 -47.3318 -4.3104 -0.822502 0.136795 0.552066 0.557302 -0.000033 0.83031 -0.1136 -0.990599 0.076209 7817 - LS60.dat
1 0 47.7478 -45.8367 -4.1763 -0.912321 0.28351 0.295455 0.308107 0.000039 0.951352 -0.269706 -0.958969 0.087387 7817 - LS60.dat
1 0 47.5555 -44.3238 -4.0349 0.2343 0.971913 -0.022116 0.0941 -0.000031 0.995563 -0.9676 0.235342 0.091464 7817 - LS60.dat
1 0 46.8478 -42.9642 -3.9111 -0.903813 -0.230001 -0.360863 -0.370805 0.000006 0.928711 0.213603 -0.97319 0.085291 7817 - LS60.dat
1 0 45.7277 -41.9122 -3.8136 -0.752798 -0.106426 -0.649591 -0.653298 -0.000038 0.7571 0.0806 -0.994321 0.069499 7817 - LS60.dat
1 0 44.3678 -41.2065 -3.7503 -0.539002 -0.05892 -0.840241 -0.841704 0.000016 0.53994 0.0318 -0.998263 0.049602 7817 - LS60.dat
1 0 42.9105 -40.8112 -3.7124 -0.335492 -0.032704 -0.941475 -0.941979 -0.000023 0.335673 0.010999 -0.999465 0.030799 7817 - LS60.dat
1 0 41.4071 -40.6402 -3.6989 -0.167203 -0.015618 -0.985799 -0.985919 0.000011 0.167223 0.002601 -0.999878 0.0154 7817 - LS60.dat
1 0 39.9043 -40.8409 -3.6936 0.057901 -0.005308 -0.998308 -0.998322 -0.000007 -0.057902 -0.0003 -0.999986 0.0053 7817 - LS60.dat
1 0 38.4386 -41.1851 -3.6639 0.186605 -0.017415 -0.982281 -0.98243 0.000051 -0.186634 -0.0033 -0.999848 0.017099 7817 - LS60.dat
1 0 37.042 -41.7617 -3.6085 0.334599 -0.032577 -0.941797 -0.942298 -0.000006 -0.334776 -0.0109 -0.999469 0.0307 7817 - LS60.dat
1 0 35.7789 -42.5917 -3.534 0.498419 -0.052865 -0.865323 -0.866534 0.000017 -0.499118 -0.026401 -0.998602 0.045801 7817 - LS60.dat
1 0 34.7315 -43.6817 -3.4337 0.667935 -0.082909 -0.739587 -0.74214 0.000046 -0.670245 -0.055603 -0.996557 0.061499 7817 - LS60.dat
1 0 33.998 -45.0134 -3.3128 0.822502 -0.136794 -0.552067 -0.557302 0.000033 -0.83031 -0.1136 -0.990599 0.076209 7817 - LS60.dat
1 0 33.6797 -46.4977 -3.1722 0.912321 -0.28351 -0.295455 -0.308107 -0.000039 -0.951352 -0.269706 -0.958969 0.087387 7817 - LS60.dat
1 0 33.8721 -48.019 -3.0367 -0.2343 -0.971913 0.022115 -0.0941 0.000031 -0.995563 -0.967599 0.235341 0.091464 7817 - LS60.dat
1 0 34.5858 -49.3795 -2.9114 0.903813 0.230002 0.360863 0.370805 -0.000006 -0.928711 0.213603 -0.97319 0.085291 7817 - LS60.dat
1 0 35.7043 -50.4304 -2.813 0.752798 0.106426 0.649591 0.653299 0.000038 -0.7571 0.0806 -0.994321 0.069499 7817 - LS60.dat
1 0 37.0548 -51.1283 -2.75 0.539002 0.058921 0.840241 0.841704 -0.000016 -0.539939 0.031801 -0.998263 0.049603 7817 - LS60.dat
1 0 38.5253 -51.5359 -2.7139 0.335493 0.032705 0.941475 0.941979 0.000023 -0.335673 0.011 -0.999465 0.0308 7817 - LS60.dat
1 0 40.0228 -51.6977 -2.6956 0.167203 0.015618 0.985799 0.985919 -0.000012 -0.167223 0.0026 -0.999878 0.0154 7817 - LS60.dat
1 0 41.5269 -51.4994 -2.6941 -0.057901 0.005309 0.998308 0.998322 0.000007 0.057902 -0.0003 -0.999986 0.0053 7817 - LS60.dat
1 0 42.996 -51.1542 -2.6589 -0.186605 0.017415 0.982281 0.98243 -0.000051 0.186634 -0.0033 -0.999848 0.0171 7817 - LS60.dat
1 0 44.3878 -50.5798 -2.612 -0.334599 0.032578 0.941797 0.942298 0.000006 0.334776 -0.0109 -0.999469 0.0307 7817 - LS60.dat
1 0 45.6475 -49.745 -2.5356 -0.498419 0.052866 0.865323 0.866534 -0.000017 0.499118 -0.026401 -0.998602 0.045801 7817 - LS60.dat
1 0 46.6954 -48.6505 -2.4317 -0.667935 0.082909 0.739587 0.74214 -0.000046 0.670245 -0.055603 -0.996557 0.061499 7817 - LS60.dat
1 0 47.4306 -47.3319 -2.3109 -0.822502 0.136795 0.552066 0.557302 -0.000033 0.83031 -0.1136 -0.990599 0.076209 7817 - LS60.dat
1 0 47.7487 -45.8366 -2.1758 -0.912321 0.28351 0.295455 0.308107 0.000039 0.951352 -0.269706 -0.958969 0.087387 7817 - LS60.dat
1 0 47.5564 -44.3239 -2.0367 0.2343 0.971913 -0.022116 0.0941 -0.000031 0.995563 -0.9676 0.235342 0.091464 7817 - LS60.dat
1 0 46.8487 -42.9642 -1.9106 -0.903813 -0.230001 -0.360863 -0.370805 0.000006 0.928711 0.213603 -0.97319 0.085291 7817 - LS60.dat
1 0 45.729 -41.9123 -1.8141 -0.752798 -0.106426 -0.649591 -0.653298 -0.000038 0.7571 0.0806 -0.994321 0.069499 7817 - LS60.dat
1 0 44.3669 -41.2065 -1.7507 -0.539002 -0.05892 -0.840241 -0.841704 0.000016 0.53994 0.0318 -0.998263 0.049602 7817 - LS60.dat
1 0 42.9106 -40.8113 -1.7123 -0.335492 -0.032704 -0.941475 -0.941979 -0.000023 0.335673 0.010999 -0.999465 0.030799 7817 - LS60.dat
1 0 41.4074 -40.6402 -1.6975 -0.167203 -0.015618 -0.985799 -0.985919 0.000011 0.167223 0.002601 -0.999878 0.0154 7817 - LS60.dat
1 0 39.9029 -40.8409 -1.6932 0.057901 -0.005308 -0.998308 -0.998322 -0.000007 -0.057902 -0.0003 -0.999986 0.0053 7817 - LS60.dat
1 0 38.4394 -41.185 -1.6636 0.186605 -0.017415 -0.982281 -0.98243 0.000051 -0.186634 -0.0033 -0.999848 0.017099 7817 - LS60.dat
1 0 37.0435 -41.7617 -1.6088 0.334599 -0.032577 -0.941797 -0.942298 -0.000006 -0.334776 -0.0109 -0.999469 0.0307 7817 - LS60.dat
1 0 35.7794 -42.5917 -1.5327 0.498419 -0.052865 -0.865323 -0.866534 0.000017 -0.499118 -0.026401 -0.998602 0.045801 7817 - LS60.dat
1 0 34.7329 -43.6817 -1.4339 0.667935 -0.082909 -0.739587 -0.74214 0.000046 -0.670245 -0.055603 -0.996557 0.061499 7817 - LS60.dat
1 0 33.9976 -45.0133 -1.312 0.822502 -0.136794 -0.552067 -0.557302 0.000033 -0.83031 -0.1136 -0.990599 0.076209 7817 - LS60.dat
1 0 33.6799 -46.4978 -1.1743 0.912321 -0.28351 -0.295455 -0.308107 -0.000039 -0.951352 -0.269706 -0.958969 0.087387 7817 - LS60.dat
1 0 33.8725 -48.0186 -1.0352 -0.234394 -0.97189 0.022115 -0.094098 0.00004 -0.995563 -0.967577 0.235435 0.091462 7817 - LS60.dat
1 0 34.5862 -49.3795 -0.9101 0.903813 0.230002 0.360863 0.370805 -0.000006 -0.928711 0.213603 -0.97319 0.085291 7817 - LS60.dat
1 0 35.7041 -50.4304 -0.8145 0.752798 0.106426 0.649591 0.653299 0.000038 -0.7571 0.0806 -0.994321 0.069499 7817 - LS60.dat
1 0 37.0557 -51.1283 -0.7494 0.539002 0.058921 0.840241 0.841704 -0.000016 -0.539939 0.031801 -0.998263 0.049603 7817 - LS60.dat
1 0 38.5267 -51.5359 -0.7142 0.335493 0.032705 0.941475 0.941979 0.000023 -0.335673 0.011 -0.999465 0.0308 7817 - LS60.dat
1 0 40.0242 -51.6977 -0.6959 0.167203 0.015618 0.985799 0.985919 -0.000012 -0.167223 0.0026 -0.999878 0.0154 7817 - LS60.dat
1 0 41.527 -51.4994 -0.694 -0.057901 0.005309 0.998308 0.998322 0.000007 0.057902 -0.0003 -0.999986 0.0053 7817 - LS60.dat
1 0 42.9971 -51.1543 -0.6608 -0.186605 0.017415 0.982281 0.98243 -0.000051 0.186634 -0.0033 -0.999848 0.0171 7817 - LS60.dat
1 0 44.3882 -50.5798 -0.6106 -0.334599 0.032578 0.941797 0.942298 0.000006 0.334776 -0.0109 -0.999469 0.0307 7817 - LS60.dat
1 0 45.647 -49.745 -0.5348 -0.498419 0.052866 0.865323 0.866534 -0.000017 0.499118 -0.026401 -0.998602 0.045801 7817 - LS60.dat
1 0 46.6954 -48.6506 -0.4316 -0.667935 0.082909 0.739587 0.74214 -0.000046 0.670245 -0.055603 -0.996557 0.061499 7817 - LS60.dat
1 0 47.4301 -47.332 -0.3101 -0.822502 0.136795 0.552066 0.557302 -0.000033 0.83031 -0.1136 -0.990599 0.076209 7817 - LS60.dat
1 0 47.7479 -45.8355 -0.1762 -0.912321 0.28351 0.295455 0.308107 0.000039 0.951352 -0.269706 -0.958969 0.087387 7817 - LS60.dat
1 0 47.557 -44.3235 -0.0365 0.234394 0.97189 -0.022115 0.094098 -0.00004 0.995563 -0.967577 0.235435 0.091462 7817 - LS60.dat
1 0 46.8478 -42.9642 0.0889 -0.903813 -0.230001 -0.360863 -0.370805 0.000006 0.928711 0.213603 -0.97319 0.085291 7817 - LS60.dat
1 0 45.7281 -41.9124 0.1852 -0.752798 -0.106426 -0.649591 -0.653298 -0.000038 0.7571 0.0806 -0.994321 0.069499 7817 - LS60.dat
1 0 44.3678 -41.2064 0.2499 -0.539002 -0.05892 -0.840241 -0.841704 0.000016 0.53994 0.0318 -0.998263 0.049602 7817 - LS60.dat
1 0 42.9128 -40.8113 0.2879 -0.335492 -0.032704 -0.941475 -0.941979 -0.000023 0.335673 0.010999 -0.999465 0.030799 7817 - LS60.dat
1 0 41.4079 -40.6402 0.3017 -0.167203 -0.015618 -0.985799 -0.985919 0.000011 0.167223 0.002601 -0.999878 0.0154 7817 - LS60.dat
1 0 39.9025 -40.8409 0.3054 0.057901 -0.005308 -0.998308 -0.998322 -0.000007 -0.057902 -0.0003 -0.999986 0.0053 7817 - LS60.dat
1 0 38.4377 -41.1849 0.3352 0.186605 -0.017415 -0.982281 -0.98243 0.000051 -0.186634 -0.0033 -0.999848 0.017099 7817 - LS60.dat
1 0 37.0441 -41.7617 0.3904 0.334599 -0.032577 -0.941797 -0.942298 -0.000006 -0.334776 -0.0109 -0.999469 0.0307 7817 - LS60.dat
1 0 35.7795 -42.5917 0.4672 0.498419 -0.052865 -0.865323 -0.866534 0.000017 -0.499118 -0.026401 -0.998602 0.045801 7817 - LS60.dat
1 0 34.7312 -43.6816 0.5652 0.667935 -0.082909 -0.739587 -0.74214 0.000046 -0.670245 -0.055603 -0.996557 0.061499 7817 - LS60.dat
1 0 33.9968 -45.0133 0.6875 0.822502 -0.136794 -0.552067 -0.557302 0.000033 -0.83031 -0.1136 -0.990599 0.076209 7817 - LS60.dat
1 0 33.6799 -46.4979 0.8257 0.912321 -0.28351 -0.295455 -0.308107 -0.000039 -0.951352 -0.269706 -0.958969 0.087387 7817 - LS60.dat
1 0 33.8712 -48.0188 0.9615 -0.2343 -0.971913 0.022115 -0.0941 0.000031 -0.995563 -0.967599 0.235341 0.091464 7817 - LS60.dat
1 0 34.5867 -49.3796 1.089 0.903813 0.230002 0.360863 0.370805 -0.000006 -0.928711 0.213603 -0.97319 0.085291 7817 - LS60.dat
1 0 35.7055 -50.4303 1.185 0.752798 0.106426 0.649591 0.653299 0.000038 -0.7571 0.0806 -0.994321 0.069499 7817 - LS60.dat
1 0 37.0558 -51.1284 1.2507 0.539002 0.058921 0.840241 0.841704 -0.000016 -0.539939 0.031801 -0.998263 0.049603 7817 - LS60.dat
1 0 38.5271 -51.5358 1.2873 0.335493 0.032705 0.941475 0.941979 0.000023 -0.335673 0.011 -0.999465 0.0308 7817 - LS60.dat
1 0 40.0243 -51.6977 1.3042 0.167203 0.015618 0.985799 0.985919 -0.000012 -0.167223 0.0026 -0.999878 0.0154 7817 - LS60.dat
1 0 41.5274 -51.4994 1.3073 -0.057901 0.005309 0.998308 0.998322 0.000007 0.057902 -0.0003 -0.999986 0.0053 7817 - LS60.dat
1 0 42.9971 -51.1544 1.3389 -0.186605 0.017415 0.982281 0.98243 -0.000051 0.186634 -0.0033 -0.999848 0.0171 7817 - LS60.dat
1 0 44.3873 -50.5798 1.389 -0.334599 0.032578 0.941797 0.942298 0.000006 0.334776 -0.0109 -0.999469 0.0307 7817 - LS60.dat
1 0 45.6469 -49.7451 1.4652 -0.498419 0.052866 0.865323 0.866534 -0.000017 0.499118 -0.026401 -0.998602 0.045801 7817 - LS60.dat
