0 FILE 7990 - Main.ldr
0 Main
0 Name: 7990 - Main.ldr
0 Author: Marc Giraudet [Mad_Marc]
0 !LDRAW_ORG Model
0 !LICENSE Redistributable under CCAL version 2.0 : see CAreadme.txt
0 !HISTORY 2020-01-01 [Mad_Marc] Minifig head pattern updated
0 !HISTORY 2020-01-03 [Mad_Marc] Stickers added



1 0 0 0 0 1 0 0 0 1 0 0 0 1 7990 - Truck.ldr
1 0 238 -50 190 1 0 0 0 1 0 0 0 1 7990 - Driver.ldr








0 FILE 7990 - Truck.ldr
0 Truck
0 Name: 7990 - Truck.ldr
0 Author: Marc Giraudet [Mad_Marc]
0 !LDRAW_ORG Model
0 !LICENSE Redistributable under CCAL version 2.0 : see CAreadme.txt

1 15 0 0 0 0 0 -1 0 1 0 1 0 0 3034.dat
0 STEP
1 14 0 -8 20 0 0 -1 0 1 0 1 0 0 3022.dat
1 0 20 -8 60 1 0 0 0 1 0 0 0 1 4488.dat
1 0 -20 -8 60 -1 0 0 0 1 0 0 0 -1 4488.dat
0 STEP
1 0 20 -8 -20 1 0 0 0 1 0 0 0 1 4488.dat
1 0 -20 -8 -20 -1 0 0 0 1 0 0 0 -1 4488.dat
1 71 0 -8 -50 -1 0 0 0 1 0 0 0 -1 3023.dat
1 71 0 -8 -70 -1 0 0 0 1 0 0 0 -1 6636.dat
0 STEP
1 72 0 -16 -40 -1 0 0 0 1 0 0 0 -1 3031.dat
0 STEP
1 72 0 -16 120 0 0 1 0 1 0 -1 0 0 3029.dat
1 71 0 -24 -70 -1 0 0 0 1 0 0 0 -1 6636.dat
0 STEP
1 1 0 0 260 0 0 1 0 1 0 -1 0 0 3795.dat
1 0 20 -8 220 1 0 0 0 1 0 0 0 1 4488.dat
1 0 -20 -8 220 -1 0 0 0 1 0 0 0 -1 4488.dat
1 0 20 -8 300 1 0 0 0 1 0 0 0 1 4488.dat
1 0 -20 -8 300 -1 0 0 0 1 0 0 0 -1 4488.dat
1 14 0 -8 260 -1 0 0 0 1 0 0 0 -1 3022.dat
1 72 0 -16 280 -1 0 0 0 1 0 0 0 -1 3031.dat
1 1 0 -40 -50 0 0 1 0 1 0 -1 0 0 52501.dat
0 STEP
1 1 0 -48 -60 -1 0 0 0 1 0 0 0 -1 3001.dat
1 15 40 -40 -20 0 0 -1 0 1 0 1 0 0 50745.dat
1 15 -40 -40 -20 0 0 1 0 1 0 -1 0 0 50745.dat
0 STEP
1 0 -30 -40 20 0 0 1 0 1 0 -1 0 0 3660.dat
1 0 30 -40 20 0 0 -1 0 1 0 1 0 0 3660.dat
0 STEP
1 0 40 -40 60 0 0 -1 0 1 0 1 0 0 50745.dat
1 0 -40 -40 60 0 0 1 0 1 0 -1 0 0 50745.dat
1 71 30 -24 100 0 0 1 0 1 0 -1 0 0 3023.dat
1 71 -30 -24 100 0 0 1 0 1 0 -1 0 0 3023.dat
0 STEP
1 71 30 -24 180 0 0 1 0 1 0 -1 0 0 3023.dat
1 71 -30 -24 180 0 0 1 0 1 0 -1 0 0 3023.dat
1 0 -30 -24 140 0 0 1 0 1 0 -1 0 0 2436a.dat
1 0 30 -24 140 0 0 -1 0 1 0 1 0 0 2436a.dat
1 71 52 -14 120 0 -1 0 0 0 -1 1 0 0 2412b.dat
1 71 52 -14 150 0 -1 0 1 0 0 0 0 1 3070bp07.dat
1 14 52 -14 170 0 -1 0 0 0 -1 1 0 0 4592.dat
1 0 52 -14 170 0 0 -1 0 1 0 1 0 0 4593.dat
1 71 -52 -14 160 0 1 0 0 0 1 1 0 0 2412b.dat
1 71 -52 -14 120 0 1 0 0 0 1 1 0 0 2412b.dat
0 STEP
1 71 -30 -32 140 0 0 -1 0 1 0 1 0 0 6636.dat
1 71 30 -32 140 0 0 -1 0 1 0 1 0 0 6636.dat
0 STEP
1 0 40 -40 220 0 0 -1 0 1 0 1 0 0 50745.dat
1 0 -40 -40 220 0 0 1 0 1 0 -1 0 0 50745.dat
1 0 40 -40 300 0 0 -1 0 1 0 1 0 0 50745.dat
1 0 -40 -40 300 0 0 1 0 1 0 -1 0 0 50745.dat
0 STEP
1 71 -10 -40 120 0 0 1 0 1 0 -1 0 0 2465.dat
1 71 10 -40 120 0 0 1 0 1 0 -1 0 0 2465.dat
1 0 0 -40 310 1 0 0 0 1 0 0 0 1 52107.dat
0 STEP
1 72 0 -48 0 1 0 0 0 1 0 0 0 1 3031.dat
1 15 0 -48 50 1 0 0 0 1 0 0 0 1 2431.dat
0 STEP
1 71 -50 -48 40 0 0 -1 0 1 0 1 0 0 2412b.dat
1 71 50 -48 40 0 0 -1 0 1 0 1 0 0 2412b.dat
1 1 -50 -48 -40 0 0 -1 0 1 0 1 0 0 3710.dat
1 1 50 -48 -40 0 0 -1 0 1 0 1 0 0 3710.dat
1 1 -50 -48 10 0 0 -1 0 1 0 1 0 0 3024.dat
1 1 50 -48 10 0 0 -1 0 1 0 1 0 0 3024.dat
0 STEP
1 1 -10 -48 140 0 0 -1 0 1 0 1 0 0 4162.dat
1 1 10 -48 140 0 0 -1 0 1 0 1 0 0 4162.dat
1 72 0 -48 280 0 0 -1 0 1 0 1 0 0 3958.dat
0 STEP
1 1 0 -20 336 -1 0 0 0 0 -1 0 -1 0 3795.dat
1 0 -40 -10 344 -1 0 0 0 0 -1 0 -1 0 32028.dat
1 0 40 -10 344 -1 0 0 0 0 -1 0 -1 0 32028.dat
1 71 0 -10 344 -1 0 0 0 0 -1 0 -1 0 3023.dat
1 71 0 -30 344 -1 0 0 0 0 -1 0 -1 0 2412b.dat
1 71 0 -10 352 -1 0 0 0 0 -1 0 -1 0 6636.dat
1 36 -30 -30 344 -1 0 0 0 0 -1 0 -1 0 6141.dat
1 36 30 -30 344 -1 0 0 0 0 -1 0 -1 0 6141.dat
1 57 -50 -30 344 -1 0 0 0 0 -1 0 -1 0 6141.dat
1 57 50 -30 344 -1 0 0 0 0 -1 0 -1 0 6141.dat
1 71 0 -10 328 -1 0 0 0 0 -1 0 -1 0 3023.dat
1 15 0 -30 328 -1 0 0 0 0 -1 0 -1 0 3666.dat
1 71 40 -10 352 -1 0 0 0 0 -1 0 -1 0 59826b.dat
1 71 -40 -10 352 -1 0 0 0 0 -1 0 -1 0 59826c.dat
1 71 0 -10 352 -1 0 0 0 0 -1 0 -1 0 59826f.dat
0 STEP
1 71 50 -3 300 0 0 -1 0 1 0 1 0 0 6014.dat
1 256 56 -3 300 0 0 -1 0 1 0 1 0 0 6015.dat
1 71 -50 -3 300 0 0 1 0 1 0 -1 0 0 6014.dat
1 256 -56 -3 300 0 0 1 0 1 0 -1 0 0 6015.dat
1 71 50 -3 220 0 0 -1 0 1 0 1 0 0 6014.dat
1 256 56 -3 220 0 0 -1 0 1 0 1 0 0 6015.dat
1 71 -50 -3 220 0 0 1 0 1 0 -1 0 0 6014.dat
1 256 -56 -3 220 0 0 1 0 1 0 -1 0 0 6015.dat
1 71 50 -3 60 0 0 -1 0 1 0 1 0 0 6014.dat
1 256 56 -3 60 0 0 -1 0 1 0 1 0 0 6015.dat
1 71 -50 -3 60 0 0 1 0 1 0 -1 0 0 6014.dat
1 256 -56 -3 60 0 0 1 0 1 0 -1 0 0 6015.dat
1 71 50 -3 -20 0 0 -1 0 1 0 1 0 0 6014.dat
1 256 56 -3 -20 0 0 -1 0 1 0 1 0 0 6015.dat
1 71 -50 -3 -20 0 0 1 0 1 0 -1 0 0 6014.dat
1 256 -56 -3 -20 0 0 1 0 1 0 -1 0 0 6015.dat
0 STEP
1 15 50 -72 0 0 0 -1 0 1 0 1 0 0 3004.dat
1 15 -50 -72 0 0 0 -1 0 1 0 1 0 0 3004.dat
1 15 50 -72 -40 0 0 1 0 1 0 -1 0 0 4865a.dat
1 15 -50 -72 -40 0 0 -1 0 1 0 1 0 0 4865a.dat
0 STEP
1 1 20 -80 -10 1 0 0 0 1 0 0 0 1 2432.dat
1 14 20 -56 -70 1 0 0 0 1 0 0 0 1 3829c01.dat
0 STEP
1 15 50 -72 -70 1 0 0 0 1 0 0 0 1 4733.dat
1 15 -10 -72 -70 1 0 0 0 1 0 0 0 1 4733.dat
1 15 -50 -72 -70 1 0 0 0 1 0 0 0 1 4733.dat
1 4 -30 -72 -70 0 0 -1 0 1 0 1 0 0 6541.dat
1 1 -20 -80 -70 -1 0 0 0 1 0 0 0 -1 2412b.dat
1 14 -10 -62 -52 -1 0 0 0 0 -1 0 -1 0 4592.dat
1 0 -10 -62 -52 -1 0 0 0 1 0 0 0 -1 4593.dat
0 STEP
1 4 -10 -72 20 0 0 1 0 1 0 -1 0 0 3700.dat
1 4 10 -72 20 0 0 1 0 1 0 -1 0 0 3700.dat
1 0 20 -62 20 1 0 0 0 1 0 0 0 1 2780.dat
1 14 0 -96 10 -1 0 0 0 1 0 0 0 -1 3039.dat
1 0 -20 -62 20 1 0 0 0 1 0 0 0 1 2780.dat
0 STEP
1 71 30 -71.219 44.311 0 0 -1 0.93503 0.354568 0 0.354568 -0.93503 0 32529.dat
1 71 -30 -71.219 44.311 0 0 -1 0.93503 0.354568 0 0.354568 -0.93503 0 32529.dat
0 STEP
1 71 -34 -79.019 64.881 -1 0 0 0 -0.911883 0.410449 0 0.410449 0.911883 4519.dat
1 71 -17 -79.019 64.881 0 0 1 0.410449 -0.911883 0 0.911883 0.410449 0 6589.dat
1 71 0 -85.047 80.777 0 1 0 0.93503 0 0.354568 0.354568 0 -0.93503 6589.dat
1 0 0 -85.401 81.712 0 1 0 0.354568 0 -0.93503 -0.93503 0 -0.354568 3705.dat
1 0 0 -85.401 81.712 0 0 -1 0.93503 0.354568 0 0.354568 -0.93503 0 6585.dat
1 1 0 -88.238 89.192 -1 0 0 0 0.354568 -0.93503 0 -0.93503 -0.354568 3709b.dat
1 1 0 -60.187 99.829 -1 0 0 0 0.354568 -0.93503 0 -0.93503 -0.354568 3710.dat
1 1 0 -116.289 78.555 -1 0 0 0 0.354568 -0.93503 0 -0.93503 -0.354568 3710.dat
1 15 -30 -91.075 96.672 0 0 1 -0.93503 0.354568 0 -0.354568 -0.93503 0 2431.dat
1 15 30 -91.075 96.672 0 0 1 -0.93503 0.354568 0 -0.354568 -0.93503 0 2431.dat
1 72 0 -99.584 119.113 0 0 1 -0.93503 0.354568 0 -0.354568 -0.93503 0 6222.dat
1 71 -64 -79.019 64.881 0 1 0 0.410449 0 0.911883 0.911883 0 -0.410449 3941.dat
1 71 -72 -79.019 64.881 0 1 0 0.410449 0 0.911883 0.911883 0 -0.410449 4150.dat
1 71 -72 -79.019 64.881 0 1 0 0.911883 0 -0.410449 -0.410449 0 -0.911883 59826g.dat
0 STEP
1 1 50 -96 0 0 0 -1 0 1 0 1 0 0 3004.dat
1 1 -50 -96 0 0 0 -1 0 1 0 1 0 0 3004.dat
0 STEP
1 1 -50 -120 -10 0 0 -1 0 1 0 1 0 0 3005.dat
1 1 50 -120 -10 0 0 -1 0 1 0 1 0 0 3005.dat
1 1 0 -120 10 1 0 0 0 1 0 0 0 1 3009.dat
0 STEP
1 72 -30 -128 10 1 0 0 0 1 0 0 0 1 6141.dat
1 72 30 -128 10 1 0 0 0 1 0 0 0 1 6141.dat
1 15 -50 -128 0 0 0 -1 0 1 0 1 0 0 3069b.dat
1 15 50 -128 0 0 0 -1 0 1 0 1 0 0 3069b.dat
0 STEP
1 15 0 -128 30 0 0 -1 0 1 0 1 0 0 3021.dat
1 0 10 -136 40 0 0 -1 0 1 0 1 0 0 44728.dat
1 0 -10 -136 40 0 0 1 0 1 0 -1 0 0 44728.dat
1 71 48 -116 40 0 -1 0 -1 0 0 0 0 -1 3941.dat
1 71 56 -116 40 0 -1 0 -1 0 0 0 0 -1 4150.dat
1 71 -48 -116 40 0 1 0 -1 0 0 0 0 1 3941.dat
1 71 -56 -116 40 0 1 0 -1 0 0 0 0 1 4150.dat
0 STEP
1 1 0 -32 -88 -1 0 0 0 0 1 0 1 0 3795.dat
1 15 0 -62 -88 -1 0 0 0 0 1 0 1 0 3666.dat
1 72 0 -32 -96 -1 0 0 0 0 1 0 1 0 3031.dat
1 15 -50 -62 -88 0 0 1 1 0 0 0 1 0 54200.dat
1 15 50 -62 -88 0 0 -1 -1 0 0 0 1 0 54200.dat
1 1 -50 -42 -88 0 0 1 1 0 0 0 1 0 54200.dat
1 1 50 -42 -88 0 0 -1 -1 0 0 0 1 0 54200.dat
1 47 -50 -22 -88 0 0 1 1 0 0 0 1 0 54200.dat
1 47 50 -22 -88 0 0 -1 -1 0 0 0 1 0 54200.dat
1 15 0 -62 -104 -1 0 0 0 0 1 0 1 0 2431.dat
1 1 -20 -42 -104 -1 0 0 0 0 1 0 1 0 2412b.dat
1 1 20 -42 -104 -1 0 0 0 0 1 0 1 0 2412b.dat
1 1 -20 -22 -104 -1 0 0 0 0 1 0 1 0 2412b.dat
1 1 20 -22 -104 -1 0 0 0 0 1 0 1 0 2412b.dat
1 0 -30 -2 -112 0 0 1 1 0 0 0 1 0 6091.dat
1 0 30 -2 -112 0 0 -1 -1 0 0 0 1 0 6091.dat
1 0 0 -2 -112 -1 0 0 0 0 1 0 1 0 2431.dat
1 0 0 -2 -112 1 0 0 0 0 -1 0 1 0 59826h.dat
0 STEP
1 0 84 -62 -70 0 -1 0 0 0 -1 1 0 0 4599a.dat
1 0 -84 -62 -70 0 1 0 0 0 -1 -1 0 0 4599a.dat
1 71 80 -72 -64 1 0 0 0 0 -1 0 1 0 2555.dat
1 71 -80 -72 -64 1 0 0 0 0 -1 0 1 0 2555.dat
0 STEP
1 15 0 -136 10 -1 0 0 0 1 0 0 0 -1 3666.dat
1 40 0 -120 -70 1 0 0 0 1 0 0 0 1 4176.dat
1 0 -40 -128 -70 1 0 0 0 1 0 0 0 1 32028.dat
1 0 0 -128 -70 1 0 0 0 1 0 0 0 1 32028.dat
1 0 40 -128 -70 1 0 0 0 1 0 0 0 1 32028.dat
0 STEP
1 15 0 -144 20 -1 0 0 0 1 0 0 0 -1 51739.dat
1 57 -50 -160 10 -1 0 0 0 1 0 0 0 -1 4589.dat
1 57 50 -160 10 -1 0 0 0 1 0 0 0 -1 4589.dat
0 STEP
1 15 0 -144 -10 1 0 0 0 1 0 0 0 1 52031.dat
1 15 0 -168 -10 -1 0 0 0 1 0 0 0 -1 30413.dat
1 15 0 -156 -20 1 0 0 0 0 -1 0 1 0 59826d.dat
0 STEP
1 0 -50 -56 270 0 0 1 0 1 0 -1 0 0 4085c.dat
1 0 50 -56 270 0 0 -1 0 1 0 1 0 0 4085c.dat
1 1 -30 -56 300 0 0 -1 0 1 0 1 0 0 3710.dat
1 1 30 -56 300 0 0 -1 0 1 0 1 0 0 3710.dat
0 STEP
1 71 0 -64 270 -1 0 0 0 1 0 0 0 -1 6636.dat
1 71 30 -80 320 0 0 1 0 1 0 -1 0 0 32064a.dat
1 71 -30 -80 320 0 0 1 0 1 0 -1 0 0 32064a.dat
0 STEP
1 1 30 -112 320 0 0 1 0 1 0 -1 0 0 2432.dat
1 1 -30 -112 320 0 0 -1 0 1 0 1 0 0 2432.dat
0 STEP
1 0 0 -70 320 -1 0 0 0 1 0 0 0 -1 3706.dat
1 72 70 -70 320 0 0 1 -1 0 0 0 -1 0 32013.dat
1 72 -70 -70 320 0 0 -1 -1 0 0 0 1 0 32013.dat
0 STEP
1 0 0 -109.695 258.59 1 0 0 0 0.354568 0.93503 0 -0.93503 0.354568 2780.dat
1 0 0 -184.498 230.224 1 0 0 0 0.354568 0.93503 0 -0.93503 0.354568 2780.dat
1 0 0 -81.33 183.788 1 0 0 0 0.354568 0.93503 0 -0.93503 0.354568 2780.dat
1 0 0 -156.132 155.422 1 0 0 0 0.354568 0.93503 0 -0.93503 0.354568 2780.dat
1 1 0 -102.421 126.593 0 0 -1 0.93503 0.354568 0 0.354568 -0.93503 0 57792.dat
1 1 0 -102.421 126.593 0 0 1 -0.93503 0.354568 0 -0.354568 -0.93503 0 57792.dat
1 1 0 -132.914 207.006 0 -1 0 -0.93503 0 0.354568 -0.354568 0 -0.93503 59826ac01.dat
1 1 0 -132.914 207.006 0 1 0 0.93503 0 0.354568 0.354568 0 -0.93503 59826ac01.dat
0 STEP
1 0 70 -80 320 0 0 -1 -1 0 0 0 1 0 2780.dat
1 71 70 -100 320 0 0 -1 -1 0 0 0 1 0 75535.dat
1 0 70 -120 320 0 0 -1 -1 0 0 0 1 0 2780.dat
1 71 70 -140 320 0 0 -1 -1 0 0 0 1 0 75535.dat
1 1 70 -160 320 0 0 -1 -1 0 0 0 1 0 43093.dat
1 0 70 -190 320 1 0 0 0 0 -1 0 1 0 32014.dat
1 71 70 -190 230 0 0 -1 0 1 0 1 0 0 75535.dat
1 0 70 -190 250 0 0 -1 0 1 0 1 0 0 2780.dat
1 71 70 -190 270 0 0 -1 0 1 0 1 0 0 75535.dat
1 1 70 -190 290 0 0 -1 0 1 0 1 0 0 43093.dat
1 1 70 -190 210 0 0 1 0 1 0 -1 0 0 4274.dat
0 STEP
1 1 70 -66 262 0 0 -1 0 1 0 1 0 0 4274.dat
1 14 70 -54 270 -1 0 0 0 1 0 0 0 -1 60849.dat
1 14 70 -66 286 -1 0 0 0 0 1 0 1 0 4589.dat
0 STEP
1 256 70 -190 206 0 0 -1 -1 0 0 0 1 0 57539k01.dat
1 256 70 -190 192.6 0 0 -1 -1 0 0 0 1 0 57539k02.dat
1 256 70 -190 186.8 0 0 -1 -1 0 0 0 1 0 57539k02.dat
1 256 70 -190 181 0 0 -1 -1 0 0 0 1 0 57539k02.dat
1 256 70 -190 175.2 0 0 -1 -1 0 0 0 1 0 57539k02.dat
1 256 70 -190 169.4 0 0 -1 -1 0 0 0 1 0 57539k02.dat
1 256 70 -190 163.6 0 0 -1 -1 0 0 0 1 0 57539k02.dat
1 256 70 -190 157.8 0 0 -1 -1 0 0 0 1 0 57539k02.dat
1 256 70 -190 152 0 0 -1 -1 0 0 0 1 0 57539k02.dat
1 256 70 -189.736 146.28 0 0 -1 -0.995734 -0.092266 0 -0.092266 0.995734 0 57539k02.dat
1 256 70 -188.944 140.608 0 0 -1 -0.982974 -0.183745 0 -0.183745 0.982974 0 57539k02.dat
1 256 70 -187.633 135.033 0 0 -1 -0.961827 -0.273657 0 -0.273657 0.961827 0 57539k02.dat
1 256 70 -185.813 129.603 0 0 -1 -0.932475 -0.361234 0 -0.361234 0.932475 0 57539k02.dat
1 256 70 -183.5 124.364 0 0 -1 -0.89516 -0.445745 0 -0.445745 0.89516 0 57539k02.dat
1 256 70 -180.713 119.361 0 0 -1 -0.850214 -0.526437 0 -0.526437 0.850214 0 57539k02.dat
1 256 70 -177.477 114.637 0 0 -1 -0.798015 -0.602637 0 -0.602637 0.798015 0 57539k02.dat
1 256 70 -173.818 110.231 0 0 -1 -0.739008 -0.673696 0 -0.673696 0.739008 0 57539k02.dat
1 256 70 -169.769 106.182 0 0 -1 -0.673696 -0.739008 0 -0.739008 0.673696 0 57539k02.dat
1 256 70 -165.363 102.523 0 0 -1 -0.602637 -0.798015 0 -0.798015 0.602637 0 57539k02.dat
1 256 70 -160.639 99.287 0 0 -1 -0.526437 -0.850214 0 -0.850214 0.526437 0 57539k02.dat
1 256 70 -155.636 96.5 0 0 -1 -0.445745 -0.89516 0 -0.89516 0.445745 0 57539k02.dat
1 256 70 -150.397 94.187 0 0 -1 -0.361234 -0.932475 0 -0.932475 0.361234 0 57539k02.dat
1 256 70 -144.967 92.367 0 0 -1 -0.273657 -0.961827 0 -0.961827 0.273657 0 57539k02.dat
1 256 70 -139.392 91.056 0 0 -1 -0.183745 -0.982974 0 -0.982974 0.183745 0 57539k02.dat
1 256 70 -133.72 90.264 0 0 -1 -0.092266 -0.995734 0 -0.995734 0.092266 0 57539k02.dat
1 256 70 -128 90 0 0 -1 0 -1 0 -1 0 0 57539k02.dat
1 256 70 -122.28 90.264 0 0 -1 0.092266 -0.995734 0 -0.995734 -0.092266 0 57539k02.dat
1 256 70 -116.608 91.056 0 0 -1 0.183745 -0.982974 0 -0.982974 -0.183745 0 57539k02.dat
1 256 70 -111.033 92.367 0 0 -1 0.273657 -0.961827 0 -0.961827 -0.273657 0 57539k02.dat
1 256 70 -105.603 94.187 0 0 -1 0.361234 -0.932475 0 -0.932475 -0.361234 0 57539k02.dat
1 256 70 -100.364 96.5 0 0 -1 0.445745 -0.89516 0 -0.89516 -0.445745 0 57539k02.dat
1 256 70 -95.361 99.287 0 0 -1 0.526437 -0.850214 0 -0.850214 -0.526437 0 57539k02.dat
1 256 70 -90.637 102.523 0 0 -1 0.602637 -0.798015 0 -0.798015 -0.602637 0 57539k02.dat
1 256 70 -86.231 106.182 0 0 -1 0.673696 -0.739008 0 -0.739008 -0.673696 0 57539k02.dat
1 256 70 -82.182 110.231 0 0 -1 0.739008 -0.673696 0 -0.673696 -0.739008 0 57539k02.dat
1 256 70 -78.523 114.637 0 0 -1 0.798015 -0.602637 0 -0.602637 -0.798015 0 57539k02.dat
1 256 70 -75.287 119.361 0 0 -1 0.850214 -0.526437 0 -0.526437 -0.850214 0 57539k02.dat
1 256 70 -72.5 124.364 0 0 -1 0.89516 -0.445745 0 -0.445745 -0.89516 0 57539k02.dat
1 256 70 -70.187 129.603 0 0 -1 0.932475 -0.361234 0 -0.361234 -0.932475 0 57539k02.dat
1 256 70 -68.367 135.033 0 0 -1 0.961827 -0.273657 0 -0.273657 -0.961827 0 57539k02.dat
1 256 70 -67.056 140.608 0 0 -1 0.982974 -0.183745 0 -0.183745 -0.982974 0 57539k02.dat
1 256 70 -66.264 146.28 0 0 -1 0.995734 -0.092266 0 -0.092266 -0.995734 0 57539k02.dat
1 256 70 -66 152 0 0 -1 1 0 0 0 -1 0 57539k02.dat
1 256 70 -66 157.9 0 0 -1 -1 0 0 0 1 0 57539k02.dat
1 256 70 -66 163.8 0 0 -1 -1 0 0 0 1 0 57539k02.dat
1 256 70 -66 169.7 0 0 -1 -1 0 0 0 1 0 57539k02.dat
1 256 70 -66 175.6 0 0 -1 -1 0 0 0 1 0 57539k02.dat
1 256 70 -66 181.5 0 0 -1 -1 0 0 0 1 0 57539k02.dat
1 256 70 -66 187.4 0 0 -1 -1 0 0 0 1 0 57539k02.dat
1 256 70 -66 193.3 0 0 -1 -1 0 0 0 1 0 57539k02.dat
1 256 70 -66 199.2 0 0 -1 -1 0 0 0 1 0 57539k02.dat
1 256 70 -66 205.1 0 0 -1 -1 0 0 0 1 0 57539k02.dat
1 256 70 -66 211 0 0 -1 -1 0 0 0 1 0 57539k02.dat
1 256 70 -66 216.9 0 0 -1 -1 0 0 0 1 0 57539k02.dat
1 256 70 -66 222.8 0 0 -1 -1 0 0 0 1 0 57539k02.dat
1 256 70 -66 228.6 0 0 -1 -1 0 0 0 1 0 57539k02.dat
1 256 70 -66 242 0 0 -1 -1 0 0 0 1 0 57539k01.dat
0 STEP
1 72 10 -69.472 171.16 0 0 1 -0.935444 0.353475 0 -0.353475 -0.935444 0 6141.dat
1 72 -10 -69.472 171.16 0 0 1 -0.935444 0.353475 0 -0.353475 -0.935444 0 6141.dat
1 72 10 -85.472 206.16 0 0 1 -0.935444 0.353475 0 -0.353475 -0.935444 0 6141.dat
1 72 -10 -85.472 206.16 0 0 1 -0.935444 0.353475 0 -0.353475 -0.935444 0 6141.dat
1 72 10 -89.472 221.16 0 0 1 -0.935444 0.353475 0 -0.353475 -0.935444 0 6141.dat
1 72 -10 -89.472 221.16 0 0 1 -0.935444 0.353475 0 -0.353475 -0.935444 0 6141.dat
1 72 10 -97.472 241.16 0 0 1 -0.935444 0.353475 0 -0.353475 -0.935444 0 6141.dat
1 72 -10 -97.472 241.16 0 0 1 -0.935444 0.353475 0 -0.353475 -0.935444 0 6141.dat
1 72 10 -113.472 281.16 0 0 1 -0.935444 0.353475 0 -0.353475 -0.935444 0 6141.dat







0 FILE 7990 - Driver.ldr
0 Driver
0 Name: 7990 - Driver.ldr
0 Author: Marc Giraudet [Mad_Marc]
0 !LDRAW_ORG Model
0 !LICENSE Redistributable under CCAL version 2.0 : see CAreadme.txt

1 4 0 -24 0 1 0 0 0 1 0 0 0 1 3833.dat
1 14 0 -24 0 1 0 0 0 1 0 0 0 1 3626bp83.dat
1 15 0 0 0 1 0 0 0 1 0 0 0 1 973p1r.dat
1 1 0 32 0 1 0 0 0 1 0 0 0 1 3815b.dat
1 15 -15.552 9 0 0.985 -0.17 0 0.17 0.985 0 0 0 1 3818.dat
1 15 15.552 9 0 0.985 0.17 0 -0.17 0.985 0 0 0 1 3819.dat
1 72 -23.8634 26.5956 -10.321 0.985 -0.12019 0.12019 0.17 0.696395 -0.696395 0 0.707 0.707 3820.dat
1 72 23.8634 26.5956 -10.321 0.985 0.12019 -0.12019 -0.17 0.696395 -0.696395 0 0.707 0.707 3820.dat
1 1 0 44 0 1 0 0 0 1 0 0 0 1 3816b.dat
1 1 0 44 0 1 0 0 0 1 0 0 0 1 3817b.dat
0 STEP
1 72 -23.8951 26.7794 -26.9666 0.985 -0.0874983 0.14567 0.17 0.506976 -0.844031 0 0.856884 0.514696 3837.dat
















