0 FILE 7992 - Main.ldr
0 Main
0 Name: 7992 - Main.ldr
0 Author: Marc Giraudet [Mad_Marc]
0 !LDRAW_ORG Model
0 !LICENSE Redistributable under CCAL version 2.0 : see CAreadme.txt

1 0 -120 0 0 1 0 0 0 1 0 0 0 1 7992 - Container Red.ldr
1 0 95 0 0 1 0 0 0 1 0 0 0 1 7992 - Container Grey.ldr
1 0 130 0 -290 1 0 0 0 1 0 0 0 1 7992 - Tanks.ldr
1 0 385 -32 -105 1 0 0 0 1 0 0 0 1 7992 - Stacker.ldr
1 0 -95 -56 -255 0.707107 0 -0.707107 0 1 0 0.707107 0 0.707107 7992 - Worker.ldr



0 FILE 7992 - Container Red.ldr
0 Container Red
0 Name: 7992 - Container Red.ldr
0 Author: Marc Giraudet [Mad_Marc]
0 !LDRAW_ORG Model
0 !LICENSE Redistributable under CCAL version 2.0 : see CAreadme.txt

1 71 0 0 0 0 0 -1 0 1 0 1 0 0 3033.dat
0 STEP
1 72 0 8 90 -1 0 0 0 1 0 0 0 -1 3666.dat
1 72 0 8 -90 -1 0 0 0 1 0 0 0 -1 3666.dat
1 0 -30 8 50 0 0 1 0 1 0 -1 0 0 3623.dat
1 0 30 8 50 0 0 1 0 1 0 -1 0 0 3623.dat
1 0 -30 8 -50 0 0 1 0 1 0 -1 0 0 3623.dat
1 0 30 8 -50 0 0 1 0 1 0 -1 0 0 3623.dat
0 STEP
1 72 -50 -120 70 0 0 1 0 1 0 -1 0 0 2453a.dat
1 72 -50 -120 -70 0 0 1 0 1 0 -1 0 0 2453a.dat
1 72 50 -120 70 0 0 1 0 1 0 -1 0 0 2453a.dat
1 72 50 -120 -70 0 0 1 0 1 0 -1 0 0 2453a.dat
1 4 -50 -120 0 0 0 -1 0 1 0 1 0 0 59349.dat
1 4 50 -120 0 0 0 1 0 1 0 -1 0 0 59349.dat
1 71 0 -128 40 1 0 0 0 1 0 0 0 1 3032.dat
1 71 0 -128 -40 1 0 0 0 1 0 0 0 1 3032.dat
0 STEP
1 4 0 -120 90 1 0 0 0 1 0 0 0 1 59349.dat
1 4 0 -120 -90 -1 0 0 0 1 0 0 0 -1 59349.dat
0 STEP
1 71 0 -128 90 -1 0 0 0 1 0 0 0 -1 6636.dat
1 71 0 -128 -90 -1 0 0 0 1 0 0 0 -1 6636.dat
1 14 0 -136 70 -1 0 0 0 1 0 0 0 -1 2412b.dat
1 14 0 -136 -70 -1 0 0 0 1 0 0 0 -1 2412b.dat



0 FILE 7992 - Container Grey.ldr
0 Container Grey
0 Name: 7992 - Container Grey.ldr
0 Author: Marc Giraudet [Mad_Marc]
0 !LDRAW_ORG Model
0 !LICENSE Redistributable under CCAL version 2.0 : see CAreadme.txt

1 71 0 0 0 0 0 -1 0 1 0 1 0 0 3033.dat
0 STEP
1 72 0 8 90 -1 0 0 0 1 0 0 0 -1 3666.dat
1 72 0 8 -90 -1 0 0 0 1 0 0 0 -1 3666.dat
1 0 -30 8 50 0 0 1 0 1 0 -1 0 0 3623.dat
1 0 30 8 50 0 0 1 0 1 0 -1 0 0 3623.dat
1 0 -30 8 -50 0 0 1 0 1 0 -1 0 0 3623.dat
1 0 30 8 -50 0 0 1 0 1 0 -1 0 0 3623.dat
0 STEP
1 72 0 -120 90 1 0 0 0 1 0 0 0 1 59349.dat
1 72 0 -120 -90 -1 0 0 0 1 0 0 0 -1 59349.dat
0 STEP
1 71 -40 -128 0 0 0 1 0 1 0 -1 0 0 3832.dat
1 71 40 -128 0 0 0 1 0 1 0 -1 0 0 3832.dat
0 STEP
1 14 0 -128 90 -1 0 0 0 1 0 0 0 -1 2412b.dat
1 14 0 -128 -90 -1 0 0 0 1 0 0 0 -1 2412b.dat
1 71 0 -136 0 1 0 0 0 1 0 0 0 1 3020.dat
0 STEP
1 0 0 -144 0 0 0 1 0 1 0 -1 0 0 2376.dat



0 FILE 7992 - Tanks.ldr
0 Tanks
0 Name: 7992 - Tanks.ldr
0 Author: Marc Giraudet [Mad_Marc]
0 !LDRAW_ORG Model
0 !LICENSE Redistributable under CCAL version 2.0 : see CAreadme.txt

1 19 0 0 0 0 0 -1 0 1 0 1 0 0 3032.dat
1 19 0 8 50 -1 0 0 0 1 0 0 0 -1 3710.dat
1 19 0 8 -50 -1 0 0 0 1 0 0 0 -1 3710.dat
0 STEP
1 4 -20 -40 40 -1 0 0 0 1 0 0 0 -1 30151.dat
1 4 20 -40 40 -1 0 0 0 1 0 0 0 -1 30151.dat
1 4 -20 -40 -40 -1 0 0 0 1 0 0 0 -1 30151.dat
1 4 20 -40 -40 -1 0 0 0 1 0 0 0 -1 30151.dat
0 STEP
1 0 -20 -48 40 -1 0 0 0 1 0 0 0 -1 6141.dat
1 0 20 -48 40 -1 0 0 0 1 0 0 0 -1 6141.dat
1 0 -20 -48 -40 -1 0 0 0 1 0 0 0 -1 6141.dat
1 0 20 -48 -40 -1 0 0 0 1 0 0 0 -1 6141.dat
1 0 0 -8 0 -1 0 0 0 1 0 0 0 -1 2376.dat
0 STEP
1 15 -100 -8 30 -1 0 0 0 1 0 0 0 -1 3941.dat
1 2 -100 -16 30 -1 0 0 0 1 0 0 0 -1 4032b.dat
1 4 -100 -24 30 -1 0 0 0 1 0 0 0 -1 4032b.dat
1 15 -100 -32 30 -1 0 0 0 1 0 0 0 -1 4032b.dat
1 15 -100 -8 -30 -1 0 0 0 1 0 0 0 -1 3941.dat
1 2 -100 -16 -30 -1 0 0 0 1 0 0 0 -1 4032b.dat
1 4 -100 -24 -30 -1 0 0 0 1 0 0 0 -1 4032b.dat
1 15 -100 -32 -30 -1 0 0 0 1 0 0 0 -1 4032b.dat



0 FILE 7992 - Stacker.ldr
0 Stacker
0 Name: 7992 - Stacker.ldr
0 Author: Marc Giraudet [Mad_Marc]
0 !LDRAW_ORG Model
0 !LICENSE Redistributable under CCAL version 2.0 : see CAreadme.txt

1 71 -10 0 0 0 0 -1 0 1 0 1 0 0 3703.dat
1 71 10 0 0 0 0 -1 0 1 0 1 0 0 3703.dat
0 STEP
1 4 0 -8 140 0 0 -1 0 1 0 1 0 0 3022.dat
1 4 0 24 140 0 0 -1 0 1 0 1 0 0 3022.dat
0 STEP
1 0 20 10 140 -1 0 0 0 1 0 0 0 -1 2780.dat
1 0 -20 10 140 -1 0 0 0 1 0 0 0 -1 2780.dat
0 STEP
1 14 0 24 -140 1 0 0 0 1 0 0 0 1 3020.dat
1 15 -30 0 -140 0 0 1 0 1 0 -1 0 0 3700.dat
1 15 30 0 -140 0 0 1 0 1 0 -1 0 0 3700.dat
1 14 0 24 100 1 0 0 0 1 0 0 0 1 3020.dat
1 15 -30 0 100 0 0 1 0 1 0 -1 0 0 3700.dat
1 15 30 0 100 0 0 1 0 1 0 -1 0 0 3700.dat
0 STEP
1 0 20 10 -100 -1 0 0 0 1 0 0 0 -1 2780.dat
1 0 -20 10 -100 -1 0 0 0 1 0 0 0 -1 2780.dat
1 19 -20 10 -80 -1 0 0 0 0.999328 -0.0366437 0 -0.0366437 -0.999328 3749.dat
1 19 20 10 -80 1 0 0 0 0.999328 0.0366437 0 -0.0366437 0.999328 3749.dat
0 STEP
1 4 0 -8 -120 0 0 -1 0 1 0 1 0 0 3022.dat
1 72 -20 -8 -150 1 0 0 0 1 0 0 0 1 44728.dat
1 72 20 -8 -150 1 0 0 0 1 0 0 0 1 44728.dat
0 STEP
1 2 0 22 -172 1 0 0 0 0 -1 0 1 0 2431.dat
1 71 -20 2 -172 1 0 0 0 0 -1 0 1 0 2412b.dat
1 71 20 2 -172 1 0 0 0 0 -1 0 1 0 2412b.dat
0 STEP
1 14 0 -8 100 1 0 0 0 1 0 0 0 1 3020.dat
1 72 0 -8 70 1 0 0 0 1 0 0 0 1 3023.dat
0 STEP
1 72 0 24 70 1 0 0 0 1 0 0 0 1 3023.dat
1 72 0 24 -110 1 0 0 0 1 0 0 0 1 3023.dat
1 2 0 24 50 1 0 0 0 1 0 0 0 1 3460.dat
1 2 0 24 -90 1 0 0 0 1 0 0 0 1 3460.dat
0 STEP
1 135 30 10 -80 -1 0 0 0 0.0366437 0.999328 0 0.999328 -0.0366437 53586.dat
1 135 -30 10 -80 -1 0 0 0 0.0366437 0.999328 0 0.999328 -0.0366437 53586.dat

1 2 50 0 -20 0 0 -1 0 1 0 1 0 0 3008.dat
1 2 -50 0 -20 0 0 -1 0 1 0 1 0 0 3008.dat
1 2 70 0 50 0 0 -1 0 1 0 1 0 0 3005.dat
1 2 -70 0 50 0 0 -1 0 1 0 1 0 0 3005.dat
1 2 -70 0 -90 0 0 1 0 1 0 -1 0 0 3665a.dat
1 2 70 0 -90 0 0 -1 0 1 0 1 0 0 3665a.dat
0 STEP
1 2 0 -8 50 1 0 0 0 1 0 0 0 1 3460.dat
1 2 0 -8 -90 1 0 0 0 1 0 0 0 1 3460.dat
1 72 -50 -8 -60 0 0 -1 0 1 0 1 0 0 3023.dat
1 72 50 -8 -60 0 0 -1 0 1 0 1 0 0 3023.dat
1 57 90 -8 -90 0 0 -1 0 1 0 1 0 0 6141.dat
1 57 -90 -8 -90 0 0 -1 0 1 0 1 0 0 6141.dat
0 STEP
1 72 0 -8 -20 -1 0 0 0 1 0 0 0 -1 3795.dat
1 72 50 -8 20 0 0 -1 0 1 0 1 0 0 44728.dat
1 71 72 2 20 0 -1 0 0 0 -1 1 0 0 2412b.dat
1 72 -50 -8 20 0 0 1 0 1 0 -1 0 0 44728.dat
1 71 -72 2 20 0 1 0 0 0 -1 -1 0 0 2412b.dat
1 71 72 22 20 0 -1 0 0 0 -1 1 0 0 2412b.dat
1 71 -72 22 20 0 1 0 0 0 -1 -1 0 0 2412b.dat

1 2 0 -32 150 -1 0 0 0 1 0 0 0 -1 3660.dat
1 2 -30 -32 80 0 0 1 0 1 0 -1 0 0 3010.dat
1 2 30 -32 80 0 0 1 0 1 0 -1 0 0 3010.dat
1 0 0 -32 100 0 0 1 0 1 0 -1 0 0 3001.dat
0 STEP
1 71 -50 -16 -20 0 0 1 0 1 0 -1 0 0 6636.dat
1 71 50 -16 -20 0 0 1 0 1 0 -1 0 0 6636.dat
1 15 0 -16 -10 1 0 0 0 1 0 0 0 1 3829c01.dat
1 14 0 -8 20 1 0 0 0 1 0 0 0 1 4079.dat
0 STEP
1 2 -20 -32 -150 1 0 0 0 1 0 0 0 1 3660.dat
1 2 20 -32 -150 1 0 0 0 1 0 0 0 1 3660.dat
1 0 0 -32 -80 0 0 -1 0 1 0 1 0 0 2456.dat
1 2 -30 -32 -20 0 0 -1 0 1 0 1 0 0 3004.dat
1 2 30 -32 -20 0 0 -1 0 1 0 1 0 0 3004.dat
0 STEP
1 72 0 -40 -140 0 0 -1 0 1 0 1 0 0 3068b.dat
1 71 0 -40 -30 -1 0 0 0 1 0 0 0 -1 3710.dat
1 71 -30 -40 -10 0 0 1 0 1 0 -1 0 0 4085c.dat
1 71 30 -40 -10 0 0 -1 0 1 0 1 0 0 4085c.dat
1 0 0 -56 120 0 0 -1 0 1 0 1 0 0 2456.dat
0 STEP
1 71 30 -56 110 0 0 -1 0 1 0 1 0 0 3062b.dat
1 71 30 -56 90 0 0 -1 0 1 0 1 0 0 3062b.dat
1 71 -30 -56 110 0 0 -1 0 1 0 1 0 0 3062b.dat
1 71 -30 -56 90 0 0 -1 0 1 0 1 0 0 3062b.dat
1 72 -30 -56 70 1 0 0 0 1 0 0 0 1 3040b.dat
1 72 30 -56 70 1 0 0 0 1 0 0 0 1 3040b.dat
1 71 0 -64 170 1 0 0 0 1 0 0 0 1 2412b.dat
0 STEP
1 72 0 -80 140 1 0 0 0 1 0 0 0 1 30000.dat
1 71 0 -88 130 1 0 0 0 1 0 0 0 1 2412b.dat
1 36 -10 -80 150 -1 0 0 0 1 0 0 0 -1 54200.dat
1 36 10 -80 150 -1 0 0 0 1 0 0 0 -1 54200.dat
0 STEP
1 0 0 -80 70 -1 0 0 0 1 0 0 0 -1 3297.dat
1 72 30 -50 140 0 -1 0 0 0 1 -1 0 0 32524.dat
1 72 -30 -50 140 0 -1 0 0 0 1 -1 0 0 32524.dat
0 STEP
1 0 40 -30 140 -1 0 0 0 1 0 0 0 -1 2780.dat
1 72 60 -40 140 -1 0 0 0 1 0 0 0 -1 2444.dat
1 36 50 -40 150 -1 0 0 0 1 0 0 0 -1 54200.dat
1 57 70 -40 150 -1 0 0 0 1 0 0 0 -1 54200.dat
1 2 60 -48 130 1 0 0 0 1 0 0 0 1 6070.dat
0 STEP
1 0 -40 -30 140 -1 0 0 0 1 0 0 0 -1 2780.dat
1 72 -60 -40 140 1 0 0 0 1 0 0 0 1 2444.dat
1 36 -50 -40 150 -1 0 0 0 1 0 0 0 -1 54200.dat
1 57 -70 -40 150 -1 0 0 0 1 0 0 0 -1 54200.dat
1 2 -60 -48 130 1 0 0 0 1 0 0 0 1 6070.dat
0 STEP
1 2 0 -40 -170 1 0 0 0 1 0 0 0 1 3460.dat
1 40 0 -88 -10 1 0 0 0 1 0 0 0 1 3823.dat
0 STEP
1 71 0 -48 -170 -1 0 0 0 1 0 0 0 -1 2412b.dat
1 2 -40 -48 -170 -1 0 0 0 1 0 0 0 -1 6070.dat
1 2 40 -48 -170 -1 0 0 0 1 0 0 0 -1 6070.dat
0 STEP
1 2 -80 -48 -170 -1 0 0 0 1 0 0 0 -1 6070.dat
1 2 80 -48 -170 -1 0 0 0 1 0 0 0 -1 6070.dat
1 0 50 -36 -10 0 0 -1 0 1 0 1 0 0 3962b.dat
1 0 -50 -60 -10 1 0 0 0 1 0 0 0 1 4006.dat
0 STEP
1 71 0 -88 70 -1 0 0 0 1 0 0 0 -1 3710.dat
1 15 0 -96 70 1 0 0 0 1 0 0 0 1 32028.dat
1 57 30 -88 70 0 0 -1 0 1 0 1 0 0 54200.dat
1 57 -30 -88 70 0 0 1 0 1 0 -1 0 0 54200.dat
1 71 0 -104 70 1 0 0 0 1 0 0 0 1 2412b.dat
0 STEP
1 2 0 -104 50 1 0 0 0 1 0 0 0 1 45677.dat
1 72 -60 -72 -170 1 0 0 0 1 0 0 0 1 3937.dat
1 71 -60 -62 -180 1 0 0 0 0 -1 0 1 0 3938.dat
1 46 -60 -62 -188 1 0 0 0 0 -1 0 1 0 3069b.dat
1 72 60 -72 -170 1 0 0 0 1 0 0 0 1 3937.dat
1 71 60 -62 -180 1 0 0 0 0 -1 0 1 0 3938.dat
1 46 60 -62 -188 1 0 0 0 0 -1 0 1 0 3069b.dat
0 STEP
1 71 -15 -208.352 -227.053 0 -1 0 0.965926 0 0.25882 -0.25882 0 0.965926 6632.dat
1 4 0 -208.352 -227.053 -1 0 0 0 -0.965926 0.25882 0 0.25882 0.965926 32062.dat
1 4 0 -197.999 -188.415 -1 0 0 0 -0.965926 0.25882 0 0.25882 0.965926 32062.dat
0 STEP
1 72 -10 -203.175 -207.733 -1 0 0 0 -0.965926 0.25882 0 0.25882 0.965926 32002.dat
1 72 0 -208.352 -227.053 -1 0 0 0 -0.965926 0.25882 0 0.25882 0.965926 6536.dat
0 STEP
1 0 0 -232.848 -241.195 -1 0 0 0 -0.965926 0.25882 0 0.25882 0.965926 41532.dat
1 0 0 -172.117 -91.823 0 -1 0 0.965926 0 0.25882 -0.25882 0 0.965926 32525.dat
0 STEP
1 71 15 -208.352 -227.053 0 -1 0 0.965926 0 0.25882 -0.25882 0 0.965926 6632.dat
1 14 0 -218.705 -265.69 -1 0 0 0 0.25882 0.965926 0 0.965926 -0.25882 30396.dat
1 72 0 -209.051 -268.29 0 0 1 -0.0348995 0.999391 0 -0.999391 -0.0348995 0 30395.dat
0 STEP
1 0 0 -163.621 9.429 0 0 1 -0.25882 0.965926 0 -0.965926 -0.25882 0 57779.dat
0 STEP
1 72 20 -156.612 -33.87 -1 0 0 0 -0.999329 0.0366446 0 0.0366446 0.999329 32002.dat
1 72 -20 -156.612 -33.87 1 0 0 0 -0.999329 -0.0366446 0 0.0366446 -0.999329 32002.dat
0 STEP
1 72 30 -157.34 -53.86 0 0 -1 -0.999329 0.0366446 0 0.0366446 0.999329 0 6536.dat
1 72 -30 -157.34 -53.86 0 0 -1 -0.999329 0.0366446 0 0.0366446 0.999329 0 6536.dat
1 4 30 -137.352 -54.591 0 -1 0 0.0366446 0 -0.999329 0.999329 0 0.0366446 3713.dat
1 71 30 -172.327 -53.31 0 -1 0 0.0366446 0 -0.999329 0.999329 0 0.0366446 32123a.dat
1 0 30 -77.393 -56.789 0 -1 0 0.999329 0 0.0366446 -0.0366446 0 0.999329 3737.dat
1 4 -30 -137.352 -54.591 0 -1 0 0.0366446 0 -0.999329 0.999329 0 0.0366446 3713.dat
1 71 -30 -172.327 -53.31 0 -1 0 0.0366446 0 -0.999329 0.999329 0 0.0366446 32123a.dat
1 0 -30 -77.393 -56.789 0 -1 0 0.999329 0 0.0366446 -0.0366446 0 0.999329 3737.dat
0 STEP
1 4 20 -110 140 -1 0 0 0 -0.965926 0.25882 0 0.25882 0.965926 32062.dat
1 4 -20 -110 140 -1 0 0 0 -0.965926 0.25882 0 0.25882 0.965926 32062.dat
0 STEP
1 71 0 10 100 -1 0 0 0 -1 0 0 0 1 44294.dat
1 256 60 10 100 0 0 -1 0 -1 0 -1 0 0 30391.dat
1 71 60 10 100 0 0 -1 0 -1 0 -1 0 0 55982.dat
1 71 65 10 100 0 0 1 0 -1 0 1 0 0 32123a.dat
1 256 -60 10 100 0 0 1 0 -1 0 1 0 0 30391.dat
1 71 -60 10 100 0 0 1 0 -1 0 1 0 0 55982.dat
1 71 -65 10 100 0 0 -1 0 -1 0 -1 0 0 32123a.dat
0 STEP
1 0 0 10 -140 -1 0 0 0 -1 0 0 0 1 3737.dat
1 4 -50 10 -140 0 0 1 0 -1 0 1 0 0 3713.dat
1 4 50 10 -140 0 0 -1 0 -1 0 -1 0 0 3713.dat
1 256 60 10 -140 0 0 1 0 -1 0 1 0 0 30391.dat
1 71 60 10 -140 0 0 1 0 -1 0 1 0 0 55982.dat
1 256 -60 10 -140 0 0 -1 0 -1 0 -1 0 0 30391.dat
1 71 -60 10 -140 0 0 -1 0 -1 0 -1 0 0 55982.dat
0 STEP
1 256 100 10 -140 0 0 -1 0 -1 0 -1 0 0 30391.dat
1 71 100 10 -140 0 0 -1 0 -1 0 -1 0 0 55982.dat
1 256 -100 10 -140 0 0 1 0 -1 0 1 0 0 30391.dat
1 71 -100 10 -140 0 0 1 0 -1 0 1 0 0 55982.dat

1 71 50 -72 130 1 0 0 0 1 0 0 0 1 3062b.dat
1 71 50 -112 130 1 0 0 0 1 0 0 0 1 2343.dat
1 71 -50 -72 130 1 0 0 0 1 0 0 0 1 3062b.dat
1 71 -50 -112 130 1 0 0 0 1 0 0 0 1 2343.dat



0 FILE 7992 - Worker.ldr
0 Worker
0 Name: 7992 - Worker.ldr
0 Author: Marc Giraudet [Mad_Marc]
0 !LDRAW_ORG Model
0 !LICENSE Redistributable under CCAL version 2.0 : see CAreadme.txt

1 4 0 -24 0 1 0 0 0 1 0 0 0 1 3833.dat
1 14 0 -24 0 1 0 0 0 1 0 0 0 1 3626bp0b.dat
1 25 0 0 0 1 0 0 0 1 0 0 0 1 973p8g.dat
1 25 0 32 0 1 0 0 0 1 0 0 0 1 3815b.dat
1 25 -15.552 9 0 0.985 -0.17 0 0.17 0.985 0 0 0 1 3818.dat
1 25 15.552 9 0 0.985 0.17 0 -0.17 0.985 0 0 0 1 3819.dat
1 72 -23.8634 26.5956 -10.321 0.985 -0.12019 0.12019 0.17 0.696395 -0.696395 0 0.707 0.707 3820.dat
1 72 23.8634 26.5956 -10.321 0.985 0.12019 -0.12019 -0.17 0.696395 -0.696395 0 0.707 0.707 3820.dat
1 25 0 44 0 1 0 0 0 1 0 0 0 1 3816b.dat
1 25 0 44 0 1 0 0 0 1 0 0 0 1 3817b.dat




