0 FILE 8022 - TECHNIC Starter Set - Robot.ldr
0 TECHNIC Starter Set - Robot
0 Name: 8022 - TECHNIC Starter Set - Robot.ldr
0 Author: Charles Farmer [farmer]
0 !LDRAW_ORG Model
0 !LICENSE Redistributable under CCAL version 2.0 : see CAreadme.txt

0 !THEME Technic

1 256 0 0 0 1 0 0 0 1 0 0 0 1 3706.dat
1 7 -50 0 0 0 0 1 0 1 0 -1 0 0 3713.dat
1 15 -30 -10 -100 0 0 1 0 1 0 -1 0 0 3895.dat
1 0 -40 0 -60 1 0 0 0 0.524 0.852 0 -0.852 0.524 2780.dat
1 0 -40 0 -200 1 0 0 0 -0.286 0.958 0 -0.958 -0.286 2780.dat
0 STEP
1 14 -10 0 0 0 0 -1 0 -1 0 -1 0 0 3482.dat
1 0 -10 0 0 0 0 -1 0 -1 0 -1 0 0 2346.dat
1 7 10 0 0 0 0 -1 0 1 0 1 0 0 3713.dat
1 0 0 14 -170 1 0 0 0 1 0 0 0 1 4442.dat
0 STEP
1 15 30 -10 -100 0 0 1 0 1 0 -1 0 0 3895.dat
1 0 40 0 -200 1 0 0 0 -0.286 0.958 0 -0.958 -0.286 2780.dat
1 0 40 0 -60 1 0 0 0 0.524 0.852 0 -0.852 0.524 2780.dat
0 STEP
1 15 0 -18 -80 1 0 0 0 1 0 0 0 1 3709b.dat
1 15 0 -18 -110 1 0 0 0 1 0 0 0 1 3710.dat
1 7 70 -10 -170 1 0 0 0 1 0 0 0 1 4261.dat
1 7 -70 -10 -170 1 0 0 0 1 0 0 0 1 4261.dat
0 STEP
1 15 0 -26 -70 1 0 0 0 1 0 0 0 1 8022 - Robot Step 5.ldr
1 7 80 0 -170 1 0 0 0 1 0 0 0 1 3749.dat
1 7 -80 0 -170 -1 0 0 0 1 0 0 0 -1 3749.dat
1 0 0 -18 -130 1 0 0 0 1 0 0 0 1 2792.dat
0 STEP
1 7 0 -32 -130 1 0 0 0 0.999 0.033 0 -0.033 0.999 2791a.dat
1 7 70 -10 -130 0 -1 0 1 0 0 0 0 1 3749.dat
1 7 -70 -12 -130 0 -1 0 1 0 0 0 0 1 3749.dat
0 STEP
1 7 0 -32 -130 -1 0 0 0 1 0 0 0 -1 2790a.dat
1 15 0 -58 -70 -1 0 0 0 1 0 0 0 -1 3700.dat
1 7 60 -10 10 1 0 0 0 1 0 0 0 1 8022 - Robot Step 7.ldr
0 STEP
1 0 0 -48.491 -84.425 0 1 0 -0.033 0 -0.999 -0.999 0 0.033 3706.dat
1 7 0 -49.99 -129.4 0 1 0 0.999 0 -0.033 -0.033 0 -0.999 3647.dat
0 STEP
1 14 0 -47.158 -44.448 -1 0 0 0 -0.999 0.033 0 0.033 0.999 3482.dat
1 14 30 -107.458 -114.339 1 0 0 0 0.524 0.852 0 -0.852 0.524 8022 - Robot Step 9b.ldr
1 14 0 -153.33 -154.286 1 0 0 0 -0.105 0.994 0 -0.994 -0.105 8022 - Robot Step 9a.ldr
0 STEP
1 15 -30 -107.458 -114.339 1 0 0 0 0.524 0.852 0 -0.852 0.524 8022 - Robot Step 10.ldr
0 STEP
1 15 50 -130.164 -146.584 1 0 0 0 0.286 -0.958 0 0.958 0.286 8022 - Robot Step 11.ldr
1 15 -50 -130.164 -146.584 1 0 0 0 0.286 -0.958 0 0.958 0.286 8022 - Robot Step 11.ldr
0 STEP
1 15 0 -197.246 -126.584 -1 0 0 0 0.286 0.958 0 0.958 -0.286 8022 - Robot Step 12.ldr
1 0 70 -153.33 -154.286 0 -1 0 -0.994 0 -0.105 0.105 0 -0.994 2825.dat
1 0 -70 -153.33 -154.286 0 1 0 0.994 0 -0.105 -0.105 0 -0.994 2825.dat
0 STEP
1 15 0 -206.389 -157.25 1 0 0 0 0.286 -0.958 0 0.958 0.286 3666.dat
1 15 0 -43.475 -205.821 1 0 0 0 0.286 -0.958 0 0.958 0.286 3795.dat
1 0 70 -157.533 -194.064 1 0 0 0 -0.994 -0.105 0 0.105 -0.994 2780.dat
1 7 70 -159.634 -213.954 -1 0 0 0 0.994 -0.105 0 -0.105 -0.994 3749.dat
1 7 -70 -159.634 -213.954 1 0 0 0 -0.994 -0.105 0 0.105 -0.994 3749.dat
1 0 -70 -157.533 -194.064 -1 0 0 0 0.994 -0.105 0 -0.105 -0.994 2780.dat
1 7 70 -35 10 0 -1 0 0 0 1 -1 0 0 8022 - Robot Step 13.ldr
0 STEP
1 14 90 0 -170 0 0 -1 0 -1 0 -1 0 0 3482.dat
1 0 90 0 -170 0 0 -1 0 -1 0 -1 0 0 2346.dat
1 14 -90 0 -170 0 0 1 0 1 0 -1 0 0 3482.dat
1 0 -90 0 -170 0 0 1 0 1 0 -1 0 0 2346.dat
1 15 0 -252.037 -124.857 1 0 0 0 0.958 0.286 0 -0.286 0.958 8022 - Robot Step 14.ldr
1 15 -80 -171.679 -232.792 0 0 -1 0.105 0.994 0 0.994 -0.105 0 3894.dat
1 15 80 -171.679 -232.792 0 0 -1 0.105 0.994 0 0.994 -0.105 0 3894.dat
1 15 94.142 -186.374 -295.739 -0.707 0 -0.707 0.074 0.994 -0.074 0.703 -0.105 -0.703 2420.dat
1 15 -94.142 -186.374 -295.739 0.707 0 0.707 -0.074 0.994 0.074 -0.703 -0.105 0.703 2420.dat






0 FILE 8022 - Robot Step 5.ldr
0 Robot Step 5
0 Name: 8022 - Robot Step 5.ldr
0 Author: Charles Farmer
0 !LICENSE Redistributable under CCAL version 2.0 : see CAreadme.txt

1 15 0 0 0 1 0 0 0 1 0 0 0 1 3023.dat
1 15 0 -8 0 1 0 0 0 1 0 0 0 1 3023.dat






0 FILE 8022 - Robot Step 7.ldr
0 Robot Step 7
0 Name: 8022 - Robot Step 7.ldr
0 Author: Charles Farmer
0 !LICENSE Redistributable under CCAL version 2.0 : see CAreadme.txt

1 7 0 0 0 1 0 0 0 0.44 -0.898 0 0.898 0.44 3673.dat
1 7 -10 10 -10 0 0 -1 -1 0 0 0 1 0 3648a.dat






0 FILE 8022 - Robot Step 9a.ldr
0 Robot Step 9a
0 Name: 8022 - Robot Step 9a.ldr
0 Author: Charles Farmer
0 !LICENSE Redistributable under CCAL version 2.0 : see CAreadme.txt

1 0 0 0 0 1 0 0 0 1 0 0 0 1 3737.dat
1 7 10 0 0 0 0 -1 0 1 0 1 0 0 3713.dat
1 7 -12 0 0 0 0 1 0 1 0 -1 0 0 3650a.dat






0 FILE 8022 - Robot Step 9b.ldr
0 Robot Step 9b
0 Name: 8022 - Robot Step 9b.ldr
0 Author: Charles Farmer
0 !LICENSE Redistributable under CCAL version 2.0 : see CAreadme.txt

1 15 0 0 0 0 0 1 0 1 0 -1 0 0 3702.dat
1 0 10 10 60 1 0 0 0 -1 0 0 0 -1 2780.dat
1 0 10 10 40 1 0 0 0 -1 0 0 0 -1 2780.dat
1 15 20 0 80 0 0 1 0 1 0 -1 0 0 3894.dat






0 FILE 8022 - Robot Step 10.ldr
0 Robot Step 10
0 Name: 8022 - Robot Step 10.ldr
0 Author: Charles Farmer
0 !LICENSE Redistributable under CCAL version 2.0 : see CAreadme.txt

1 15 0 0 0 0 0 1 0 1 0 -1 0 0 3702.dat
1 0 -10 10 60 -1 0 0 0 1 0 0 0 -1 2780.dat
1 0 -10 10 40 -1 0 0 0 1 0 0 0 -1 2780.dat
1 15 -20 0 80 0 0 1 0 1 0 -1 0 0 3894.dat






0 FILE 8022 - Robot Step 11.ldr
0 Robot Step 11
0 Name: 8022 - Robot Step 11.ldr
0 Author: Charles Farmer
0 !LICENSE Redistributable under CCAL version 2.0 : see CAreadme.txt

1 15 0 0 0 0 0 1 0 1 0 -1 0 0 3666.dat
1 15 0 -24 40 0 0 1 0 1 0 -1 0 0 3701.dat
0 STEP
1 15 0 -24 -80 0 0 1 0 1 0 -1 0 0 3702.dat
1 15 0 -32 0 0 0 1 0 1 0 -1 0 0 3710.dat






0 FILE 8022 - Robot Step 12.ldr
0 Robot Step 12
0 Name: 8022 - Robot Step 12.ldr
0 Author: Charles Farmer
0 !LICENSE Redistributable under CCAL version 2.0 : see CAreadme.txt

1 15 0 0 0 1 0 0 0 1 0 0 0 1 3666.dat
1 15 0 -24 0 1 0 0 0 1 0 0 0 1 3700.dat
0 STEP
1 0 0 -14 -10 0 1 0 0 0 -1 -1 0 0 3705.dat
1 7 0 -14 20 0 1 0 1 0 0 0 0 -1 3647.dat
0 STEP
1 7 0 -14 -15 0 1 0 1 0 0 0 0 -1 4185.dat
0 STEP
1 14 0 -14 -29 -1 0 0 0 0 1 0 1 0 8022 - Robot Step 12 4.ldr






0 FILE 8022 - Robot Step 12 4.ldr
0 Robot Step 12 4
0 Name: 8022 - Robot Step 12 4.ldr
0 Author: Charles Farmer
0 !LICENSE Redistributable under CCAL version 2.0 : see CAreadme.txt

1 15 0 0 0 1 0 0 0 1 0 0 0 1 3709b.dat
1 14 0 -8 0 1 0 0 0 -1 0 0 0 -1 2825.dat






0 FILE 8022 - Robot Step 13.ldr
0 Robot Step 13
0 Name: 8022 - Robot Step 13.ldr
0 Author: Charles Farmer
0 !LICENSE Redistributable under CCAL version 2.0 : see CAreadme.txt

1 7 17.957 0 16.193 0 -0.44 0.898 -1 0 0 0 -0.898 -0.44 3651.dat
1 0 85.294 0 -16.831 0.898 0.44 0 0 0 -1 -0.44 0.898 0 3707.dat
1 7 152.632 0 -49.856 0 -0.44 -0.898 1 0 0 0 -0.898 0.44 3651.dat
1 7 170.589 -10 -58.662 0 -0.994 -0.105 -1 0 0 0 0.105 -0.994 3749.dat
0 STEP
1 0 164.286 -20 -118.33 0.994 0 0.105 0 1 0 -0.105 0 0.994 2825.dat






0 FILE 8022 - Robot Step 14.ldr
0 Robot Step 14
0 Name: 8022 - Robot Step 14.ldr
0 Author: Charles Farmer
0 !LICENSE Redistributable under CCAL version 2.0 : see CAreadme.txt

1 15 -30 0 0 0 0 1 0 1 0 -1 0 0 3701.dat
1 15 30 0 0 0 0 1 0 1 0 -1 0 0 3701.dat
0 STEP
1 15 0 -8 30 -1 0 0 0 1 0 0 0 -1 3710.dat
1 15 0 -8 -30 -1 0 0 0 1 0 0 0 -1 3710.dat
1 15 0 -8 0 -1 0 0 0 1 0 0 0 -1 3738.dat
0 STEP
1 15 0 -16 -30 -1 0 0 0 1 0 0 0 -1 3023.dat
1 15 -30 -32 20 0 0 -1 0 1 0 1 0 0 3700.dat
1 15 0 -32 30 1 0 0 0 1 0 0 0 1 3700.dat
1 15 -20 -32 -10 1 0 0 0 1 0 0 0 1 3700.dat
1 15 20 -32 -10 1 0 0 0 1 0 0 0 1 3700.dat
1 15 30 -32 20 0 0 1 0 1 0 -1 0 0 3700.dat
0 STEP
1 15 0 -40 0 -1 0 0 0 1 0 0 0 -1 3738.dat
1 15 0 -40 30 -1 0 0 0 1 0 0 0 -1 3710.dat
0 STEP
1 15 0 -48 0 -1 0 0 0 1 0 0 0 -1 3795.dat
1 7 -20 -58 0 -1 0 0 0 0 1 0 1 0 3713.dat
1 7 20 -58 0 -1 0 0 0 0 1 0 1 0 3713.dat





