0 FILE 8126 - Main
0 Main
0 Name: 8126 - Main
0 Author: Massimo Maso [Sirio]
0 !LDRAW_ORG Model
0 !LICENSE Redistributable under CCAL version 2.0 : see CAreadme.txt

0 !HISTORY 2019-02-20 [technicbasics] Add tyres and OMRize file

0 ROTATION CENTER 0 0 0 1 "Custom"
0 ROTATION CONFIG 0 0
1 0 -300 -26 -40 0 0 1 0 1 0 -1 0 0 8126 - 8126-1.ldr
1 0 180 -26 30 1 0 0 0 1 0 0 0 1 8126 - 8126-2.ldr
1 0 0 0 0 1 0 0 0 1 0 0 0 1 8126 - 8126-3.ldr




0 FILE 8126 - 8126-1.ldr
0 8126-1
0 Name: 8126 - 8126-1.ldr
0 Author: Massimo Maso [Sirio]
0 !LDRAW_ORG Model
0 !LICENSE Redistributable under CCAL version 2.0 : see CAreadme.txt

0 ROTATION CENTER 0 0 0 1 "Custom" 
0 ROTATION CONFIG 0 0
1 15 0 -7.992 69.715 1 0 0 0 0.998372 -0.0570413 0 0.0570413 0.998372 6157.dat
0 STEP
1 15 0 -6.851 49.747 0 0 1 0.0570413 0.998372 0 -0.998372 0.0570413 0 3020.dat
1 15 0 -2.858 -20.139 0 0 1 0.0570413 0.998372 0 -0.998372 0.0570413 0 3021.dat
1 15 0 -7.993 -70.514 1 0 0 0 0.998372 -0.0570413 0 0.0570413 0.998372 6157.dat
0 STEP
1 0 0 -11.416 -10.611 0 0 1 0.0570413 0.998372 0 -0.998372 0.0570413 0 3795.dat
1 14 -10 -15.408 59.275 1 0 0 0 0.998372 -0.0570413 0 0.0570413 0.998372 6141.dat
1 14 10 -15.408 59.275 1 0 0 0 0.998372 -0.0570413 0 0.0570413 0.998372 6141.dat
1 0 0 -7.423 -80.497 1 0 0 0 0.998372 -0.0570413 0 0.0570413 0.998372 2540.dat
0 STEP
1 15 -16 -3.943 -106.341 0 0 1 -0.998372 0.0570413 0 -0.0570413 -0.998372 0 2555.dat
1 15 16 -3.943 -106.341 0 0 1 -0.998372 0.0570413 0 -0.0570413 -0.998372 0 2555.dat
0 STEP
1 46 -16 -3.486 -114.328 1 0 0 0 0.0570413 0.998372 0 -0.998372 0.0570413 6141.dat
1 46 16 -3.486 -114.328 1 0 0 0 0.0570413 0.998372 0 -0.998372 0.0570413 6141.dat
0 STEP
1 0 0 -20.543 8.9 0 0 1 0.0570413 0.998372 0 -0.998372 0.0570413 0 3795.dat
0 STEP
1 0 0 -32.523 78.33 -1 0 0 0 0.998372 0.0570413 0 0.0570413 -0.998372 30236.dat
1 0 0 -31.382 58.362 1 0 0 0 0.998372 -0.0570413 0 0.0570413 0.998372 3023.dat
1 0 0 -30.242 38.395 1 0 0 0 0.998372 -0.0570413 0 0.0570413 0.998372 3710.dat
1 0 0 -27.96 -1.54 0 0 1 0.0570413 0.998372 0 -0.998372 0.0570413 0 3021.dat
1 0 -10 -32.524 -61.899 1 0 0 0 0.998372 -0.0570413 0 0.0570413 0.998372 50950.dat
1 0 10 -32.524 -61.899 1 0 0 0 0.998372 -0.0570413 0 0.0570413 0.998372 50950.dat
0 STEP
1 0 -20 -39.94 67.889 -1 0 0 0 0.998372 0.0570413 0 0.0570413 -0.998372 41770.dat
1 0 20 -39.94 67.889 -1 0 0 0 0.998372 0.0570413 0 0.0570413 -0.998372 41769.dat
1 0 -10 -36.517 7.987 0 0 1 0.0570413 0.998372 0 -0.998372 0.0570413 0 44728.dat
1 0 10 -36.517 7.987 0 0 -1 -0.0570413 0.998372 0 0.998372 0.0570413 0 44728.dat
1 15 0 -34.806 -21.964 1 0 0 0 0.998372 -0.0570413 0 0.0570413 0.998372 2412b.dat
0 STEP
1 0 -48 -16.55 9.128 0 1 0 -0.998372 0 -0.0570413 -0.0570413 0 0.998372 44675.dat
1 0 48 -16.55 9.128 0 -1 0 0.998372 0 -0.0570413 0.0570413 0 0.998372 44675.dat
0 STEP
1 15 -10 -48.497 77.417 0 0 1 0.0570413 0.998372 0 -0.998372 0.0570413 0 2555.dat
1 15 10 -48.497 77.417 0 0 1 0.0570413 0.998372 0 -0.998372 0.0570413 0 2555.dat
1 0 0 -47.356 57.449 1 0 0 0 0.998372 -0.0570413 0 0.0570413 0.998372 50948.dat
1 0 0 -46.215 37.482 1 0 0 0 0.998372 -0.0570413 0 0.0570413 0.998372 3023.dat
0 STEP
1 15 0 -67.13 92.7 1 0 0 0 0.836094 -0.548585 0 0.548585 0.836094 48336.dat
0 STEP
1 15 0 -73.82 88.311 1 0 0 0 0.836094 -0.548585 0 0.548585 0.836094 2431.dat
0 STEP
1 15 0 -55.343 56.993 1 0 0 0 0.998372 -0.0570413 0 0.0570413 0.998372 2412b.dat
1 0 0 -54.202 37.026 1 0 0 0 0.998372 -0.0570413 0 0.0570413 0.998372 3069b.dat
0 STEP
1 0 -40 -3 70 0 0 1 0.0570413 0.998372 0 -0.998372 0.0570413 0 6014.dat
1 0 40 -3 70 0 0 -1 -0.0570413 0.998372 0 0.998372 0.0570413 0 6014.dat
1 0 -40 -3.001 -70.228 0 0 1 0.0570413 0.998372 0 -0.998372 0.0570413 0 6014.dat
1 0 40 -3.001 -70.228 0 0 -1 -0.0570413 0.998372 0 0.998372 0.0570413 0 6014.dat
1 256 -46 -3 70 0 0 1 0.0570413 0.998372 0 -0.998372 0.0570413 0 60700.dat
1 256 46 -3 70 0 0 -1 -0.0570413 0.998372 0 0.998372 0.0570413 0 60700.dat
1 256 -46 -3.001 -70.228 0 0 1 0.0570413 0.998372 0 -0.998372 0.0570413 0 60700.dat
1 256 46 -3.001 -70.228 0 0 -1 -0.0570413 0.998372 0 0.998372 0.0570413 0 60700.dat
0 STEP
0 
0

0 FILE 8126 - 8126-2.ldr
0 8126-2
0 Name: 8126 - 8126-2.ldr
0 Author: Massimo Maso [Sirio]
0 !LDRAW_ORG Model
0 !LICENSE Redistributable under CCAL version 2.0 : see CAreadme.txt

0 ROTATION CENTER 0 0 0 1 "Custom" 
0 ROTATION CONFIG 0 0
1 7 0 -8 60 1 0 0 0 1 0 0 0 1 6157.dat
1 7 0 -8 -60 1 0 0 0 1 0 0 0 1 6157.dat
0 STEP
1 0 0 -8 -70 1 0 0 0 1 0 0 0 1 2540.dat
0 STEP
1 9 -10 -16 -70 1 0 0 0 1 0 0 0 1 6141.dat
1 9 10 -16 -70 1 0 0 0 1 0 0 0 1 6141.dat
0 STEP
1 0 0 -24 70 -1 0 0 0 1 0 0 0 -1 3660.dat
1 0 0 -24 0 0 0 1 0 1 0 -1 0 0 2456.dat
1 15 0 -24 -70 1 0 0 0 1 0 0 0 1 32028.dat
0 STEP
1 9 0 -32 60 0 0 1 0 1 0 -1 0 0 3020.dat
1 9 -10 -32 0 0 0 1 0 1 0 -1 0 0 44728.dat
1 9 10 -32 0 0 0 -1 0 1 0 1 0 0 44728.dat
1 9 0 -32 -30 1 0 0 0 1 0 0 0 1 3023.dat
1 9 0 -32 -60 1 0 0 0 1 0 0 0 1 44674.dat
0 STEP
1 9 -24 -12 0 0 1 0 -1 0 0 0 0 1 30602.dat
1 9 24 -12 0 0 -1 0 1 0 0 0 0 1 30602.dat
0 STEP
1 9 0 -40 60 1 0 0 0 1 0 0 0 1 3031.dat
1 9 -20 -40 -10 0 0 1 0 1 0 -1 0 0 3021.dat
1 9 20 -40 -10 0 0 1 0 1 0 -1 0 0 3021.dat
1 9 0 -48 -50 1 0 0 0 1 0 0 0 1 41855.dat
0 STEP
1 9 0 -56 110 1 0 0 0 1 0 0 0 1 50949.dat
1 9 0 -48 10 1 0 0 0 1 0 0 0 1 3710.dat
0 STEP
1 9 0 -56 10 1 0 0 0 1 0 0 0 1 3710.dat
0 STEP
1 9 0 -64 110 1 0 0 0 1 0 0 0 1 2431.dat
1 9 0 -72 10 -1 0 0 0 1 0 0 0 -1 6081.dat
1 0 0 -64 -10 1 0 0 0 1 0 0 0 1 3037.dat
0 STEP
1 9 0 -72 10 1 0 0 0 1 0 0 0 1 3710.dat
1 9 -20 -72 -10 1 0 0 0 1 0 0 0 1 2540.dat
1 9 20 -72 -10 1 0 0 0 1 0 0 0 1 2540.dat
0 STEP
1 9 -20 -70 -36 0 0 1 -1 0 0 0 -1 0 2555.dat
1 9 20 -70 -36 0 0 1 -1 0 0 0 -1 0 2555.dat
0 STEP
1 46 -20 -70 -44 1 0 0 0 0 1 0 -1 0 6141.dat
1 46 20 -70 -44 1 0 0 0 0 1 0 -1 0 6141.dat
0 STEP
1 0 -40 -3 60 0 0 1 0 1 0 -1 0 0 6014.dat
1 0 40 -3 60 0 0 -1 0 1 0 1 0 0 6014.dat
1 0 -40 -3 -60 0 0 1 0 1 0 -1 0 0 6014.dat
1 0 40 -3 -60 0 0 -1 0 1 0 1 0 0 6014.dat
1 0 -46 -3 60 0 0 -1 0 1 0 1 0 0 60700.dat
1 0 -46 -3 -60 0 0 -1 0 1 0 1 0 0 60700.dat
1 0 46 -3 60 0 0 -1 0 1 0 1 0 0 60700.dat
1 0 46 -3 -60 0 0 -1 0 1 0 1 0 0 60700.dat
0 STEP
0 
0

0 FILE 8126 - 8126-3.ldr
0 8126-3
0 Name: 8126 - 8126-3.ldr
0 Author: Massimo Maso [Sirio]
0 !LDRAW_ORG Model
0 !LICENSE Redistributable under CCAL version 2.0 : see CAreadme.txt

0 ROTATION CENTER 0 0 0 1 "Custom" 
0 ROTATION CONFIG 0 0
1 8 0 0 0 0 0 1 0 1 0 -1 0 0 86501.dat
1 0 -340 -28 140 1 0 0 0 1 0 0 0 1 8126 - 8126-3-a.ldr
1 0 180 -10 -240 1 0 0 0 1 0 0 0 1 8126 - 8126-3-b.ldr
1 0 77.071 -28 -217.071 0.707 0 -0.707 0 1 0 0.707 0 0.707 8126 - 8126-3-c.ldr
1 0 330 -38 -310 1 0 0 0 1 0 0 0 1 8126 - 8126-3-d.ldr
1 0 -80 -28 140 1 0 0 0 1 0 0 0 1 8126 - 8126-3-e.ldr
1 0 320 -28 -260 0 0 -1 0 1 0 1 0 0 8126 - 8126-3-f.ldr
1 0 40 -28 260 0 0 -1 0 1 0 1 0 0 8126 - 8126-3-f.ldr
1 0 320 -18 140 1 0 0 0 1 0 0 0 1 8126 - 8126-3-g.ldr
1 0 180 -10 260 1 0 0 0 1 0 0 0 1 8126 - 8126-3-h.ldr
1 0 -160 -12 50 1 0 0 0 1 0 0 0 1 8126 - 8126-3-i.ldr
0 
0

0 FILE 8126 - 8126-3-a.ldr
0 8126-3-a
0 Name: 8126 - 8126-3-a.ldr
0 Author: Massimo Maso [Sirio]
0 !LDRAW_ORG Model
0 !LICENSE Redistributable under CCAL version 2.0 : see CAreadme.txt

0 ROTATION CENTER 0 0 0 1 "Custom" 
0 ROTATION CONFIG 0 0
1 9 -100 0 0 0 1 0 -1 0 0 0 0 1 3749.dat
1 9 100 0 0 0 1 0 -1 0 0 0 0 1 3749.dat
0 STEP
1 7 -100 -20 0 1 0 0 0 0 -1 0 1 0 59443.dat
1 7 100 -20 0 1 0 0 0 0 -1 0 1 0 59443.dat
0 STEP
1 7 -100 -70 0 0 -1 0 1 0 0 0 0 1 32073.dat
1 7 100 -70 0 0 -1 0 1 0 0 0 0 1 32073.dat
0 STEP
1 4 -100 -130 0 0 -1 0 0 0 -1 1 0 0 32014.dat
1 4 100 -130 0 0 1 0 0 0 -1 -1 0 0 32014.dat
0 STEP
1 0 -90 -130 0 1 0 0 0 1 0 0 0 1 32062.dat
1 0 90 -130 0 1 0 0 0 1 0 0 0 1 32062.dat
0 STEP
1 4 -40 -130 0 0 0 1 0 1 0 -1 0 0 32013.dat
1 4 40 -130 0 0 0 -1 0 1 0 1 0 0 32013.dat
0 STEP
1 0 -100 -130 -10 0 0 1 0 1 0 -1 0 0 3673.dat
1 0 -40 -130 -10 0 0 1 0 1 0 -1 0 0 3673.dat
1 0 40 -130 -10 0 0 1 0 1 0 -1 0 0 3673.dat
1 0 100 -130 -10 0 0 1 0 1 0 -1 0 0 3673.dat
0 STEP
1 4 0 -140 -10 1 0 0 0 1 0 0 0 1 3895.dat
0 STEP
1 4 -60 -148 -40 1 0 0 0 1 0 0 0 1 3958.dat
1 4 60 -148 -40 1 0 0 0 1 0 0 0 1 3958.dat
0 STEP
1 15 80 -156 -60 1 0 0 0 1 0 0 0 1 3957a.dat
0 STEP
1 15 80 -240 -60 0 0 1 0 1 0 -1 0 0 2335.dat
0 
0

0 FILE 8126 - 8126-3-b.ldr
0 8126-3-b
0 Name: 8126 - 8126-3-b.ldr
0 Author: Massimo Maso [Sirio]
0 !LDRAW_ORG Model
0 !LICENSE Redistributable under CCAL version 2.0 : see CAreadme.txt

0 ROTATION CENTER 0 0 0 1 "Custom" 
0 ROTATION CONFIG 0 0
1 19 -60 0 0 1 0 0 0 1 0 0 0 1 3032.dat
1 19 60 0 0 1 0 0 0 1 0 0 0 1 3032.dat
0 STEP
1 19 20 -8 10 1 0 0 0 1 0 0 0 1 6636.dat
1 19 -20 -8 -10 1 0 0 0 1 0 0 0 1 6636.dat
1 10 110 -16 -30 1 0 0 0 1 0 0 0 1 3741.dat
0 
0

0 FILE 8126 - 8126-3-c.ldr
0 8126-3-c
0 Name: 8126 - 8126-3-c.ldr
0 Author: Massimo Maso [Sirio]
0 !LDRAW_ORG Model
0 !LICENSE Redistributable under CCAL version 2.0 : see CAreadme.txt

0 ROTATION CENTER 0 0 0 1 "Custom" 
0 ROTATION CONFIG -3 1
1 7 10 0 0 0 -1 0 0 0 -1 1 0 0 41529.dat
0 STEP
1 15 -14 0 0 0 0 -1 0 1 0 1 0 0 53451.dat
1 15 14 0 0 0 0 1 0 1 0 -1 0 0 53451.dat
0 
0

0 FILE 8126 - 8126-3-d.ldr
0 8126-3-d
0 Name: 8126 - 8126-3-d.ldr
0 Author: Massimo Maso [Sirio]
0 !LDRAW_ORG Model
0 !LICENSE Redistributable under CCAL version 2.0 : see CAreadme.txt

0 ROTATION CENTER 0 0 0 1 "Custom" 
0 ROTATION CONFIG 0 0
1 7 0 0 0 0 1 0 -1 0 0 0 0 1 4274.dat
0 STEP
1 10 0 -16 0 1 0 0 0 1 0 0 0 1 3741.dat
0 
0

0 FILE 8126 - 8126-3-e.ldr
0 8126-3-e
0 Name: 8126 - 8126-3-e.ldr
0 Author: Massimo Maso [Sirio]
0 !LDRAW_ORG Model
0 !LICENSE Redistributable under CCAL version 2.0 : see CAreadme.txt

0 ROTATION CENTER 0 0 0 1 "Custom" 
0 ROTATION CONFIG 0 0
1 4 -20 -20 -10 0 0 1 1 0 0 0 1 0 2444.dat
1 4 20 -20 -10 0 0 1 1 0 0 0 1 0 2444.dat
0 STEP
1 0 -20 0 0 0 -1 0 1 0 0 0 0 1 3673.dat
1 0 20 0 0 0 -1 0 1 0 0 0 0 1 3673.dat
1 4 0 -10 -18 1 0 0 0 0 -1 0 1 0 2431.dat
1 4 0 -30 -18 1 0 0 0 0 -1 0 1 0 2431.dat
0 
0

0 FILE 8126 - 8126-3-f.ldr
0 8126-3-f
0 Name: 8126 - 8126-3-f.ldr
0 Author: Massimo Maso [Sirio]
0 !LDRAW_ORG Model
0 !LICENSE Redistributable under CCAL version 2.0 : see CAreadme.txt

0 ROTATION CENTER 0 0 0 1 "Custom" 
0 ROTATION CONFIG 0 0
1 7 0 -4 0 1 0 0 0 1 0 0 0 1 63965.dat
0 STEP
1 7 0 0 0 0 1 0 -1 0 0 0 0 1 4274.dat
1 4 0 -100 0 0 0 1 0 1 0 -1 0 0 2335.dat
0 
0

0 FILE 8126 - 8126-3-g.ldr
0 8126-3-g
0 Name: 8126 - 8126-3-g.ldr
0 Author: Massimo Maso [Sirio]
0 !LDRAW_ORG Model
0 !LICENSE Redistributable under CCAL version 2.0 : see CAreadme.txt

0 ROTATION CENTER 0 0 0 1 "Custom" 
0 ROTATION CONFIG 0 0
1 19 -10 0 -60 0 0 1 0 1 0 -1 0 0 3020.dat
0 STEP
1 19 -10 -8 -30 1 0 0 0 1 0 0 0 1 3023.dat
1 15 -20 -8 -90 1 0 0 0 1 0 0 0 1 3957a.dat
0 STEP
1 7 0 -16 0 0 1 0 -1 0 0 0 0 1 4274.dat
1 19 -10 -16 -30 1 0 0 0 1 0 0 0 1 3023.dat
0 STEP
1 19 -10 -24 -10 0 0 1 0 1 0 -1 0 0 3021.dat
0 STEP
1 10 -20 -40 -30 1 0 0 0 1 0 0 0 1 3741.dat
1 15 -20 -80 -90 0 0 1 0 1 0 -1 0 0 30261.dat
0 
0

0 FILE 8126 - 8126-3-h.ldr
0 8126-3-h
0 Name: 8126 - 8126-3-h.ldr
0 Author: Massimo Maso [Sirio]
0 !LDRAW_ORG Model
0 !LICENSE Redistributable under CCAL version 2.0 : see CAreadme.txt

0 ROTATION CENTER 0 0 0 1 "Custom" 
0 ROTATION CONFIG 0 0
1 19 -60 0 0 1 0 0 0 1 0 0 0 1 3032.dat
1 19 60 0 0 1 0 0 0 1 0 0 0 1 3032.dat
0 STEP
1 19 0 -8 10 1 0 0 0 1 0 0 0 1 6636.dat
1 10 -90 -16 -10 1 0 0 0 1 0 0 0 1 3741.dat
1 19 20 -8 -10 1 0 0 0 1 0 0 0 1 6636.dat
0 
0

0 FILE 8126 - 8126-3-i.ldr
0 8126-3-i
0 Name: 8126 - 8126-3-i.ldr
0 Author: Massimo Maso [Sirio]
0 !LDRAW_ORG Model
0 !LICENSE Redistributable under CCAL version 2.0 : see CAreadme.txt

0 ROTATION CENTER 0 0 0 1 "Custom"
0 ROTATION CONFIG 0 0
1 0 -30 0 10 1 0 0 0 1 0 0 0 1 4032a.dat
0 STEP
1 15 -30 -8 10 1 0 0 0 1 0 0 0 1 4032a.dat
0 STEP
1 15 -30 -16 10 1 0 0 0 1 0 0 0 1 4032a.dat
0 STEP
1 15 -30 -40 10 1 0 0 0 1 0 0 0 1 3941.dat
0 STEP
1 0 -30 -48 10 1 0 0 0 1 0 0 0 1 4150.dat







