0 FILE 8182 - 8182.mpd
0 8182
0 Name: 8182 - 8182.mpd
0 Author: Massimo Maso [Sirio]
0 !LDRAW_ORG Model
0 !LICENSE Redistributable under CCAL version 2.0 : see CAreadme.txt

0 !HISTORY 2019-02-20 [technicbasics] OMRize file

0 ROTATION CENTER 0 0 0 1 "Custom"
0 ROTATION CONFIG 0 0
1 0 -300 -18 -300 1 0 0 0 1 0 0 0 1 8182 - 8182-1.ldr
1 0 -100 -18 -100 1 0 0 0 1 0 0 0 1 8182 - 8182-2.ldr
1 0 100 -34 100 1 0 0 0 1 0 0 0 1 8182 - 8182-4.ldr
1 0 300 -34 300 1 0 0 0 1 0 0 0 1 8182 - 8182-5.ldr
1 0 -300 0 300 1 0 0 0 1 0 0 0 1 8182 - 8182-6.ldr
1 0 0 0 600 1 0 0 0 1 0 0 0 1 8182 - 8182-7.ldr
1 0 -10 -4 570 0 0 -1 0 1 0 1 0 0 8182 - 8182-3-a.ldr
1 0 300 0 900 1 0 0 0 1 0 0 0 1 8182 - 8182-8.ldr




0 FILE 8182 - 8182-1.ldr
0 8182-1
0 Name: 8182 - 8182-1.ldr
0 Author: Massimo Maso [Sirio]
0 !LDRAW_ORG Model
0
0 !LICENSE Redistributable under CCAL version 2.0 : see CAreadme.txt

0 ROTATION CENTER 0 0 0 1 "Custom"
0 ROTATION CONFIG 0 0
1 0 0 -8 80 1 0 0 0 1 0 0 0 1 6157.dat
1 0 0 -8 -80 1 0 0 0 1 0 0 0 1 6157.dat
0 STEP
1 7 -10 -8 90 1 0 0 0 1 0 0 0 1 6141.dat
1 7 10 -8 90 1 0 0 0 1 0 0 0 1 6141.dat
1 7 -10 -8 -90 1 0 0 0 1 0 0 0 1 6141.dat
1 7 10 -8 -90 1 0 0 0 1 0 0 0 1 6141.dat
0 STEP
1 7 -10 -16 90 1 0 0 0 1 0 0 0 1 6141.dat
1 7 10 -16 90 1 0 0 0 1 0 0 0 1 6141.dat
1 7 -10 -16 -90 1 0 0 0 1 0 0 0 1 6141.dat
1 7 10 -16 -90 1 0 0 0 1 0 0 0 1 6141.dat
0 STEP
1 7 -10 -24 90 1 0 0 0 1 0 0 0 1 6141.dat
1 7 10 -24 90 1 0 0 0 1 0 0 0 1 6141.dat
1 0 0 -24 70 1 0 0 0 1 0 0 0 1 3660.dat
1 0 0 -24 -70 -1 0 0 0 1 0 0 0 -1 3660.dat
1 7 -10 -24 -90 1 0 0 0 1 0 0 0 1 6141.dat
1 7 10 -24 -90 1 0 0 0 1 0 0 0 1 6141.dat
0 STEP
1 0 0 -32 0 0 0 1 0 1 0 -1 0 0 3832.dat
0 STEP
1 15 0 -40 60 1 0 0 0 1 0 0 0 1 3022.dat
1 15 0 -40 0 1 0 0 0 1 0 0 0 1 3031.dat
1 15 0 -40 -60 1 0 0 0 1 0 0 0 1 3022.dat
0 STEP
1 4 0 -48 0 0 0 1 0 1 0 -1 0 0 3034.dat
0 STEP
1 4 0 -64 60 1 0 0 0 1 0 0 0 1 3788.dat
1 15 0 -56 0 0 0 1 0 1 0 -1 0 0 3020.dat
1 4 0 -64 -60 1 0 0 0 1 0 0 0 1 3788.dat
0 STEP
1 4 0 -64 70 -1 0 0 0 1 0 0 0 -1 2436a.dat
1 4 -30 -64 0 0 0 1 0 1 0 -1 0 0 3010.dat
1 4 0 -64 0 0 0 1 0 1 0 -1 0 0 3795.dat
1 4 30 -64 0 0 0 1 0 1 0 -1 0 0 3010.dat
1 4 0 -64 -70 1 0 0 0 1 0 0 0 1 2436a.dat
0 STEP
1 4 0 -54 92 1 0 0 0 0 1 0 -1 0 3710.dat
0 ROTSTEP 23 135 0 ABS
1 4 0 -54 100 1 0 0 0 0 1 0 -1 0 3710.dat
0 STEP
1 36 -30 -54 100 -1 0 0 0 0 -1 0 -1 0 54200.dat
1 4 0 -54 108 1 0 0 0 0 1 0 -1 0 3069b.dat
1 36 30 -54 100 -1 0 0 0 0 -1 0 -1 0 54200.dat
0 STEP
1 4 0 -54 -92 1 0 0 0 0 -1 0 1 0 3710.dat
0 ROTSTEP END
1 47 -30 -54 -92 0 0 1 1 0 0 0 1 0 54200.dat
1 4 -10 -54 -100 -1 0 0 0 0 1 0 1 0 4081a.dat
1 4 10 -54 -100 -1 0 0 0 0 1 0 1 0 4081a.dat
1 47 30 -54 -92 0 0 -1 -1 0 0 0 1 0 54200.dat
0 STEP
1 4 0 -54 -108 1 0 0 0 0 -1 0 1 0 2540.dat
1 15 -16 -74 -98 0 0 -1 0 1 0 1 0 0 53451.dat
1 15 16 -74 -98 0 0 1 0 1 0 -1 0 0 53451.dat
0 STEP
1 7 0 -54 -116 1 0 0 0 0 -1 0 1 0 2412b.dat
0 STEP
1 4 -30 -72 80 0 0 1 0 1 0 -1 0 0 2431.dat
1 4 30 -72 80 0 0 1 0 1 0 -1 0 0 2431.dat
1 15 -10 -72 60 0 0 1 0 1 0 -1 0 0 2412b.dat
1 15 10 -72 60 0 0 1 0 1 0 -1 0 0 2412b.dat
1 4 0 -72 0 1 0 0 0 1 0 0 0 1 3031.dat
1 7 0 -72 -50 1 0 0 0 1 0 0 0 1 3023.dat
1 4 -30 -72 -60 0 0 1 0 1 0 -1 0 0 3069b.dat
1 4 30 -72 -60 0 0 1 0 1 0 -1 0 0 3069b.dat
1 0 0 -72 -70 1 0 0 0 1 0 0 0 1 32028.dat
0 STEP
1 0 -20 -72 30 -1 0 0 0 1 0 0 0 -1 85984.dat
1 0 20 -72 30 -1 0 0 0 1 0 0 0 -1 85984.dat
1 4 0 -80 10 1 0 0 0 1 0 0 0 1 3710.dat
1 0 0 -80 -10 1 0 0 0 1 0 0 0 1 3710.dat
1 0 -20 -72 -30 1 0 0 0 1 0 0 0 1 85984.dat
1 0 20 -72 -30 1 0 0 0 1 0 0 0 1 85984.dat
1 4 0 -80 -60 1 0 0 0 1 0 0 0 1 3068b.dat
0 STEP
1 4 0 -88 10 1 0 0 0 1 0 0 0 1 2431.dat
1 0 0 -88 -10 1 0 0 0 1 0 0 0 1 2431.dat
0 STEP
1 15 -40 -3 80 0 0 1 0 1 0 -1 0 0 6014.dat
1 15 40 -3 80 0 0 -1 0 1 0 1 0 0 6014.dat
1 15 -40 -3 -80 0 0 1 0 1 0 -1 0 0 6014.dat
1 15 40 -3 -80 0 0 -1 0 1 0 1 0 0 6014.dat
0 STEP
1 256 -46 -3 80 0 0 1 0 1 0 -1 0 0 56890.dat
1 256 46 -3 80 0 0 1 0 1 0 -1 0 0 56890.dat
1 256 -46 -3 -80 0 0 1 0 1 0 -1 0 0 56890.dat
1 256 46 -3 -80 0 0 1 0 1 0 -1 0 0 56890.dat




0 FILE 8182 - 8182-2.ldr
0 8182-2
0 Name: 8182 - 8182-2.ldr
0 Author: Massimo Maso [Sirio]
0 !LDRAW_ORG Model
0
0 !LICENSE Redistributable under CCAL version 2.0 : see CAreadme.txt

0 ROTATION CENTER 0 0 0 1 "Custom"
0 ROTATION CONFIG 0 0
1 0 0 0 0 1 0 0 0 1 0 0 0 1 8182 - 8182-2-a.ldr
1 0 0 -77.307 55.738 1 0 0 0 0.666 -0.746 0 0.746 0.666 8182 - 8182-2-b.ldr




0 FILE 8182 - 8182-3.ldr
0 8182-3
0 Name: 8182 - 8182-3.ldr
0 Author: Massimo Maso [Sirio]
0 !LDRAW_ORG Model
0
0 !LICENSE Redistributable under CCAL version 2.0 : see CAreadme.txt

0 ROTATION CENTER 0 0 0 1 "Custom"
0 ROTATION CONFIG 0 0
1 0 0 0 0 1 0 0 0 1 0 0 0 1 8182 - 8182-3-a.ldr
1 0 0 0 0 1 0 0 0 1 0 0 0 1 8182 - 8182-3-b.ldr




0 FILE 8182 - 8182-4.ldr
0 8182-4
0 Name: 8182 - 8182-4.ldr
0 Author: Massimo Maso [Sirio]
0 !LDRAW_ORG Model
0
0 !LICENSE Redistributable under CCAL version 2.0 : see CAreadme.txt

0 ROTATION CENTER 0 0 0 1 "Custom"
0 ROTATION CONFIG 0 0
1 7 0 -63 40 0 0 1 0 1 0 -1 0 0 42608.dat
1 7 0 -63 -40 0 0 -1 0 1 0 1 0 0 42608.dat
0 STEP
1 0 -20 -53 20 1 0 0 0 1 0 0 0 1 3673.dat
1 0 20 -53 20 1 0 0 0 1 0 0 0 1 3673.dat
1 0 -20 -53 -20 1 0 0 0 1 0 0 0 1 3673.dat
1 0 20 -53 -20 1 0 0 0 1 0 0 0 1 3673.dat
0 STEP
1 0 -30 -53 0 0 -1 0 1 0 0 0 0 1 32523.dat
1 0 30 -53 0 0 -1 0 1 0 0 0 0 1 32523.dat
0 STEP
1 0 0 -71 0 0 0 1 0 1 0 -1 0 0 3034.dat
0 STEP
1 15 0 -79 70 -1 0 0 0 1 0 0 0 -1 2436a.dat
1 15 0 -79 0 0 0 1 0 1 0 -1 0 0 3795.dat
1 15 0 -79 -70 1 0 0 0 1 0 0 0 1 2436a.dat
0 STEP
1 36 -30 -69 -84 0 0 1 1 0 0 0 1 0 54200.dat
1 15 0 -69 -92 -1 0 0 0 0 1 0 1 0 32028.dat
1 33 30 -69 -84 0 0 -1 -1 0 0 0 1 0 54200.dat
0 STEP
1 15 0 -69 -100 1 0 0 0 0 -1 0 1 0 3069b.dat
0 STEP
1 0 0 -87 50 0 0 1 0 1 0 -1 0 0 3021.dat
1 0 -10 -87 0 0 0 1 0 1 0 -1 0 0 2436a.dat
1 0 10 -87 0 0 0 -1 0 1 0 1 0 0 2436a.dat
1 0 0 -87 -50 0 0 1 0 1 0 -1 0 0 3021.dat
0 STEP
1 15 -32 -77 0 0 1 0 0 0 -1 -1 0 0 3710.dat
1 15 32 -77 0 0 -1 0 0 0 1 -1 0 0 3710.dat
0 STEP
1 15 -40 -77 0 0 1 0 0 0 -1 -1 0 0 2431.dat
1 15 40 -77 0 0 -1 0 0 0 1 -1 0 0 2431.dat
0 STEP
1 0 0 -103 60 1 0 0 0 1 0 0 0 1 3788.dat
1 15 0 -95 0 1 0 0 0 1 0 0 0 1 3031.dat
1 0 0 -95 -60 1 0 0 0 1 0 0 0 1 44674.dat
0 STEP
1 0 0 -103 70 -1 0 0 0 1 0 0 0 -1 2436a.dat
1 0 0 -103 30 0 0 1 0 1 0 -1 0 0 3021.dat
1 15 -30 -103 0 0 0 1 0 1 0 -1 0 0 3710.dat
1 15 30 -103 0 0 0 1 0 1 0 -1 0 0 3710.dat
1 4 0 -103 -20 1 0 0 0 1 0 0 0 1 3022.dat
1 7 0 -127 -60 1 0 0 0 1 0 0 0 1 50943.dat
0 STEP
1 15 -30 -69 84 0 0 1 -1 0 0 0 -1 0 54200.dat
1 8 -10 -69 92 1 0 0 0 0 1 0 -1 0 6141.dat
1 8 10 -69 92 1 0 0 0 0 1 0 -1 0 6141.dat
1 15 30 -69 84 0 0 -1 1 0 0 0 -1 0 54200.dat
1 0 0 -93 92 1 0 0 0 0 1 0 -1 0 3710.dat
0 ROTSTEP 23 135 0 ABS
1 0 0 -93 100 1 0 0 0 0 1 0 -1 0 2431.dat
0 STEP
1 0 0 -127 50 -1 0 0 0 1 0 0 0 -1 3297.dat
1 0 0 -127 20 1 0 0 0 1 0 0 0 1 3001.dat
1 0 0 -127 -10 1 0 0 0 1 0 0 0 1 3037.dat
0 ROTSTEP END
1 36 -30 -136 10 1 0 0 0 1 0 0 0 1 6141.dat
1 47 -10 -136 10 1 0 0 0 1 0 0 0 1 6141.dat
1 47 10 -136 10 1 0 0 0 1 0 0 0 1 6141.dat
1 33 30 -136 10 1 0 0 0 1 0 0 0 1 6141.dat
0 STEP
1 7 -40 -3 60 0 0 1 0 1 0 -1 0 0 55981.dat
1 7 40 -3 60 0 0 -1 0 1 0 1 0 0 55981.dat
1 7 -40 -3 -60 0 0 1 0 1 0 -1 0 0 55981.dat
1 7 40 -3 -60 0 0 -1 0 1 0 1 0 0 55981.dat
0 STEP
1 256 -40 -3 60 0 0 1 0 1 0 -1 0 0 56891.dat
1 256 40 -3 60 0 0 -1 0 1 0 1 0 0 56891.dat
1 256 -40 -3 -60 0 0 1 0 1 0 -1 0 0 56891.dat
1 256 40 -3 -60 0 0 -1 0 1 0 1 0 0 56891.dat




0 FILE 8182 - 8182-5.ldr
0 8182-5
0 Name: 8182 - 8182-5.ldr
0 Author: Massimo Maso [Sirio]
0 !LDRAW_ORG Model
0
0 !LICENSE Redistributable under CCAL version 2.0 : see CAreadme.txt

0 ROTATION CENTER 0 0 0 1 "Custom"
0 ROTATION CONFIG 0 0
1 7 0 -63 40 0 0 1 0 1 0 -1 0 0 42608.dat
1 7 0 -63 -40 0 0 -1 0 1 0 1 0 0 42608.dat
0 STEP
1 0 -20 -53 20 1 0 0 0 1 0 0 0 1 3673.dat
1 0 20 -53 20 1 0 0 0 1 0 0 0 1 3673.dat
1 0 -20 -53 -20 1 0 0 0 1 0 0 0 1 3673.dat
1 0 20 -53 -20 1 0 0 0 1 0 0 0 1 3673.dat
0 STEP
1 9 -30 -53 0 0 -1 0 1 0 0 0 0 1 32523.dat
1 9 30 -53 0 0 -1 0 1 0 0 0 0 1 32523.dat
0 STEP
1 9 0 -71 0 0 0 1 0 1 0 -1 0 0 3034.dat
0 STEP
1 14 0 -79 70 1 0 0 0 1 0 0 0 1 3023.dat
1 14 0 -79 0 0 0 1 0 1 0 -1 0 0 3795.dat
1 14 0 -79 -70 1 0 0 0 1 0 0 0 1 32028.dat
0 STEP
1 9 0 -95 60 1 0 0 0 1 0 0 0 1 3788.dat
1 4 0 -87 30 1 0 0 0 1 0 0 0 1 3023.dat
1 14 10 -87 0 0 0 -1 0 1 0 1 0 0 2436a.dat
1 14 -10 -87 0 0 0 1 0 1 0 -1 0 0 2436a.dat
1 4 0 -87 -30 1 0 0 0 1 0 0 0 1 3023.dat
1 9 0 -87 -60 1 0 0 0 1 0 0 0 1 44674.dat
0 STEP
1 9 -32 -77 0 0 1 0 0 0 -1 -1 0 0 3710.dat
1 9 32 -77 0 0 -1 0 0 0 1 -1 0 0 3710.dat
0 STEP
1 9 -40 -77 0 0 1 0 0 0 -1 -1 0 0 2431.dat
1 9 40 -77 0 0 -1 0 0 0 1 -1 0 0 2431.dat
0 STEP
1 9 0 -95 70 -1 0 0 0 1 0 0 0 -1 2436a.dat
1 9 -10 -95 30 0 0 -1 0 1 0 1 0 0 2420.dat
1 9 10 -95 30 1 0 0 0 1 0 0 0 1 2420.dat
1 9 0 -95 0 1 0 0 0 1 0 0 0 1 3020.dat
1 9 -10 -95 -30 -1 0 0 0 1 0 0 0 -1 2420.dat
1 9 10 -95 -30 0 0 1 0 1 0 -1 0 0 2420.dat
1 9 0 -95 -70 1 0 0 0 1 0 0 0 1 3023.dat
0 STEP
1 9 0 -85 92 1 0 0 0 0 1 0 -1 0 3710.dat
0 ROTSTEP 23 135 0 ABS
1 9 0 -85 100 1 0 0 0 0 1 0 -1 0 2431.dat
0 STEP
1 9 -20 -103 70 0 0 1 0 1 0 -1 0 0 3021.dat
1 9 20 -103 70 0 0 1 0 1 0 -1 0 0 3021.dat
1 9 -20 -127 30 -1 0 0 0 1 0 0 0 -1 2432.dat
1 9 20 -127 30 -1 0 0 0 1 0 0 0 -1 2432.dat
1 0 0 -103 0 1 0 0 0 1 0 0 0 1 3020.dat
1 0 -20 -95 -30 1 0 0 0 1 0 0 0 1 85984.dat
1 0 20 -95 -30 1 0 0 0 1 0 0 0 1 85984.dat
1 14 0 -103 -50 1 0 0 0 1 0 0 0 1 2412b.dat
0 ROTSTEP END
1 7 10 -111 70 1 0 0 0 1 0 0 0 1 3957a.dat
1 0 0 -111 0 1 0 0 0 1 0 0 0 1 3020.dat
0 STEP
1 9 10 -192 70 0.707107 0 0.707107 0 1 0 -0.707107 0 0.707107 2335.dat
1 9 -30 -119 0 0 0 1 0 1 0 -1 0 0 3069b.dat
1 9 30 -119 0 0 0 1 0 1 0 -1 0 0 3069b.dat
1 14 0 -119 0 1 0 0 0 1 0 0 0 1 3068b.dat
0 STEP
1 14 -40 -3 60 0 0 1 0 1 0 -1 0 0 55981.dat
1 14 40 -3 60 0 0 -1 0 1 0 1 0 0 55981.dat
1 14 -40 -3 -60 0 0 1 0 1 0 -1 0 0 55981.dat
1 14 40 -3 -60 0 0 -1 0 1 0 1 0 0 55981.dat
0 STEP
1 256 -40 -3 60 0 0 1 0 1 0 -1 0 0 56891.dat
1 256 40 -3 60 0 0 -1 0 1 0 1 0 0 56891.dat
1 256 -40 -3 -60 0 0 1 0 1 0 -1 0 0 56891.dat
1 256 40 -3 -60 0 0 -1 0 1 0 1 0 0 56891.dat




0 FILE 8182 - 8182-6.ldr
0 8182-6
0 Name: 8182 - 8182-6.ldr
0 Author: Massimo Maso [Sirio]
0 !LDRAW_ORG Model
0
0 !LICENSE Redistributable under CCAL version 2.0 : see CAreadme.txt

0 ROTATION CENTER 0 0 0 1 "Custom"
0 ROTATION CONFIG 0 0
1 0 0 0 0 1 0 0 0 1 0 0 0 1 8182 - 8182-6-a.ldr
1 0 0 -20 -200 1 0 0 0 1 0 0 0 1 8182 - 8182-6-c.ldr
1 0 0 -20 -200 -1 0 0 0 -0.37 -0.929 0 -0.929 0.37 8182 - 8182-6-b.ldr
1 7 0 -76.445 -146.485 0 -1 0 -0.412119 0 -0.91113 0.91113 0 -0.412119 32316.dat




0 FILE 8182 - 8182-7.ldr
0 8182-7
0 Name: 8182 - 8182-7.ldr
0 Author: Massimo Maso [Sirio]
0 !LDRAW_ORG Model
0
0 !LICENSE Redistributable under CCAL version 2.0 : see CAreadme.txt

0 ROTATION CENTER 0 0 0 1 "Custom"
0 ROTATION CONFIG 0 0
1 0 -100 0 -150 1 0 0 0 1 0 0 0 1 8182 - 8182-7-a.ldr
1 0 100 0 -150 1 0 0 0 1 0 0 0 1 8182 - 8182-7-a.ldr
1 0 -100 0 150 0.707 0 0.707 0 1 0 -0.707 0 0.707 8182 - 8182-7-b.ldr
1 0 100 0 150 0.707 0 0.707 0 1 0 -0.707 0 0.707 8182 - 8182-7-b.ldr




0 FILE 8182 - 8182-8.ldr
0 8182-8
0 Name: 8182 - 8182-8.ldr
0 Author: Massimo Maso [Sirio]
0 !LDRAW_ORG Model
0
0 !LICENSE Redistributable under CCAL version 2.0 : see CAreadme.txt

0 ROTATION CENTER 0 0 0 1 "Custom"
0 ROTATION CONFIG 0 0
1 19 0 0 0 1 0 0 0 1 0 0 0 1 3028.dat
0 STEP
1 0 -60 0 50 1 0 0 0 1 0 0 0 1 85984.dat
1 0 60 0 50 1 0 0 0 1 0 0 0 1 85984.dat
1 8 -110 -8 0 0 0 1 0 1 0 -1 0 0 3666.dat
1 8 -70 -8 0 1 0 0 0 1 0 0 0 1 3021.dat
1 8 70 -8 0 1 0 0 0 1 0 0 0 1 3021.dat
1 8 110 -8 0 0 0 1 0 1 0 -1 0 0 3666.dat
1 0 -60 0 -50 -1 0 0 0 1 0 0 0 -1 85984.dat
1 0 60 0 -50 -1 0 0 0 1 0 0 0 -1 85984.dat
0 STEP
1 8 -110 -32 40 0 0 -1 0 1 0 1 0 0 3660.dat
1 8 110 -32 40 0 0 1 0 1 0 -1 0 0 3660.dat
1 8 -100 -32 0 1 0 0 0 1 0 0 0 1 3003.dat
1 8 100 -32 0 1 0 0 0 1 0 0 0 1 3003.dat
1 8 -110 -32 -40 0 0 -1 0 1 0 1 0 0 3660.dat
1 8 110 -32 -40 0 0 1 0 1 0 -1 0 0 3660.dat
0 STEP
1 15 -110 -56 50 1 0 0 0 1 0 0 0 1 4589.dat
1 15 110 -56 50 1 0 0 0 1 0 0 0 1 4589.dat
1 8 -90 -56 0 0 0 1 0 1 0 -1 0 0 3037.dat
1 8 90 -56 0 0 0 -1 0 1 0 1 0 0 3037.dat
1 15 -110 -56 -50 1 0 0 0 1 0 0 0 1 4589.dat
1 15 110 -56 -50 1 0 0 0 1 0 0 0 1 4589.dat
0 STEP
1 57 -110 -62 50 0 1 0 0 0 -1 -1 0 0 6126a.dat
1 57 110 -62 50 0 -1 0 0 0 -1 1 0 0 6126a.dat
1 57 -110 -62 -50 0 1 0 0 0 -1 -1 0 0 6126a.dat
1 57 110 -62 -50 0 -1 0 0 0 -1 1 0 0 6126a.dat




0 FILE 8182 - 8182-2-a.ldr
0 8182-2-a
0 Name: 8182 - 8182-2-a.ldr
0 Author: Massimo Maso [Sirio]
0 !LDRAW_ORG Model
0
0 !LICENSE Redistributable under CCAL version 2.0 : see CAreadme.txt

0 ROTATION CENTER 0 0 0 1 "Custom"
0 ROTATION CONFIG 0 0
1 0 0 -7.992 69.715 1 0 0 0 0.998372 -0.0570413 0 0.0570413 0.998372 6157.dat
0 STEP
1 4 10 -8.562 79.699 1 0 0 0 0.998 -0.057 0 0.057 0.998 6141.dat
1 4 -10 -8.562 79.699 1 0 0 0 0.998 -0.057 0 0.057 0.998 6141.dat
1 0 0 -7.993 -70.514 1 0 0 0 0.998372 -0.0570413 0 0.0570413 0.998372 6157.dat
0 STEP
1 4 -10 -16.549 79.242 1 0 0 0 0.998 -0.057 0 0.057 0.998 6141.dat
1 4 10 -16.549 79.242 1 0 0 0 0.998 -0.057 0 0.057 0.998 6141.dat
1 0 0 -8.563 -60.53 1 0 0 0 0.998372 -0.0570413 0 0.0570413 0.998372 3023.dat
1 4 -10 -7.423 -80.497 1 0 0 0 0.998 -0.057 0 0.057 0.998 6141.dat
1 4 10 -7.423 -80.497 1 0 0 0 0.998 -0.057 0 0.057 0.998 6141.dat
0 STEP
1 4 -10 -24.536 78.786 1 0 0 0 0.998 -0.057 0 0.057 0.998 6141.dat
1 4 10 -24.536 78.786 1 0 0 0 0.998 -0.057 0 0.057 0.998 6141.dat
1 0 0 -23.395 58.818 1 0 0 0 0.998372 -0.0570413 0 0.0570413 0.998372 3660.dat
1 0 0 -16.55 -60.986 1 0 0 0 0.998372 -0.0570413 0 0.0570413 0.998372 3023.dat
1 4 -10 -15.41 -80.954 1 0 0 0 0.998 -0.057 0 0.057 0.998 6141.dat
1 4 10 -15.41 -80.954 1 0 0 0 0.998 -0.057 0 0.057 0.998 6141.dat
0 STEP
1 4 -10 -32.523 78.33 1 0 0 0 0.998 -0.057 0 0.057 0.998 6141.dat
1 4 10 -32.523 78.33 1 0 0 0 0.998 -0.057 0 0.057 0.998 6141.dat
1 0 0 -30.812 48.378 1 0 0 0 0.998372 -0.0570413 0 0.0570413 0.998372 3022.dat
1 0 0 -25.108 -51.459 1 0 0 0 0.998372 -0.0570413 0 0.0570413 0.998372 3022.dat
1 4 -10 -23.397 -81.41 1 0 0 0 0.998 -0.057 0 0.057 0.998 6141.dat
1 4 10 -23.397 -81.41 1 0 0 0 0.998 -0.057 0 0.057 0.998 6141.dat
0 STEP
1 0 0 -39.369 57.906 0 0 1 0.0570413 0.998372 0 -0.998372 0.0570413 0 3021.dat
1 0 -10 -33.665 -41.931 0 0 1 0.0570413 0.998372 0 -0.998372 0.0570413 0 4081a.dat
1 0 10 -33.665 -41.931 0 0 -1 -0.0570413 0.998372 0 0.998372 0.0570413 0 4081a.dat
1 0 0 -32.524 -61.899 1 0 0 0 0.998372 -0.0570413 0 0.0570413 0.998372 3023.dat
1 4 -10 -31.384 -81.866 1 0 0 0 0.998 -0.057 0 0.057 0.998 6141.dat
1 4 10 -31.384 -81.866 1 0 0 0 0.998 -0.057 0 0.057 0.998 6141.dat
0 STEP
1 57 -30 -32.125 -33.83 0 1 0 -0.998 0 -0.057 -0.057 0 0.998 6126a.dat
1 57 30 -32.125 -33.83 0 1 0 -0.998 0 -0.057 -0.057 0 0.998 6126a.dat
0 STEP
1 0 0 -48.497 77.417 -1 0 0 0 0.998372 0.0570413 0 0.0570413 -0.998372 48336.dat
1 0 0 -43.363 -12.437 0 0 1 0.0570413 0.998372 0 -0.998372 0.0570413 0 3034.dat
0 STEP
1 15 -10 -55.914 66.977 0 0 1 0.0570413 0.998372 0 -0.998372 0.0570413 0 32028.dat
1 15 10 -55.914 66.977 0 0 -1 -0.0570413 0.998372 0 0.998372 0.0570413 0 32028.dat
1 15 0 -54.202 37.026 1 0 0 0 0.998372 -0.0570413 0 0.0570413 0.998372 3023.dat
1 15 -10 -52.491 7.075 0 0 1 0.0570413 0.998372 0 -0.998372 0.0570413 0 3794b.dat
1 15 10 -52.491 7.075 0 0 1 0.0570413 0.998372 0 -0.998372 0.0570413 0 3794b.dat
1 15 0 -50.78 -22.877 1 0 0 0 0.998372 -0.0570413 0 0.0570413 0.998372 3023.dat
1 15 0 -49.069 -52.828 -1 0 0 0 0.998372 0.0570413 0 0.0570413 -0.998372 41854.dat
0 STEP
1 15 0 -63.901 66.52 1 0 0 0 0.998372 -0.0570413 0 0.0570413 0.998372 3031.dat
1 15 0 -60.478 6.618 1 0 0 0 0.998372 -0.0570413 0 0.0570413 0.998372 3021.dat
1 0 0 -57.626 -43.3 1 0 0 0 0.998372 -0.0570413 0 0.0570413 0.998372 3023.dat
1 0 0 -55.915 -73.252 1 0 0 0 0.998372 -0.0570413 0 0.0570413 0.998372 50946p01.dat
0 STEP
1 15 -30 -73.599 96.015 1 0 0 0 0.998372 -0.0570413 0 0.0570413 0.998372 2555.dat
1 15 30 -73.599 96.015 1 0 0 0 0.998372 -0.0570413 0 0.0570413 0.998372 2555.dat
1 15 -30 -70.176 36.113 1 0 0 0 0.998372 -0.0570413 0 0.0570413 0.998372 2555.dat
1 7 0 -70.176 36.113 1 0 0 0 0.998372 -0.0570413 0 0.0570413 0.998372 3023.dat
1 15 30 -70.176 36.113 1 0 0 0 0.998372 -0.0570413 0 0.0570413 0.998372 2555.dat
1 80 0 -89.004 -55.109 1 0 0 0 0.998372 -0.0570413 0 0.0570413 0.998372 50943.dat
0 STEP
1 7 0 -78.163 35.657 -1 0 0 0 0.998372 0.0570413 0 0.0570413 -0.998372 44567.dat
1 15 -10 -74.741 -24.246 0 0 1 0.0570413 0.998372 0 -0.998372 0.0570413 0 4070.dat
1 15 10 -74.741 -24.246 0 0 -1 -0.0570413 0.998372 0 0.998372 0.0570413 0 4070.dat
0 STEP
1 15 -30 -75.596 25.787 1 0 0 0 -0.0570413 -0.998372 0 0.998372 -0.0570413 30374.dat
1 15 30 -75.596 25.787 1 0 0 0 -0.0570413 -0.998372 0 0.998372 -0.0570413 30374.dat
1 15 -16 -64.757 -23.675 0 1 0 -0.998372 0 -0.0570413 -0.0570413 0 0.998372 54200.dat
1 15 16 -64.757 -23.675 0 -1 0 0.998372 0 -0.0570413 0.0570413 0 0.998372 54200.dat
0 STEP
1 7 0 -86.15 35.2 1 0 0 0 0.998372 -0.0570413 0 0.0570413 0.998372 2412b.dat
1 15 0 -84.439 5.249 1 0 0 0 0.998372 -0.0570413 0 0.0570413 0.998372 3002.dat
1 15 0 -82.728 -24.702 1 0 0 0 0.998372 -0.0570413 0 0.0570413 0.998372 2412b.dat
0 STEP
1 15 0 -92.997 14.777 1 0 0 0 0.998372 -0.0570413 0 0.0570413 0.998372 3623.dat
1 0 0 -91.856 -5.191 1 0 0 0 0.998372 -0.0570413 0 0.0570413 0.998372 3623.dat
0 STEP
1 15 -20 -100.413 4.337 0 0 1 0.0570413 0.998372 0 -0.998372 0.0570413 0 3069b.dat
1 15 0 -100.413 4.337 0 0 1 0.0570413 0.998372 0 -0.998372 0.0570413 0 3069b.dat
1 15 20 -100.413 4.337 0 0 1 0.0570413 0.998372 0 -0.998372 0.0570413 0 3069b.dat
0 STEP
1 0 -40 -3 70 0 0 1 0.0570413 0.998372 0 -0.998372 0.0570413 0 6014.dat
1 0 40 -3 70 0 0 -1 -0.0570413 0.998372 0 0.998372 0.0570413 0 6014.dat
1 0 -40 -3.001 -70.228 0 0 1 0.0570413 0.998372 0 -0.998372 0.0570413 0 6014.dat
1 0 40 -3.001 -70.228 0 0 -1 -0.0570413 0.998372 0 0.998372 0.0570413 0 6014.dat
0 STEP
1 256 -46 -3 70 0 0 1 0.057041 0.998372 0 -0.998372 0.057041 0 56890.dat
1 256 46 -3 70 0 0 1 0.057041 0.998372 0 -0.998372 0.057041 0 56890.dat
1 256 -46 -3.001 -70.228 0 0 1 0.057041 0.998372 0 -0.998372 0.057041 0 56890.dat
1 256 46 -3.001 -70.228 0 0 1 0.057041 0.998372 0 -0.998372 0.057041 0 56890.dat




0 FILE 8182 - 8182-2-b.ldr
0 8182-2-b
0 Name: 8182 - 8182-2-b.ldr
0 Author: Massimo Maso [Sirio]
0 !LDRAW_ORG Model
0
0 !LICENSE Redistributable under CCAL version 2.0 : see CAreadme.txt

0 ROTATION CENTER 0 0 0 1 "Custom"
0 ROTATION CONFIG 0 0
1 7 0 0 60 1 0 0 0 0 -1 0 1 0 32014.dat
0 STEP
1 7 0 60 60 1 0 0 0 -1 0 0 0 -1 42074.dat
1 4 0 0 30 0 0 1 0 1 0 -1 0 0 32062.dat
0 STEP
1 7 0 0 10 1 0 0 0 1 0 0 0 1 30553.dat




0 FILE 8182 - 8182-3-a.ldr
0 8182-3-a
0 Name: 8182 - 8182-3-a.ldr
0 Author: Massimo Maso [Sirio]
0 !LDRAW_ORG Model
0
0 !LICENSE Redistributable under CCAL version 2.0 : see CAreadme.txt

0 ROTATION CENTER 0 0 0 1 "Custom"
0 ROTATION CONFIG 0 0
1 0 0 -8 60 1 0 0 0 1 0 0 0 1 6157.dat
1 0 0 0 0 1 0 0 0 1 0 0 0 1 3031.dat
1 0 0 -8 -60 1 0 0 0 1 0 0 0 1 6157.dat
0 STEP
1 14 0 -8 70 -1 0 0 0 1 0 0 0 -1 2436a.dat
1 14 -10 -8 30 0 0 -1 0 1 0 1 0 0 2420.dat
1 14 10 -8 30 1 0 0 0 1 0 0 0 1 2420.dat
1 14 0 -8 0 1 0 0 0 1 0 0 0 1 3020.dat
1 14 -10 -8 -30 -1 0 0 0 1 0 0 0 -1 2420.dat
1 14 10 -8 -30 0 0 1 0 1 0 -1 0 0 2420.dat
1 14 0 -8 -70 1 0 0 0 1 0 0 0 1 2436a.dat
0 STEP
1 14 -30 2 -84 0 0 1 1 0 0 0 1 0 54200.dat
1 14 0 2 -92 -1 0 0 0 0 1 0 1 0 32028.dat
0 STEP
1 14 -10 2 -100 1 0 0 0 0 -1 0 1 0 3070b.dat
0 STEP
1 14 0 -16 0 0 0 1 0 1 0 -1 0 0 3034.dat
0 STEP
1 14 0 -32 60 1 0 0 0 1 0 0 0 1 3788.dat
1 0 0 -24 0 0 0 1 0 1 0 -1 0 0 3020.dat
1 14 0 -24 -60 1 0 0 0 1 0 0 0 1 44674.dat
0 STEP
1 14 0 -32 70 -1 0 0 0 1 0 0 0 -1 2436a.dat
1 14 0 -32 20 0 0 1 0 1 0 -1 0 0 3020.dat
1 14 -30 -32 0 0 0 1 0 1 0 -1 0 0 3010.dat
1 14 30 -32 0 0 0 1 0 1 0 -1 0 0 3010.dat
1 14 0 -32 -30 1 0 0 0 1 0 0 0 1 2412b.dat
1 14 0 -32 -50 1 0 0 0 1 0 0 0 1 3069b.dat
1 14 -10 -32 -70 1 0 0 0 1 0 0 0 1 3070b.dat
0 STEP
1 8 -30 2 92 1 0 0 0 0 1 0 -1 0 6141.dat
1 14 -30 -22 84 0 0 1 -1 0 0 0 -1 0 54200.dat
1 14 0 -22 92 1 0 0 0 0 1 0 -1 0 3023.dat
0 ROTSTEP 23 135 0 ABS
1 14 -10 -22 100 1 0 0 0 0 1 0 -1 0 3070b.dat
0 STEP
1 0 0 -32 40 -1 0 0 0 1 0 0 0 -1 88930.dat
1 0 0 -32 0 1 0 0 0 1 0 0 0 1 88930.dat
0 ROTSTEP END




0 FILE 8182 - 8182-3-b.ldr
0 8182-3-b
0 Name: 8182 - 8182-3-b.ldr
0 Author: Massimo Maso [Sirio]
0 !LDRAW_ORG Model
0
0 !LICENSE Redistributable under CCAL version 2.0 : see CAreadme.txt

0 ROTATION CENTER 0 0 0 1 "Custom"
0 ROTATION CONFIG 0 0
1 14 10 2 -100 1 0 0 0 0 -1 0 1 0 3070b.dat
1 14 30 2 -84 0 0 -1 -1 0 0 0 1 0 54200.dat
0 STEP
1 14 10 -32 -70 1 0 0 0 1 0 0 0 1 3070b.dat
0 STEP
1 14 0 2 92 1 0 0 0 0 1 0 -1 0 3069b.dat
1 8 30 2 92 1 0 0 0 0 1 0 -1 0 6141.dat
1 14 30 -22 84 0 0 -1 1 0 0 0 -1 0 54200.dat
0 ROTSTEP 23 135 0 ABS
1 14 10 -22 100 1 0 0 0 0 1 0 -1 0 3070b.dat
0 STEP
1 0 -40 -3 60 0 0 1 0 1 0 -1 0 0 51719.dat
1 0 40 -3 60 0 0 -1 0 1 0 1 0 0 51719.dat
1 0 -40 -3 -60 0 0 1 0 1 0 -1 0 0 51719.dat
1 0 40 -3 -60 0 0 -1 0 1 0 1 0 0 51719.dat
0 ROTSTEP END
1 256 -40 -3 60 0 0 1 0 1 0 -1 0 0 50951.dat
1 256 40 -3 60 0 0 1 0 1 0 -1 0 0 50951.dat
1 256 -40 -3 -60 0 0 1 0 1 0 -1 0 0 50951.dat
1 256 40 -3 -60 0 0 1 0 1 0 -1 0 0 50951.dat




0 FILE 8182 - 8182-6-a.ldr
0 8182-6-a
0 Name: 8182 - 8182-6-a.ldr
0 Author: Massimo Maso [Sirio]
0 !LDRAW_ORG Model
0
0 !LICENSE Redistributable under CCAL version 2.0 : see CAreadme.txt

0 ROTATION CENTER 0 0 0 1 "Custom"
0 ROTATION CONFIG 0 0
1 7 0 0 0 0 1 0 -1 0 0 0 0 1 32140.dat
0 STEP
1 9 0 0 60 1 0 0 0 1 0 0 0 1 32556.dat
1 9 0 0 40 1 0 0 0 1 0 0 0 1 32556.dat
1 9 0 0 20 1 0 0 0 1 0 0 0 1 32556.dat
1 7 0 0 0 1 0 0 0 1 0 0 0 1 4519.dat
0 STEP
1 9 -20 0 80 0 -1 0 1 0 0 0 0 1 32316.dat
1 9 -20 0 -60 0 -1 0 1 0 0 0 0 1 40490.dat
0 STEP
1 0 0 0 110 1 0 0 0 0 -1 0 1 0 32138.dat
1 0 0 0 -90 1 0 0 0 0 -1 0 1 0 32138.dat
0 STEP
1 9 20 0 80 0 -1 0 1 0 0 0 0 1 32316.dat
1 9 20 0 -60 0 -1 0 1 0 0 0 0 1 40490.dat
0 STEP
1 0 -30 0 -120 1 0 0 0 1 0 0 0 1 3673.dat
1 0 30 0 -120 1 0 0 0 1 0 0 0 1 3673.dat
1 0 -30 0 -140 1 0 0 0 1 0 0 0 1 3673.dat
1 0 30 0 -140 1 0 0 0 1 0 0 0 1 3673.dat
0 STEP
1 7 -40 -20 -130 0 0 1 0 1 0 -1 0 0 32291.dat
1 7 40 -20 -130 0 0 1 0 1 0 -1 0 0 32291.dat
0 STEP
1 0 -40 -20 -120 0 0 1 0 1 0 -1 0 0 3705.dat
1 0 40 -20 -120 0 0 1 0 1 0 -1 0 0 3705.dat
0 STEP
1 9 0 -20 -110 0 0 1 1 0 0 0 1 0 40490.dat
0 STEP
1 7 -40 -20 -90 -1 0 0 0 1 0 0 0 -1 3713.dat
1 7 40 -20 -90 -1 0 0 0 1 0 0 0 -1 3713.dat
1 0 -72 -20 -130 0 -1 0 0 0 1 -1 0 0 32138.dat
1 9 -20 -20 -130 0 0 1 0 1 0 -1 0 0 32556.dat
1 9 20 -20 -130 0 0 1 0 1 0 -1 0 0 32556.dat
1 0 72 -20 -130 0 -1 0 0 0 1 -1 0 0 32138.dat
0 STEP
1 4 -70 -10 -130 0 -1 0 1 0 0 0 0 1 32062.dat
1 9 -20 -40 -130 1 0 0 0 1 0 0 0 1 6536.dat
1 9 20 -40 -130 1 0 0 0 1 0 0 0 1 6536.dat
1 4 70 -10 -130 0 -1 0 1 0 0 0 0 1 32062.dat
0 STEP
1 9 -70 0 -130 0 -1 0 1 0 0 0 0 1 6536.dat
1 9 70 0 -130 0 1 0 -1 0 0 0 0 1 6536.dat
1 9 0 -20 -150 0 0 1 1 0 0 0 1 0 40490.dat
1 7 0 -40 -130 1 0 0 0 1 0 0 0 1 4519.dat




0 FILE 8182 - 8182-6-b.ldr
0 8182-6-b
0 Name: 8182 - 8182-6-b.ldr
0 Author: Massimo Maso [Sirio]
0 !LDRAW_ORG Model
0
0 !LICENSE Redistributable under CCAL version 2.0 : see CAreadme.txt

0 ROTATION CENTER 0 0 0 1 "Custom"
0 ROTATION CONFIG 0 0
1 7 0 -80 260 0 -1 0 -0.600001 0 0.799999 -0.799999 0 -0.600001 6629.dat
0 STEP
1 9 0 0 160 1 0 0 0 1 0 0 0 1 32556.dat
1 0 0 0 140 1 0 0 0 1 0 0 0 1 3705.dat
1 9 0 -16 212 1 0 0 0 0.600001 -0.799999 0 0.799999 0.600001 32556.dat
1 7 0 -80 260 1 0 0 0 0.600001 -0.799999 0 0.799999 0.600001 4519.dat
0 STEP
1 9 -20 0 80 0 -1 0 1 0 0 0 0 1 40490.dat
1 9 20 0 80 0 -1 0 1 0 0 0 0 1 40490.dat
1 7 -20 -48 236 0 -1 0 0.600001 0 -0.799999 0.799999 0 0.600001 32316.dat
1 7 20 -48 236 0 -1 0 0.600001 0 -0.799999 0.799999 0 0.600001 32316.dat
0 STEP
1 0 0 0 100 1 0 0 0 1 0 0 0 1 3705.dat
1 0 -30 0 80 1 0 0 0 1 0 0 0 1 6628.dat
1 0 30 0 80 -1 0 0 0 1 0 0 0 -1 6628.dat
1 18 0 0 0 1 0 0 0 1 0 0 0 1 32556.dat
0 STEP
1 7 -35 0 100 0 -1 0 1 0 0 0 0 1 6632.dat
1 7 35 0 100 0 -1 0 1 0 0 0 0 1 6632.dat




0 FILE 8182 - 8182-6-c.ldr
0 8182-6-c
0 Name: 8182 - 8182-6-c.ldr
0 Author: Massimo Maso [Sirio]
0 !LDRAW_ORG Model
0
0 !LICENSE Redistributable under CCAL version 2.0 : see CAreadme.txt

0 ROTATION CENTER 0 0 0 1 "Custom"
0 ROTATION CONFIG 0 0
1 4 0 0 0 -1 0 0 0 1 0 0 0 -1 32192.dat
0 STEP
1 0 0 0 130 0 0 1 0 1 0 -1 0 0 3708.dat
1 4 0 -21.213 -21.213 0 0 1 -0.707107 0.707107 0 -0.707107 -0.707107 0 32062.dat
0 STEP
1 4 0 -35.355 -21.213 1 0 0 0 0.707107 0.707107 0 -0.707107 0.707107 32064a.dat




0 FILE 8182 - 8182-7-a.ldr
0 8182-7-a
0 Name: 8182 - 8182-7-a.ldr
0 Author: Massimo Maso [Sirio]
0 !LDRAW_ORG Model
0
0 !LICENSE Redistributable under CCAL version 2.0 : see CAreadme.txt

0 ROTATION CENTER 0 0 0 1 "Custom"
0 ROTATION CONFIG 0 0
1 14 0 0 0 1 0 0 0 1 0 0 0 1 4032a.dat
0 STEP
1 14 0 -8 0 1 0 0 0 1 0 0 0 1 4032a.dat
0 STEP
1 15 0 -72 0 1 0 0 0 1 0 0 0 1 30374.dat
0 STEP
1 0 0 -20 0 1 0 0 0 0 1 0 -1 0 51719.dat
0 STEP
1 256 0 -20 0 1 0 0 0 0 -1 0 1 0 50951.dat
0 STEP
1 0 0 -36 0 1 0 0 0 0 1 0 -1 0 51719.dat
0 STEP
1 256 0 -36 0 1 0 0 0 0 -1 0 1 0 50951.dat




0 FILE 8182 - 8182-7-b.ldr
0 8182-7-b
0 Name: 8182 - 8182-7-b.ldr
0 Author: Massimo Maso [Sirio]
0 !LDRAW_ORG Model
0
0 !LICENSE Redistributable under CCAL version 2.0 : see CAreadme.txt

0 ROTATION CENTER 0 0 0 1 "Custom"
0 ROTATION CONFIG 0 0
1 15 0 0 0 1 0 0 0 1 0 0 0 1 4032a.dat
0 STEP
1 14 0 -24 0 1 0 0 0 1 0 0 0 1 4589.dat
0 STEP
1 15 0 -100 0 1 0 0 0 1 0 0 0 1 30374.dat
0 STEP
1 15 0 -100 0 1 0 0 0 1 0 0 0 1 2335.dat






