0 FILE 8196 - 8196.mpd
0 8196
0 Name: 8196 - 8196.mpd
0 Author: Massimo Maso [Sirio]
0 !LDRAW_ORG Model
0 !LICENSE Redistributable under CCAL version 2.0 : see CAreadme.txt

0 !HISTORY 2019-02-20 [technicbasics] OMRize file

0 ROTATION CENTER 0 0 0 1 "Custom"
0 ROTATION CONFIG 0 0
1 0 10 -71 10 0 0 -1 0 1 0 1 0 0 8196 - 8196-1.ldr
1 0 490 -152 50 0.707 0 0.707 0 1 0 -0.707 0 0.707 8196 - 8196-2.ldr
1 0 0 0 0 1 0 0 0 1 0 0 0 1 8196 - 8196-3.ldr




0 FILE 8196 - 8196-1.ldr
0 8196-1
0 Name: 8196 - 8196-1.ldr
0 Author: Massimo Maso
0 !LDRAW_ORG Model
0 !LICENSE Redistributable under CCAL version 2.0 : see CAreadme.txt

0
0 ROTATION CENTER 0 0 0 1 "Custom" 
0 ROTATION CONFIG 0 0
1 0 0 -7.989 59.667 1 0 0 0 0.997785 -0.0665177 0 0.0665177 0.997785 6157.dat
0 STEP
1 8 0 -7.989 59.667 1 0 0 0 0.997785 -0.0665177 0 0.0665177 0.997785 3022.dat
1 14 0 -3.998 -0.2 1 0 0 0 0.997785 -0.0665177 0 0.0665177 0.997785 3031.dat
1 0 0 -7.989 -60.599 1 0 0 0 0.997785 -0.0665177 0 0.0665177 0.997785 6157.dat
0 STEP
1 14 0 -16.636 69.113 -1 0 0 0 0.997785 0.0665177 0 0.0665177 -0.997785 2436a.dat
1 0 -30 -11.98 -0.732 0 0 1 0.0665177 0.997785 0 -0.997785 0.0665177 0 3710.dat
1 0 0 -11.98 -0.732 0 0 1 0.0665177 0.997785 0 -0.997785 0.0665177 0 3795.dat
1 0 30 -11.98 -0.732 0 0 1 0.0665177 0.997785 0 -0.997785 0.0665177 0 3710.dat
1 15 0 -7.324 -70.577 1 0 0 0 0.997785 -0.0665177 0 0.0665177 0.997785 32028.dat
0 STEP
1 14 0 -31.936 58.071 1 0 0 0 0.997785 -0.0665177 0 0.0665177 0.997785 3788.dat
1 0 0 -18.632 -21.22 0 0 1 0.0665177 0.997785 0 -0.997785 0.0665177 0 3795.dat
0 STEP
1 0 0 -29.275 18.16 0 0 1 0.0665177 0.997785 0 -0.997785 0.0665177 0 3795.dat
1 14 0 -31.936 -62.195 1 0 0 0 0.997785 -0.0665177 0 0.0665177 0.997785 3788.dat
0 STEP
1 14 0 -40.583 67.517 -1 0 0 0 0.997785 0.0665177 0 0.0665177 -0.997785 2436a.dat
1 14 -30 -39.918 57.539 0 0 1 0.0665177 0.997785 0 -0.997785 0.0665177 0 3023.dat
1 14 30 -39.918 57.539 0 0 1 0.0665177 0.997785 0 -0.997785 0.0665177 0 3023.dat
1 14 -30 -35.927 -2.328 0 0 1 0.0665177 0.997785 0 -0.997785 0.0665177 0 3010.dat
1 14 30 -35.927 -2.328 0 0 1 0.0665177 0.997785 0 -0.997785 0.0665177 0 3010.dat
1 0 0 -35.927 -2.328 0 0 1 0.0665177 0.997785 0 -0.997785 0.0665177 0 3795.dat
1 14 0 -31.271 -72.173 1 0 0 0 0.997785 -0.0665177 0 0.0665177 0.997785 2436a.dat
0 STEP
1 14 -30 -7.59 83.747 -1 0 0 0 0.0665177 -0.997785 0 -0.997785 -0.0665177 54200.dat
1 7 -10 -9.186 107.694 1 0 0 0 0.0665177 0.997785 0 -0.997785 0.0665177 4589.dat
1 7 10 -9.186 107.694 1 0 0 0 0.0665177 0.997785 0 -0.997785 0.0665177 4589.dat
1 14 30 -7.59 83.747 -1 0 0 0 0.0665177 -0.997785 0 -0.997785 -0.0665177 54200.dat
1 0 0 -32.069 90.133 1 0 0 0 0.0665177 0.997785 0 -0.997785 0.0665177 3710.dat
0 ROTSTEP 23 135 0 ABS
1 14 0 -32.601 98.115 1 0 0 0 0.0665177 0.997785 0 -0.997785 0.0665177 3710.dat
0 STEP
1 36 -30 -33.133 106.098 1 0 0 0 0.0665177 0.997785 0 -0.997785 0.0665177 3070b.dat
1 0 0 -33.133 106.098 1 0 0 0 0.0665177 0.997785 0 -0.997785 0.0665177 3069b.dat
1 36 30 -33.133 106.098 1 0 0 0 0.0665177 0.997785 0 -0.997785 0.0665177 3070b.dat
0 STEP
1 0 0 -19.83 -93.459 1 0 0 0 -0.0665177 -0.997785 0 0.997785 -0.0665177 3710.dat
0 ROTSTEP END
1 0 -20 -19.297 -101.442 1 0 0 0 -0.0665177 -0.997785 0 0.997785 -0.0665177 2412b.dat
1 0 20 -19.297 -101.442 1 0 0 0 -0.0665177 -0.997785 0 0.997785 -0.0665177 2412b.dat
0 STEP
1 14 -30 -39.918 57.539 -1 0 0 0 0.997785 0.0665177 0 0.0665177 -0.997785 61409.dat
1 0 0 -39.253 47.561 -1 0 0 0 0.997785 0.0665177 0 0.0665177 -0.997785 85984.dat
1 14 30 -39.918 57.539 -1 0 0 0 0.997785 0.0665177 0 0.0665177 -0.997785 61409.dat
1 0 0 -45.24 17.095 1 0 0 0 0.997785 -0.0665177 0 0.0665177 0.997785 3020.dat
1 0 -20 -35.262 -12.306 1 0 0 0 0.997785 -0.0665177 0 0.0665177 0.997785 85984.dat
1 0 20 -35.262 -12.306 1 0 0 0 0.997785 -0.0665177 0 0.0665177 0.997785 85984.dat
1 0 0 -41.914 -32.794 1 0 0 0 0.997785 -0.0665177 0 0.0665177 0.997785 3069b.dat
1 0 0 -39.918 -62.728 1 0 0 0 0.997785 -0.0665177 0 0.0665177 0.997785 3068b.dat
0 STEP
1 14 -30 -53.222 16.563 0 0 1 0.0665177 0.997785 0 -0.997785 0.0665177 0 3069b.dat
1 0 0 -53.222 16.563 1 0 0 0 0.997785 -0.0665177 0 0.0665177 0.997785 3068b.dat
1 14 30 -53.222 16.563 0 0 1 0.0665177 0.997785 0 -0.997785 0.0665177 0 3069b.dat
0 STEP
1 0 -40 -3 60 0 0 1 0.0665177 0.997785 0 -0.997785 0.0665177 0 51719.dat
1 0 40 -3 60 0 0 -1 -0.0665177 0.997785 0 0.997785 0.0665177 0 51719.dat
1 0 -40 -3 -60.266 0 0 1 0.0665177 0.997785 0 -0.997785 0.0665177 0 51719.dat
1 0 40 -3 -60.266 0 0 -1 -0.0665177 0.997785 0 0.997785 0.0665177 0 51719.dat
0 STEP
1 256 -40 -3 60 0 0 1 0.0665177 0.997785 0 -0.997785 0.0665177 0 50951.dat
1 256 40 -3 60 0 0 1 0.0665177 0.997785 0 -0.997785 0.0665177 0 50951.dat
1 256 -40 -3 -60.266 0 0 1 0.0665177 0.997785 0 -0.997785 0.0665177 0 50951.dat
1 256 40 -3 -60.266 0 0 1 0.0665177 0.997785 0 -0.997785 0.0665177 0 50951.dat
0 
0

0 FILE 8196 - 8196-2.ldr
0 8196-2
0 Name: 8196 - 8196-2.ldr
0 Author: Massimo Maso
0 !LDRAW_ORG Model
0 !LICENSE Redistributable under CCAL version 2.0 : see CAreadme.txt

0
0 ROTATION CENTER 0 0 0 1 "Custom" 
0 ROTATION CONFIG 0 0
1 0 -50 0 10 0 0 1 0 1 0 -1 0 0 3666.dat
1 0 50 0 10 0 0 1 0 1 0 -1 0 0 3666.dat
0 STEP
1 15 0 -24 40 1 0 0 0 1 0 0 0 1 6140.dat
1 15 0 -24 -20 1 0 0 0 1 0 0 0 1 6140.dat
0 STEP
1 9 -30 -24 40 0 0 1 0 1 0 -1 0 0 54200.dat
1 9 30 -24 40 0 0 -1 0 1 0 1 0 0 54200.dat
1 15 0 -32 20 0 0 1 0 1 0 -1 0 0 3021.dat
1 9 -30 -24 -20 0 0 1 0 1 0 -1 0 0 54200.dat
1 9 30 -24 -20 0 0 -1 0 1 0 1 0 0 54200.dat
1 15 0 -32 -30 0 0 1 0 1 0 -1 0 0 2444.dat
0 STEP
1 46 0 -22 -50 1 0 0 0 0 1 0 -1 0 6141.dat
0 STEP
1 9 0 -56 40 -1 0 0 0 1 0 0 0 -1 3747b.dat
1 9 0 -56 0 0 0 1 0 1 0 -1 0 0 3002.dat
1 9 0 -56 -40 1 0 0 0 1 0 0 0 1 3747b.dat
0 STEP
1 15 0 -64 -50 0 0 1 0 1 0 -1 0 0 3020.dat
0 STEP
1 15 0 -80 80 1 0 0 0 1 0 0 0 1 32064a.dat
1 15 0 -80 30 0 0 1 0 1 0 -1 0 0 3001.dat
0 STEP
1 0 0 -70 150 0 0 1 0 1 0 -1 0 0 3707.dat
0 ROTSTEP 23 135 0 ABS
1 9 0 -70 180 0 0 1 0 1 0 -1 0 0 6536.dat
0 ROTSTEP END
1 15 0 -70 200 -1 0 0 0 0 1 0 1 0 41669.dat
0 STEP
1 15 0 -90 220 0 0 1 0 1 0 -1 0 0 32184.dat
0 STEP
1 34 -10 -50 180 0 -1 0 1 0 0 0 0 1 6141.dat
1 36 10 -50 180 0 1 0 -1 0 0 0 0 1 6141.dat
1 18 10 -90 220 1 0 0 0 1 0 0 0 1 3749.dat
0 STEP
1 0 22 -90 220 0 0 1 0 1 0 -1 0 0 6041.dat
0 STEP
1 0 0 -96 60 -1 0 0 0 1 0 0 0 -1 47456.dat
1 0 -10 -88 30 0 0 -1 0 1 0 1 0 0 3475b.dat
1 0 10 -88 30 0 0 1 0 1 0 -1 0 0 3475b.dat
1 0 0 -88 0 1 0 0 0 1 0 0 0 1 3023.dat
1 0 0 -88 -20 1 0 0 0 1 0 0 0 1 30363.dat
0 STEP
1 15 0 -96 30 1 0 0 0 1 0 0 0 1 2460.dat
1 15 0 -96 -10 1 0 0 0 1 0 0 0 1 3068b.dat
0 STEP
1 15 0 -104 60 1 0 0 0 1 0 0 0 1 2412b.dat
1 0 0 -120 30 -0.707107 0 0.707107 0 1 0 -0.707107 0 -0.707107 2479.dat
0 STEP
1 0 -63.64 -128 93.64 0.707107 0 0.707107 0 1 0 -0.707107 0 0.707107 4162.dat
1 0 63.64 -128 -33.64 0.707107 0 0.707107 0 1 0 -0.707107 0 0.707107 4162.dat
0 
0

0 FILE 8196 - 8196-3.ldr
0 8196-3
0 Name: 8196 - 8196-3.ldr
0 Author: Massimo Maso
0 !LDRAW_ORG Model
0 !LICENSE Redistributable under CCAL version 2.0 : see CAreadme.txt

0
0 ROTATION CENTER 0 0 0 1 "Custom" 
0 ROTATION CONFIG 0 0
1 8 0 -52 -180 1 0 0 0 1 0 0 0 1 s\86501s01.dat
1 8 0 0 -331.314 1 0 0 0 0.945712 -0.325007 0 0.325007 0.945712 s\86501s02.dat
1 8 0 0 -331.314 1 0 0 0 1 0 0 0 1 s\86501s04.dat
1 8 -180 -52 0 0 0.325007 -0.945712 0 0.945712 0.325007 1 0 0 s\86501s03.dat
1 8 180 -52 0 0 -0.325007 0.945712 0 0.945712 0.325007 -1 0 0 s\86501s03.dat
1 0 -140 -10 0 1 0 0 0 1 0 0 0 1 8196 - 8196-3-a.ldr
1 0 140 -10 0 1 0 0 0 1 0 0 0 1 8196 - 8196-3-a.ldr
1 0 140 -148 140 0 0 -1 0 1 0 1 0 0 8196 - 8196-3-b.ldr
1 0 -140 -148 -140 0 0 1 0 1 0 -1 0 0 8196 - 8196-3-b.ldr
1 0 -140 -28 -651.314 1 0 0 0 1 0 0 0 1 8196 - 8196-3-c.ldr
1 0 140 -28 -631.314 0 0 1 0 1 0 -1 0 0 8196 - 8196-3-d.ldr
1 0 0 -64 140 1 0 0 0 1 0 0 0 1 8196 - 8196-3-e.ldr
1 4 70 -12 -671.314 -1 0 0 0 1 0 0 0 -1 4080.dat
1 4 70 -28 -401.314 -1 0 0 0 1 0 0 0 -1 8196 - 8196-3-f.ldr
1 4 70 -60 -401.314 -0.707 0 -0.707 0 1 0 0.707 0 -0.707 8196 - 8196-3-f.ldr
1 4 10 -12 -401.314 1 0 0 0 1 0 0 0 1 8196 - 8196-3-g.ldr
1 4 20 -12 -481.314 1 0 0 0 1 0 0 0 1 8196 - 8196-3-g.ldr
1 4 60 -12 -531.314 1 0 0 0 1 0 0 0 1 8196 - 8196-3-g.ldr
1 19 -20 -12 -491.314 0 0 1 0 1 0 -1 0 0 4162.dat
1 19 -100 -12 -491.314 0 0 1 0 1 0 -1 0 0 4162.dat
0 
0

0 FILE 8196 - 8196-3-a.ldr
0 8196-3-a
0 Name: 8196 - 8196-3-a.ldr
0 Author: Massimo Maso
0 !LDRAW_ORG Model
0 !LICENSE Redistributable under CCAL version 2.0 : see CAreadme.txt

0
0 ROTATION CENTER 0 0 0 1 "Custom" 
0 ROTATION CONFIG 0 0
1 0 0 -30 140 1 0 0 0 0 -1 0 1 0 59443.dat
1 0 0 -30 -140 1 0 0 0 0 -1 0 1 0 59443.dat
0 STEP
1 9 0 -10 140 0 1 0 -1 0 0 0 0 1 3749.dat
1 9 0 -10 -140 0 1 0 -1 0 0 0 0 1 3749.dat
1 9 0 -50 140 0 -1 0 1 0 0 0 0 1 3749.dat
1 9 0 -50 -140 0 -1 0 1 0 0 0 0 1 3749.dat
0 STEP
1 0 0 0 0 1 0 0 0 1 0 0 0 1 32278.dat
0 
0

0 FILE 8196 - 8196-3-b.ldr
0 8196-3-b
0 Name: 8196 - 8196-3-b.ldr
0 Author: Massimo Maso
0 !LDRAW_ORG Model
0 !LICENSE Redistributable under CCAL version 2.0 : see CAreadme.txt

0
0 ROTATION CENTER 0 0 0 1 "Custom" 
0 ROTATION CONFIG 0 0
1 8 0 -8 0 -1 0 0 0 -1 0 0 0 1 4070.dat
0 STEP
1 8 0 0 0 -1 0 0 0 -1 0 0 0 1 3957a.dat
1 8 0 -32 0 -1 0 0 0 -1 0 0 0 1 4070.dat
0 STEP
1 34 0 -18 -14 1 0 0 0 0 -1 0 1 0 6141.dat
1 36 0 -42 -14 1 0 0 0 0 -1 0 1 0 6141.dat
0 
0

0 FILE 8196 - 8196-3-c.ldr
0 8196-3-c
0 Name: 8196 - 8196-3-c.ldr
0 Author: Massimo Maso
0 !LDRAW_ORG Model
0 !LICENSE Redistributable under CCAL version 2.0 : see CAreadme.txt

0
0 ROTATION CENTER 0 0 0 1 "Custom" 
0 ROTATION CONFIG 0 0
1 7 0 0 0 0 1 0 -1 0 0 0 0 1 4274.dat
0 STEP
1 8 0 -8 0 1 0 0 0 1 0 0 0 1 3957a.dat
0 STEP
1 15 0 -78 0 1 0 0 0 1 0 0 0 1 30261.dat
0 
0

0 FILE 8196 - 8196-3-d.ldr
0 8196-3-d
0 Name: 8196 - 8196-3-d.ldr
0 Author: Massimo Maso
0 !LDRAW_ORG Model
0 !LICENSE Redistributable under CCAL version 2.0 : see CAreadme.txt

0
0 ROTATION CENTER 0 0 0 1 "Custom" 
0 ROTATION CONFIG 0 0
1 7 -20 0 0 0 1 0 -1 0 0 0 0 1 4274.dat
1 7 20 0 0 0 1 0 -1 0 0 0 0 1 4274.dat
0 STEP
1 0 0 -8 0 1 0 0 0 1 0 0 0 1 3710.dat
0 STEP
1 0 0 -80 0 -1 0 0 0 1 0 0 0 -1 4215a.dat
0 
0

0 FILE 8196 - 8196-3-e.ldr
0 8196-3-e
0 Name: 8196 - 8196-3-e.ldr
0 Author: Massimo Maso
0 !LDRAW_ORG Model
0 !LICENSE Redistributable under CCAL version 2.0 : see CAreadme.txt

0
0 ROTATION CENTER 0 0 0 1 "Custom" 
0 ROTATION CONFIG 0 0
1 15 40 -6 0 0 -1 0 1 0 0 0 0 1 30374.dat
0 STEP
1 4 -30 0 0 0 0 1 0 1 0 -1 0 0 2555.dat
1 4 30 0 0 0 0 1 0 1 0 -1 0 0 2555.dat
1 4 0 -26 -2 1 0 0 0 0 -1 0 1 0 60470a.dat
0 STEP
1 15 0 -26 -10 1 0 0 0 0 -1 0 1 0 2431.dat
0 
0

0 FILE 8196 - 8196-3-f.ldr
0 8196-3-f
0 Name: 8196 - 8196-3-f.ldr
0 Author: Massimo Maso
0 !LDRAW_ORG Model
0 !LICENSE Redistributable under CCAL version 2.0 : see CAreadme.txt

0
0 ROTATION CENTER 0 0 0 1 "Custom" 
0 ROTATION CONFIG 0 0
1 19 0 0 0 1 0 0 0 1 0 0 0 1 3003.dat
0 STEP
1 19 0 -8 0 1 0 0 0 1 0 0 0 1 3068b.dat
0 
0

0 FILE 8196 - 8196-3-g.ldr
0 8196-3-g
0 Name: 8196 - 8196-3-g.ldr
0 Author: Massimo Maso
0 !LDRAW_ORG Model
0 !LICENSE Redistributable under CCAL version 2.0 : see CAreadme.txt


0 ROTATION CENTER 0 0 0 1 "Custom"
0 ROTATION CONFIG 0 0
1 4 0 0 0 1 0 0 0 1 0 0 0 1 6141.dat
0 STEP
1 15 0 -24 0 1 0 0 0 1 0 0 0 1 3062b.dat
0 STEP
1 4 0 -32 0 1 0 0 0 1 0 0 0 1 6141.dat






