0 FILE 8197 - 8197.mpd
0 8197
0 Name: 8197 - 8197.mpd
0 Author: Massimo Maso [Sirio]
0 !LDRAW_ORG Model
0 !LICENSE Redistributable under CCAL version 2.0 : see CAreadme.txt

0 !HISTORY 2019-02-20 [technicbasics] OMRize file

0 ROTATION CENTER 0 0 0 1 "Custom"
0 ROTATION CONFIG 0 0
1 0 70 -28 -330 1 0 0 0 1 0 0 0 1 8197 - 8197-1.ldr
1 0 70 -28 40 1 0 0 0 1 0 0 0 1 8197 - 8197-2.ldr
1 0 0 -8 0 1 0 0 0 1 0 0 0 1 8197 - 8197-3.ldr




0 FILE 8197 - 8197-1.ldr
0 8197-1
0 Name: 8197 - 8197-1.ldr
0 Author: Massimo Maso
0 !LDRAW_ORG Model
0 !LICENSE Redistributable under CCAL version 2.0 : see CAreadme.txt

0
0 ROTATION CENTER 0 0 0 1 "Custom" 
0 ROTATION CONFIG 0 0
1 0 0 -7.989 59.667 1 0 0 0 0.997785 -0.0665177 0 0.0665177 0.997785 6157.dat
0 STEP
1 8 0 -7.989 59.667 1 0 0 0 0.997785 -0.0665177 0 0.0665177 0.997785 3022.dat
1 25 0 -5.328 19.756 1 0 0 0 0.997785 -0.0665177 0 0.0665177 0.997785 3020.dat
1 25 0 -2.668 -20.155 1 0 0 0 0.997785 -0.0665177 0 0.0665177 0.997785 3020.dat
1 0 0 -7.989 -60.599 1 0 0 0 0.997785 -0.0665177 0 0.0665177 0.997785 6157.dat
0 STEP
1 0 0 -16.636 69.113 -1 0 0 0 0.997785 0.0665177 0 0.0665177 -0.997785 2436a.dat
1 0 0 -11.98 -0.732 0 0 1 0.0665177 0.997785 0 -0.997785 0.0665177 0 3795.dat
1 9 0 -7.324 -70.577 1 0 0 0 0.997785 -0.0665177 0 0.0665177 0.997785 50949.dat
0 STEP
1 25 0 -25.949 88.537 1 0 0 0 0.997785 -0.0665177 0 0.0665177 0.997785 3710.dat
1 9 0 -31.936 58.071 1 0 0 0 0.997785 -0.0665177 0 0.0665177 0.997785 3788.dat
1 0 0 -18.632 -21.22 0 0 1 0.0665177 0.997785 0 -0.997785 0.0665177 0 3795.dat
0 STEP
1 9 -10 -33.931 88.005 -1 0 0 0 0.997785 0.0665177 0 0.0665177 -0.997785 2420.dat
1 9 10 -33.931 88.005 0 0 1 0.0665177 0.997785 0 -0.997785 0.0665177 0 2420.dat
1 9 0 -29.275 18.16 0 0 1 0.0665177 0.997785 0 -0.997785 0.0665177 0 3020.dat
1 9 -30 -27.945 -1.796 0 0 1 0.0665177 0.997785 0 -0.997785 0.0665177 0 3010.dat
1 9 30 -27.945 -1.796 0 0 1 0.0665177 0.997785 0 -0.997785 0.0665177 0 3010.dat
1 14 0 -25.949 -31.73 1 0 0 0 0.997785 -0.0665177 0 0.0665177 0.997785 3023.dat
1 9 0 -31.936 -62.195 1 0 0 0 0.997785 -0.0665177 0 0.0665177 0.997785 3788.dat
0 STEP
1 9 0 -41.914 87.472 -1 0 0 0 0.997785 0.0665177 0 0.0665177 -0.997785 2436a.dat
1 14 0 -40.583 67.517 1 0 0 0 0.997785 -0.0665177 0 0.0665177 0.997785 3023.dat
1 9 -30 -39.918 57.539 0 0 1 0.0665177 0.997785 0 -0.997785 0.0665177 0 3710.dat
1 9 30 -39.918 57.539 0 0 1 0.0665177 0.997785 0 -0.997785 0.0665177 0 3710.dat
1 9 0 -35.927 -2.328 1 0 0 0 0.997785 -0.0665177 0 0.0665177 0.997785 3020.dat
1 9 -30 -33.931 -32.262 1 0 0 0 0.997785 -0.0665177 0 0.0665177 0.997785 3070b.dat
1 9 30 -33.931 -32.262 1 0 0 0 0.997785 -0.0665177 0 0.0665177 0.997785 3070b.dat
1 7 0 -57.213 -43.836 1 0 0 0 0.997785 -0.0665177 0 0.0665177 0.997785 50943.dat
1 9 0 -31.271 -72.173 1 0 0 0 0.997785 -0.0665177 0 0.0665177 0.997785 2436a.dat
0 STEP
1 7 -30 -8.122 91.73 1 0 0 0 0.067 0.998 0 -0.998 0.067 6141.dat
1 9 0 -9.186 107.694 -1 0 0 0 0.0665177 -0.997785 0 -0.997785 -0.0665177 4865a.dat
1 7 30 -8.122 91.73 1 0 0 0 0.067 0.998 0 -0.998 0.067 6141.dat
1 36 -30 -33.399 110.089 1 0 0 0 0.0665177 0.997785 0 -0.997785 0.0665177 3070b.dat
1 9 0 -33.399 110.089 1 0 0 0 0.0665177 0.997785 0 -0.997785 0.0665177 3069b.dat
1 36 30 -33.399 110.089 1 0 0 0 0.0665177 0.997785 0 -0.997785 0.0665177 3070b.dat
0 ROTSTEP 23 135 0 ABS
1 47 -30 -20.362 -85.477 0 0 1 0.997785 -0.0665177 0 0.0665177 0.997785 0 54200.dat
1 0 0 -19.963 -91.464 1 0 0 0 -0.0665177 -0.997785 0 0.997785 -0.0665177 3023.dat
1 47 30 -20.362 -85.477 0 0 -1 -0.997785 -0.0665177 0 -0.0665177 0.997785 0 54200.dat
0 ROTSTEP END
1 25 0 -19.43 -99.446 1 0 0 0 -0.0665177 -0.997785 0 0.997785 -0.0665177 2412b.dat
0 STEP
1 0 -20 -56.548 66.452 -1 0 0 0 0.997785 0.0665177 0 0.0665177 -0.997785 47458.dat
1 0 20 -56.548 66.452 -1 0 0 0 0.997785 0.0665177 0 0.0665177 -0.997785 47458.dat
1 0 0 -55.217 46.497 1 0 0 0 0.997785 -0.0665177 0 0.0665177 0.997785 45677.dat
1 9 0 -39.253 -72.705 1 0 0 0 0.997785 -0.0665177 0 0.0665177 0.997785 3069b.dat
0 STEP
1 0 -40 -3 60 0 0 1 0.0665177 0.997785 0 -0.997785 0.0665177 0 51719.dat
1 0 40 -3 60 0 0 -1 -0.0665177 0.997785 0 0.997785 0.0665177 0 51719.dat
1 0 -40 -3 -60.266 0 0 1 0.0665177 0.997785 0 -0.997785 0.0665177 0 51719.dat
1 0 40 -3 -60.266 0 0 -1 -0.0665177 0.997785 0 0.997785 0.0665177 0 51719.dat
0 STEP
1 256 -40 -3 60 0 0 -1 -0.0665177 0.997785 0 0.997785 0.0665177 0 50951.dat
1 256 40 -3 60 0 0 -1 -0.0665177 0.997785 0 0.997785 0.0665177 0 50951.dat
1 256 -40 -3 -60.266 0 0 -1 -0.0665177 0.997785 0 0.997785 0.0665177 0 50951.dat
1 256 40 -3 -60.266 0 0 -1 -0.0665177 0.997785 0 0.997785 0.0665177 0 50951.dat
0 
0

0 FILE 8197 - 8197-2.ldr
0 8197-2
0 Name: 8197 - 8197-2.ldr
0 Author: Massimo Maso
0 !LDRAW_ORG Model
0 !LICENSE Redistributable under CCAL version 2.0 : see CAreadme.txt

0
0 ROTATION CENTER 0 0 0 1 "Custom" 
0 ROTATION CONFIG 0 0
1 0 0 -8 60 1 0 0 0 1 0 0 0 1 6157.dat
1 15 0 0 0 1 0 0 0 1 0 0 0 1 3031.dat
1 0 0 -8 -60 1 0 0 0 1 0 0 0 1 6157.dat
0 STEP
1 15 0 -8 70 -1 0 0 0 1 0 0 0 -1 32028.dat
1 0 0 -8 0 0 0 1 0 1 0 -1 0 0 3795.dat
1 15 0 -8 -70 1 0 0 0 1 0 0 0 1 2436a.dat
0 STEP
1 7 0 -16 0 0 0 1 0 1 0 -1 0 0 3034.dat
1 36 -30 2 -84 0 0 1 1 0 0 0 1 0 54200.dat
1 15 0 2 -92 -1 0 0 0 0 1 0 1 0 2540.dat
1 33 30 2 -84 0 0 -1 -1 0 0 0 1 0 54200.dat
0 STEP
1 15 0 2 -100 1 0 0 0 0 -1 0 1 0 2412b.dat
0 STEP
1 15 0 -32 60 1 0 0 0 1 0 0 0 1 3788.dat
1 0 -30 -24 0 0 0 1 0 1 0 -1 0 0 3010.dat
1 9 0 -24 0 0 0 1 0 1 0 -1 0 0 3020.dat
1 0 30 -24 0 0 0 1 0 1 0 -1 0 0 3010.dat
1 15 0 -24 -60 1 0 0 0 1 0 0 0 1 44674.dat
0 STEP
1 15 0 -32 70 -1 0 0 0 1 0 0 0 -1 2436a.dat
1 15 0 -32 0 1 0 0 0 1 0 0 0 1 3031.dat
1 0 0 -32 -50 1 0 0 0 1 0 0 0 1 3023.dat
1 0 0 -24 -70 1 0 0 0 1 0 0 0 1 85984.dat
0 STEP
1 36 -30 -22 92 1 0 0 0 0 1 0 -1 0 3070b.dat
1 15 0 -22 92 1 0 0 0 0 1 0 -1 0 3069b.dat
1 36 30 -22 92 1 0 0 0 0 1 0 -1 0 3070b.dat
0 ROTSTEP 23 135 0 ABS
1 0 -20 -48 30 -1 0 0 0 1 0 0 0 -1 47456.dat
1 0 20 -48 30 -1 0 0 0 1 0 0 0 -1 47456.dat
1 0 0 -32 0 1 0 0 0 1 0 0 0 1 88930.dat
1 0 0 -40 -40 1 0 0 0 1 0 0 0 1 3068b.dat
0 ROTSTEP END
1 33 -20 -56 30 1 0 0 0 1 0 0 0 1 3023.dat
1 36 20 -56 30 1 0 0 0 1 0 0 0 1 3023.dat
0 STEP
1 0 -40 -3 60 0 0 1 0 1 0 -1 0 0 51719.dat
1 0 40 -3 60 0 0 -1 0 1 0 1 0 0 51719.dat
1 0 -40 -3 -60 0 0 1 0 1 0 -1 0 0 51719.dat
1 0 40 -3 -60 0 0 -1 0 1 0 1 0 0 51719.dat
0 STEP
1 256 -40 -3 60 0 0 1 0 1 0 -1 0 0 50951.dat
1 256 40 -3 60 0 0 1 0 1 0 -1 0 0 50951.dat
1 256 -40 -3 -60 0 0 1 0 1 0 -1 0 0 50951.dat
1 256 40 -3 -60 0 0 1 0 1 0 -1 0 0 50951.dat
0 
0

0 FILE 8197 - 8197-3.ldr
0 8197-3
0 Name: 8197 - 8197-3.ldr
0 Author: Massimo Maso
0 !LDRAW_ORG Model
0 !LICENSE Redistributable under CCAL version 2.0 : see CAreadme.txt

0
0 ROTATION CENTER 0 0 0 1 "Custom" 
0 ROTATION CONFIG 0 0
1 8 0 0 0 1 0 0 0 1 0 0 0 1 86501.dat
1 0 -140 -28 320 1 0 0 0 1 0 0 0 1 8197 - 8197-3-a.ldr
1 0 -140 -28 -90 1 0 0 0 1 0 0 0 1 8197 - 8197-3-b.ldr
1 0 -30 -26 -90 1 0 0 0 1 0 0 0 1 8197 - 8197-3-c.ldr
1 0 140 -28 -10 1 0 0 0 1 0 0 0 1 8197 - 8197-3-d.ldr
1 0 140 -28 -80 1 0 0 0 1 0 0 0 1 8197 - 8197-3-e.ldr
1 0 130 -58 -100 1 0 0 0 1 0 0 0 1 8197 - 8197-3-f.ldr
0 
0

0 FILE 8197 - 8197-3-a.ldr
0 8197-3-a
0 Name: 8197 - 8197-3-a.ldr
0 Author: Massimo Maso
0 !LDRAW_ORG Model
0 !LICENSE Redistributable under CCAL version 2.0 : see CAreadme.txt

0
0 ROTATION CENTER 0 0 0 1 "Custom" 
0 ROTATION CONFIG 0 0
1 8 0 -73 0 0 -1 0 1 0 0 0 0 1 32209.dat
0 STEP
1 8 0 -20 0 1 0 0 0 0 -1 0 1 0 59443.dat
1 7 0 -120 -10 1 0 0 0 0 -1 0 1 0 32064a.dat
0 STEP
1 9 0 0 0 0 1 0 -1 0 0 0 0 1 3749.dat
1 15 0 -110 -18 1 0 0 0 0 -1 0 1 0 87079.dat
0 
0

0 FILE 8197 - 8197-3-b.ldr
0 8197-3-b
0 Name: 8197 - 8197-3-b.ldr
0 Author: Massimo Maso
0 !LDRAW_ORG Model
0 !LICENSE Redistributable under CCAL version 2.0 : see CAreadme.txt

0
0 ROTATION CENTER 0 0 0 1 "Custom" 
0 ROTATION CONFIG 0 0
1 7 0 0 10 0 1 0 -1 0 0 0 0 1 4274.dat
1 7 0 0 -10 0 1 0 -1 0 0 0 0 1 4274.dat
0 STEP
1 7 0 -8 0 0 0 1 0 1 0 -1 0 0 3794b.dat
0 STEP
1 14 0 -16 0 0 0 1 0 1 0 -1 0 0 2555.dat
0 STEP
1 8 0 -52 -2 0 0 1 1 0 0 0 1 0 60478.dat
0 STEP
1 57 0 -62 -10 0 0 1 1 0 0 0 1 0 6141.dat
0 
0

0 FILE 8197 - 8197-3-c.ldr
0 8197-3-c
0 Name: 8197 - 8197-3-c.ldr
0 Author: Massimo Maso
0 !LDRAW_ORG Model
0 !LICENSE Redistributable under CCAL version 2.0 : see CAreadme.txt

0
0 ROTATION CENTER 0 0 0 1 "Custom" 
0 ROTATION CONFIG 0 0
1 8 30 0 80 0 0 1 0 1 0 -1 0 0 3009.dat
1 8 0 0 0 1 0 0 0 1 0 0 0 1 3001.dat
0 STEP
1 7 30 -8 60 0 0 1 0 1 0 -1 0 0 3460.dat
1 7 -30 -8 0 0 0 1 0 1 0 -1 0 0 3794b.dat
1 7 0 -8 0 1 0 0 0 1 0 0 0 1 3068b.dat
0 STEP
1 14 30 -16 80 0 0 -1 0 1 0 1 0 0 48336.dat
1 14 30 -16 20 0 0 1 0 1 0 -1 0 0 2431.dat
1 14 -30 -16 0 0 0 1 0 1 0 -1 0 0 2555.dat
0 STEP
1 14 30 -24 70 1 0 0 0 1 0 0 0 1 3024.dat
1 8 -30 -52 -2 0 0 1 1 0 0 0 1 0 60478.dat
0 STEP
1 14 30 -32 100 -1 0 0 0 1 0 0 0 -1 61678.dat
1 14 -60 -42 -10 1 0 0 0 0 -1 0 1 0 2431.dat
1 57 -30 -62 -10 1 0 0 0 0 -1 0 1 0 6141.dat
0 
0

0 FILE 8197 - 8197-3-d.ldr
0 8197-3-d
0 Name: 8197 - 8197-3-d.ldr
0 Author: Massimo Maso
0 !LDRAW_ORG Model
0 !LICENSE Redistributable under CCAL version 2.0 : see CAreadme.txt

0
0 ROTATION CENTER 0 0 0 1 "Custom" 
0 ROTATION CONFIG 0 0
1 7 0 0 50 0 1 0 -1 0 0 0 0 1 4274.dat
1 7 0 0 -50 0 1 0 -1 0 0 0 0 1 4274.dat
1 0 0 -10 -90 0 -1 0 0 0 1 -1 0 0 41532.dat
0 STEP
1 7 0 -8 0 0 0 1 0 1 0 -1 0 0 3666.dat
0 STEP
1 14 0 -16 0 0 0 1 0 1 0 -1 0 0 48336.dat
1 7 0 -80 -40 0 0 1 0 1 0 -1 0 0 4035.dat
0 STEP
1 14 0 -24 -10 1 0 0 0 1 0 0 0 1 3024.dat
1 8 0 -88 -40 0 0 1 0 1 0 -1 0 0 3069b.dat
0 STEP
1 14 0 -32 20 -1 0 0 0 1 0 0 0 -1 61678.dat
0 
0

0 FILE 8197 - 8197-3-e.ldr
0 8197-3-e
0 Name: 8197 - 8197-3-e.ldr
0 Author: Massimo Maso
0 !LDRAW_ORG Model
0 !LICENSE Redistributable under CCAL version 2.0 : see CAreadme.txt

0
0 ROTATION CENTER 0 0 0 1 "Custom" 
0 ROTATION CONFIG 0 0
1 7 0 -130 0 0 1 0 0 0 -1 -1 0 0 32014.dat
0 STEP
1 7 0 -70 0 0 -1 0 1 0 0 0 0 1 32073.dat
1 7 -60 -130 0 1 0 0 0 1 0 0 0 1 32073.dat
0 STEP
1 8 0 -20 0 1 0 0 0 0 -1 0 1 0 59443.dat
1 7 -80 -140 0 0 0 1 0 1 0 -1 0 0 32064a.dat
0 STEP
1 9 0 0 0 0 1 0 -1 0 0 0 0 1 3749.dat
1 7 -100 -140 0 0 0 1 0 1 0 -1 0 0 32064a.dat
0 STEP
1 8 -90 -148 0 0 0 1 0 1 0 -1 0 0 3032.dat
0 STEP
1 7 -90 -156 50 -1 0 0 0 1 0 0 0 -1 2436a.dat
1 8 -90 -156 0 1 0 0 0 1 0 0 0 1 3022.dat
1 7 -90 -156 -50 1 0 0 0 1 0 0 0 1 2436a.dat
0 STEP
1 15 -90 -156 72 1 0 0 0 0 1 0 -1 0 87079.dat
1 7 -90 -164 0 1 0 0 0 1 0 0 0 1 6881b.dat
1 15 -90 -156 -72 1 0 0 0 0 -1 0 1 0 87079.dat
0 
0

0 FILE 8197 - 8197-3-f.ldr
0 8197-3-f
0 Name: 8197 - 8197-3-f.ldr
0 Author: Massimo Maso
0 !LDRAW_ORG Model
0 !LICENSE Redistributable under CCAL version 2.0 : see CAreadme.txt


0 ROTATION CENTER 0 0 0 1 "Custom"
0 ROTATION CONFIG 0 0
1 4 -90 0 0 1 0 0 0 -1 0 0 0 -1 62462.dat
0 STEP
1 0 -110 0 0 1 0 0 0 1 0 0 0 1 3673.dat
1 0 -70 0 0 1 0 0 0 1 0 0 0 1 3673.dat
0 STEP
1 15 -130 0 0 1 0 0 0 -1 0 0 0 -1 62462.dat
1 15 -49.999 0 0 1 0 0 0 -1 0 0 0 -1 62462.dat
0 STEP
1 9 -30 0 0 1 0 0 0 1 0 0 0 1 3749.dat
0 STEP
1 0 -10 0 0 0 0 -1 0 1 0 1 0 0 30553.dat






