0 FILE 8198 - 8198.mpd
0 8198
0 Name: 8198 - 8198.mpd
0 Author: Massimo Maso [Sirio]
0 !LDRAW_ORG Model
0 !LICENSE Redistributable under CCAL version 2.0 : see CAreadme.txt

0 ROTATION CENTER 0 0 0 1 "Custom" 
0 ROTATION CONFIG 0 0
1 0 -283.043 -60.142 2 0 0.286 -0.958 0 0.958 0.286 1 0 0 8198 - 8198-1.ldr
1 0 250 -19 -20 1 0 0 0 1 0 0 0 1 8198 - 8198-2.ldr
1 0 230 0 0 1 0 0 0 1 0 0 0 1 8198 - 8198-3.ldr
0

0 FILE 8198 - 8198-1.ldr
0 8198-1
0 Name: 8198 - 8198-1.ldr
0 Author: Massimo Maso [Sirio]
0 !LDRAW_ORG Model
0 !LICENSE Redistributable under CCAL version 2.0 : see CAreadme.txt


0 ROTATION CENTER 0 0 0 1 "Custom"
0 ROTATION CONFIG 0 0
1 0 0 -7.989 59.667 1 0 0 0 0.997785 -0.0665177 0 0.0665177 0.997785 6157.dat
0 STEP
1 0 0 -7.989 59.667 1 0 0 0 0.997785 -0.0665177 0 0.0665177 0.997785 3022.dat
1 0 0 -3.998 -0.2 1 0 0 0 0.997785 -0.0665177 0 0.0665177 0.997785 3031.dat
1 0 0 -7.989 -60.599 1 0 0 0 0.997785 -0.0665177 0 0.0665177 0.997785 6157.dat
0 STEP
1 0 0 -16.636 69.113 -1 0 0 0 0.997785 0.0665177 0 0.0665177 -0.997785 2436a.dat
1 8 0 -11.98 -0.732 0 0 1 0.0665177 0.997785 0 -0.997785 0.0665177 0 3795.dat
1 0 0 -7.324 -70.577 1 0 0 0 0.997785 -0.0665177 0 0.0665177 0.997785 50949.dat
0 STEP
1 4 0 -31.936 58.071 1 0 0 0 0.997785 -0.0665177 0 0.0665177 0.997785 3788.dat
1 0 0 -21.958 28.67 1 0 0 0 0.997785 -0.0665177 0 0.0665177 0.997785 3069b.dat
1 15 0 -18.632 -21.22 0 0 1 0.0665177 0.997785 0 -0.997785 0.0665177 0 3020.dat
1 15 0 -15.306 -71.109 1 0 0 0 0.997785 -0.0665177 0 0.0665177 0.997785 48336.dat
0 STEP
1 4 -10 -33.931 88.005 -1 0 0 0 0.997785 0.0665177 0 0.0665177 -0.997785 2420.dat
1 4 10 -33.931 88.005 0 0 1 0.0665177 0.997785 0 -0.997785 0.0665177 0 2420.dat
1 0 0 -31.271 48.093 1 0 0 0 0.997785 -0.0665177 0 0.0665177 0.997785 3069b.dat
1 4 -30 -27.945 -1.796 0 0 1 0.0665177 0.997785 0 -0.997785 0.0665177 0 30414.dat
1 4 30 -27.945 -1.796 0 0 -1 -0.0665177 0.997785 0 0.997785 0.0665177 0 30414.dat
1 8 0 -27.28 -11.774 0 0 1 0.0665177 0.997785 0 -0.997785 0.0665177 0 3021.dat
1 4 0 -23.954 -61.663 1 0 0 0 0.997785 -0.0665177 0 0.0665177 0.997785 44674.dat
0 STEP
1 4 -48 -19.297 18.825 0 1 0 0.0665177 0 -0.997785 -0.997785 0 -0.0665177 3069b.dat
1 4 48 -19.297 18.825 0 -1 0 0.0665177 0 0.997785 -0.997785 0 0.0665177 3069b.dat
1 4 -48 -16.637 -21.087 0 1 0 0.0665177 0 -0.997785 -0.997785 0 -0.0665177 2412b.dat
1 4 48 -16.637 -21.087 0 -1 0 0.0665177 0 0.997785 -0.997785 0 0.0665177 2412b.dat
0 STEP
1 4 0 -41.914 87.472 -1 0 0 0 0.997785 0.0665177 0 0.0665177 -0.997785 2436a.dat
1 0 0 -40.583 67.517 1 0 0 0 0.997785 -0.0665177 0 0.0665177 0.997785 3069b.dat
1 4 -30 -39.918 57.539 0 0 1 0.0665177 0.997785 0 -0.997785 0.0665177 0 2431.dat
1 4 30 -39.918 57.539 0 0 1 0.0665177 0.997785 0 -0.997785 0.0665177 0 2431.dat
1 15 -10 -24.619 -51.685 -1 0 0 0 0.997785 0.0665177 0 0.0665177 -0.997785 54200.dat
1 15 10 -24.619 -51.685 -1 0 0 0 0.997785 0.0665177 0 0.0665177 -0.997785 54200.dat
1 15 0 -31.271 -72.173 1 0 0 0 0.997785 -0.0665177 0 0.0665177 0.997785 3069b.dat
0 STEP
1 0 -30 -9.186 107.694 0 0 -1 0.997785 0.0665177 0 0.0665177 -0.997785 0 6231.dat
1 8 -10 -8.122 91.73 1 0 0 0 0.067 0.998 0 -0.998 0.067 6141.dat
1 8 10 -8.122 91.73 1 0 0 0 0.067 0.998 0 -0.998 0.067 6141.dat
1 0 30 -9.186 107.694 -1 0 0 0 0.0665177 -0.997785 0 -0.997785 -0.0665177 6231.dat
1 15 0 -33.399 110.089 1 0 0 0 0.0665177 0.997785 0 -0.997785 0.0665177 3069b.dat
1 36 -30 -33.399 110.089 1 0 0 0 0.0665177 0.997785 0 -0.997785 0.0665177 3070b.dat
1 36 30 -33.399 110.089 1 0 0 0 0.0665177 0.997785 0 -0.997785 0.0665177 3070b.dat
0 ROTSTEP 23 135 0 ABS
1 4 0 -49.896 86.94 1 0 0 0 0.997785 -0.0665177 0 0.0665177 0.997785 2431.dat
1 15 20 -43.909 27.206 0 -1 0 0.658506 0 -0.752576 0.752576 0 0.658506 2335.dat
0 ROTSTEP END
1 4 -30 -52.557 6.585 1 0 0 0 0.997785 -0.0665177 0 0.0665177 0.997785 3005.dat
1 0 0 -52.557 6.585 -1 0 0 0 0.997785 0.0665177 0 0.0665177 -0.997785 30236.dat
1 4 30 -52.557 6.585 1 0 0 0 0.997785 -0.0665177 0 0.0665177 0.997785 3005.dat
1 0 0 -51.226 -13.37 1 0 0 0 0.997785 -0.0665177 0 0.0665177 0.997785 3037.dat
0 STEP
1 15 -30 -59.874 -3.925 0 0 1 0.0665177 0.997785 0 -0.997785 0.0665177 0 3069b.dat
1 4 0 -59.874 -3.925 1 0 0 0 0.997785 -0.0665177 0 0.0665177 0.997785 3068b.dat
1 15 30 -59.874 -3.925 0 0 1 0.0665177 0.997785 0 -0.997785 0.0665177 0 3069b.dat
0 STEP
1 0 -40 -3 60 0 0 1 0.0665177 0.997785 0 -0.997785 0.0665177 0 51719.dat
1 0 40 -3 60 0 0 -1 -0.0665177 0.997785 0 0.997785 0.0665177 0 51719.dat
1 0 -40 -3 -60.266 0 0 1 0.0665177 0.997785 0 -0.997785 0.0665177 0 51719.dat
1 0 40 -3 -60.266 0 0 -1 -0.0665177 0.997785 0 0.997785 0.0665177 0 51719.dat
0 STEP
1 256 -40 -3 60 0 0 1 0.0665177 0.997785 0 -0.997785 0.0665177 0 50951.dat
1 256 40 -3 60 0 0 1 0.0665177 0.997785 0 -0.997785 0.0665177 0 50951.dat
1 256 -40 -3 -60.266 0 0 1 0.0665177 0.997785 0 -0.997785 0.0665177 0 50951.dat
1 256 40 -3 -60.266 0 0 1 0.0665177 0.997785 0 -0.997785 0.0665177 0 50951.dat




0 FILE 8198 - 8198-2.ldr
0 8198-2
0 Name: 8198 - 8198-2.ldr
0 Author: Massimo Maso [Sirio]
0 !LDRAW_ORG Model
0 !LICENSE Redistributable under CCAL version 2.0 : see CAreadme.txt


0 ROTATION CENTER 0 0 0 1 "Custom"
0 ROTATION CONFIG 0 0
1 0 0 0 0 1 0 0 0 1 0 0 0 1 8198 - 8198-2-a.ldr
1 0 10 -64 90 1 0 0 0 1 0 0 0 1 8198 - 8198-2-b.ldr
1 0 -10 -64 50 1 0 0 0 1 0 0 0 1 8198 - 8198-2-b.ldr
1 0 30 -64 50 1 0 0 0 1 0 0 0 1 8198 - 8198-2-b.ldr
1 0 -10 -64 10 1 0 0 0 1 0 0 0 1 8198 - 8198-2-b.ldr
1 0 30 -64 10 1 0 0 0 1 0 0 0 1 8198 - 8198-2-b.ldr




0 FILE 8198 - 8198-3.ldr
0 8198-3
0 Name: 8198 - 8198-3.ldr
0 Author: Massimo Maso [Sirio]
0 !LDRAW_ORG Model
0 !LICENSE Redistributable under CCAL version 2.0 : see CAreadme.txt


0 WRITE Angolo 28.308
0 WRITE Angolo 40.012
0 WRITE Angolo 16.604
0 ROTATION CENTER 0 0 0 1 "Custom"
0 ROTATION CONFIG 0 0
1 8 0 0 -180 1 0 0 0 1 0 0 0 1 s\86501s01.dat
1 8 0 0 180 1 0 0 0 1 0 0 0 1 s\86501s03.dat
1 8 0 0 -180 -1 0 0 0 1 0 0 0 -1 s\86501s03.dat
1 0 -140 -28 140 1 0 0 0 1 0 0 0 1 8198 - 8198-3-a.ldr
1 0 -140 -28 -280 0 0 -1 0 1 0 1 0 0 8198 - 8198-3-b.ldr
1 0 -348.877 -118.275 -140 0 0.286 -0.958 0 0.958 0.286 1 0 0 8198 - 8198-3-c.ldr
1 0 -348.877 -118.275 140 0 0.286 0.958 0 0.958 -0.286 -1 0 0 8198 - 8198-3-c.ldr
1 8 -180 0 0 0 -0.643 -0.766 0 0.766 -0.643 1 0 0 8198 - 8198-3-e.ldr
1 0 -302.546 -102.872 0 0 0.286 0.958 0 0.958 -0.286 -1 0 0 8198 - 8198-3-f.ldr
1 0 -314.171 -46.758 -120 -0.202856 0 0.979208 0.979208 0 0.202856 0 1 0 32524.dat
1 0 -314.171 -46.758 120 -0.202856 0 0.979208 0.979208 0 0.202856 0 1 0 32524.dat




0 FILE 8198 - 8198-2-a.ldr
0 8198-2-a
0 Name: 8198 - 8198-2-a.ldr
0 Author: Massimo Maso [Sirio]
0 !LDRAW_ORG Model
0 !LICENSE Redistributable under CCAL version 2.0 : see CAreadme.txt


0 ROTATION CENTER 0 0 0 1 "Custom"
0 ROTATION CONFIG 0 0
1 0 0 -8 90 1 0 0 0 1 0 0 0 1 6157.dat
1 7 0 0 -50 1 0 0 0 1 0 0 0 1 41862.dat
1 0 0 -8 -90 1 0 0 0 1 0 0 0 1 6157.dat
0 STEP
1 8 -10 -8 120 -1 0 0 0 1 0 0 0 -1 2420.dat
1 8 10 -8 120 0 0 1 0 1 0 -1 0 0 2420.dat
1 8 0 -8 60 0 0 1 0 1 0 -1 0 0 3021.dat
1 8 0 -8 -30 0 0 1 0 1 0 -1 0 0 3795.dat
1 0 0 -8 -100 1 0 0 0 1 0 0 0 1 60470a.dat
0 STEP
1 36 -30 -16 120 1 0 0 0 1 0 0 0 1 3070b.dat
1 36 30 -16 120 1 0 0 0 1 0 0 0 1 3070b.dat
1 7 0 -16 10 0 0 1 0 1 0 -1 0 0 2445.dat
0 STEP
1 8 0 -24 30 0 0 1 0 1 0 -1 0 0 3832.dat
1 15 0 -32 -90 1 0 0 0 1 0 0 0 1 3788.dat
0 STEP
1 8 0 -32 50 0 0 1 0 1 0 -1 0 0 3029.dat
0 STEP
1 15 0 -56 -70 1 0 0 0 1 0 0 0 1 3001.dat
1 15 0 -56 -100 1 0 0 0 1 0 0 0 1 30414.dat
0 STEP
1 9 0 -36 -118 1 0 0 0 0 -1 0 1 0 3020.dat
0 STEP
1 47 -30 -26 -118 0 0 1 1 0 0 0 1 0 54200.dat
1 47 30 -26 -118 0 0 -1 -1 0 0 0 1 0 54200.dat
1 0 0 -36 -126 1 0 0 0 0 -1 0 1 0 3022.dat
1 9 -30 -46 -118 0 0 1 1 0 0 0 1 0 54200.dat
1 9 30 -46 -118 0 0 -1 -1 0 0 0 1 0 54200.dat
0 STEP
1 15 0 -26 -134 1 0 0 0 0 -1 0 1 0 2412b.dat
1 15 0 -46 -134 1 0 0 0 0 -1 0 1 0 2412b.dat
0 STEP
1 0 0 -80 -60 1 0 0 0 1 0 0 0 1 3004.dat
1 15 -30 -80 -70 0 0 1 0 1 0 -1 0 0 30237.dat
1 15 30 -80 -70 0 0 -1 0 1 0 1 0 0 30237.dat
1 0 0 -80 -100 1 0 0 0 1 0 0 0 1 3037.dat
0 STEP
1 15 0 -88 -70 1 0 0 0 1 0 0 0 1 3020.dat
1 15 -20 -88 -100 1 0 0 0 1 0 0 0 1 32028.dat
1 15 20 -88 -100 1 0 0 0 1 0 0 0 1 32028.dat
0 STEP
1 15 40 -6 -120 0 -1 0 1 0 0 0 0 1 30374.dat
1 7 -50 -112 -70 -1 0 0 0 -1 0 0 0 1 3957a.dat
1 7 50 -112 -70 -1 0 0 0 -1 0 0 0 1 3957a.dat
1 15 0 -88 -90 1 0 0 0 1 0 0 0 1 88930.dat
0 STEP
1 0 -40 -3 90 0 0 1 0 1 0 -1 0 0 51719.dat
1 0 40 -3 90 0 0 -1 0 1 0 1 0 0 51719.dat
1 0 -40 -3 -90 0 0 1 0 1 0 -1 0 0 51719.dat
1 0 40 -3 -90 0 0 -1 0 1 0 1 0 0 51719.dat
0 STEP
1 256 -40 -3 90 0 0 1 0 1 0 -1 0 0 50951.dat
1 256 40 -3 90 0 0 1 0 1 0 -1 0 0 50951.dat
1 256 -40 -3 -90 0 0 1 0 1 0 -1 0 0 50951.dat
1 256 40 -3 -90 0 0 1 0 1 0 -1 0 0 50951.dat




0 FILE 8198 - 8198-2-b.ldr
0 8198-2-b
0 Name: 8198 - 8198-2-b.ldr
0 Author: Massimo Maso [Sirio]
0 !LDRAW_ORG Model
0 !LICENSE Redistributable under CCAL version 2.0 : see CAreadme.txt


0 ROTATION CENTER 0 0 0 1 "Custom"
0 ROTATION CONFIG 0 0
1 7 -10 24 0 1 0 0 0 1 0 0 0 1 4032a.dat
0 STEP
1 10 -10 16 0 1 0 0 0 1 0 0 0 1 4032a.dat
0 STEP
1 7 -10 -8 0 1 0 0 0 1 0 0 0 1 3941.dat
0 STEP
1 10 -10 -16 0 1 0 0 0 1 0 0 0 1 4032a.dat
0 STEP
1 7 -10 -24 0 1 0 0 0 1 0 0 0 1 4150.dat




0 FILE 8198 - 8198-3-a.ldr
0 8198-3-a
0 Name: 8198 - 8198-3-a.ldr
0 Author: Massimo Maso [Sirio]
0 !LDRAW_ORG Model
0 !LICENSE Redistributable under CCAL version 2.0 : see CAreadme.txt


0 ROTATION CENTER 0 0 0 1 "Custom"
0 ROTATION CONFIG 0 0
1 8 0 -73 0 0 -1 0 1 0 0 0 0 1 32209.dat
0 STEP
1 8 0 -20 0 1 0 0 0 0 -1 0 1 0 59443.dat
1 7 0 -120 -10 1 0 0 0 0 -1 0 1 0 32064a.dat
0 STEP
1 9 0 0 0 0 1 0 -1 0 0 0 0 1 3749.dat
1 15 20 -130 -18 1 0 0 0 0 -1 0 1 0 87079.dat




0 FILE 8198 - 8198-3-b.ldr
0 8198-3-b
0 Name: 8198 - 8198-3-b.ldr
0 Author: Massimo Maso [Sirio]
0 !LDRAW_ORG Model
0 !LICENSE Redistributable under CCAL version 2.0 : see CAreadme.txt


0 ROTATION CENTER 0 0 0 1 "Custom"
0 ROTATION CONFIG 0 0
1 7 0 -6 0 1 0 0 0 1 0 0 0 1 3957a.dat
0 STEP
1 7 0 0 0 0 1 0 -1 0 0 0 0 1 4274.dat
1 0 0 -70 0 1 0 0 0 1 0 0 0 1 30258.dat




0 FILE 8198 - 8198-3-c.ldr
0 8198-3-c
0 Name: 8198 - 8198-3-c.ldr
0 Author: Massimo Maso [Sirio]
0 !LDRAW_ORG Model
0 !LICENSE Redistributable under CCAL version 2.0 : see CAreadme.txt


0 ROTATION CENTER 0 0 0 1 "Custom"
0 ROTATION CONFIG 0 0
1 0 0 0 0 0 -1 0 1 0 0 0 0 1 3673.dat
0 STEP
1 15 60 -10 0 0 0 1 0 1 0 -1 0 0 32524.dat




0 FILE 8198 - 8198-3-d.ldr
0 8198-3-d
0 Name: 8198 - 8198-3-d.ldr
0 Author: Massimo Maso [Sirio]
0 !LDRAW_ORG Model
0 !LICENSE Redistributable under CCAL version 2.0 : see CAreadme.txt


0 ROTATION CENTER 0 0 0 1 "Custom"
0 ROTATION CONFIG 0 0
1 0 0 0 0 1 0 0 0 0 1 0 -1 0 32013.dat
0 STEP
1 0 -10 0 0 1 0 0 0 1 0 0 0 1 3673.dat
1 1 0 -30 0 0 0 1 1 0 0 0 1 0 3749.dat




0 FILE 8198 - 8198-3-e.ldr
0 8198-3-e
0 Name: 8198 - 8198-3-e.ldr
0 Author: Massimo Maso [Sirio]
0 !LDRAW_ORG Model
0 !LICENSE Redistributable under CCAL version 2.0 : see CAreadme.txt


0 ROTATION CENTER 0 0 0 1 "Custom"
0 ROTATION CONFIG 0 0
1 8 0 0 0 1 0 0 0 1 0 0 0 1 s\86501s02.dat
1 8 -140 22 80 -1 0 0 0 1 0 0 0 -1 8198 - 8198-3-d.ldr
1 8 140 22 80 1 0 0 0 1 0 0 0 1 8198 - 8198-3-d.ldr




0 FILE 8198 - 8198-3-f.ldr
0 8198-3-f
0 Name: 8198 - 8198-3-f.ldr
0 Author: Massimo Maso [Sirio]
0 !LDRAW_ORG Model
0 !LICENSE Redistributable under CCAL version 2.0 : see CAreadme.txt


0 ROTATION CENTER 0 0 0 1 "Custom"
0 ROTATION CONFIG 0 0
1 8 0 0 0 1 0 0 0 1 0 0 0 1 s\86501s04.dat
1 8 -140 22 -80 -1 0 0 0 1 0 0 0 -1 8198 - 8198-3-d.ldr
1 8 140 22 -80 1 0 0 0 1 0 0 0 1 8198 - 8198-3-d.ldr






