0 FILE 8208 - main.ldr
0 main
0 Name: 8208 - main.ldr
0 Author: Jaco van der Molen [Jaco van der Molen]
0 !LDRAW_ORG Model
0 !LICENSE Redistributable under CCAL version 2.0 : see CAreadme.txt

0 // Custom Cruiser

0 !LICENSE Free for non-commercial use.
1 256 0 0 -50 0 1 0 -0.5 0 0.866 0.866 0 0.5 8208 - model.ldr

0 FILE 8208 - model.ldr
0 model
0 Author: Jaco van der Molen [Jaco van der Molen]
0 Name: 8208 - model.ldr
0 !LDRAW_ORG Model
0 !LICENSE Redistributable under CCAL version 2.0 : see CAreadme.txt
1 71 0 0 0 -1 0 0 0 0 1 0 1 0 6575.dat
1 0 0 -35 0 0 0 1 1 0 0 0 1 0 3705.dat
1 0 0 -35 -20 0 0 1 1 0 0 0 1 0 3705.dat
1 10 0 -10 0 1 0 0 0 -1 0 0 0 -1 6632.dat
1 0 0 -35 -40 0 -1 0 -1 0 0 0 0 -1 4519.dat
1 10 40 -20 -40 0 0 -1 0 -1 0 -1 0 0 6632.dat
1 71 0 -20 0 -1 0 0 0 0 1 0 1 0 6575.dat
1 0 40 -35 -40 0 -1 0 -1 0 0 0 0 -1 4519.dat
1 71 0 -35 -40 0 0 1 -1 0 0 0 -1 0 6536.dat
1 10 44.337 -10 43.112 0.462 0 -0.887 0 -1 0 -0.887 0 -0.462 32063.dat
1 0 27.735 -30 -0.755 0.981 0 -0.193 0 -1 0 -0.193 0 -0.981 32017.dat
1 0 0 -35 20 0 0 1 1 0 0 0 1 0 3705.dat
1 0 20.015 -35 -39.995 0 -1 0 -1 0 0 0 0 -1 2780.dat
1 0 35.467 -35 38.492 0 -0.842 -0.539 -1 0 0 0 0.539 -0.842 6558.dat
1 0 27.747 -40 -0.748 0.981 0 -0.193 0 -1 0 -0.193 0 -0.981 32017.dat
1 0 69.156 -20 16.927 0.539 0 -0.842 0 1 0 0.842 0 0.539 32017.dat
1 0 40 -35 -40 0.891 0 0.453 0 1 0 -0.453 0 0.891 8208 - subModel-1.ldr
1 10 40.015 -50 -39.995 0 0 -1 0 -1 0 -1 0 0 6632.dat
1 0 69.156 -50 16.927 0.539 0 -0.842 0 1 0 0.842 0 0.539 32017.dat
1 0 88.687 -35 66.212 0 0 1 1 0 0 0 1 0 3705.dat
1 71 88.687 -25 66.212 -1 0 0 0 0 1 0 1 0 3713.dat
1 15 87.687 -35 66.212 1 0 0 0 0 -1 0 1 0 2994.dat
1 256 87.687 -35 66.212 1 0 0 0 0 -1 0 1 0 6578.dat
1 10 44.35 -60 43.1 0.462 0 -0.887 0 -1 0 -0.887 0 -0.462 32063.dat
1 71 0 -50 0 -1 0 0 0 0 1 0 1 0 6575.dat
1 71 0 -70 0 -1 0 0 0 0 1 0 1 0 6575.dat
1 71 0 -35 20 1 0 0 0 0 1 0 -1 0 3713.dat
1 10 0 -60 0 1 0 0 0 -1 0 0 0 -1 6632.dat
1 256 20 -35 -80 0 0 1 1 0 0 0 1 0 8208 - subModel-2.ldr

0 FILE 8208 - subModel-1.ldr
0 subModel-1
0 Author: Jaco van der Molen [Jaco van der Molen]
0 Name: 8208 - subModel-1.ldr
0 !LDRAW_ORG Model
0 !LICENSE Redistributable under CCAL version 2.0 : see CAreadme.txt
1 10 0 0 0 0 -1 0 -1 0 0 0 0 -1 32013.dat
1 0 0 0 30 0 -1 0 0 0 1 -1 0 0 32062.dat
1 0 0 0 40 -1 0 0 0 1 0 0 0 -1 32039.dat
1 0 10 0 60 -1 0 0 0 0 1 0 1 0 32062.dat
1 0 20 0 60 0 0 -1 -1 0 0 0 1 0 32039.dat
1 0 40 0 60 0 0 -1 -1 0 0 0 1 0 4519.dat

0 FILE 8208 - subModel-2.ldr
0 subModel-2
0 Name: 8208 - subModel-2.ldr
0 Author: Jaco van der Molen [Jaco van der Molen]
0 !LDRAW_ORG Model
0 !LICENSE Redistributable under CCAL version 2.0 : see CAreadme.txt
1 0 0 0 0 1 0 0 0 1 0 0 0 1 3705.dat
1 0 -30 0 -20 1 0 0 0 -1 0 0 0 -1 32039.dat
1 10 -15 0 40 0 -1 0 -1 0 0 0 0 -1 6632.dat
1 0 0 0 40 -1 0 0 0 1 0 0 0 -1 32073.dat
1 71 0 0 40 0 0 1 0 1 0 -1 0 0 3713.dat
1 71 0 0 0 -1 0 0 0 1 0 0 0 -1 6536.dat
1 10 15 0 40 0 -1 0 -1 0 0 0 0 -1 6632.dat
1 0 0 20 -10 0 -1 0 0 0 1 -1 0 0 2780.dat
1 0 30 0 -20 1 0 0 0 -1 0 0 0 -1 32039.dat
1 0 30 0 -70 0 0 -1 0 -1 0 -1 0 0 3706.dat
1 0 -30 0 -70 0 0 -1 0 -1 0 -1 0 0 3706.dat
1 0 10 0 -40 0 0 -1 0 -1 0 -1 0 0 32039.dat
1 0 -10 0 -40 0 0 1 0 1 0 -1 0 0 32039.dat
1 0 0 0 -40 -1 0 0 0 1 0 0 0 -1 32062.dat
1 0 0 0 -140 -1 0 0 0 0 1 0 1 0 3705.dat
1 71 -10 0 -140 0 0 -1 -1 0 0 0 1 0 3713.dat
1 15 0 -1 -140 0 0 1 1 0 0 0 1 0 2994.dat
1 256 0 -1 -140 0 0 1 1 0 0 0 1 0 6578.dat
1 71 30 0 -120 1 0 0 0 1 0 0 0 1 32126.dat
1 71 -30 0 -120 -1 0 0 0 -1 0 0 0 1 32126.dat

