0 FILE 8270 - Main.ldr
0 Main
0 Name: 8270 - Main.ldr
0 Author: Marc Giraudet [Mad_Marc]
0 !LDRAW_ORG Model
0 !LICENSE Redistributable under CCAL version 2.0 : see CAreadme.txt
1 71 0 0 0 1 0 0 0 1 0 0 0 1 8270 - Crane.ldr


0 FILE 8270 - Chassis.ldr
0 Chassis
0 Name: 8270 - Chassis.ldr
0 Author: Marc Giraudet [Mad_Marc]
0 !LDRAW_ORG Model
0 !LICENSE Redistributable under CCAL version 2.0 : see CAreadme.txt
1 71 0 0 0 -1 0 0 0 0 -1 0 -1 0 32184.dat
1 0 0 0 -20 -1 0 0 0 0 -1 0 -1 0 3706.dat
0 STEP
1 0 0 0 20 -1 0 0 0 0 -1 0 -1 0 3706.dat
0 STEP
1 0 20 1.954 -39.904 0 -1 0 -0.995 0 0.098 -0.098 0 -0.995 32523.dat
1 0 20 1.954 39.904 0 -1 0 -0.995 0 -0.098 0.098 0 -0.995 32523.dat
1 0 0 3.907 59.809 -1 0 0 0 0.995 -0.098 0 -0.098 -0.995 6558.dat
1 0 0 3.907 -59.809 -1 0 0 0 0.995 0.098 0 0.098 -0.995 6558.dat
0 STEP
1 71 0 7.815 99.617 0 -1 0 -0.995 0 -0.098 0.098 0 -0.995 32316.dat
1 71 0 7.815 -99.617 0 -1 0 -0.995 0 0.098 -0.098 0 -0.995 32316.dat
0 STEP
1 0 -20 1.954 39.904 0 -1 0 -0.995 0 -0.098 0.098 0 -0.995 32523.dat
1 0 -20 1.954 -39.904 0 -1 0 -0.995 0 0.098 -0.098 0 -0.995 32523.dat
0 STEP
1 0 0 11.722 -139.426 1 0 0 0 -0.995 0.098 0 -0.098 -0.995 3707.dat
1 0 20 11.722 -139.426 0 1 0 -0.99 0 0.138 0.138 0 0.99 32140.dat
0 STEP
1 0 0 11.722 139.426 1 0 0 0 -0.995 -0.098 0 0.098 -0.995 3707.dat
1 0 20 11.722 139.426 0 -1 0 -0.99 0 0.138 -0.138 0 -0.99 32140.dat
0 STEP
1 0 -20 11.722 139.426 0 -1 0 -0.99 0 0.138 -0.138 0 -0.99 32140.dat
1 0 -20 11.722 -139.426 0 1 0 -0.99 0 0.138 0.138 0 0.99 32140.dat
0 STEP
1 14 -40 0 -20 0 1 0 1 0 0 0 0 -1 32140.dat
1 14 40 0 -20 0 1 0 1 0 0 0 0 -1 32140.dat
1 14 40 0 20 0 -1 0 1 0 0 0 0 1 32140.dat
1 14 -40 0 20 0 -1 0 1 0 0 0 0 1 32140.dat
0 STEP
1 14 55 0 -20 0 -1 0 1 0 0 0 0 1 6632.dat
1 14 -55 0 -20 0 -1 0 1 0 0 0 0 1 6632.dat
0 STEP
1 71 -75 11.722 139.426 0 0 -1 0.995 -0.098 0 -0.098 -0.995 0 32123a.dat
1 71 75 11.722 139.426 0 0 -1 0.995 -0.098 0 -0.098 -0.995 0 32123a.dat
1 71 75 11.722 -139.426 0 0 -1 0.995 0.098 0 0.098 -0.995 0 32123a.dat
1 71 -75 11.722 -139.426 0 0 -1 0.995 0.098 0 0.098 -0.995 0 32123a.dat
0 STEP
0 STEP
1 71 40 20 -80 -1 0 0 0 0 -1 0 -1 0 32556.dat
1 71 40 20 80 -1 0 0 0 0 -1 0 -1 0 32556.dat
1 71 -40 20 80 1 0 0 0 0 -1 0 1 0 32556.dat
1 71 -40 20 -80 1 0 0 0 0 -1 0 1 0 32556.dat
0 STEP
1 1 0 -10 0 0 0 -1 -1 0 0 0 1 0 43093.dat
0 STEP
1 71 70 20 80 0 0 -1 0 1 0 1 0 0 55981.dat
1 71 70 20 -80 0 0 -1 0 1 0 1 0 0 55981.dat
1 71 -70 20 -80 0 0 1 0 1 0 -1 0 0 55981.dat
1 71 -70 20 80 0 0 1 0 1 0 -1 0 0 55981.dat
1 256 70 20 80 0 0 -1 0 1 0 1 0 0 30391.dat
1 256 70 20 -80 0 0 -1 0 1 0 1 0 0 30391.dat
1 256 -70 20 80 0 0 1 0 1 0 -1 0 0 30391.dat
1 256 -70 20 -80 0 0 1 0 1 0 -1 0 0 30391.dat
0 STEP


0 FILE 8270 - Crane.ldr
0 Crane
0 Name: 8270 - Crane.ldr
0 Author: Marc Giraudet [Mad_Marc]
0 !LDRAW_ORG Model
0 !LICENSE Redistributable under CCAL version 2.0 : see CAreadme.txt
1 14 -45 -20 0 0 -1 0 0 0 -1 1 0 0 2905.dat
1 0 0 -20 40 1 0 0 0 0 -1 0 1 0 3706.dat
1 0 10 -20 -40 1 0 0 0 0 -1 0 1 0 3706.dat
0 STEP
1 14 -30 -20 40 0 -1 0 0 0 -1 1 0 0 32348.dat
1 71 -35 -20 -40 0 0 -1 0 1 0 1 0 0 32123a.dat
0 STEP
1 0 -20 -20 -20 -1 0 0 0 0 1 0 1 0 42003.dat
1 71 -20 -20 100 0 1 0 1 0 0 0 0 -1 2825.dat
0 STEP
1 71 -50 -30 100 1 0 0 0 1 0 0 0 1 8270 - Crane Sub04.ldr
0 STEP
1 71 0 -40 0 1 0 0 0 1 0 0 0 1 8270 - Crane Sub05.ldr
0 STEP
1 14 0 -20 100 -1 0 0 0 -1 0 0 0 1 6536.dat
1 0 20 -20 -20 -1 0 0 0 0 1 0 1 0 42003.dat
0 STEP
1 71 20 -20 100 0 -1 0 -1 0 0 0 0 -1 2825.dat
1 71 35 -20 100 0 0 -1 -1 0 0 0 1 0 32123a.dat
1 72 0 -40 125 0 0.122 0.993 0 0.993 -0.122 -1 0 0 59426.dat
0 STEP
1 71 0 -60 0 -1 0 0 0 -0.997 0.076 0 0.076 0.997 8270 - Crane Sub08.ldr
0 STEP
1 14 0 -108.651 -98.214 0 0 1 -0.076 0.997 0 -0.997 -0.076 0 57779.dat
1 0 0 -80 40 -1 0 0 0 0.997 -0.076 0 -0.076 -0.997 3705.dat
0 STEP
1 0 0 -104 72 -1 0 0 0 0.6 -0.8 0 -0.8 -0.6 3706.dat
1 71 -50 -104 72 0 0 -1 0.8 0.6 0 0.6 -0.8 0 32270.dat
1 71 0 -104 72 1 0 0 0 0.6 0.8 0 -0.8 0.6 2585.dat
0 STEP
1 14 30 -20 40 0 -1 0 0 0 -1 1 0 0 32348.dat
1 14 50 -30 100 0 0 1 0 1 0 -1 0 0 32064b.dat
0 STEP
1 14 35 -20 -40 0 1 0 0 0 -1 -1 0 0 32249.dat
1 71 50 -104 72 0 0 -1 -0.8 -0.6 0 -0.6 0.8 0 3647.dat
1 71 0 -40 172 -0.122 -0.993 0 -0.993 0.122 0 0 0 -1 32270.dat
0 STEP
1 14 45 -20 0 0 -1 0 0 0 -1 1 0 0 2905.dat
1 0 50 -20 -80 1 0 0 0 0 -1 0 1 0 32062.dat
1 71 50 -20 -80 0 0 1 1 0 0 0 1 0 3713.dat
0 STEP
1 1 40 -92 56 1 0 0 0 0.509 -0.86 0 0.86 0.509 43093.dat
1 71 50 -92 56 0 0 -1 -0.509 -0.86 0 -0.86 0.509 0 3647.dat
1 0 50 -60 -40 1 0 0 0 0 -1 0 1 0 32062.dat
1 71 55 -20 -40 0 0 1 1 0 0 0 1 0 32123a.dat
0 STEP
1 14 65 -20 -40 0 1 0 0 0 -1 -1 0 0 32249.dat
1 14 40 -38 100 0 0 -1 0 1 0 1 0 0 51739.dat
1 14 -40 -38 100 0 0 1 0 1 0 -1 0 0 51739.dat
0 STEP
1 14 0 -112.112 -378.771 1 0 0 0 0.997 0.076 0 -0.076 0.997 8270 - Crane Sub16.ldr
0 STEP
0 STEP
1 72 0 -48 -410 0 0 1 0 1 0 -1 0 0 30395.dat
0 STEP
1 1 20 -10 0 0 0 1 1 0 0 0 1 0 43093.dat
1 1 -20 -10 0 0 0 1 1 0 0 0 1 0 43093.dat
1 0 0 0 0 0 1 0 0 0 1 1 0 0 32498.dat
0 STEP
1 0 0 20 1 -1 0 0 0 1 0 0 0 -1 8270 - Chassis.ldr
0 STEP
1 4 0 22 -416 1 0 0 0 1 0 0 0 1 3702.dat
1 71 0 -10 -416 1 0 0 0 1 0 0 0 1 2432.dat
1 0 0 -116 -20 0 -1 0 0 0 -1 1 0 0 8270 - String H.ldr
1 0 0 -132 -410 0 0 1 1 0 0 0 1 0 8270 - String V.ldr


0 FILE 8270 - Crane Sub04.ldr
0 Crane Sub04
0 Name: 8270 - Crane Sub04.ldr
0 Author: Marc Giraudet [Mad_Marc]
0 !LDRAW_ORG Model
0 !LICENSE Redistributable under CCAL version 2.0 : see CAreadme.txt
1 14 0 0 0 0 0 1 0 1 0 -1 0 0 32064b.dat
1 0 50 10 0 1 0 0 0 1 0 0 0 1 3706.dat
0 STEP
1 71 15 10 0 0 0 1 0 1 0 -1 0 0 32123a.dat


0 FILE 8270 - Crane Sub05.ldr
0 Crane Sub05
0 Name: 8270 - Crane Sub05.ldr
0 Author: Marc Giraudet [Mad_Marc]
0 !LDRAW_ORG Model
0 !LICENSE Redistributable under CCAL version 2.0 : see CAreadme.txt
1 71 0 0 0 0 -0.122 0.993 0 -0.993 -0.122 1 0 0 44294.dat
1 71 0 0 70 -0.993 -0.122 0 0.122 -0.993 0 0 0 1 6538b.dat
0 STEP
1 14 0 20 40 -1 0 0 0 -1 0 0 0 1 6536.dat
1 71 0 0 25 0.993 0.122 0 -0.122 0.993 0 0 0 1 32123a.dat
0 STEP
1 0 0 0 0 0.993 0.122 0 -0.122 0.993 0 0 0 1 4716.dat
1 71 0 0 -25 0.993 0.122 0 -0.122 0.993 0 0 0 1 32123a.dat
0 STEP
1 14 0 20 -40 -1 0 0 0 -1 0 0 0 1 6536.dat
1 71 0 0 -60 -0.993 0.122 0 0.122 0.993 0 0 0 -1 3713.dat


0 FILE 8270 - Crane Sub08.ldr
0 Crane Sub08
0 Name: 8270 - Crane Sub08.ldr
0 Author: Marc Giraudet [Mad_Marc]
0 !LDRAW_ORG Model
0 !LICENSE Redistributable under CCAL version 2.0 : see CAreadme.txt
1 0 0 0 0 1 0 0 0 1 0 0 0 1 3706.dat
1 71 0 0 0 0 0 1 0 1 0 -1 0 0 3647.dat
0 STEP
1 71 -10 0 -60 0 -1 0 1 0 0 0 0 1 2825.dat
1 0 0 0 -60 1 0 0 0 1 0 0 0 1 32062.dat
0 STEP
1 71 10 0 -60 0 1 0 -1 0 0 0 0 1 2825.dat
0 STEP
1 71 -30 0 0 0 0 -1 -1 0 0 0 1 0 3713.dat
1 71 30 0 0 0 0 1 -1 0 0 0 -1 0 3713.dat


0 FILE 8270 - Crane Sub16.ldr
0 Crane Sub16
0 Name: 8270 - Crane Sub16.ldr
0 Author: Marc Giraudet [Mad_Marc]
0 !LDRAW_ORG Model
0 !LICENSE Redistributable under CCAL version 2.0 : see CAreadme.txt
1 14 -15 0 -20 0 -1 0 1 0 0 0 0 1 6632.dat
1 0 0 0 20 -1 0 0 0 -1 0 0 0 1 32062.dat
1 0 0 0 -20 -1 0 0 0 -1 0 0 0 1 32062.dat
0 STEP
1 0 0 0 0 1 0 0 0 -1 0 0 0 -1 6558.dat
0 STEP
1 14 0 0 -20 1 0 0 0 -1 0 0 0 -1 6536.dat
1 0 0 0 140 0 1 0 1 0 0 0 0 -1 32278.dat
0 STEP
1 14 15 0 -20 0 -1 0 1 0 0 0 0 1 6632.dat


0 FILE 8270 - String H.ldr
0 String H
0 Name: 8270 - String H.ldr
0 Author: Marc Giraudet [Mad_Marc]
0 !LDRAW_ORG Model
0 !LICENSE Redistributable under CCAL version 2.0 : see CAreadme.txt
0 !KEYWORDS flexible, string, rope
0 !LDCAD CONTENT [type=path] [addFallBack=default] [looped=false] [displayKind=mm] [curveStep=0] [displayLenCor=0]

0 !LDCAD PATH_POINT [type=bezier] [posOri=-391 0 15 0 -1 0 1 0 0 0 0 1] [prevCPDist=25] [nextCPDist=55.5] [cirR=25] [cirDir=xyCW] [prevYRoll=0] [nextYRoll=0]
0 !LDCAD PATH_POINT [type=bezier] [posOri=92 0 -2 0 -1 0 1 0 0 0 0 1] [prevCPDist=54] [nextCPDist=25] [cirR=25] [cirDir=xyCW] [prevYRoll=0] [nextYRoll=0]

0 !LDCAD PATH_SKIN [donCol=16] [donOri=1 0 0 0 1 0 0 0 1] [donPart=ldcLQRopeSeg.dat] [donYSize=400%] [donCen=absCen] [donCenYOfs=0] [donFinScale=segMerge] [donPlace=refsStat] [donYAlign=0] [donInline=true] [segSize=75%] [segSizeTol=5%] [segsCnt=0] [segsGrp=0] [segsMaxMerge=0] [segsMrgAng=0] [segsMrgRollAng=0] [segsEdgeDelKind=keepFirstLeft]

0 !LDCAD GENERATED [generator=LDCad 1.6c]
0 //This is the fallback LDraw content for above PATH configuration.
0 // Do not edit, any changes will be lost upon regeneration.
0 // The path is approx 193.32 mm (483.31) and exists out of 3 segments.

0 //Some general hints about the document.
0 UNOFFICIAL PART
0 BFC CERTIFY CCW

0 //Some of this content has been generated from other LDraw files, many thanks to all involved.
0 // Credits for "ldcLQRopeSeg.dat":
0 // Author: LDCad

0 //Segments
1 16 -375.487279 0 14.778474 0 -16.007991 0.021418 1.5 0 0 0 0.228599 1.499847 4-4cyli.dat
1 16 89.659583 0 -1.999558 0 -465.995659 0.054036 1.5 0 0 0 16.797849 1.499026 4-4cyli.dat
1 16 92.653967 0 -2.003201 0 -4.001877 0.007341 1.5 0 0 0 0.019587 1.499982 4-4cyli.dat


0 FILE 8270 - String V.ldr
0 String V
0 Name: 8270 - String V.ldr
0 Author: Marc Giraudet [Mad_Marc]
0 !LDRAW_ORG Model
0 !LICENSE Redistributable under CCAL version 2.0 : see CAreadme.txt
0 !KEYWORDS flexible, string, rope
0 !LDCAD CONTENT [type=path] [addFallBack=default] [looped=false] [displayKind=mm] [curveStep=0] [displayLenCor=0]

0 !LDCAD PATH_POINT [type=bezier] [posOri=0 0 0 0 -1 0 1 0 0 0 0 1] [prevCPDist=25] [nextCPDist=25] [cirR=25] [cirDir=xyCW] [prevYRoll=0] [nextYRoll=0]
0 !LDCAD PATH_POINT [type=bezier] [posOri=76 0 0 0 -1 0 1 0 0 0 0 1] [prevCPDist=25] [nextCPDist=25] [cirR=25] [cirDir=xyCW] [prevYRoll=0] [nextYRoll=0]

0 !LDCAD PATH_SKIN [donCol=16] [donOri=1 0 0 0 1 0 0 0 1] [donPart=ldcLQRopeSeg.dat] [donYSize=400%] [donCen=absCen] [donCenYOfs=0] [donFinScale=segMerge] [donPlace=refsStat] [donYAlign=0] [donInline=true] [segSize=75%] [segSizeTol=5%] [segsCnt=0] [segsGrp=0] [segsMaxMerge=0] [segsMrgAng=0] [segsMrgRollAng=0] [segsEdgeDelKind=keepFirstLeft]

0 !LDCAD GENERATED [generator=LDCad 1.6c]
0 //This is the fallback LDraw content for above PATH configuration.
0 // Do not edit, any changes will be lost upon regeneration.
0 // The path is approx 30.40 mm (76.00) and exists out of 1 segments.

0 //Some general hints about the document.
0 UNOFFICIAL PART
0 BFC CERTIFY CCW

0 //Some of this content has been generated from other LDraw files, many thanks to all involved.
0 // Credits for "ldcLQRopeSeg.dat":
0 // Author: LDCad

0 //Segments
1 16 76.5 0 0 0 -77 0 1.5 0 0 0 0 1.5 4-4cyli.dat



