0 FILE 8272 - main.ldr
0 main
0 Name: 8272 - main.ldr
0 Author: Max Martin Richter [MMR1988]
0 !LDRAW_ORG Model
0 !LICENSE Redistributable under CCAL version 2.0 : see CAreadme.txt

0 !HISTORY 2019-03-03 [technicbasics] Remove mirrored parts, OMRize file

0 ROTATION CENTER 0 0 0 1 "Custom" 
0 ROTATION CONFIG 0 0
1 0 0 0 0 1 0 0 0 1 0 0 0 1 8272 - m-1.ldr

0 FILE 8272 - m-1.ldr
0 m-1
0 Name: 8272 - m-1.ldr
0 Author: Max Martin Richter [MMR1988]
0 !LDRAW_ORG MODEL
0 !LICENSE Redistributable under CCAL version 2.0 : see CAreadme.txt

0 ROTATION CENTER 0 89.765 -20 1 "Custom" 
0 ROTATION CENTER 0 -105.119 307.924 1 "New Custom" 
0 ROTATION CENTER 0 60 240 1 "New Custom" 
0 ROTATION CONFIG 3 1
1 0 0 -21.978 16.47 0 -1 0 -0.235722 0 0.97182 -0.97182 0 -0.235722 32184.dat
1 0 -20 -29.05 -12.685 0 -1 0 -0.235722 0 0.97182 -0.97182 0 -0.235722 3705.dat
1 0 20 -29.05 -12.685 0 -1 0 -0.235722 0 0.97182 -0.97182 0 -0.235722 3705.dat
0 STEP
1 0 20 -25.514 1.893 1 0 0 0 -0.235722 0.97182 0 -0.97182 -0.235722 32250.dat
1 0 -20 -25.514 1.893 -1 0 0 0 0.235722 0.97182 0 0.97182 -0.235722 32250.dat
0 STEP
1 0 20 39.267 -70.415 1 0 0 0 0.972 0.236 0 -0.236 0.972 8272 - m-1a.ldr
1 0 -20 39.267 -70.415 1 0 0 0 0.972 0.236 0 -0.236 0.972 8272 - m-1a.ldr
0 STEP
1 0 -70 49.874 -26.683 1 0 0 0 0.972 0.236 0 -0.236 0.972 8272 - m-1b.ldr
1 0 -30 49.874 -26.683 1 0 0 0 0.972 0.236 0 -0.236 0.972 8272 - m-1ba.ldr
1 71 20 46.339 -41.261 0 -1 0 -0.97182 0 0.235722 0.235722 0 0.97182 3713.dat
1 71 -20 46.339 -41.261 0 -1 0 -0.97182 0 0.235722 0.235722 0 0.97182 3713.dat
0 STEP
1 0 -30 11.002 -17.254 1 0 0 0 0.972 0.236 0 -0.236 0.972 8272 - m-1ca.ldr
1 0 -70 11.002 -17.254 1 0 0 0 0.972 0.236 0 -0.236 0.972 8272 - m-1c.ldr
0 STEP
1 72 0 7.466 -31.832 0 0 1 0.97182 0.235722 0 -0.235722 0.97182 0 32523.dat
1 72 60 -41.415 21.185 1 0 0 0 0.972 0.236 0 -0.236 0.972 8272 - m-1d.ldr
1 72 -60 -41.415 21.185 1 0 0 0 0.972 0.236 0 -0.236 0.972 8272 - m-1d.ldr
0 STEP
1 0 0 -27.871 -7.825 0 0 1 -0.97182 -0.235722 0 0.235722 -0.97182 0 32065.dat
1 71 20 -31.407 -22.402 0 0 1 0.235722 -0.97182 0 0.97182 0.235722 0 6536.dat
1 71 -20 -31.407 -22.402 0 0 1 0.235722 -0.97182 0 0.97182 0.235722 0 6536.dat
0 STEP
1 14 60 -31.407 -22.402 0.943745 0.330673 0 -0.321355 0.917151 -0.235722 0.077947 -0.222462 -0.97182 76537.dat
1 14 -60 -31.407 -22.402 -0.943745 -0.330673 0 -0.321355 0.917151 0.235722 0.077947 -0.222462 0.97182 76537.dat
0 STEP
1 71 -67.734 18.394 -49.917 -0.29765 0 0.954675 -0.927773 -0.235722 -0.289262 0.225038 -0.97182 0.0701628 32063.dat
1 71 67.734 18.394 -49.917 -0.29765 0 0.954675 0.927773 0.235722 0.289262 -0.225038 0.97182 -0.0701628 32063.dat
0 STEP
1 72 96.374 67.122 -56.592 0 0 -1 0.235722 0.97182 0 0.97182 -0.235722 0 6587.dat
1 72 -96.374 67.122 -56.592 0 0 -1 0.235722 0.97182 0 0.97182 -0.235722 0 6587.dat
0 STEP
1 71 -96.374 63.587 -71.169 1 0 0 0 0.97182 0.235722 0 -0.235722 0.97182 32123b.dat
1 71 96.374 63.587 -71.169 1 0 0 0 0.97182 0.235722 0 -0.235722 0.97182 32123b.dat
1 0 0 -34.943 -36.98 0 0 1 -0.97182 -0.235722 0 0.235722 -0.97182 0 32065.dat
1 71 -67.734 57.266 -59.346 -0.29765 0 0.954675 -0.927773 -0.235722 -0.289262 0.225038 -0.97182 0.0701628 32063.dat
1 71 67.734 57.266 -59.346 -0.29765 0 0.954675 0.927773 0.235722 0.289262 -0.225038 0.97182 -0.0701628 32063.dat
0 STEP
1 71 -115.468 30.499 -63.143 1 0 0 0 -0.235722 0.97182 0 -0.97182 -0.235722 6632.dat
1 71 115.468 30.499 -63.143 1 0 0 0 -0.235722 0.97182 0 -0.97182 -0.235722 6632.dat
1 0 20 -37.3 -46.698 1 0 0 0 -0.235722 0.97182 0 -0.97182 -0.235722 32250.dat
1 0 -20 -37.3 -46.698 -1 0 0 0 0.235722 0.97182 0 0.97182 -0.235722 32250.dat
0 STEP
1 72 135.468 55.828 -43.562 0 0 1 -0.97182 -0.235722 0 0.235722 -0.97182 0 6587.dat
1 72 -134.532 55.828 -43.562 0 0 1 -0.97182 -0.235722 0 0.235722 -0.97182 0 6587.dat
1 72 -134.532 60.543 -24.126 1 0 0 0 0.972 0.236 0 -0.236 0.972 8272 - m-1e.ldr
1 72 134.532 60.543 -24.126 1 0 0 0 0.972 0.236 0 -0.236 0.972 8272 - m-1e.ldr
0 STEP
1 72 -20 -14.039 -78.065 1 0 0 0 0.972 0.236 0 -0.236 0.972 8272 - m-1f.ldr
1 72 20 -9.323 -58.629 -1 0 0 0 0.972 -0.236 0 -0.236 -0.972 8272 - m-1g.ldr
0 STEP
1 71 20 32.195 -99.57 0 -1 0 0.97182 0 0.235722 -0.235722 0 0.97182 3713.dat
1 71 -20 32.195 -99.57 0 -1 0 0.97182 0 0.235722 -0.235722 0 0.97182 3713.dat
1 71 0 -30.829 -104.864 1 0 0 0 0.972 0.236 0 -0.236 0.972 8272 - m-1h.ldr
0 STEP
1 71 0 46.339 -41.261 1 0 0 0 0.972 0.236 0 -0.236 0.972 8272 - m.1i.ldr
0 STEP
0 ROTSTEP 0 90 0 REL
1 71 0 60.482 17.049 1 0 0 0 0.97182 0.235722 0 -0.235722 0.97182 4519.dat
0 STEP
1 71 0 9.823 -22.113 1 0 0 0 0.972 0.236 0 -0.236 0.972 8272 - m-1j.ldr
0 STEP
1 71 -40 36.331 2.327 0 0 -1 0.236 0.972 0 0.972 -0.236 0 8272 - m-1k.ldr
1 71 0 -12.26 14.113 1 0 0 0 0.972 0.236 0 -0.236 0.972 8272 - m-1l.ldr
0 STEP
1 71 0 74.625 75.358 0 0 -1 0.236 0.972 0 0.972 -0.236 0 8272 - m-1m.ldr
0 STEP
1 4 60 -41.415 21.185 -1 0 0 0 0.97182 -0.235722 0 -0.235722 -0.97182 32054.dat
1 0 40 -50.843 -17.688 -1 0 0 0 -0.235722 -0.97182 0 -0.97182 0.235722 6558.dat
0 STEP
1 4 40 60.482 17.049 0 1 0 -0.97182 0 0.235722 0.235722 0 0.97182 32140.dat
1 0 60 -70.127 -22.988 0 0 -1 -0.264981 0.964254 0 0.964254 0.264981 0 6536.dat
1 0 40 -56.136 45.335 1 0 0 0 0.972 0.236 0 -0.236 0.972 8272 - m-1n.ldr
0 STEP
0 ROTSTEP 0 180 0 REL
1 0 0 41.046 21.763 1 0 0 0 0.972 0.236 0 -0.236 0.972 8272 - m-1o.ldr
0 STEP
1 0 0 5.864 128.111 1 0 0 0 0.965 -0.261 0 0.261 0.965 8272 - m-1p.ldr
0 STEP
1 0 0 -36.356 183.446 -1 0 0 0 0.998 -0.07 0 -0.07 -0.998 8272 - m-1q.ldr
0 STEP
1 0 0 -95.009 54.764 -1 0 0 0 0.972 -0.236 0 -0.236 -0.972 8272 - m-1r.ldr
1 71 0 -99.724 35.328 0 -1 0 -0.97182 0 -0.235722 0.235722 0 -0.97182 4519.dat
0 STEP
1 4 -20 -80.866 113.074 0 1 0 -0.235722 0 -0.97182 -0.97182 0 0.235722 32009.dat
1 0 -30 -22.557 98.93 -1 0 0 0 -0.235722 -0.97182 0 -0.97182 0.235722 2780.dat
0 STEP
1 4 -40 60.482 17.049 0 1 0 -0.97182 0 0.235722 0.235722 0 0.97182 32140.dat
1 0 -40 -36.699 40.621 0 1 0 -0.97182 0 0.235722 0.235722 0 0.97182 32524.dat
0 STEP
1 4 -60 -41.415 21.185 1 0 0 0 0.97182 0.235722 0 -0.235722 0.97182 32054.dat
1 0 -40 -50.843 -17.688 1 0 0 0 0.235722 -0.97182 0 0.97182 0.235722 6558.dat
0 STEP
1 0 90 55.188 80.073 -1 0 0 0 0.972 -0.236 0 -0.236 -0.972 8272 - m-1s.ldr
0 STEP
1 4 -60 57.595 160.037 0 -1 0 -0.999548 0 -0.030072 0.030072 0 -0.999548 40490.dat
1 71 -75 55.188 80.073 0 0 -1 -0.97182 0.235722 0 0.235722 0.97182 0 32123b.dat
0 STEP
1 71 0 31.038 65.35 -1 0 0 0 0.972 -0.236 0 -0.236 -0.972 8272 - m-1t.ldr
0 STEP
1 71 100 31.038 65.35 -1 0 0 0 0.972 -0.236 0 -0.236 -0.972 8272 - m-1u.ldr
1 71 -40 -56.136 45.335 -1 0 0 0 0.972 -0.236 0 -0.236 -0.972 8272 - m-1v.ldr
0 STEP
1 71 0 60 240 -1 0 0 0 1 0 0 0 -1 8272 - m-1w.ldr
0 STEP
1 71 0 -41.173 301.857 -1 0 0 0 0.965 0.261 0 0.261 -0.965 8272 - m-1x.ldr
0 STEP
1 71 0 -35.946 282.552 -1 0 0 0 0.965 0.261 0 0.261 -0.965 8272 - m-1y.ldr
0 STEP
1 0 20 -25.494 243.942 0 -1 0 0.965254 0 -0.261313 0.261313 0 0.965254 41239.dat
1 0 -40 -41.173 301.857 1 0 0 0 -0.965254 0.261313 0 -0.261313 -0.965254 6536.dat
1 0 40 -41.173 301.857 1 0 0 0 -0.965254 0.261313 0 -0.261313 -0.965254 6536.dat
0 STEP
1 0 40 -51.625 340.468 1 0 0 0 0.261313 0.965254 0 -0.965254 0.261313 6558.dat
1 0 -40 -51.625 340.468 -1 0 0 0 0.261313 -0.965254 0 -0.965254 -0.261313 6558.dat
1 0 -30 -46.399 321.163 -1 0 0 0 0.261313 -0.965254 0 -0.965254 -0.261313 2780.dat
1 0 30 -46.399 321.163 1 0 0 0 0.261313 0.965254 0 -0.965254 0.261313 2780.dat
0 STEP
0 ROTSTEP END
1 0 0 0.637 147.416 -1 0 0 0 0.965 0.261 0 0.261 -0.965 8272 - m-1z.ldr
0 STEP
1 0 0 -63.091 306.282 1 0 0 0 0.965 -0.261 0 0.261 0.965 8272 - m-1a'.ldr
0 STEP
1 0 40 -51.625 340.468 1 0 0 0 0.965 -0.261 0 0.261 0.965 8272 - m-1b'.ldr
1 0 -40 -51.625 340.468 1 0 0 0 0.965 -0.261 0 0.261 0.965 8272 - m-1b'.ldr
0 STEP
1 0 60 -0.086 309.65 0 -1 0 -0.514087 0 0.857738 -0.857738 0 -0.514087 32524.dat
1 0 -60 -0.086 309.65 0 -1 0 -0.514087 0 0.857738 -0.857738 0 -0.514087 32524.dat
0 STEP
1 0 -80 0.637 147.416 0 0 -1 -0.261 0.965 0 0.965 0.261 0 8272 - m-1c'.ldr
0 STEP
1 0 0 -70.129 -22.989 1 0 0 0 0.964 -0.265 0 0.265 0.964 8272 - m-1d'.ldr
0 STEP
1 72 60 -70.127 -22.988 0 0 -1 -0.264981 0.964254 0 0.964254 0.264981 0 6587.dat
0 STEP
1 72 100 -29.34 28.546 -1 0 0 0 0.972 -0.236 0 -0.236 -0.972 8272 - m-1e'.ldr
1 72 -100 -29.34 28.546 0 0 -1 0.236 0.972 0 0.972 -0.236 0 8272 - m-1f'.ldr
0 STEP
1 72 40 -99.724 35.328 -1 0 0 0 -0.972 0.236 0 0.236 0.972 8272 - m-1g'.ldr
1 72 -40 -99.724 35.328 1 0 0 0 0.972 0.236 0 -0.236 0.972 8272 - m-1g'.ldr
0 STEP
1 1 0 -21.978 16.47 1 0 0 0 0.972 0.236 0 -0.236 0.972 8272 - m-1h'(').ldr
1 1 -100 -21.978 16.47 1 0 0 0 0.972 0.236 0 -0.236 0.972 8272 - m-1h'('').ldr
0 MLCAD BTG Technic Flexible Axle 12L
1 0 40 -51.038 185.227 1 0 0 0 0.261 0.965 0 -0.965 0.261 8272 - LS40.dat
0 MLCAD BTG Technic Flexible Axle 12L
1 0 40 -51.038 185.227 1 0 0 0 -5.228 0.965 0 19.313 0.261 8272 - LS41.dat
0 MLCAD BTG Technic Flexible Axle 12L
1 0 40 -56.265 204.532 1 -0.008 0 -0.001 -0.367 0.965 0.005 1.355 0.261 8272 - LS41.dat
0 MLCAD BTG Technic Flexible Axle 12L
1 0 39.994 -56.56 205.622 1 -0.023 0 -0.004 -0.359 0.965 0.016 1.327 0.261 8272 - LS41.dat
0 MLCAD BTG Technic Flexible Axle 12L
1 0 39.975 -56.845 206.678 1 -0.039 0 -0.007 -0.351 0.965 0.028 1.297 0.261 8272 - LS41.dat
0 MLCAD BTG Technic Flexible Axle 12L
1 0 39.945 -57.122 207.699 0.999 -0.053 0 -0.011 -0.343 0.965 0.039 1.266 0.261 8272 - LS41.dat
0 MLCAD BTG Technic Flexible Axle 12L
1 0 39.903 -57.389 208.686 0.999 -0.068 0 -0.014 -0.337 0.965 0.051 1.244 0.261 8272 - LS41.dat
0 MLCAD BTG Technic Flexible Axle 12L
1 0 39.851 -57.649 209.645 0.998 -0.082 0 -0.017 -0.33 0.965 0.063 1.219 0.261 8272 - LS41.dat
0 MLCAD BTG Technic Flexible Axle 12L
1 0 39.788 -57.901 210.575 0.997 -0.096 0 -0.02 -0.324 0.965 0.075 1.196 0.261 8272 - LS41.dat
0 MLCAD BTG Technic Flexible Axle 12L
1 0 39.716 -58.144 211.474 0.996 -0.111 0 -0.024 -0.319 0.965 0.087 1.179 0.261 8272 - LS41.dat
0 MLCAD BTG Technic Flexible Axle 12L
1 0 39.633 -58.382 212.351 0.995 -0.125 0 -0.027 -0.315 0.965 0.1 1.162 0.261 8272 - LS41.dat
0 MLCAD BTG Technic Flexible Axle 12L
1 0 39.541 -58.613 213.207 0.993 -0.139 0 -0.03 -0.31 0.965 0.112 1.144 0.261 8272 - LS41.dat
0 MLCAD BTG Technic Flexible Axle 12L
1 0 39.44 -58.839 214.038 0.992 -0.153 0 -0.034 -0.305 0.965 0.126 1.127 0.261 8272 - LS41.dat
0 MLCAD BTG Technic Flexible Axle 12L
1 0 39.331 -59.057 214.847 0.99 -0.168 0 -0.038 -0.302 0.965 0.139 1.117 0.261 8272 - LS41.dat
0 MLCAD BTG Technic Flexible Axle 12L
1 0 39.211 -59.272 215.638 0.988 -0.182 0 -0.041 -0.297 0.965 0.152 1.097 0.261 8272 - LS41.dat
0 MLCAD BTG Technic Flexible Axle 12L
1 0 39.084 -59.479 216.405 0.985 -0.197 0 -0.045 -0.294 0.965 0.166 1.087 0.261 8272 - LS41.dat
0 MLCAD BTG Technic Flexible Axle 12L
1 0 38.949 -59.683 217.155 0.982 -0.211 0 -0.049 -0.291 0.965 0.18 1.075 0.261 8272 - LS41.dat
0 MLCAD BTG Technic Flexible Axle 12L
1 0 38.805 -59.881 217.887 0.98 -0.226 0 -0.053 -0.288 0.965 0.194 1.063 0.261 8272 - LS41.dat
0 MLCAD BTG Technic Flexible Axle 12L
1 0 38.652 -60.074 218.603 0.976 -0.241 0 -0.056 -0.285 0.965 0.209 1.052 0.261 8272 - LS41.dat
0 MLCAD BTG Technic Flexible Axle 12L
1 0 38.492 -60.263 219.3 0.973 -0.258 0 -0.061 -0.284 0.965 0.223 1.048 0.261 8272 - LS41.dat
0 MLCAD BTG Technic Flexible Axle 12L
1 0 38.323 -60.449 219.987 0.969 -0.274 0 -0.065 -0.28 0.965 0.239 1.035 0.261 8272 - LS41.dat
0 MLCAD BTG Technic Flexible Axle 12L
1 0 38.146 -60.63 220.656 0.965 -0.291 0 -0.069 -0.279 0.965 0.254 1.032 0.261 8272 - LS41.dat
0 MLCAD BTG Technic Flexible Axle 12L
1 0 37.961 -60.808 221.314 0.96 -0.309 0 -0.073 -0.278 0.965 0.269 1.025 0.261 8272 - LS41.dat
0 MLCAD BTG Technic Flexible Axle 12L
1 0 37.766 -60.983 221.96 0.955 -0.324 0 -0.077 -0.274 0.965 0.285 1.011 0.261 8272 - LS41.dat
0 MLCAD BTG Technic Flexible Axle 12L
1 0 37.565 -61.152 222.588 0.95 -0.342 0 -0.082 -0.272 0.965 0.301 1.005 0.261 8272 - LS41.dat
0 MLCAD BTG Technic Flexible Axle 12L
1 0 37.356 -61.319 223.204 0.945 -0.36 0 -0.086 -0.27 0.965 0.317 0.998 0.261 8272 - LS41.dat
0 MLCAD BTG Technic Flexible Axle 12L
1 0 37.138 -61.483 223.807 0.938 -0.378 0 -0.09 -0.268 0.965 0.334 0.991 0.261 8272 - LS41.dat
0 MLCAD BTG Technic Flexible Axle 12L
1 0 36.912 -61.643 224.399 0.932 -0.397 0 -0.095 -0.267 0.965 0.35 0.985 0.261 8272 - LS41.dat
0 MLCAD BTG Technic Flexible Axle 12L
1 0 36.678 -61.8 224.979 0.925 -0.42 0 -0.099 -0.267 0.965 0.367 0.986 0.261 8272 - LS41.dat
0 MLCAD BTG Technic Flexible Axle 12L
1 0 36.433 -61.956 225.554 0.917 -0.439 0 -0.104 -0.264 0.965 0.384 0.976 0.261 8272 - LS41.dat
0 MLCAD BTG Technic Flexible Axle 12L
1 0 36.181 -62.108 226.115 0.909 -0.457 0 -0.109 -0.261 0.965 0.401 0.965 0.261 8272 - LS41.dat
0 MLCAD BTG Technic Flexible Axle 12L
1 0 35.921 -62.257 226.664 0.901 -0.476 0 -0.113 -0.259 0.965 0.419 0.956 0.261 8272 - LS41.dat
0 MLCAD BTG Technic Flexible Axle 12L
1 0 35.654 -62.401 227.2 0.892 -0.499 0 -0.118 -0.258 0.965 0.436 0.952 0.261 8272 - LS41.dat
0 MLCAD BTG Technic Flexible Axle 12L
1 0 35.376 -62.545 227.73 0.883 -0.519 0 -0.123 -0.255 0.965 0.454 0.941 0.261 8272 - LS41.dat
0 MLCAD BTG Technic Flexible Axle 12L
1 0 35.091 -62.685 228.246 0.873 -0.542 0 -0.128 -0.253 0.965 0.471 0.935 0.261 8272 - LS41.dat
0 MLCAD BTG Technic Flexible Axle 12L
1 0 34.796 -62.823 228.756 0.862 -0.561 0 -0.132 -0.25 0.965 0.489 0.922 0.261 8272 - LS41.dat
0 MLCAD BTG Technic Flexible Axle 12L
1 0 34.494 -62.957 229.253 0.851 -0.585 0 -0.137 -0.248 0.965 0.506 0.917 0.261 8272 - LS41.dat
0 MLCAD BTG Technic Flexible Axle 12L
1 0 34.181 -63.09 229.742 0.84 -0.608 0 -0.142 -0.246 0.965 0.524 0.908 0.261 8272 - LS41.dat
0 MLCAD BTG Technic Flexible Axle 12L
1 0 33.858 -63.221 230.224 0.828 -0.625 0 -0.147 -0.241 0.965 0.542 0.891 0.261 8272 - LS41.dat
0 MLCAD BTG Technic Flexible Axle 12L
1 0 33.53 -63.347 230.692 0.815 -0.649 0 -0.151 -0.239 0.965 0.559 0.882 0.261 8272 - LS41.dat
0 MLCAD BTG Technic Flexible Axle 12L
1 0 33.19 -63.472 231.154 0.802 -0.672 0 -0.156 -0.236 0.965 0.576 0.872 0.261 8272 - LS41.dat
0 MLCAD BTG Technic Flexible Axle 12L
1 0 32.841 -63.594 231.606 0.788 -0.693 0 -0.161 -0.232 0.965 0.594 0.858 0.261 8272 - LS41.dat
0 MLCAD BTG Technic Flexible Axle 12L
1 0 32.482 -63.714 232.049 0.774 -0.708 0 -0.165 -0.226 0.965 0.611 0.836 0.261 8272 - LS41.dat
0 MLCAD BTG Technic Flexible Axle 12L
1 0 32.117 -63.831 232.481 0.76 -0.73 0 -0.17 -0.223 0.965 0.628 0.823 0.261 8272 - LS41.dat
0 MLCAD BTG Technic Flexible Axle 12L
1 0 31.743 -63.946 232.903 0.745 -0.75 0 -0.174 -0.219 0.965 0.644 0.808 0.261 8272 - LS41.dat
0 MLCAD BTG Technic Flexible Axle 12L
1 0 31.359 -64.057 233.317 0.729 -0.77 0 -0.179 -0.214 0.965 0.66 0.792 0.261 8272 - LS41.dat
0 MLCAD BTG Technic Flexible Axle 12L
1 0 30.966 -64.166 233.721 0.714 -0.788 0 -0.183 -0.21 0.965 0.676 0.775 0.261 8272 - LS41.dat
0 MLCAD BTG Technic Flexible Axle 12L
1 0 30.563 -64.274 234.117 0.697 -0.806 0 -0.187 -0.205 0.965 0.692 0.757 0.261 8272 - LS41.dat
0 MLCAD BTG Technic Flexible Axle 12L
1 0 30.151 -64.378 234.504 0.681 -0.823 0 -0.191 -0.2 0.965 0.707 0.738 0.261 8272 - LS41.dat
0 MLCAD BTG Technic Flexible Axle 12L
1 0 29.73 -64.481 234.882 0.664 -0.838 0 -0.195 -0.194 0.965 0.722 0.718 0.261 8272 - LS41.dat
0 MLCAD BTG Technic Flexible Axle 12L
1 0 29.299 -64.581 235.251 0.646 -0.853 0 -0.199 -0.189 0.965 0.736 0.697 0.261 8272 - LS41.dat
0 MLCAD BTG Technic Flexible Axle 12L
1 0 28.86 -64.678 235.61 0.629 -0.869 0 -0.203 -0.184 0.965 0.75 0.679 0.261 8272 - LS41.dat
0 MLCAD BTG Technic Flexible Axle 12L
1 0 28.413 -64.772 235.96 0.611 -0.89 0 -0.207 -0.18 0.965 0.764 0.664 0.261 8272 - LS41.dat
0 MLCAD BTG Technic Flexible Axle 12L
1 0 27.95 -64.866 236.305 0.593 -0.901 0 -0.21 -0.174 0.965 0.777 0.641 0.261 8272 - LS41.dat
0 MLCAD BTG Technic Flexible Axle 12L
1 0 27.479 -64.956 236.639 0.575 -0.91 0 -0.214 -0.167 0.965 0.789 0.618 0.261 8272 - LS41.dat
0 MLCAD BTG Technic Flexible Axle 12L
1 0 27.001 -65.045 236.964 0.557 -0.921 0 -0.217 -0.162 0.965 0.801 0.597 0.261 8272 - LS41.dat
0 MLCAD BTG Technic Flexible Axle 12L
1 0 26.514 -65.13 237.28 0.539 -0.938 0 -0.22 -0.157 0.965 0.813 0.579 0.261 8272 - LS41.dat
0 MLCAD BTG Technic Flexible Axle 12L
1 0 26.013 -65.214 237.59 0.521 -0.943 0 -0.223 -0.15 0.965 0.824 0.555 0.261 8272 - LS41.dat
0 MLCAD BTG Technic Flexible Axle 12L
1 0 25.504 -65.295 237.889 0.502 -0.951 0 -0.226 -0.144 0.965 0.835 0.533 0.261 8272 - LS41.dat
0 MLCAD BTG Technic Flexible Axle 12L
1 0 24.988 -65.373 238.178 0.484 -0.964 0 -0.229 -0.139 0.965 0.844 0.515 0.261 8272 - LS41.dat
0 MLCAD BTG Technic Flexible Axle 12L
1 0 24.458 -65.45 238.461 0.466 -0.968 0 -0.231 -0.133 0.965 0.854 0.492 0.261 8272 - LS41.dat
0 MLCAD BTG Technic Flexible Axle 12L
1 0 23.922 -65.524 238.734 0.448 -0.983 0 -0.234 -0.129 0.965 0.863 0.475 0.261 8272 - LS41.dat
0 MLCAD BTG Technic Flexible Axle 12L
1 0 23.372 -65.596 239.001 0.43 -0.992 0 -0.236 -0.123 0.965 0.872 0.456 0.261 8272 - LS41.dat
0 MLCAD BTG Technic Flexible Axle 12L
1 0 22.808 -65.666 239.259 0.412 -0.995 0 -0.238 -0.118 0.965 0.88 0.434 0.261 8272 - LS41.dat
0 MLCAD BTG Technic Flexible Axle 12L
1 0 22.238 -65.733 239.509 0.394 -1.004 0 -0.24 -0.113 0.965 0.887 0.416 0.261 8272 - LS41.dat
0 MLCAD BTG Technic Flexible Axle 12L
1 0 21.654 -65.799 239.75 0.377 -1.015 0 -0.242 -0.108 0.965 0.894 0.398 0.261 8272 - LS41.dat
0 MLCAD BTG Technic Flexible Axle 12L
1 0 21.058 -65.862 239.984 0.359 -1.021 0 -0.244 -0.103 0.965 0.901 0.379 0.261 8272 - LS41.dat
0 MLCAD BTG Technic Flexible Axle 12L
1 0 20.449 -65.923 240.21 0.342 -1.018 0 -0.246 -0.097 0.965 0.907 0.358 0.261 8272 - LS41.dat
0 MLCAD BTG Technic Flexible Axle 12L
1 0 19.834 -65.982 240.426 0.325 -1.026 0 -0.247 -0.092 0.965 0.913 0.34 0.261 8272 - LS41.dat
0 MLCAD BTG Technic Flexible Axle 12L
1 0 19.208 -66.038 240.634 0.308 -1.034 0 -0.249 -0.088 0.965 0.918 0.323 0.261 8272 - LS41.dat
0 MLCAD BTG Technic Flexible Axle 12L
1 0 18.569 -66.092 240.834 0.292 -1.05 0 -0.25 -0.084 0.965 0.923 0.309 0.261 8272 - LS41.dat
0 MLCAD BTG Technic Flexible Axle 12L
1 0 17.91 -66.144 241.028 0.276 -1.054 0 -0.251 -0.079 0.965 0.928 0.291 0.261 8272 - LS41.dat
0 MLCAD BTG Technic Flexible Axle 12L
1 0 17.239 -66.195 241.212 0.26 -1.06 0 -0.252 -0.074 0.965 0.932 0.275 0.261 8272 - LS41.dat
0 MLCAD BTG Technic Flexible Axle 12L
1 0 16.557 -66.243 241.39 0.244 -1.073 0 -0.253 -0.07 0.965 0.936 0.26 0.261 8272 - LS41.dat
0 MLCAD BTG Technic Flexible Axle 12L
1 0 15.856 -66.288 241.56 0.228 -1.078 0 -0.254 -0.066 0.965 0.94 0.244 0.261 8272 - LS41.dat
0 MLCAD BTG Technic Flexible Axle 12L
1 0 15.143 -66.332 241.722 0.213 -1.091 0 -0.255 -0.062 0.965 0.943 0.23 0.261 8272 - LS41.dat
0 MLCAD BTG Technic Flexible Axle 12L
1 0 14.412 -66.374 241.875 0.198 -1.104 0 -0.256 -0.058 0.965 0.946 0.215 0.261 8272 - LS41.dat
0 MLCAD BTG Technic Flexible Axle 12L
1 0 13.663 -66.414 242.022 0.183 -1.116 0 -0.257 -0.054 0.965 0.949 0.201 0.261 8272 - LS41.dat
0 MLCAD BTG Technic Flexible Axle 12L
1 0 12.895 -66.451 242.159 0.169 -1.127 0 -0.258 -0.05 0.965 0.951 0.186 0.261 8272 - LS41.dat
0 MLCAD BTG Technic Flexible Axle 12L
1 0 12.109 -66.486 242.289 0.154 -1.138 0 -0.258 -0.046 0.965 0.954 0.172 0.261 8272 - LS41.dat
0 MLCAD BTG Technic Flexible Axle 12L
1 0 11.306 -66.52 242.411 0.14 -1.149 0 -0.259 -0.043 0.965 0.956 0.157 0.261 8272 - LS41.dat
0 MLCAD BTG Technic Flexible Axle 12L
1 0 10.486 -66.549 242.523 0.127 -1.169 0 -0.259 -0.039 0.965 0.957 0.144 0.261 8272 - LS41.dat
0 MLCAD BTG Technic Flexible Axle 12L
1 0 9.641 -66.578 242.627 0.113 -1.187 0 -0.26 -0.035 0.965 0.959 0.131 0.261 8272 - LS41.dat
0 MLCAD BTG Technic Flexible Axle 12L
1 0 8.771 -66.604 242.723 0.1 -1.205 0 -0.26 -0.032 0.965 0.96 0.117 0.261 8272 - LS41.dat
0 MLCAD BTG Technic Flexible Axle 12L
1 0 7.877 -66.627 242.809 0.087 -1.222 0 -0.26 -0.028 0.965 0.962 0.103 0.261 8272 - LS41.dat
0 MLCAD BTG Technic Flexible Axle 12L
1 0 6.96 -66.648 242.886 0.074 -1.239 0 -0.261 -0.024 0.965 0.963 0.089 0.261 8272 - LS41.dat
0 MLCAD BTG Technic Flexible Axle 12L
1 0 6.02 -66.666 242.955 0.062 -1.264 0 -0.261 -0.02 0.965 0.963 0.076 0.261 8272 - LS41.dat
0 MLCAD BTG Technic Flexible Axle 12L
1 0 5.049 -66.682 243.013 0.05 -1.289 0 -0.261 -0.017 0.965 0.964 0.062 0.261 8272 - LS41.dat
0 MLCAD BTG Technic Flexible Axle 12L
1 0 4.049 -66.695 243.06 0.038 -1.56 0 -0.261 -0.015 0.965 0.965 0.057 0.261 8272 - LS41.dat
0 MLCAD BTG Technic Flexible Axle 12L
1 0 3.019 -66.705 243.098 0.015 -3.289 0 -0.261 -0.013 0.965 0.965 0.049 0.261 8272 - LS41.dat
0 MLCAD BTG Technic Flexible Axle 12L
1 0 0 -66.717 243.143 -0.006 -1.403 0 -0.261 0.002 0.965 0.965 -0.008 0.261 8272 - LS41.dat
0 MLCAD BTG Technic Flexible Axle 12L
1 0 -1.129 -66.716 243.136 -0.017 -1.375 0 -0.261 0.006 0.965 0.965 -0.023 0.261 8272 - LS41.dat
0 MLCAD BTG Technic Flexible Axle 12L
1 0 -2.223 -66.711 243.118 -0.029 -1.343 0 -0.261 0.01 0.965 0.965 -0.037 0.261 8272 - LS41.dat
0 MLCAD BTG Technic Flexible Axle 12L
1 0 -3.282 -66.702 243.089 -0.041 -1.312 0 -0.261 0.014 0.965 0.964 -0.051 0.261 8272 - LS41.dat
0 MLCAD BTG Technic Flexible Axle 12L
1 0 -4.304 -66.691 243.049 -0.053 -1.289 0 -0.261 0.018 0.965 0.964 -0.066 0.261 8272 - LS41.dat
0 MLCAD BTG Technic Flexible Axle 12L
1 0 -5.297 -66.678 242.998 -0.065 -1.263 0 -0.261 0.021 0.965 0.963 -0.079 0.261 8272 - LS41.dat
0 MLCAD BTG Technic Flexible Axle 12L
1 0 -6.26 -66.662 242.938 -0.077 -1.239 0 -0.261 0.025 0.965 0.962 -0.093 0.261 8272 - LS41.dat
0 MLCAD BTG Technic Flexible Axle 12L
1 0 -7.192 -66.643 242.868 -0.09 -1.222 0 -0.26 0.029 0.965 0.961 -0.107 0.261 8272 - LS41.dat
0 MLCAD BTG Technic Flexible Axle 12L
1 0 -8.102 -66.621 242.788 -0.103 -1.204 0 -0.26 0.033 0.965 0.96 -0.121 0.261 8272 - LS41.dat
0 MLCAD BTG Technic Flexible Axle 12L
1 0 -8.987 -66.597 242.7 -0.117 -1.185 0 -0.26 0.036 0.965 0.959 -0.134 0.261 8272 - LS41.dat
0 MLCAD BTG Technic Flexible Axle 12L
1 0 -9.849 -66.571 242.602 -0.13 -1.168 0 -0.259 0.04 0.965 0.957 -0.148 0.261 8272 - LS41.dat
0 MLCAD BTG Technic Flexible Axle 12L
1 0 -10.686 -66.542 242.496 -0.144 -1.157 0 -0.259 0.044 0.965 0.955 -0.162 0.261 8272 - LS41.dat
0 MLCAD BTG Technic Flexible Axle 12L
1 0 -11.506 -66.511 242.382 -0.158 -1.136 0 -0.258 0.047 0.965 0.953 -0.175 0.261 8272 - LS41.dat
0 MLCAD BTG Technic Flexible Axle 12L
1 0 -12.3 -66.478 242.258 -0.172 -1.126 0 -0.257 0.051 0.965 0.951 -0.19 0.261 8272 - LS41.dat
0 MLCAD BTG Technic Flexible Axle 12L
1 0 -13.077 -66.443 242.127 -0.187 -1.114 0 -0.257 0.055 0.965 0.948 -0.204 0.261 8272 - LS41.dat
0 MLCAD BTG Technic Flexible Axle 12L
1 0 -13.837 -66.404 241.988 -0.201 -1.101 0 -0.256 0.059 0.965 0.945 -0.218 0.261 8272 - LS41.dat
0 MLCAD BTG Technic Flexible Axle 12L
1 0 -14.578 -66.365 241.842 -0.216 -1.09 0 -0.255 0.063 0.965 0.942 -0.233 0.261 8272 - LS41.dat
0 MLCAD BTG Technic Flexible Axle 12L
1 0 -15.3 -66.323 241.687 -0.232 -1.086 0 -0.254 0.068 0.965 0.939 -0.249 0.261 8272 - LS41.dat
0 MLCAD BTG Technic Flexible Axle 12L
1 0 -16.012 -66.279 241.524 -0.247 -1.072 0 -0.253 0.071 0.965 0.935 -0.264 0.261 8272 - LS41.dat
0 MLCAD BTG Technic Flexible Axle 12L
1 0 -16.704 -66.232 241.353 -0.263 -1.07 0 -0.252 0.076 0.965 0.931 -0.281 0.261 8272 - LS41.dat
0 MLCAD BTG Technic Flexible Axle 12L
1 0 -17.386 -66.184 241.174 -0.279 -1.062 0 -0.251 0.081 0.965 0.927 -0.298 0.261 8272 - LS41.dat
0 MLCAD BTG Technic Flexible Axle 12L
1 0 -18.055 -66.133 240.986 -0.295 -1.048 0 -0.25 0.085 0.965 0.922 -0.313 0.261 8272 - LS41.dat
0 MLCAD BTG Technic Flexible Axle 12L
1 0 -18.705 -66.082 240.793 -0.312 -1.041 0 -0.248 0.089 0.965 0.917 -0.33 0.261 8272 - LS41.dat
0 MLCAD BTG Technic Flexible Axle 12L
1 0 -19.343 -66.026 240.59 -0.329 -1.035 0 -0.247 0.094 0.965 0.912 -0.348 0.261 8272 - LS41.dat
0 MLCAD BTG Technic Flexible Axle 12L
1 0 -19.969 -65.969 240.379 -0.346 -1.027 0 -0.245 0.099 0.965 0.906 -0.365 0.261 8272 - LS41.dat
0 MLCAD BTG Technic Flexible Axle 12L
1 0 -20.582 -65.91 240.161 -0.363 -1.02 0 -0.244 0.104 0.965 0.899 -0.383 0.261 8272 - LS41.dat
0 MLCAD BTG Technic Flexible Axle 12L
1 0 -21.183 -65.85 239.936 -0.38 -1.022 0 -0.242 0.11 0.965 0.893 -0.406 0.261 8272 - LS41.dat
0 MLCAD BTG Technic Flexible Axle 12L
1 0 -21.778 -65.785 239.7 -0.398 -1.011 0 -0.24 0.115 0.965 0.885 -0.423 0.261 8272 - LS41.dat
0 MLCAD BTG Technic Flexible Axle 12L
1 0 -22.36 -65.719 239.456 -0.416 -1 0 -0.238 0.119 0.965 0.878 -0.441 0.261 8272 - LS41.dat
0 MLCAD BTG Technic Flexible Axle 12L
1 0 -22.929 -65.652 239.206 -0.434 -0.99 0 -0.235 0.124 0.965 0.87 -0.46 0.261 8272 - LS41.dat
0 MLCAD BTG Technic Flexible Axle 12L
1 0 -23.484 -65.581 238.947 -0.452 -0.987 0 -0.233 0.131 0.965 0.861 -0.482 0.261 8272 - LS41.dat
0 MLCAD BTG Technic Flexible Axle 12L
1 0 -24.033 -65.509 238.679 -0.47 -0.975 0 -0.231 0.136 0.965 0.852 -0.501 0.261 8272 - LS41.dat
0 MLCAD BTG Technic Flexible Axle 12L
1 0 -24.568 -65.434 238.404 -0.488 -0.969 0 -0.228 0.142 0.965 0.842 -0.523 0.261 8272 - LS41.dat
0 MLCAD BTG Technic Flexible Axle 12L
1 0 -25.097 -65.357 238.118 -0.506 -0.955 0 -0.225 0.146 0.965 0.832 -0.541 0.261 8272 - LS41.dat
0 MLCAD BTG Technic Flexible Axle 12L
1 0 -25.611 -65.278 237.828 -0.525 -0.95 0 -0.222 0.153 0.965 0.822 -0.565 0.261 8272 - LS41.dat
0 MLCAD BTG Technic Flexible Axle 12L
1 0 -26.118 -65.196 237.526 -0.543 -0.94 0 -0.219 0.159 0.965 0.811 -0.587 0.261 8272 - LS41.dat
0 MLCAD BTG Technic Flexible Axle 12L
1 0 -26.617 -65.112 237.214 -0.561 -0.923 0 -0.216 0.163 0.965 0.799 -0.604 0.261 8272 - LS41.dat
0 MLCAD BTG Technic Flexible Axle 12L
1 0 -27.103 -65.027 236.897 -0.579 -0.914 0 -0.213 0.17 0.965 0.787 -0.627 0.261 8272 - LS41.dat
0 MLCAD BTG Technic Flexible Axle 12L
1 0 -27.58 -64.937 236.569 -0.597 -0.903 0 -0.21 0.176 0.965 0.774 -0.649 0.261 8272 - LS41.dat
0 MLCAD BTG Technic Flexible Axle 12L
1 0 -28.049 -64.846 236.232 -0.615 -0.889 0 -0.206 0.181 0.965 0.761 -0.669 0.261 8272 - LS41.dat
0 MLCAD BTG Technic Flexible Axle 12L
1 0 -28.509 -64.752 235.885 -0.633 -0.866 0 -0.202 0.185 0.965 0.747 -0.683 0.261 8272 - LS41.dat
0 MLCAD BTG Technic Flexible Axle 12L
1 0 -28.955 -64.658 235.534 -0.65 -0.852 0 -0.199 0.191 0.965 0.733 -0.704 0.261 8272 - LS41.dat
0 MLCAD BTG Technic Flexible Axle 12L
1 0 -29.392 -64.56 235.173 -0.667 -0.837 0 -0.195 0.196 0.965 0.719 -0.724 0.261 8272 - LS41.dat
0 MLCAD BTG Technic Flexible Axle 12L
1 0 -29.821 -64.459 234.802 -0.684 -0.82 0 -0.191 0.201 0.965 0.704 -0.743 0.261 8272 - LS41.dat
0 MLCAD BTG Technic Flexible Axle 12L
1 0 -30.24 -64.356 234.423 -0.701 -0.803 0 -0.186 0.206 0.965 0.689 -0.761 0.261 8272 - LS41.dat
0 MLCAD BTG Technic Flexible Axle 12L
1 0 -30.65 -64.251 234.034 -0.717 -0.784 0 -0.182 0.211 0.965 0.673 -0.778 0.261 8272 - LS41.dat
0 MLCAD BTG Technic Flexible Axle 12L
1 0 -31.051 -64.144 233.635 -0.733 -0.764 0 -0.178 0.215 0.965 0.657 -0.794 0.261 8272 - LS41.dat
0 MLCAD BTG Technic Flexible Axle 12L
1 0 -31.442 -64.033 233.229 -0.748 -0.744 0 -0.173 0.219 0.965 0.641 -0.809 0.261 8272 - LS41.dat
0 MLCAD BTG Technic Flexible Axle 12L
1 0 -31.824 -63.921 232.813 -0.763 -0.723 0 -0.169 0.223 0.965 0.624 -0.823 0.261 8272 - LS41.dat
0 MLCAD BTG Technic Flexible Axle 12L
1 0 -32.196 -63.806 232.389 -0.777 -0.703 0 -0.164 0.227 0.965 0.607 -0.839 0.261 8272 - LS41.dat
0 MLCAD BTG Technic Flexible Axle 12L
1 0 -32.559 -63.689 231.958 -0.791 -0.687 0 -0.16 0.232 0.965 0.59 -0.859 0.261 8272 - LS41.dat
0 MLCAD BTG Technic Flexible Axle 12L
1 0 -32.916 -63.568 231.511 -0.805 -0.664 0 -0.155 0.235 0.965 0.573 -0.869 0.261 8272 - LS41.dat
0 MLCAD BTG Technic Flexible Axle 12L
1 0 -33.263 -63.446 231.057 -0.818 -0.64 0 -0.15 0.238 0.965 0.555 -0.878 0.261 8272 - LS41.dat
0 MLCAD BTG Technic Flexible Axle 12L
1 0 -33.6 -63.32 230.594 -0.83 -0.618 0 -0.146 0.241 0.965 0.538 -0.889 0.261 8272 - LS41.dat
0 MLCAD BTG Technic Flexible Axle 12L
1 0 -33.927 -63.193 230.124 -0.842 -0.6 0 -0.141 0.245 0.965 0.52 -0.905 0.261 8272 - LS41.dat
0 MLCAD BTG Technic Flexible Axle 12L
1 0 -34.247 -63.062 229.64 -0.854 -0.575 0 -0.136 0.246 0.965 0.503 -0.91 0.261 8272 - LS41.dat
0 MLCAD BTG Technic Flexible Axle 12L
1 0 -34.558 -62.93 229.15 -0.865 -0.553 0 -0.131 0.248 0.965 0.485 -0.918 0.261 8272 - LS41.dat
0 MLCAD BTG Technic Flexible Axle 12L
1 0 -34.857 -62.794 228.652 -0.875 -0.533 0 -0.127 0.252 0.965 0.467 -0.93 0.261 8272 - LS41.dat
0 MLCAD BTG Technic Flexible Axle 12L
1 0 -35.151 -62.656 228.141 -0.885 -0.51 0 -0.122 0.253 0.965 0.45 -0.935 0.261 8272 - LS41.dat
0 MLCAD BTG Technic Flexible Axle 12L
1 0 -35.433 -62.516 227.623 -0.894 -0.492 0 -0.117 0.257 0.965 0.432 -0.948 0.261 8272 - LS41.dat
0 MLCAD BTG Technic Flexible Axle 12L
1 0 -35.709 -62.372 227.091 -0.903 -0.472 0 -0.112 0.259 0.965 0.415 -0.958 0.261 8272 - LS41.dat
0 MLCAD BTG Technic Flexible Axle 12L
1 0 -35.978 -62.224 226.547 -0.911 -0.449 0 -0.108 0.26 0.965 0.398 -0.959 0.261 8272 - LS41.dat
0 MLCAD BTG Technic Flexible Axle 12L
1 0 -36.235 -62.076 225.996 -0.919 -0.431 0 -0.103 0.263 0.965 0.381 -0.97 0.261 8272 - LS41.dat
0 MLCAD BTG Technic Flexible Axle 12L
1 0 -36.485 -61.923 225.434 -0.926 -0.412 0 -0.098 0.265 0.965 0.363 -0.979 0.261 8272 - LS41.dat
0 MLCAD BTG Technic Flexible Axle 12L
1 0 -36.728 -61.768 224.859 -0.933 -0.393 0 -0.094 0.267 0.965 0.347 -0.985 0.261 8272 - LS41.dat
0 MLCAD BTG Technic Flexible Axle 12L
1 0 -36.962 -61.609 224.27 -0.94 -0.37 0 -0.089 0.266 0.965 0.33 -0.983 0.261 8272 - LS41.dat
0 MLCAD BTG Technic Flexible Axle 12L
1 0 -37.186 -61.447 223.677 -0.946 -0.352 0 -0.085 0.268 0.965 0.314 -0.99 0.261 8272 - LS41.dat
0 MLCAD BTG Technic Flexible Axle 12L
1 0 -37.401 -61.284 223.072 -0.951 -0.335 0 -0.081 0.27 0.965 0.298 -0.998 0.261 8272 - LS41.dat
0 MLCAD BTG Technic Flexible Axle 12L
1 0 -37.608 -61.117 222.456 -0.957 -0.32 0 -0.076 0.274 0.965 0.282 -1.013 0.261 8272 - LS41.dat
0 MLCAD BTG Technic Flexible Axle 12L
1 0 -37.809 -60.945 221.819 -0.961 -0.302 0 -0.072 0.275 0.965 0.266 -1.018 0.261 8272 - LS41.dat
0 MLCAD BTG Technic Flexible Axle 12L
1 0 -38.001 -60.769 221.172 -0.966 -0.285 0 -0.068 0.277 0.965 0.25 -1.023 0.261 8272 - LS41.dat
0 MLCAD BTG Technic Flexible Axle 12L
1 0 -38.185 -60.592 220.514 -0.97 -0.27 0 -0.064 0.28 0.965 0.235 -1.036 0.261 8272 - LS41.dat
0 MLCAD BTG Technic Flexible Axle 12L
1 0 -38.361 -60.408 219.837 -0.974 -0.253 0 -0.06 0.282 0.965 0.22 -1.04 0.261 8272 - LS41.dat
0 MLCAD BTG Technic Flexible Axle 12L
1 0 -38.528 -60.222 219.149 -0.977 -0.238 0 -0.056 0.285 0.965 0.206 -1.053 0.261 8272 - LS41.dat
0 MLCAD BTG Technic Flexible Axle 12L
1 0 -38.687 -60.031 218.443 -0.98 -0.223 0 -0.052 0.288 0.965 0.191 -1.065 0.261 8272 - LS41.dat
0 MLCAD BTG Technic Flexible Axle 12L
1 0 -38.839 -59.835 217.72 -0.983 -0.208 0 -0.048 0.292 0.965 0.177 -1.077 0.261 8272 - LS41.dat
0 MLCAD BTG Technic Flexible Axle 12L
1 0 -38.982 -59.635 216.979 -0.986 -0.193 0 -0.044 0.294 0.965 0.163 -1.088 0.261 8272 - LS41.dat
0 MLCAD BTG Technic Flexible Axle 12L
1 0 -39.116 -59.429 216.22 -0.988 -0.178 0 -0.04 0.297 0.965 0.149 -1.098 0.261 8272 - LS41.dat
0 MLCAD BTG Technic Flexible Axle 12L
1 0 -39.241 -59.22 215.445 -0.99 -0.163 0 -0.037 0.3 0.965 0.135 -1.109 0.261 8272 - LS41.dat
0 MLCAD BTG Technic Flexible Axle 12L
1 0 -39.358 -59.005 214.653 -0.992 -0.149 0 -0.033 0.305 0.965 0.122 -1.128 0.261 8272 - LS41.dat
0 MLCAD BTG Technic Flexible Axle 12L
1 0 -39.466 -58.784 213.838 -0.994 -0.135 0 -0.03 0.31 0.965 0.109 -1.145 0.261 8272 - LS41.dat
0 MLCAD BTG Technic Flexible Axle 12L
1 0 -39.565 -58.557 212.999 -0.995 -0.12 0 -0.026 0.313 0.965 0.096 -1.154 0.261 8272 - LS41.dat
0 MLCAD BTG Technic Flexible Axle 12L
1 0 -39.654 -58.326 212.143 -0.996 -0.107 0 -0.023 0.319 0.965 0.084 -1.18 0.261 8272 - LS41.dat
0 MLCAD BTG Technic Flexible Axle 12L
1 0 -39.734 -58.086 211.258 -0.997 -0.092 0 -0.019 0.324 0.965 0.072 -1.196 0.261 8272 - LS41.dat
0 MLCAD BTG Technic Flexible Axle 12L
1 0 -39.804 -57.84 210.35 -0.998 -0.078 0 -0.016 0.331 0.965 0.06 -1.221 0.261 8272 - LS41.dat
0 MLCAD BTG Technic Flexible Axle 12L
1 0 -39.865 -57.586 209.414 -0.999 -0.064 0 -0.013 0.337 0.965 0.048 -1.244 0.261 8272 - LS41.dat
0 MLCAD BTG Technic Flexible Axle 12L
1 0 -39.914 -57.325 208.448 -0.999 -0.059 0 -0.01 0.408 0.965 0.036 -1.507 0.261 8272 - LS41.dat
0 MLCAD BTG Technic Flexible Axle 12L
1 0 -39.953 -57.056 207.454 -1 -0.051 0 -0.004 0.862 0.965 0.015 -3.183 0.261 8272 - LS41.dat
0 MLCAD BTG Technic Flexible Axle 12L
1 0 -40 -56.265 204.532 -1 0 0 0 5.228 0.965 0 -19.313 0.261 8272 - LS41.dat
0 MLCAD BTG Technic Flexible Axle 12L
1 0 -40 -51.038 185.227 -1 0 0 0 0.261 0.965 0 -0.965 0.261 8272 - LS40.dat
0 GROUP 180 Technic Flexible Axle 12L
0 STEP
1 2 0 -21.978 16.47 1 0 0 0 0.972 0.236 0 -0.236 0.972 8272 - m-1i'(').ldr
1 0 0 -21.978 16.47 1 0 0 0 0.972 0.236 0 -0.236 0.972 8272 - m-1i'('').ldr
0 STEP
0 ROTSTEP 180 0 0 REL
1 0 149.468 120.542 45.874 1 0 0 0 1 0 0 0 1 8272 - m-1j'.ldr
1 0 -159.468 120.542 45.874 1 0 0 0 1 0 0 0 1 8272 - m-1j'.ldr
1 72 154.468 60.543 -24.126 -1 0 0 0 0.97182 -0.235722 0 -0.235722 -0.97182 6587.dat
1 71 174.468 60.543 -24.126 0 0 -1 0.235722 0.97182 0 0.97182 -0.235722 0 3713.dat
1 72 -154.468 60.543 -24.126 1 0 0 0 0.97182 0.235722 0 -0.235722 0.97182 6587.dat
1 71 -174.468 60.543 -24.126 0 0 1 -0.235722 0.97182 0 -0.97182 -0.235722 0 3713.dat
0 STEP
1 71 0 -138.597 44.757 1 0 0 0 0.972 0.236 0 -0.236 0.972 8272 - m-1k'.ldr
0 

0

0 FILE 8272 - m-1a.ldr
0 m-1a
0 Name: 8272 - m-1a.ldr
0 Author: Max Martin Richter [MMR1988]
0 !LDRAW_ORG MODEL
0 !LICENSE Redistributable under CCAL version 2.0 : see CAreadme.txt

0 ROTATION CENTER 0 0 0 1 "Custom" 
0 ROTATION CONFIG 0 0
1 0 0 0 70 -1 0 0 0 1 0 0 0 -1 32039.dat
1 0 0 0 0 0 0 1 0 1 0 -1 0 0 3707.dat
0 

0

0 FILE 8272 - m-1b.ldr
0 m-1b
0 Name: 8272 - m-1b.ldr
0 Author: Max Martin Richter [MMR1988]
0 !LDRAW_ORG MODEL
0 !LICENSE Redistributable under CCAL version 2.0 : see CAreadme.txt

0 ROTATION CENTER 50 0 0 1 "Custom" 
0 ROTATION CONFIG 1 1
1 71 2.266 14.883 0 -0.29765 0 0.954675 -0.954675 0 -0.29765 0 -1 0 32063.dat
1 72 -45.468 29.765 -25 0 0 1 0 -1 0 1 0 0 6587.dat
0 STEP
1 71 -45.468 29.765 -15 0 -1 0 0 0 -1 1 0 0 6536.dat
0 

0

0 FILE 8272 - m-1ba.ldr
0 m-1ba
0 Name: 8272 - m-1ba.ldr
0 Author: Johann Eisner [technicbasics]
0 !LDRAW_ORG MODEL
0 !LICENSE Redistributable under CCAL version 2.0 : see CAreadme.txt
0 ROTATION CENTER 0 0 0 1 "Custom" 
0 ROTATION CONFIG 0 1
1 71 97.734 14.883 0 0.29765 0 -0.954675 -0.954675 0 -0.29765 0 1 0 32063.dat
1 72 145.468 29.765 -25 0 0 1 0 -1 0 1 0 0 6587.dat
0 STEP
1 71 145.468 29.765 -15 0 1 0 0 0 -1 -1 0 0 6536.dat
0 

0

0 FILE 8272 - m-1c.ldr
0 m-1c
0 Name: 8272 - m-1c.ldr
0 Author: Max Martin Richter [MMR1988]
0 !LDRAW_ORG MODEL
0 !LICENSE Redistributable under CCAL version 2.0 : see CAreadme.txt

0 ROTATION CENTER 50 0 0 1 "Custom" 
0 ROTATION CONFIG 1 0
1 71 2.266 14.883 0 -0.29765 0 0.954675 -0.954675 0 -0.29765 0 -1 0 32063.dat
1 72 -45.468 29.765 -25 0 0 1 0 -1 0 1 0 0 6587.dat
0 STEP
1 71 -45.468 29.765 -15 0 -1 0 0 0 -1 1 0 0 6536.dat
1 0 50 0 -15 0 0 1 0 1 0 -1 0 0 6558.dat
0 

0

0 FILE 8272 - m-1ca.ldr
0 m-1ca
0 Name: 8272 - m-1ca.ldr
0 Author: Johann Eisner [technicbasics]
0 !LDRAW_ORG MODEL
0 !LICENSE Redistributable under CCAL version 2.0 : see CAreadme.txt
0 ROTATION CENTER 0 0 0 1 "Custom" 
0 ROTATION CONFIG 0 0
1 71 97.734 14.883 0 0.29765 0 -0.954675 -0.954675 0 -0.29765 0 1 0 32063.dat
1 72 145.468 29.765 -25 0 0 1 0 -1 0 1 0 0 6587.dat
0 STEP
1 71 145.468 29.765 -15 0 1 0 0 0 -1 -1 0 0 6536.dat
1 0 50 0 -15 0 0 1 0 1 0 -1 0 0 6558.dat
0 

0

0 FILE 8272 - m-1d.ldr
0 m-1d
0 Name: 8272 - m-1d.ldr
0 Author: Max Martin Richter [MMR1988]
0 !LDRAW_ORG MODEL
0 !LICENSE Redistributable under CCAL version 2.0 : see CAreadme.txt

0 ROTATION CENTER 0 0 0 1 "Custom" 
0 ROTATION CONFIG 0 0
1 0 0 0 0 0 0 1 0 1 0 -1 0 0 32184.dat
1 0 0 20 -30 0 0 1 0 1 0 -1 0 0 3705.dat
0 
0 

0

0 FILE 8272 - m-1e.ldr
0 m-1e
0 Name: 8272 - m-1e.ldr
0 Author: Max Martin Richter [MMR1988]
0 !LDRAW_ORG MODEL
0 !LICENSE Redistributable under CCAL version 2.0 : see CAreadme.txt

0 ROTATION CENTER 0 0 0 1 "Custom" 
0 ROTATION CONFIG 0 0
1 0 0 0 0 0 0 -1 1 0 0 0 -1 0 32184.dat
1 71 0 -10 20 0 0 -1 1 0 0 0 -1 0 2736.dat
0 

0

0 FILE 8272 - m-1f.ldr
0 m-1f
0 Name: 8272 - m-1f.ldr
0 Author: Max Martin Richter [MMR1988]
0 !LDRAW_ORG MODEL
0 !LICENSE Redistributable under CCAL version 2.0 : see CAreadme.txt

0 ROTATION CENTER 0 0 0 1 "Custom" 
0 ROTATION CONFIG 0 0
1 4 0 0 0 1 0 0 0 -1 0 0 0 -1 32527.dat
1 72 0 30 20 0 0 1 0 -1 0 1 0 0 32002.dat
0 

0

0 FILE 8272 - m-1g.ldr
0 m-1g
0 Name: 8272 - m-1g.ldr
0 Author: Max Martin Richter [MMR1988]
0 !LDRAW_ORG MODEL
0 !LICENSE Redistributable under CCAL version 2.0 : see CAreadme.txt

0 ROTATION CENTER 0 0 0 1 "Custom" 
0 ROTATION CONFIG 0 0
1 4 0 0 20 -1 0 0 0 -1 0 0 0 1 32528.dat
1 72 0 30 0 0 0 -1 0 -1 0 -1 0 0 32002.dat
0 

0

0 FILE 8272 - m-1h.ldr
0 m-1h
0 Name: 8272 - m-1h.ldr
0 Author: Max Martin Richter [MMR1988]
0 !LDRAW_ORG MODEL
0 !LICENSE Redistributable under CCAL version 2.0 : see CAreadme.txt

0 ROTATION CENTER 0 0 0 1 "Custom" 
0 ROTATION CONFIG 0 0
1 72 0 0 0 0 -1 0 0 0 1 -1 0 0 32523.dat
1 0 0 20 0 -1 0 0 0 0 1 0 1 0 6558.dat
0 STEP
1 4 20 40 0 0 0 -1 0 -1 0 -1 0 0 42003.dat
1 4 -20 40 0 0 0 -1 0 -1 0 -1 0 0 42003.dat
1 0 0 -20 0 -1 0 0 0 -0.829038 -0.559193 0 -0.559193 0.829038 3705.dat
1 71 15 -20 0 0 0 1 -0.559193 -0.829038 0 0.829038 -0.559193 0 32123b.dat
1 71 -15 -20 0 0 0 1 -0.559193 -0.829038 0 0.829038 -0.559193 0 32123b.dat
0 

0

0 FILE 8272 - m.1i.ldr
0 m.1i
0 Name: 8272 - m.1i.ldr
0 Author: Max Martin Richter [MMR1988]
0 !LDRAW_ORG MODEL
0 !LICENSE Redistributable under CCAL version 2.0 : see CAreadme.txt

0 ROTATION CENTER 0 0 -120 1 "Custom" 
0 ROTATION CONFIG 1 0
1 0 0 0 0 0 -1 0 1 0 0 0 0 1 41239.dat
1 0 0 0 -120 1 0 0 0 1 0 0 0 1 6558.dat
0 STEP
1 0 -20 0 -120 -1 0 0 0 1 0 0 0 -1 32192.dat
1 0 20 0 -120 -1 0 0 0 1 0 0 0 -1 32192.dat
0 STEP
1 1 20 -21.212 -141.215 0 -1 0 0.707107 0 -0.707107 0.707107 0 0.707107 43093.dat
1 1 -20 -21.212 -141.215 0 -1 0 0.707107 0 -0.707107 0.707107 0 0.707107 43093.dat
0 

0

0 FILE 8272 - m-1j.ldr
0 m-1j
0 Name: 8272 - m-1j.ldr
0 Author: Max Martin Richter [MMR1988]
0 !LDRAW_ORG MODEL
0 !LICENSE Redistributable under CCAL version 2.0 : see CAreadme.txt

0 ROTATION CENTER 0 0 0 1 "Custom" 
0 ROTATION CONFIG 0 0
1 1 0 0 0 0 -1 0 0 0 -1 1 0 0 43093.dat
1 4 0 0 30 0 -1 0 1 0 0 0 0 1 32013.dat
0 

0

0 FILE 8272 - m-1k.ldr
0 m-1k
0 Name: 8272 - m-1k.ldr
0 Author: Max Martin Richter [MMR1988]
0 !LDRAW_ORG MODEL
0 !LICENSE Redistributable under CCAL version 2.0 : see CAreadme.txt

0 ROTATION CENTER 0 0 0 1 "Custom" 
0 ROTATION CONFIG 0 0
0 ROTSTEP 0 -30 0 REL
1 4 0 0 0 1 0 0 0 -1 0 0 0 -1 32526.dat
1 0 0 -10 0 0 0 1 1 0 0 0 1 0 6628.dat
1 0 0 -10 -80 0 0 1 1 0 0 0 1 0 6628.dat
0 STEP
1 1 20 -10 -80 0 0 -1 -1 0 0 0 1 0 43093.dat
1 72 0 -20 -80 -1 0 -5.00037e-005 -1.38835e-005 0.960682 0.27765 4.80377e-005 0.27765 -0.960682 32005.dat
1 72 0 -20 0 1 0 -5.00037e-005 1.38835e-005 0.960682 0.27765 4.80377e-005 -0.27765 0.960682 32005.dat
0 STEP
1 71 20 -20 -80 1 0 0 0 0 1 0 -1 0 3713.dat
