0 FILE 8281 - Main.ldr
0 Main
0 Name: 8281 - Main.ldr
0 Author: Marc Giraudet [Mad_Marc]
0 !LDRAW_ORG Model
0 !LICENSE Redistributable under CCAL version 2.0 : see CAreadme.txt
1 71 0 0.349 0.003 1 0 0 0 1 -0.017 0 0.017 1 8281 - Mini Tractor.ldr


0 FILE 8281 - Mini Tractor.ldr
0 Mini Tractor
0 Name: 8281 - Mini Tractor.ldr
0 Author: Marc Giraudet [Mad_Marc]
0 !LDRAW_ORG Model
0 !LICENSE Redistributable under CCAL version 2.0 : see CAreadme.txt
0 !LDCAD GROUP_DEF [topLevel=true] [LID=0] [GID=HPWiQa9IpEn] [name=Group 1] [center=0 0 0]
1 71 -25 0 -20 0 -1 0 1 0 0 0 0 1 41677.dat
1 71 -15 0 -20 0 -1 0 1 0 0 0 0 1 41677.dat
1 0 -10 0 0 -1 0 0 0 -1 0 0 0 1 32062.dat
0 STEP
1 0 0 0 -20 -1 0 0 0 -1 0 0 0 1 3705.dat
0 STEP
1 2 -35 0 10 0 -1 0 1 0 0 0 0 1 32449.dat
0 STEP
1 0 0 0 0 0 1 0 1 0 0 0 0 -1 32271.dat
0 STEP
1 0 0 32 -144 1 0 0 0 0.8 0.6 0 -0.6 0.8 41678.dat
1 0 0 32 -144 1 0 0 0 -0.6 0.8 0 -0.8 -0.6 32062.dat
0 STEP
1 0 -10 0 -80 -1 0 0 0 -1 0 0 0 1 2780.dat
1 71 -20 -10 -80 0 1 0 0 0 -1 -1 0 0 43857.dat
0 STEP
1 71 0 16 -132 -1 0 0 0 0 -1 0 -1 0 44294.dat
1 71 20 16 -132 0 0 1 -1 0 0 0 -1 0 3713.dat
1 71 40 16 -132 0 0 1 -1 0 0 0 -1 0 3713.dat
1 71 -20 16 -132 0 0 -1 -1 0 0 0 1 0 3713.dat
1 71 -40 16 -132 0 0 -1 -1 0 0 0 1 0 3713.dat
0 STEP
1 4 -25 20 20 1 0 0 0 1 0 0 0 1 8281 - Sub08.ldr
0 STEP
1 71 0 0 20 1 0 0 0 0.988 -0.156 0 0.156 0.988 8281 - Sub09.ldr
0 STEP
1 71 25 20 20 0 1 0 -1 0 0 0 0 1 32056.dat
0 STEP
1 71 0 -40.008 19.992 1 0 0 0 1 0 0 0 1 8281 - Sub11.ldr
0 STEP
1 2 35 0 10 0 -1 0 1 0 0 0 0 1 32449.dat
1 71 45 0 20 0 0 1 0.988 -0.156 0 0.156 0.988 0 32123a.dat
0 STEP
1 71 -15 -40.008 19.992 0 1 0 1 0 0 0 0 -1 6632.dat
1 71 -25 -40.008 19.992 0 1 0 1 0 0 0 0 -1 6632.dat
0 STEP
1 71 0 -52.494 -89.44 1 0 0 0 0.986 -0.167 0 0.167 0.986 8281 - Sub14.ldr
0 STEP
1 71 -45 0 -60 0 -1 0 0.167 0 -0.986 0.986 0 0.167 8281 - Sub15.ldr
0 STEP
1 71 -45 0 20 0 0 1 0.988 -0.156 0 0.156 0.988 0 32123a.dat
1 71 0 -59.161 -50 -1 0 0 0 0.986 -0.167 0 -0.167 -0.986 8281 - Sub16.ldr
0 STEP
1 0 -35 -40.008 19.992 0 -1 0 0 0 -1 1 0 0 32250.dat
0 STEP
1 2 20 0 -40 0 1 0 0.167 0 -0.986 -0.986 0 -0.167 32140.dat
1 71 20 0 -60 0 0 -1 -0.986 0.167 0 0.167 0.986 0 3713.dat
0 STEP
1 0 0 -120.008 19.976 1 0 0 0 -1 0.028 0 -0.028 -1 8281 - Sub19.ldr
1 0 0 -118.322 -40 -1 0 0 0 1 0.028 0 0.028 -1 8281 - Sub19.ldr
0 STEP
1 2 -45 -119.165 -10.012 0 -1 0 1 0 -0.028 0.028 0 1 32449.dat
0 STEP
1 0 35 -59.161 -50 0 -1 0 0.167 0 -0.986 0.986 0 0.167 32065.dat
1 0 35 -40.008 19.992 0 -1 0 0 0 -1 1 0 0 32250.dat
0 STEP
1 2 45 -119.165 -10.012 0 -1 0 1 0 -0.028 0.028 0 1 32449.dat
1 0 45 -29.58 -55 0 -1 0 0.167 0 -0.986 0.986 0 0.167 32449.dat
0 STEP
1 0 58 -118.884 -20.008 0 1 0 -1 0 0 0 0 1 8281 - Sub23.ldr
0 STEP
1 71 60 0 20 1 0 0 0 0.988 -0.156 0 0.156 0.988 8281 - Sub24.ldr
1 71 -60 0 20 -1 0 0 0 0.988 0.156 0 0.156 -0.988 8281 - Sub24.ldr
1 14 60 16 -132 0 0 -1 0 1 0 1 0 0 3482.dat
1 14 -60 16 -132 0 0 -1 0 1 0 1 0 0 3482.dat
1 256 60 16 -132 0 0 -1 0 1 0 1 0 0 2346.dat
1 256 -60 16 -132 0 0 1 0 1 0 -1 0 0 2346.dat
0 STEP
1 4 0 0 128 -1 0 0 0 -1 0 0 0 1 8281 - Tedder.ldr


0 FILE 8281 - Sub08.ldr
0 Sub08
0 Name: 8281 - Sub08.ldr
0 Author: Marc Giraudet [Mad_Marc]
0 !LDRAW_ORG Model
0 !LICENSE Redistributable under CCAL version 2.0 : see CAreadme.txt
1 71 0 0 0 0 -1 0 0 0 -1 1 0 0 32056.dat
0 STEP
1 71 25 0 40 1 0 0 0 0 -1 0 1 0 4519.dat
1 71 10 0 40 0 0 1 1 0 0 0 1 0 32123a.dat
0 STEP
1 71 25 -20 40 -1 0 0 0 -1 0 0 0 1 42003.dat
1 71 40 0 40 0 0 1 1 0 0 0 1 0 32123a.dat
0 STEP
1 71 25 -20 27 0 1 0 1 0 0 0 0 -1 6589.dat
1 72 25 -20 48 0 1 0 0 0 -1 -1 0 0 6587.dat
0 STEP
1 71 10 0 0 0 -1 0 0 0 -1 1 0 0 6632.dat
1 1 15 -40 0 -1 0 0 0 0 -1 0 -1 0 43093.dat
0 STEP
1 71 20 -40 -50 0 -1 0 -1 0 0 0 0 -1 32063.dat
1 71 30 -40 -50 0 -1 0 -1 0 0 0 0 -1 32063.dat
1 4 25 -40 -100 -1 0 0 0 1 0 0 0 -1 32054.dat


0 FILE 8281 - Sub09.ldr
0 Sub09
0 Name: 8281 - Sub09.ldr
0 Author: Marc Giraudet [Mad_Marc]
0 !LDRAW_ORG Model
0 !LICENSE Redistributable under CCAL version 2.0 : see CAreadme.txt
1 0 0 0 0 1 0 0 0 1 0 0 0 1 3707.dat
1 71 17 0 0 0 0 1 0 1 0 -1 0 0 32198.dat
1 71 0 0 0 0 0 -1 0 1 0 1 0 0 3713.dat


0 FILE 8281 - Sub11.ldr
0 Sub11
0 Name: 8281 - Sub11.ldr
0 Author: Marc Giraudet [Mad_Marc]
0 !LDRAW_ORG Model
0 !LICENSE Redistributable under CCAL version 2.0 : see CAreadme.txt
1 0 0 0 0 1 0 0 0 1 0 0 0 1 3705.dat
1 71 -5 0 0 0 -1 0 0 0 -1 1 0 0 41677.dat
1 71 5 0 0 0 -1 0 0 0 -1 1 0 0 41677.dat
0 STEP
1 71 15 0 -40 0 1 0 0 0 1 1 0 0 32056.dat
1 71 25 0 -40 0 1 0 0 0 1 1 0 0 32056.dat


0 FILE 8281 - Sub14.ldr
0 Sub14
0 Name: 8281 - Sub14.ldr
0 Author: Marc Giraudet [Mad_Marc]
0 !LDRAW_ORG Model
0 !LICENSE Redistributable under CCAL version 2.0 : see CAreadme.txt
0 !LDCAD GROUP_DEF [topLevel=false] [LID=0] [GID=HPWiQa9IpEn]
0 !LDCAD GROUP_NXT [ids=0] [nrs=2]
1 0 0 2.783 0.195 0 -1 0 0.99 0 -0.139 0.139 0 0.99 32523.dat
0 STEP
0 !LDCAD GROUP_NXT [ids=0] [nrs=4]
1 72 10 5.567 -19.611 1 0 0 0 0.99 -0.139 0 0.139 0.99 32002.dat
0 !LDCAD GROUP_NXT [ids=0] [nrs=-1]
1 0 0 0 20 1 0 0 0 0.99 -0.139 0 0.139 0.99 6558.dat
0 STEP
0 !LDCAD GROUP_NXT [ids=0] [nrs=3]
1 2 15 8.35 -39.416 0 -1 0 0.99 0 -0.139 0.139 0 0.99 6632.dat
1 0 0 2.783 0.195 1 0 0 0 0.99 -0.139 0 0.139 0.99 32062.dat
0 STEP
0 !LDCAD GROUP_NXT [ids=0] [nrs=5]
1 0 0 8.35 -39.416 1 0 0 0 0.99 -0.139 0 0.139 0.99 32062.dat
0 !LDCAD GROUP_NXT [ids=0] [nrs=6]
1 0 0 8.35 -39.416 1 0 0 0 0.99 -0.139 0 0.139 0.99 32291.dat
0 !LDCAD GROUP_NXT [ids=0] [nrs=10]
1 71 -10 29.547 -46.535 0 0 1 0.139 0.99 0 -0.99 0.139 0 4274.dat
0 !LDCAD GROUP_NXT [ids=0] [nrs=9]
1 71 10 29.547 -46.535 0 0 1 0.139 0.99 0 -0.99 0.139 0 4274.dat
0 STEP
0 !LDCAD GROUP_NXT [ids=0] [nrs=8]
1 2 -15 8.35 -39.416 0 -1 0 0.99 0 -0.139 0.139 0 0.99 6632.dat
1 2 -20 60 40 0 1 0 0 0 -1 -1 0 0 32140.dat
0 STEP
0 !LDCAD GROUP_NXT [ids=0] [nrs=7]
1 47 0 30.661 -54.457 1 0 0 0 -0.139 -0.99 0 0.99 -0.139 3023.dat
1 71 0 60 40 1 0 0 0 0 -1 0 1 0 4519.dat


0 FILE 8281 - Sub15.ldr
0 Sub15
0 Name: 8281 - Sub15.ldr
0 Author: Marc Giraudet [Mad_Marc]
0 !LDRAW_ORG Model
0 !LICENSE Redistributable under CCAL version 2.0 : see CAreadme.txt
1 0 0 0 30 1 0 0 0 1 0 0 0 1 32449.dat
0 STEP
1 71 0 -45 60 0 -1 0 1 0 0 0 0 1 32073.dat
1 71 0 -45 0 0 -1 0 1 0 0 0 0 1 32073.dat
0 STEP
1 0 0 -10 60 1 0 0 0 1 0 0 0 1 32065.dat
0 STEP
1 71 0 -25 0 1 0 0 0 0 1 0 -1 0 3713.dat


0 FILE 8281 - Sub16.ldr
0 Sub16
0 Name: 8281 - Sub16.ldr
0 Author: Marc Giraudet [Mad_Marc]
0 !LDRAW_ORG Model
0 !LICENSE Redistributable under CCAL version 2.0 : see CAreadme.txt
1 2 0 0 0 1 0 0 0 0 1 0 -1 0 6536.dat
1 71 0 -10 -20 0 0 1 -1 0 0 0 -1 0 4274.dat
0 STEP
1 71 0 -18 -20 1 0 0 0 1 0 0 0 1 30663.dat


0 FILE 8281 - Sub19.ldr
0 Sub19
0 Name: 8281 - Sub19.ldr
0 Author: Marc Giraudet [Mad_Marc]
0 !LDRAW_ORG Model
0 !LICENSE Redistributable under CCAL version 2.0 : see CAreadme.txt
1 0 0 0 0 0 0 1 1 0 0 0 1 0 32034.dat
1 0 30 0 0 -1 0 0 0 0 1 0 1 0 32062.dat
1 0 -30 0 0 -1 0 0 0 0 1 0 1 0 32062.dat


0 FILE 8281 - Sub23.ldr
0 Sub23
0 Name: 8281 - Sub23.ldr
0 Author: Marc Giraudet [Mad_Marc]
0 !LDRAW_ORG Model
0 !LICENSE Redistributable under CCAL version 2.0 : see CAreadme.txt
1 0 0 0 0 1 0 0 0 1 0 0 0 1 4081b.dat
1 0 0 -8 0 1 0 0 0 1 0 0 0 1 6141.dat
0 STEP
1 38 12 2 -20 0 -1 0 1 0 0 0 0 1 6141.dat
1 38 20 2 -20 0 -1 0 1 0 0 0 0 1 6141.dat


0 FILE 8281 - Sub24.ldr
0 Sub24
0 Name: 8281 - Sub24.ldr
0 Author: Marc Giraudet [Mad_Marc]
0 !LDRAW_ORG Model
0 !LICENSE Redistributable under CCAL version 2.0 : see CAreadme.txt
1 14 0 0 0 0 0 -1 0 1 0 1 0 0 2695.dat
1 71 10 -20 0 1 0 0 0 1 0 0 0 1 4274.dat
1 71 10 20 0 1 0 0 0 1 0 0 0 1 4274.dat
0 STEP
1 14 17 0 0 0 0 1 0 1 0 -1 0 0 4185.dat
0 STEP
1 256 0 0 0 0 0 -1 0 1 0 1 0 0 2696.dat


0 FILE 8281 - Tedder.ldr
0 Tedder
0 Name: 8281 - Tedder.ldr
0 Author: Marc Giraudet [Mad_Marc]
0 !LDRAW_ORG Model
0 !LICENSE Redistributable under CCAL version 2.0 : see CAreadme.txt
1 72 0 0 0 0 0 -1 0 1 0 1 0 0 6587.dat
1 71 0 0 18 1 0 0 0 1 0 0 0 1 4019.dat
0 STEP
1 4 0 0 0 0 0 1 -1 0 0 0 -1 0 32524.dat
1 14 0 0 -30 1 0 0 0 1 0 0 0 1 6538b.dat
0 STEP
1 72 60 0 8 0 0 1 0 1 0 -1 0 0 6587.dat
1 72 -60 0 8 0 0 1 0 1 0 -1 0 0 6587.dat
1 71 60 0 -15 1 0 0 0 1 0 0 0 1 32123a.dat
1 71 -60 0 -15 1 0 0 0 1 0 0 0 1 32123a.dat
1 71 60 0 15 1 0 0 0 1 0 0 0 1 32123a.dat
1 71 -60 0 15 1 0 0 0 1 0 0 0 1 32123a.dat
0 STEP
1 0 -20 0 -10 0 0 1 0 1 0 -1 0 0 2780.dat
1 0 20 0 -10 0 0 1 0 1 0 -1 0 0 2780.dat
0 STEP
1 71 0 20 -20 1 0 0 0 1 0 0 0 1 8281 - Tedder Sub05.ldr
0 STEP
1 4 0 0 50 1 0 0 0 1 0 0 0 1 8281 - Tedder Sub06.ldr
0 STEP
1 19 60 -10 50 0 1 0 -1 0 0 0 0 1 3749.dat
1 19 -60 -10 50 0 1 0 -1 0 0 0 0 1 3749.dat
1 19 0 -10 50 0 0.991 0.131 -1 0 0 0 -0.131 0.991 3749.dat
0 STEP
1 71 60 -18 50 0 1 0 0 0 -1 -1 0 0 3650c.dat
1 71 -60 -18 50 0 1 0 0 0 -1 -1 0 0 3650c.dat
1 71 0 -22 50 -0.131 -0.991 0 0 0 1 -0.991 0.131 0 3650c.dat


0 FILE 8281 - Tedder Sub05.ldr
0 Tedder Sub05
0 Name: 8281 - Tedder Sub05.ldr
0 Author: Marc Giraudet [Mad_Marc]
0 !LDRAW_ORG Model
0 !LICENSE Redistributable under CCAL version 2.0 : see CAreadme.txt
1 4 -20 0 0 1 0 0 0 -1 0 0 0 -1 6536.dat
1 71 0 0 0 1 0 0 0 -1 0 0 0 -1 4519.dat
0 STEP
1 4 20 0 0 1 0 0 0 -1 0 0 0 -1 6536.dat
1 71 0 0 0 1 0 0 0 0 1 0 -1 0 6553.dat


0 FILE 8281 - Tedder Sub06.ldr
0 Tedder Sub06
0 Name: 8281 - Tedder Sub06.ldr
0 Author: Marc Giraudet [Mad_Marc]
0 !LDRAW_ORG Model
0 !LICENSE Redistributable under CCAL version 2.0 : see CAreadme.txt
1 4 0 0 0 0 0 -1 1 0 0 0 -1 0 32034.dat
1 0 -30 0 0 -1 0 0 0 0 -1 0 -1 0 32062.dat
1 0 30 0 0 -1 0 0 0 0 -1 0 -1 0 32062.dat
0 STEP
1 4 -60 0 0 0 -1 0 1 0 0 0 0 1 32014.dat
1 4 60 0 0 0 0 1 1 0 0 0 1 0 32014.dat



