0 FILE 8416 - Main.ldr
0 Main
0 Name: 8416 - Main.ldr
0 Author: Marc Giraudet [Mad_Marc]
0 !LDRAW_ORG Model
0 !LICENSE Redistributable under CCAL version 2.0 : see CAreadme.txt
1 4 0 0 0 1 0 0 0 1 0 0 0 1 8416 - Tractor.ldr



0 FILE 8416 - Tractor.ldr
0 Tractor
0 Name: 8416 - Tractor.ldr
0 Author: Marc Giraudet [Mad_Marc]
0 !LDRAW_ORG Model
0 !LICENSE Redistributable under CCAL version 2.0 : see CAreadme.txt
1 0 20 -40 0 0 -1 0 1 0 0 0 0 1 32140.dat
1 0 30 -40 60 -1 0 0 0 -1 0 0 0 1 2780.dat
1 1 30 -40 0 -1 0 0 0 -1 0 0 0 1 43093.dat
0 STEP
1 0 40 -40 80 0 -1 0 1 0 0 0 0 1 40490.dat
1 0 0 -40 30 -1 0 0 0 0 -1 0 -1 0 32138.dat
0 STEP
1 0 60 -20 80 -1 0 0 0 -1 0 0 0 1 8416 - TS03.ldr
1 72 20 -40 80 -1 0 0 0 1 0 0 0 -1 6536.dat
0 STEP
1 0 -20 -40 0 0 -1 0 1 0 0 0 0 1 32140.dat
1 1 -30 -40 0 1 0 0 0 1 0 0 0 1 43093.dat
1 0 -30 -40 60 1 0 0 0 1 0 0 0 1 2780.dat
0 STEP
1 0 -40 -40 80 0 -1 0 1 0 0 0 0 1 40490.dat
1 0 -60 -20 80 -1 0 0 0 -1 0 0 0 1 8416 - TS05.ldr
0 STEP
1 72 -20 -40 80 -1 0 0 0 1 0 0 0 -1 6536.dat
1 0 0 -60 100 -1 0 0 0 -1 0 0 0 1 8416 - TS06.ldr
0 STEP
1 72 0 -20 120 1 0 0 0 -1 0 0 0 -1 8416 - TS07.ldr
0 STEP
1 71 120 0 120 1 0 0 0 -1 0 0 0 -1 8416 - TS08.ldr
1 71 -120 0 120 -1 0 0 0 1 0 0 0 -1 8416 - TS08.ldr
0 STEP
1 0 -120 0 120 0 0 1 0 1 0 -1 0 0 32184.dat
1 0 120 0 120 0 0 1 0 1 0 -1 0 0 32184.dat
1 1 120 20 130 0 0 1 0 1 0 -1 0 0 43093.dat
1 1 -120 20 130 0 0 1 0 1 0 -1 0 0 43093.dat
0 STEP
1 0 0 20 140 0 0 1 1 0 0 0 1 0 41239.dat
1 72 -40 -40 160 -1 0 0 0 0 1 0 1 0 6587.dat
1 72 40 -40 160 1 0 0 0 0 1 0 -1 0 6587.dat
0 STEP
1 0 0 -20 10 1 0 0 0 1 0 0 0 1 8416 - TS11.ldr
0 STEP
1 0 0 -60 -110 1 0 0 0 1 0 0 0 1 8416 - TS12.ldr
0 STEP
1 71 0 -80 30 1 0 0 0 0 1 0 -1 0 32270.dat
1 0 60 -80 -50 0 -1 0 0 0 1 -1 0 0 32526.dat
1 0 60 -80 -210 0 1 0 0 0 1 1 0 0 32526.dat
0 STEP
1 1 0 -40 -310 1 0 0 0 1 0 0 0 1 8416 - TS14.ldr
0 STEP
1 0 0 -60 -230 0 0 -1 1 0 0 0 -1 0 32034.dat
1 71 -40 -60 -230 -1 0 0 0 0 -1 0 -1 0 4519.dat
1 71 40 -60 -230 -1 0 0 0 0 -1 0 -1 0 4519.dat
0 STEP
1 71 -80 0 -210 1 0 0 0 1 0 0 0 1 8416 - TS16.ldr
1 71 80 0 -210 -1 0 0 0 -1 0 0 0 1 8416 - TS16.ldr
0 STEP
1 0 120 0 -310 0 0 1 0 1 0 -1 0 0 32184.dat
1 0 -120 0 -310 0 0 1 0 1 0 -1 0 0 32184.dat
1 1 120 20 -320 0 0 1 0 -1 0 1 0 0 43093.dat
1 1 -120 20 -320 0 0 1 0 -1 0 1 0 0 43093.dat
0 STEP
1 0 0 20 -330 0 0 1 1 0 0 0 1 0 41239.dat
0 STEP
1 0 -80 -20 -10 -1 0 0 0 1 0 0 0 -1 8416 - TS19.ldr
0 STEP
1 4 -100 -120 -90 0 1 0 1 0 0 0 0 -1 32009.dat
1 1 -110 -40 -90 1 0 0 0 -1 0 0 0 -1 43093.dat
1 4 -120 -60 -90 0 -1 0 0 0 1 -1 0 0 32140.dat
1 71 -100 -60 -90 -1 0 0 0 0 1 0 1 0 4519.dat
0 STEP
1 4 0 -180 10 -1 0 0 0 -1 0 0 0 1 8416 - TS21.ldr
1 71 -60 -180 0 0 1 0 -1 0 0 0 0 1 43857.dat
0 STEP
1 4 -90 -300.944 -48.084 -1 0 0 0 1 -0.012 0 -0.012 -1 8416 - TS22.ldr
0 STEP
1 71 0 -80 -10 0.988 -0.156 0 0 0 1 -0.156 -0.988 0 32269.dat
1 71 0 -80 -10 0 -0.988 0.156 1 0 0 0 0.156 0.988 4519.dat
1 71 0 -110 -10 0.156 -0.988 0 0 0 -1 0.988 0.156 0 6538b.dat
1 0 0 -170 -10 0 -0.988 0.156 1 0 0 0 0.156 0.988 3706.dat
1 71 100 -60 -90 1 0 0 0 -1 0 0 0 -1 4519.dat
1 71 0 -279.978 -8.86 0.156 -0.989 0 0.038 0.006 -0.999 0.988 0.156 0.038 3712.dat
1 71 0 -220 -10 0.989 -0.156 0 0 0 1 -0.156 -0.989 0 3712.dat
1 71 0 -250 -10 0.989 -0.156 0 -0.006 -0.038 0.999 -0.156 -0.988 -0.038 62519.dat
0 STEP
1 71 80 -20 -10 0 -1 0 0 0 1 -1 0 0 32009.dat
1 71 60 -180 0 0 1 0 -1 0 0 0 0 1 43857.dat
1 0 90 -20 -70 -1 0 0 0 -1 0 0 0 1 2780.dat
1 0 90 -120 -10 -1 0 0 0 -1 0 0 0 1 2780.dat
1 0 80 -20 -50 1 0 0 0 1 0 0 0 1 6558.dat
0 STEP
1 4 100 -120 -90 0 1 0 1 0 0 0 0 -1 32009.dat
1 0 100 -20 -50 0 -1 0 -1 0 0 0 0 -1 32526.dat
1 0 110 -20 -90 -1 0 0 0 -1 0 0 0 1 2780.dat
1 1 110 -40 -90 -1 0 0 0 -1 0 0 0 1 43093.dat
0 STEP
1 0 0 -179 -60 1 0 0 0 1 0 0 0 1 8416 - TS26.ldr
1 4 120 -60 -90 0 -1 0 0 0 1 -1 0 0 32140.dat
0 STEP
1 1 0 -300.705 -28.086 1 0 0 0 0.999 0.05 0 -0.05 0.999 8416 - TS27.ldr
1 0 0 -309.957 -7.72 0 -0.988 0.156 0.999 0.006 0.038 -0.038 0.156 0.987 3705.dat
0 STEP
1 71 55 -104.631 -403.649 0 0 1 -0.839 0.544 0 -0.544 -0.839 0 32123a.dat
1 71 -55 -104.631 -403.649 0 0 1 -0.839 0.544 0 -0.544 -0.839 0 32123a.dat
1 4 60 -82.315 -326.825 0 -1 0 0.96 0 0.279 -0.279 0 0.96 32294.dat
1 4 -60 -82.315 -326.825 0 1 0 -0.96 0 0.279 0.279 0 0.96 32294.dat
0 STEP
1 36 80 -300.227 11.911 0 0 -1 0.012 1 0 1 -0.012 0 8416 - TS29.ldr
0 STEP
1 71 0 -149.075 -408.619 -1 0 0 0 0.839 0.544 0 0.544 -0.839 4519.dat
1 71 0 -189.997 -192.458 -1 0 0 0 0.983 0.186 0 0.186 -0.983 8416 - TS30.ldr
0 STEP
1 1 0 -301.66 -108.08 1 0 0 0 1 0.012 0 -0.012 1 8416 - TS31.ldr
1 4 0 -317.951 -7.416 -0.989 0 0.155 0.006 -0.999 0.038 0.155 0.038 0.988 4032a.dat
1 46 0 -325.945 -7.112 -0.989 0 0.155 0.006 -0.999 0.038 0.155 0.038 0.988 6143.dat
1 4 0 -349.928 -6.2 -0.989 0 0.156 0.006 -0.999 0.038 0.156 0.038 0.988 2654.dat
0 STEP
1 1 100 -75.999 -154.983 1 0 0 0 0.95 -0.312 0 0.312 0.95 8416 - TS32.ldr
0 STEP
1 71 20 -180 320 -1 0 0 0 -1 0 0 0 1 8416 - TS33.ldr
0 STEP
1 0 40 -328.801 403.397 0 1 0 0 0 -1 -1 0 0 32523.dat
1 0 -40 -328.801 403.397 0 1 0 0 0 -1 -1 0 0 32523.dat
1 72 -30 -308.801 403.397 1 0 0 0 0 -1 0 1 0 32002.dat
1 72 30 -308.801 403.397 -1 0 0 0 0 -1 0 -1 0 32002.dat
1 72 0 -308.801 423.397 1 0 0 0 1 0 0 0 1 8416 - TS34.ldr
0 STEP
1 71 0 -40 -610 1 0 0 0 -1 0 0 0 -1 8416 - TS35.ldr
0 STEP
1 0 -60 -91.301 -510.811 0 1 0 0.947 0 -0.322 -0.322 0 -0.947 32524.dat
1 0 60 -91.301 -510.811 0 1 0 0.947 0 -0.322 -0.322 0 -0.947 32524.dat
1 1 -70 -97.735 -529.748 -1 0 0 0 0.947 -0.322 0 -0.322 -0.947 43093.dat
0 STEP
1 71 -90 -97.735 -529.748 0 0 -1 0.322 0.947 0 0.947 -0.322 0 6538b.dat
1 320 -80 -72 -454 0 0 -1 0 1 0 1 0 0 42610.dat
1 320 80 -72 -454 0 0 -1 0 1 0 1 0 0 42610.dat
1 71 -95 -72 -454 0 0 -1 -0.6 0.8 0 0.8 0.6 0 32123a.dat
1 71 95 -72 -454 0 0 -1 -0.6 0.8 0 0.8 0.6 0 32123a.dat
0 STEP
1 71 155 0 -310 0 0 -1 0 -1 0 -1 0 0 41896.dat
1 256 155 0 -310 0 0 -1 0 -1 0 -1 0 0 41893.dat
1 4 194 0 -310 0 -1 0 0 0 1 -1 0 0 3960.dat
1 4 194 0 120 0 -1 0 0 0 1 -1 0 0 3960.dat
1 71 155 0 120 0 0 -1 0 -1 0 -1 0 0 41896.dat
1 256 155 0 120 0 0 -1 0 -1 0 -1 0 0 41893.dat
1 4 -194 0 120 0 1 0 0 0 1 1 0 0 3960.dat
1 71 -155 0 120 0 0 1 0 -1 0 1 0 0 41896.dat
1 256 -155 0 120 0 0 1 0 -1 0 1 0 0 41893.dat
1 4 -194 0 -310 0 1 0 0 0 1 1 0 0 3960.dat
1 71 -155 0 -310 0 0 1 0 -1 0 1 0 0 41896.dat
1 256 -155 0 -310 0 0 1 0 -1 0 1 0 0 41893.dat
0 STEP
1 0 0 -195 398 -1 0 0 0 1 0 0 0 -1 8416 - TS39.ldr



0 FILE 8416 - TS03.ldr
0 TS03
0 Name: 8416 - TS03.ldr
0 Author: Marc Giraudet [Mad_Marc]
0 !LDRAW_ORG Model
0 !LICENSE Redistributable under CCAL version 2.0 : see CAreadme.txt
1 0 0 0 0 1 0 0 0 1 0 0 0 1 32184.dat
1 1 -10 -20 0 1 0 0 0 1 0 0 0 1 43093.dat
0 STEP
1 71 20 20 0 1 0 0 0 1 0 0 0 1 4519.dat
1 0 0 0 10 0 0 1 0 1 0 -1 0 0 2780.dat



0 FILE 8416 - TS05.ldr
0 TS05
0 Name: 8416 - TS05.ldr
0 Author: Marc Giraudet [Mad_Marc]
0 !LDRAW_ORG Model
0 !LICENSE Redistributable under CCAL version 2.0 : see CAreadme.txt
1 0 0 0 0 1 0 0 0 1 0 0 0 1 32184.dat
1 71 -20 20 0 1 0 0 0 1 0 0 0 1 4519.dat
0 STEP
1 1 10 -20 0 -1 0 0 0 1 0 0 0 -1 43093.dat
1 0 0 0 10 0 0 -1 0 1 0 1 0 0 2780.dat



0 FILE 8416 - TS06.ldr
0 TS06
0 Name: 8416 - TS06.ldr
0 Author: Marc Giraudet [Mad_Marc]
0 !LDRAW_ORG Model
0 !LICENSE Redistributable under CCAL version 2.0 : see CAreadme.txt
1 71 0 0 0 1 0 0 0 1 0 0 0 1 32073.dat
1 71 0 0 0 0 0 1 0 1 0 -1 0 0 3713.dat
0 STEP
1 71 -20 -20 0 1 0 0 0 -1 0 0 0 -1 42003.dat
1 71 20 -20 0 1 0 0 0 -1 0 0 0 -1 42003.dat
0 STEP
1 0 -40 0 0 0 -1 0 1 0 0 0 0 1 32140.dat
1 71 -30 0 60 1 0 0 0 1 0 0 0 1 4274.dat
1 0 -20 -40 0 0 0 -1 0 1 0 1 0 0 6558.dat
1 0 20 -40 0 0 0 -1 0 1 0 1 0 0 6558.dat
0 STEP
1 0 0 20 60 -1 0 0 0 1 0 0 0 -1 8416 - TS06S04.ldr
0 STEP
1 71 30 0 60 -1 0 0 0 -1 0 0 0 1 4274.dat
1 0 40 0 0 0 -1 0 1 0 0 0 0 1 32140.dat



0 FILE 8416 - TS06S04.ldr
0 TS06S04
0 Name: 8416 - TS06S04.ldr
0 Author: Marc Giraudet [Mad_Marc]
0 !LDRAW_ORG Model
0 !LICENSE Redistributable under CCAL version 2.0 : see CAreadme.txt
1 71 0 0 0 1 0 0 0 1 0 0 0 1 32073.dat
1 71 10 0 0 0 0 1 0 1 0 -1 0 0 3713.dat
1 71 -10 0 0 0 0 1 0 1 0 -1 0 0 3713.dat
0 STEP
1 0 -25 -40 0 0 -1 0 0 0 1 -1 0 0 6632.dat
1 0 25 -40 0 0 -1 0 0 0 1 -1 0 0 6632.dat



0 FILE 8416 - TS07.ldr
0 TS07
0 Name: 8416 - TS07.ldr
0 Author: Marc Giraudet [Mad_Marc]
0 !LDRAW_ORG Model
0 !LICENSE Redistributable under CCAL version 2.0 : see CAreadme.txt
1 0 0 0 0 0 0 1 1 0 0 0 1 0 40490.dat
1 0 -60 0 -20 0 0 1 0 1 0 -1 0 0 6558.dat
1 0 -80 0 0 0 0 1 0 -1 0 1 0 0 6558.dat
1 0 60 0 -20 0 0 1 0 1 0 -1 0 0 6558.dat
1 0 80 0 0 0 0 1 0 -1 0 1 0 0 6558.dat
0 STEP
1 0 -120 0 20 0 0 1 1 0 0 0 1 0 32140.dat
1 0 120 0 20 0 0 -1 1 0 0 0 -1 0 32140.dat
1 0 120 0 -20 0 0 -1 1 0 0 0 -1 0 32140.dat
1 0 -120 0 -20 0 0 1 1 0 0 0 1 0 32140.dat
0 STEP
1 71 -60 0 -40 -1 0 0 0 -1 0 0 0 1 48989.dat
1 71 60 0 -40 -1 0 0 0 -1 0 0 0 1 48989.dat
1 0 -70 -20 -40 -1 0 0 0 -1 0 0 0 1 2780.dat
1 0 70 -20 -40 -1 0 0 0 -1 0 0 0 1 2780.dat
0 STEP
1 71 -120 0 0 0 0 1 0 -1 0 1 0 0 4519.dat
1 71 120 0 0 0 0 1 0 -1 0 1 0 0 4519.dat
1 72 0 -20 -60 0 0 1 -1 0 0 0 -1 0 32524.dat
1 72 0 20 -60 0 0 1 -1 0 0 0 -1 0 32524.dat




0 FILE 8416 - TS08.ldr
0 TS08
0 Name: 8416 - TS08.ldr
0 Author: Marc Giraudet [Mad_Marc]
0 !LDRAW_ORG Model
0 !LICENSE Redistributable under CCAL version 2.0 : see CAreadme.txt
1 71 0 0 0 1 0 0 0 1 0 0 0 1 44294.dat
1 0 -60 0 0 0 0 1 0 1 0 -1 0 0 3713.dat
0 STEP
1 72 -40 0 0 0 -1 0 -1 0 0 0 0 -1 32316.dat
1 71 -20 0 0 0 0 -1 0 1 0 1 0 0 3713.dat



0 FILE 8416 - TS11.ldr
0 TS11
0 Name: 8416 - TS11.ldr
0 Author: Marc Giraudet [Mad_Marc]
0 !LDRAW_ORG Model
0 !LICENSE Redistributable under CCAL version 2.0 : see CAreadme.txt
1 0 0 0 0 0 0 1 1 0 0 0 1 0 32524.dat
1 0 -60 0 0 0 0 1 0 1 0 -1 0 0 6558.dat
0 STEP
1 0 -60 20 20 1 0 0 0 -1 0 0 0 -1 6536.dat
1 0 -60 20 -20 1 0 0 0 -1 0 0 0 -1 6536.dat
0 STEP
1 1 -50 20 -20 -1 0 0 0 -1 0 0 0 1 43093.dat
1 71 -40 20 20 -1 0 0 0 -1 0 0 0 1 4519.dat
0 STEP
1 0 -40 20 -100 0 1 0 -1 0 0 0 0 1 32278.dat
1 0 -50 20 -60 1 0 0 0 1 0 0 0 1 2780.dat
1 0 -60 20 -80 -1 0 0 0 -1 0 0 0 1 6558.dat
1 0 -50 20 -100 -1 0 0 0 -1 0 0 0 1 2780.dat
0 STEP
1 0 0 20 -240 0 0 -1 -1 0 0 0 1 0 32034.dat
1 1 -30 20 -240 1 0 0 0 0 -1 0 1 0 43093.dat
1 1 30 20 -240 -1 0 0 0 0 1 0 1 0 43093.dat
1 0 0 20 20 0 0 -1 -1 0 0 0 1 0 32034.dat
0 STEP
1 0 40 20 -100 0 1 0 -1 0 0 0 0 1 32278.dat
1 0 -60 20 -220 -1 0 0 0 -1 0 0 0 1 6558.dat
1 0 -60 20 -180 -1 0 0 0 -1 0 0 0 1 6558.dat
0 STEP
1 1 50 20 -20 1 0 0 0 -1 0 0 0 -1 43093.dat
1 0 60 20 -20 1 0 0 0 -1 0 0 0 -1 6536.dat
1 0 60 20 -80 1 0 0 0 -1 0 0 0 -1 6558.dat
1 0 50 20 -60 1 0 0 0 -1 0 0 0 -1 2780.dat
1 0 50 20 -100 1 0 0 0 -1 0 0 0 -1 2780.dat
1 0 60 20 -220 1 0 0 0 -1 0 0 0 -1 6558.dat
1 0 60 20 -180 1 0 0 0 -1 0 0 0 -1 6558.dat
0 STEP
1 0 60 0 0 0 0 -1 0 -1 0 -1 0 0 6558.dat
1 0 60 20 20 1 0 0 0 -1 0 0 0 -1 6536.dat
0 STEP
1 71 40 20 20 1 0 0 0 -1 0 0 0 -1 4519.dat
1 0 -60 -60 -60 0 -1 0 0 0 1 -1 0 0 32526.dat
1 0 -60 -60 -220 0 1 0 0 0 1 1 0 0 32526.dat
0 STEP
1 0 0 -10 20 0 1 0 1 0 0 0 0 -1 3706.dat
1 71 0 2 20 0 1 0 0 0 1 1 0 0 3713.dat
1 71 0 40 20 0 -1 0 0 0 -1 1 0 0 3713.dat



0 FILE 8416 - TS12.ldr
0 TS12
0 Name: 8416 - TS12.ldr
0 Author: Marc Giraudet [Mad_Marc]
0 !LDRAW_ORG Model
0 !LICENSE Redistributable under CCAL version 2.0 : see CAreadme.txt
1 0 -40 0 0 0 -1 0 1 0 0 0 0 1 32278.dat
1 0 -50 0 120 -1 0 0 0 -1 0 0 0 1 2780.dat
1 0 -50 0 80 -1 0 0 0 -1 0 0 0 1 2780.dat
1 0 -50 0 0 -1 0 0 0 -1 0 0 0 1 2780.dat
1 0 -50 0 -100 -1 0 0 0 -1 0 0 0 1 2780.dat
0 STEP
1 0 -60 0 140 0 -1 0 -1 0 0 0 0 -1 32140.dat
1 0 -40 0 60 1 0 0 0 -1 0 0 0 -1 6558.dat
0 STEP
1 71 -60 0 20 0 0 -1 1 0 0 0 -1 0 42003.dat
1 71 -60 0 20 1 0 0 0 -1 0 0 0 -1 32054.dat
0 STEP
1 71 -40 0 140 1 0 0 0 -1 0 0 0 -1 4519.dat
1 0 0 0 140 0 0 -1 -1 0 0 0 1 0 32034.dat
1 71 40 0 140 1 0 0 0 0 -1 0 1 0 4519.dat
1 1 -30 0 100 1 0 0 0 0 -1 0 1 0 43093.dat
1 0 0 0 100 0 0 -1 -1 0 0 0 1 0 32034.dat
1 1 30 0 100 -1 0 0 0 0 1 0 1 0 43093.dat
0 STEP
1 71 -40 0 -20 1 0 0 0 0 -1 0 1 0 4519.dat
1 71 40 0 -20 1 0 0 0 0 -1 0 1 0 4519.dat
1 72 0 0 -20 0 0 -1 -1 0 0 0 1 0 32034.dat
1 0 40 0 0 0 -1 0 1 0 0 0 0 1 32278.dat
0 STEP
1 0 50 0 -100 -1 0 0 0 -1 0 0 0 1 2780.dat
1 0 50 0 0 -1 0 0 0 -1 0 0 0 1 2780.dat
1 0 50 0 80 -1 0 0 0 -1 0 0 0 1 2780.dat
1 0 50 0 120 -1 0 0 0 -1 0 0 0 1 2780.dat
1 0 40 0 60 -1 0 0 0 -1 0 0 0 1 6558.dat
0 STEP
1 71 60 0 20 0 0 -1 1 0 0 0 -1 0 42003.dat
1 71 60 0 20 -1 0 0 0 -1 0 0 0 1 32054.dat
1 0 60 0 140 0 -1 0 -1 0 0 0 0 -1 32140.dat
1 71 70 0 -20 0 0 -1 -1 0 0 0 1 0 6538b.dat
1 71 -70 0 -20 0 0 -1 -1 0 0 0 1 0 6538b.dat
1 1 -90 0 -20 1 0 0 0 0 -1 0 1 0 43093.dat
1 1 90 0 -20 -1 0 0 0 0 -1 0 -1 0 43093.dat
0 STEP
1 0 70 0 100 -1 0 0 0 0 -1 0 -1 0 2780.dat
1 0 -70 0 100 -1 0 0 0 0 -1 0 -1 0 2780.dat
1 0 0 -20 0 1 0 0 0 1 0 0 0 1 8416 - TS12S08.ldr



0 FILE 8416 - TS12S08.ldr
0 TS12S08
0 Name: 8416 - TS12S08.ldr
0 Author: Marc Giraudet [Mad_Marc]
0 !LDRAW_ORG Model
0 !LICENSE Redistributable under CCAL version 2.0 : see CAreadme.txt
1 0 -20 0 0 0 -1 0 1 0 0 0 0 1 32140.dat
1 0 20 0 0 0 -1 0 1 0 0 0 0 1 32140.dat
1 0 0 0 30 -1 0 0 0 0 1 0 1 0 32138.dat
0 STEP
1 71 0 0 0 -1 0 0 0 -1 0 0 0 1 32073.dat
1 0 -40 0 60 -1 0 0 0 -1 0 0 0 1 6558.dat
1 0 40 0 60 1 0 0 0 -1 0 0 0 -1 6558.dat
0 STEP
1 0 40 0 -20 0 1 0 1 0 0 0 0 -1 40490.dat
1 0 -40 0 -20 0 1 0 1 0 0 0 0 -1 40490.dat
1 0 -50 0 -100 -1 0 0 0 1 0 0 0 -1 2780.dat
1 0 50 0 -100 -1 0 0 0 1 0 0 0 -1 2780.dat



0 FILE 8416 - TS14.ldr
0 TS14
0 Name: 8416 - TS14.ldr
0 Author: Marc Giraudet [Mad_Marc]
0 !LDRAW_ORG Model
0 !LICENSE Redistributable under CCAL version 2.0 : see CAreadme.txt
1 0 0 -32 -144 -1 0 0 0 -0.8 -0.6 0 -0.6 0.8 3737.dat
1 0 0 -32 -144 -1 0 0 0 -0.6 0.8 0 0.8 0.6 41678.dat
0 STEP
1 0 25 -75.508 -76.865 0 -1 0 -0.839 0 0.544 -0.544 0 -0.839 32250.dat
1 0 0 -64.631 -93.649 0 0 1 -0.839 0.544 0 -0.544 -0.839 0 6538b.dat
1 71 30 -64.631 -93.649 1 0 0 0 0.544 0.839 0 -0.839 0.544 4519.dat
1 71 -30 -64.631 -93.649 1 0 0 0 0.544 0.839 0 -0.839 0.544 4519.dat
0 STEP
1 0 -25 -75.508 -76.865 0 -1 0 -0.839 0 0.544 -0.544 0 -0.839 32250.dat
1 71 35 -64.631 -93.649 0 0 1 -0.839 0.544 0 -0.544 -0.839 0 32123a.dat
1 71 -35 -64.631 -93.649 0 0 1 -0.839 0.544 0 -0.544 -0.839 0 32123a.dat
0 STEP
1 0 -40 0 0 0 -1 0 -1 0 0 0 0 -1 32271.dat
1 0 40 0 0 0 -1 0 -1 0 0 0 0 -1 32271.dat
0 STEP
1 0 60 0 -110 1 0 0 0 0 1 0 -1 0 32138.dat
1 0 -60 0 -110 1 0 0 0 0 1 0 -1 0 32138.dat
1 0 60 0 -60 1 0 0 0 0 1 0 -1 0 6558.dat
1 0 -60 0 -60 -1 0 0 0 0 1 0 1 0 6558.dat
0 STEP
1 1 60 20 -40 -1 0 0 0 -1 0 0 0 1 8416 - TS14S06.ldr
1 0 80 0 -40 0 1 0 -1 0 0 0 0 1 32525.dat
1 71 80 0 -140 -1 0 0 0 -1 0 0 0 1 32054.dat
0 STEP
1 71 -60 20 -40 -1 0 0 0 -1 0 0 0 1 8416 - TS14S07.ldr
1 0 -80 0 -40 0 1 0 -1 0 0 0 0 1 32525.dat
1 71 -80 0 -140 1 0 0 0 1 0 0 0 1 32054.dat
0 STEP
1 1 60 20 40 1 0 0 0 1 0 0 0 1 8416 - TS14S08.ldr
1 1 -60 20 40 -1 0 0 0 -1 0 0 0 1 8416 - TS14S08.ldr
0 STEP
1 71 0 20 0 -1 0 0 0 1 0 0 0 -1 8416 - TS14S09.ldr
0 STEP
0 STEP
1 0 -60 40 60 0 -1 0 0 0 -1 1 0 0 32140.dat
1 0 60 40 60 0 -1 0 0 0 -1 1 0 0 32140.dat
1 0 -70 0 60 1 0 0 0 0 -1 0 1 0 2780.dat
1 0 70 0 60 1 0 0 0 0 -1 0 1 0 2780.dat
1 0 -60 -20 60 1 0 0 0 0 -1 0 1 0 6558.dat
1 0 60 -20 60 -1 0 0 0 0 -1 0 -1 0 6558.dat
1 1 70 40 60 -1 0 0 0 0 -1 0 -1 0 43093.dat
1 1 -70 40 60 1 0 0 0 0 1 0 -1 0 43093.dat



0 FILE 8416 - TS14S06.ldr
0 TS14S06
0 Name: 8416 - TS14S06.ldr
0 Author: Marc Giraudet [Mad_Marc]
0 !LDRAW_ORG Model
0 !LICENSE Redistributable under CCAL version 2.0 : see CAreadme.txt
1 0 0 0 0 1 0 0 0 1 0 0 0 1 32184.dat
1 71 0 20 0 1 0 0 0 1 0 0 0 1 4519.dat
0 STEP
1 71 0 0 0 0 0 -1 0 1 0 1 0 0 32054.dat
1 1 -10 -20 0 1 0 0 0 1 0 0 0 1 43093.dat



0 FILE 8416 - TS14S07.ldr
0 TS14S07
0 Name: 8416 - TS14S07.ldr
0 Author: Marc Giraudet [Mad_Marc]
0 !LDRAW_ORG Model
0 !LICENSE Redistributable under CCAL version 2.0 : see CAreadme.txt
1 0 0 0 0 1 0 0 0 1 0 0 0 1 32184.dat
1 71 0 20 0 1 0 0 0 1 0 0 0 1 4519.dat
0 STEP
1 71 0 0 0 0 0 -1 0 1 0 1 0 0 32054.dat
1 1 10 -20 0 -1 0 0 0 1 0 0 0 -1 43093.dat



0 FILE 8416 - TS14S08.ldr
0 TS14S08
0 Name: 8416 - TS14S08.ldr
0 Author: Marc Giraudet [Mad_Marc]
0 !LDRAW_ORG Model
0 !LICENSE Redistributable under CCAL version 2.0 : see CAreadme.txt
1 0 0 0 0 1 0 0 0 1 0 0 0 1 32184.dat
1 0 0 0 -10 0 0 1 0 1 0 -1 0 0 2780.dat
1 1 10 20 0 -1 0 0 0 1 0 0 0 -1 43093.dat
1 1 10 -20 0 -1 0 0 0 1 0 0 0 -1 43093.dat



0 FILE 8416 - TS14S09.ldr
0 TS14S09
0 Name: 8416 - TS14S09.ldr
0 Author: Marc Giraudet [Mad_Marc]
0 !LDRAW_ORG Model
0 !LICENSE Redistributable under CCAL version 2.0 : see CAreadme.txt
1 0 0 0 0 0 0 -1 1 0 0 0 -1 0 32525.dat
1 0 -100 0 0 0 0 -1 0 -1 0 -1 0 0 6558.dat
1 0 -80 0 0 0 0 -1 0 -1 0 -1 0 0 6558.dat
1 0 100 0 0 0 0 -1 0 -1 0 -1 0 0 6558.dat
1 0 80 0 0 0 0 -1 0 -1 0 -1 0 0 6558.dat
0 STEP
1 0 120 0 20 0 0 -1 -1 0 0 0 1 0 32140.dat
1 0 120 0 -20 0 0 -1 -1 0 0 0 1 0 32140.dat
1 0 -120 0 20 0 0 1 -1 0 0 0 -1 0 32140.dat
1 0 -120 0 -20 0 0 1 -1 0 0 0 -1 0 32140.dat
0 STEP
1 71 -120 0 0 0 0 1 0 1 0 -1 0 0 4519.dat
1 71 120 0 0 0 0 1 0 1 0 -1 0 0 4519.dat



0 FILE 8416 - TS16.ldr
0 TS16
0 Name: 8416 - TS16.ldr
0 Author: Marc Giraudet [Mad_Marc]
0 !LDRAW_ORG Model
0 !LICENSE Redistributable under CCAL version 2.0 : see CAreadme.txt
1 0 0 0 0 0 -1 0 1 0 0 0 0 1 32278.dat
1 0 -20 0 120 -1 0 0 0 -1 0 0 0 1 6558.dat
1 0 -20 0 100 -1 0 0 0 -1 0 0 0 1 6558.dat
0 STEP
1 0 -20 0 100 0 -1 0 1 0 0 0 0 1 32523.dat
1 71 -40 0 -100 -1 0 0 0 -1 0 0 0 1 44294.dat
1 0 20 0 -100 0 0 -1 0 -1 0 -1 0 0 3713.dat
0 STEP
1 71 -20 0 -100 0 0 1 0 -1 0 1 0 0 3713.dat
1 71 -30 0 80 1 0 0 0 -1 0 0 0 -1 3673.dat



0 FILE 8416 - TS19.ldr
0 TS19
0 Name: 8416 - TS19.ldr
0 Author: Marc Giraudet [Mad_Marc]
0 !LDRAW_ORG Model
0 !LICENSE Redistributable under CCAL version 2.0 : see CAreadme.txt
1 71 0 0 0 0 1 0 0 0 1 1 0 0 32009.dat
1 0 10 0 60 1 0 0 0 0 1 0 -1 0 2780.dat
1 0 0 0 40 -1 0 0 0 0 1 0 1 0 6558.dat
1 0 10 -100 0 1 0 0 0 0 1 0 -1 0 2780.dat
0 STEP
1 0 20 0 40 0 1 0 -1 0 0 0 0 1 32526.dat
1 0 30 0 80 1 0 0 0 1 0 0 0 1 2780.dat



0 FILE 8416 - TS21.ldr
0 TS21
0 Name: 8416 - TS21.ldr
0 Author: Marc Giraudet [Mad_Marc]
0 !LDRAW_ORG Model
0 !LICENSE Redistributable under CCAL version 2.0 : see CAreadme.txt
1 71 20 -80 120 0 -1 0 -0.6 0 0.8 -0.8 0 -0.6 6629.dat
1 71 0 -80 120 -1 0 0 0 0.6 0.8 0 0.8 -0.6 4519.dat
1 0 0 -16 72 -1 0 0 0 0.6 0.8 0 0.8 -0.6 6558.dat
0 STEP
1 4 0 -48 96 0 1 0 0.6 0 0.8 0.8 0 -0.6 32316.dat
1 71 -20 -80 120 0 -1 0 -0.6 0 0.8 -0.8 0 -0.6 6629.dat
0 STEP
1 71 40 0 0 1 0 0 0 0 1 0 -1 0 4519.dat
1 71 -40 0 0 1 0 0 0 0 1 0 -1 0 4519.dat
1 0 30 0 40 1 0 0 0 0 1 0 -1 0 2780.dat
1 0 -30 0 40 1 0 0 0 0 1 0 -1 0 2780.dat
0 STEP
1 0 35 0 20 0 -1 0 0 0 -1 1 0 0 2905.dat
1 0 45 0 20 0 -1 0 0 0 -1 1 0 0 2905.dat
0 STEP
1 0 50 0 -20 1 0 0 0 0 -1 0 1 0 3705.dat
1 0 -50 0 -20 1 0 0 0 0 -1 0 1 0 3705.dat
1 72 0 0 -20 0 0 1 1 0 0 0 1 0 32034.dat
1 0 -35 0 20 0 -1 0 0 0 -1 1 0 0 2905.dat
1 0 -45 0 20 0 -1 0 0 0 -1 1 0 0 2905.dat
0 STEP
1 4 -80 -60 60 -1 0 0 0 1 0 0 0 -1 8416 - TS21S06.ldr
0 STEP
1 71 0 -60 60 -1 0 0 0 0 -1 0 -1 0 8416 - TS21S07.ldr
0 STEP
1 4 80 -60 60 -1 0 0 0 1 0 0 0 -1 8416 - TS21S08.ldr
1 4 0 -30.346 106.06 0 0 1 -0.652 0.759 0 -0.759 -0.652 0 32524.dat



0 FILE 8416 - TS21S06.ldr
0 TS21S06
0 Name: 8416 - TS21S06.ldr
0 Author: Marc Giraudet [Mad_Marc]
0 !LDRAW_ORG Model
0 !LICENSE Redistributable under CCAL version 2.0 : see CAreadme.txt
1 4 0 0 0 0 -1 0 0 0 1 -1 0 0 32140.dat
1 72 -20 60 0 1 0 0 0 0 1 0 -1 0 6587.dat
0 STEP
1 4 -20 60 0 0 0 1 -1 0 0 0 -1 0 3713.dat
1 0 -10 60 -20 1 0 0 0 0 1 0 -1 0 2780.dat
0 STEP
1 4 -20 60 -20 1 0 0 0 0.652 0.759 0 -0.759 0.652 32013.dat
1 1 -20 37.241 -39.545 0 0 -1 0.759 0.652 0 0.652 -0.759 0 43093.dat



0 FILE 8416 - TS21S08.ldr
0 TS21S08
0 Name: 8416 - TS21S08.ldr
0 Author: Marc Giraudet [Mad_Marc]
0 !LDRAW_ORG Model
0 !LICENSE Redistributable under CCAL version 2.0 : see CAreadme.txt
1 4 0 0 0 0 -1 0 0 0 1 -1 0 0 32140.dat
1 72 20 60 0 -1 0 0 0 0 -1 0 -1 0 6587.dat
0 STEP
1 4 20 60 0 0 0 -1 -1 0 0 0 1 0 3713.dat
1 0 10 60 -20 1 0 0 0 0 1 0 -1 0 2780.dat
0 STEP
1 4 20 60 -20 1 0 0 0 0.652 0.759 0 -0.759 0.652 32013.dat
1 1 20 37.241 -39.545 0 0 -1 0.759 0.652 0 0.652 -0.759 0 43093.dat



0 FILE 8416 - TS21S07.ldr
0 TS21S07
0 Name: 8416 - TS21S07.ldr
0 Author: Marc Giraudet [Mad_Marc]
0 !LDRAW_ORG Model
0 !LICENSE Redistributable under CCAL version 2.0 : see CAreadme.txt
1 71 0 0 0 1 0 0 0 1 0 0 0 1 4519.dat
1 0 -40 0 0 0 0 1 0 1 0 -1 0 0 32034.dat
1 0 40 0 0 0 0 1 0 1 0 -1 0 0 32034.dat
0 STEP
1 71 80 0 0 1 0 0 0 1 0 0 0 1 4519.dat
1 71 -80 0 0 1 0 0 0 1 0 0 0 1 4519.dat



0 FILE 8416 - TS22.ldr
0 TS22
0 Name: 8416 - TS22.ldr
0 Author: Marc Giraudet [Mad_Marc]
0 !LDRAW_ORG Model
0 !LICENSE Redistributable under CCAL version 2.0 : see CAreadme.txt
1 0 -5 79.607 120.472 0 -1 0 -0.614 0 -0.789 0.789 0 -0.614 6632.dat
1 0 10 79.607 120.472 -1 0 0 0 -0.827 -0.563 0 -0.563 0.827 32062.dat
1 0 10 48.018 95.942 -1 0 0 0 -0.6 0.8 0 0.8 0.6 32062.dat
0 STEP
1 71 10 0 0 0 -1 0 1 0 0 0 0 1 32348.dat
1 4 10 226.195 104.185 0 1 0 -0.323 0 -0.946 -0.946 0 0.323 32271.dat
1 0 25 79.607 120.472 0 -1 0 -0.614 0 -0.789 0.789 0 -0.614 6632.dat
0 STEP
1 1 0 0 0 1 0 0 0 0 1 0 -1 0 43093.dat
1 1 20 226.195 104.185 -1 0 0 0 0.96 -0.28 0 -0.28 -0.96 43093.dat
1 0 20 188.35 117.119 -1 0 0 0 0.96 -0.28 0 -0.28 -0.96 2780.dat
1 0 20 207.273 110.652 -1 0 0 0 0.96 -0.28 0 -0.28 -0.96 2780.dat
0 STEP
1 71 -10 0 -60 0 -1 0 0 0 -1 1 0 0 32009.dat
1 1 0 0 20 -1 0 0 0 0 -1 0 -1 0 43093.dat
1 4 30 245.118 97.718 0 1 0 -0.323 0 -0.946 -0.946 0 0.323 32524.dat
0 STEP
1 71 -10 160 -60 -1 0 0 0 -1 0 0 0 1 4519.dat
1 36 10 160 -60 0 -1 0 0 0 1 -1 0 0 41669.dat
1 72 -25 160 -60 0 -1 0 -1 0 0 0 0 -1 41677.dat
1 72 -35 160 -60 0 -1 0 -1 0 0 0 0 -1 41677.dat
1 1 -40 160 -80 1 0 0 0 -1 0 0 0 -1 43093.dat



0 FILE 8416 - TS26.ldr
0 TS26
0 Name: 8416 - TS26.ldr
0 Author: Marc Giraudet [Mad_Marc]
0 !LDRAW_ORG Model
0 !LICENSE Redistributable under CCAL version 2.0 : see CAreadme.txt
1 71 0 0 0 1 0 0 0 1 0 0 0 1 4519.dat
1 72 -5 20 0 0 -1 0 0 0 -1 1 0 0 41677.dat
1 72 5 20 0 0 -1 0 0 0 -1 1 0 0 41677.dat
0 STEP
1 71 0 20 0 1 0 0 0 1 0 0 0 1 32073.dat
0 STEP
1 72 -20 -40 0 0 -1 0 0 0 1 -1 0 0 32526.dat
1 1 -40 20 0 0 1 0 0 0 1 1 0 0 41669.dat
0 STEP
1 71 0 40 0 1 0 0 0 1 0 0 0 1 32073.dat
1 0 0 40 -20 1 0 0 0 0 1 0 -1 0 32184.dat
1 71 0 40 -40 1 0 0 0 1 0 0 0 1 4519.dat
1 1 -40 40 0 0 1 0 -1 0 0 0 0 1 41669.dat
0 STEP
1 71 0 -40 0 1 0 0 0 1 0 0 0 1 4519.dat
1 0 0 -40 0 0 0 1 0 1 0 -1 0 0 3713.dat
0 STEP
1 72 20 -40 0 0 -1 0 0 0 1 -1 0 0 32526.dat
1 1 40 20 0 0 -1 0 0 0 1 -1 0 0 41669.dat
1 1 40 40 0 0 -1 0 1 0 0 0 0 1 41669.dat
0 STEP
1 1 0 50 -20 0 -1 0 1 0 0 0 0 1 43093.dat
1 0 0 70 -20 0 -1 0 0 0 1 -1 0 0 6538b.dat
1 0 0 90 -20 0 -1 0 1 0 0 0 0 1 32062.dat



0 FILE 8416 - TS27.ldr
0 TS27
0 Name: 8416 - TS27.ldr
0 Author: Marc Giraudet [Mad_Marc]
0 !LDRAW_ORG Model
0 !LICENSE Redistributable under CCAL version 2.0 : see CAreadme.txt
1 71 0 0 0 1 0 0 0 1 0 0 0 1 32073.dat
1 0 0 0 0 1 0 0 0 0 -1 0 1 0 6536.dat
0 STEP
1 0 20 0 0 0 0 -1 -1 0 0 0 1 0 3713.dat
1 0 -20 0 0 0 0 1 -1 0 0 0 -1 0 3713.dat
0 STEP
1 72 50 0 0 0 0 1 -1 0 0 0 -1 0 6538b.dat
1 72 -50 0 0 0 0 1 -1 0 0 0 -1 0 6538b.dat
1 1 -70 0 0 1 0 0 0 0 1 0 -1 0 43093.dat
1 1 70 0 0 -1 0 0 0 0 -1 0 -1 0 43093.dat



0 FILE 8416 - TS29.ldr
0 TS29
0 Name: 8416 - TS29.ldr
0 Author: Marc Giraudet [Mad_Marc]
0 !LDRAW_ORG Model
0 !LICENSE Redistributable under CCAL version 2.0 : see CAreadme.txt
1 71 0 160 0 0 -1 0 0 0 -1 1 0 0 4519.dat
1 72 0 160 15 0 0 1 -1 0 0 0 -1 0 41677.dat
1 72 0 160 25 0 0 1 -1 0 0 0 -1 0 41677.dat
1 1 20 160 30 0 0 1 0 1 0 -1 0 0 43093.dat
0 STEP
1 71 0 0 0 -1 0 0 0 0 -1 0 -1 0 32009.dat
1 1 -80 0 -10 0 0 -1 0 1 0 1 0 0 43093.dat
1 36 0 160 -20 -1 0 0 0 0 1 0 1 0 41669.dat



0 FILE 8416 - TS30S03.ldr
0 TS30S03
0 Name: 8416 - TS30S03.ldr
0 Author: Marc Giraudet [Mad_Marc]
0 !LDRAW_ORG Model
0 !LICENSE Redistributable under CCAL version 2.0 : see CAreadme.txt
1 0 0 0 0 -1 0 0 0 -1 0 0 0 1 6536.dat
1 0 0 0 0 -1 0 0 0 0 -1 0 -1 0 41678.dat
0 STEP
1 0 0 0 0 -1 0 0 0 0 -1 0 -1 0 3706.dat



0 FILE 8416 - TS30.ldr
0 TS30
0 Name: 8416 - TS30.ldr
0 Author: Marc Giraudet [Mad_Marc]
0 !LDRAW_ORG Model
0 !LICENSE Redistributable under CCAL version 2.0 : see CAreadme.txt
1 4 -70 0 0 0 0 1 0 1 0 -1 0 0 6538b.dat
1 71 0 0 0 1 0 0 0 1 0 0 0 1 44294.dat
0 STEP
1 72 -45 0 0 0 -1 0 1 0 0 0 0 1 32056.dat
1 1 -90 0 0 1 0 0 0 1 0 0 0 1 43093.dat
0 STEP
1 0 -30 80 0 0 -1 0 0 0 -1 1 0 0 32526.dat
1 0 0 40 0 -1 0 0 0 1 0 0 0 -1 8416 - TS30S03.ldr
0 STEP
1 0 0 0 100 1 0 0 0 1 0 0 0 1 8416 - TS30S04.ldr
1 19 0 20 -10 0 0 1 0 1 0 -1 0 0 3749.dat
0 STEP
1 0 30 80 0 0 -1 0 0 0 -1 1 0 0 32526.dat
1 72 45 0 0 0 -1 0 1 0 0 0 0 1 32056.dat
1 71 0 20 -34 -1 0 0 0 0 1 0 1 0 2819.dat
0 STEP
1 0 30 0 60 1 0 0 0 1 0 0 0 1 8416 - TS30S06R.ldr
1 0 -30 0 90 1 0 0 0 1 0 0 0 1 8416 - TS30S06L.ldr
0 STEP
1 4 70 0 0 0 0 1 0 1 0 -1 0 0 6538b.dat
1 1 90 0 0 -1 0 0 0 1 0 0 0 -1 43093.dat
1 1 40 80 0 1 0 0 0 0.659 -0.752 0 0.752 0.659 43093.dat
1 72 50 80 0 0 -1 0 0.659 0 -0.752 0.752 0 0.659 2825.dat
1 1 50 34.89 39.562 -1 0 0 0 0.659 0.752 0 0.752 -0.659 43093.dat
0 STEP
1 71 0 0 20 -1 0 0 0 0.489 -0.872 0 -0.872 -0.489 44294.dat
1 71 -55 0 20 0 0 -1 0.872 0.489 0 0.489 -0.872 0 32123a.dat
1 71 -65 0 20 0 0 -1 0.872 0.489 0 0.489 -0.872 0 32123a.dat
1 71 60 -45.73 40.219 0 -1 0 0.872 0 -0.489 0.489 0 0.872 8416 - TS30S08.ldr



0 FILE 8416 - TS30S04.ldr
0 TS30S04
0 Name: 8416 - TS30S04.ldr
0 Author: Marc Giraudet [Mad_Marc]
0 !LDRAW_ORG Model
0 !LICENSE Redistributable under CCAL version 2.0 : see CAreadme.txt
1 4 -10 0 0 0 -1 0 1 0 0 0 0 1 41239.dat
1 0 0 0 60 -1 0 0 0 -1 0 0 0 1 2780.dat
1 0 0 0 -120 -1 0 0 0 -1 0 0 0 1 2780.dat
0 STEP
1 4 10 0 0 0 -1 0 1 0 0 0 0 1 41239.dat
1 0 20 0 -60 -1 0 0 0 -1 0 0 0 1 2780.dat
1 0 -20 0 -60 -1 0 0 0 -1 0 0 0 1 2780.dat



0 FILE 8416 - TS30S06R.ldr
0 TS30S06R
0 Name: 8416 - TS30S06R.ldr
0 Author: Marc Giraudet [Mad_Marc]
0 !LDRAW_ORG Model
0 !LICENSE Redistributable under CCAL version 2.0 : see CAreadme.txt
1 0 0 0 0 1 0 0 0 1 0 0 0 1 6536.dat
1 0 0 20 20 0 0 -1 0 1 0 1 0 0 6558.dat
0 STEP
1 4 34.094 56.572 10 -0.732 -0.682 0 0.682 -0.732 0 0 0 1 44352.dat
1 0 0 0 40 1 0 0 0 1 0 0 0 1 6536.dat
0 STEP
1 0 -30 0 40 1 0 0 0 1 0 0 0 1 3705.dat
1 0 -30 0 0 1 0 0 0 1 0 0 0 1 3705.dat



0 FILE 8416 - TS30S06L.ldr
0 TS30S06L
0 Name: 8416 - TS30S06L.ldr
0 Author: Marc Giraudet [Mad_Marc]
0 !LDRAW_ORG Model
0 !LICENSE Redistributable under CCAL version 2.0 : see CAreadme.txt
1 0 0 0 10 1 0 0 0 1 0 0 0 1 6536.dat
1 0 0 20 -10 0 0 1 0 1 0 -1 0 0 6558.dat
0 STEP
1 4 -34.094 56.572 -20 -0.732 0.682 0 -0.682 -0.732 0 0 0 1 44353.dat
1 0 0 0 -30 1 0 0 0 1 0 0 0 1 6536.dat



0 FILE 8416 - TS30S08.ldr
0 TS30S08
0 Name: 8416 - TS30S08.ldr
0 Author: Marc Giraudet [Mad_Marc]
0 !LDRAW_ORG Model
0 !LICENSE Redistributable under CCAL version 2.0 : see CAreadme.txt
1 72 -25 0 -20 0 -1 0 1 0 0 0 0 1 41677.dat
1 0 0 0 0 -1 0 0 0 -1 0 0 0 1 3705.dat
1 72 -35 0 -20 0 -1 0 1 0 0 0 0 1 41677.dat
0 STEP
1 71 10 0 -20 -1 0 0 0 -1 0 0 0 1 44294.dat
1 71 -70 0 -20 -1 0 0 0 -1 0 0 0 1 32054.dat
0 STEP
1 0 -10 0 -10 0 1 0 -1 0 0 0 0 1 43857.dat
1 0 10 0 -10 0 1 0 -1 0 0 0 0 1 43857.dat
0 STEP
1 0 30 0 -20 0 0 -1 -1 0 0 0 1 0 42003.dat
1 0 50 0 -20 1 0 0 0 0 1 0 -1 0 6536.dat
1 0 70 0 -20 1 0 0 0 0 1 0 -1 0 6536.dat



0 FILE 8416 - TS31.ldr
0 TS31
0 Name: 8416 - TS31.ldr
0 Author: Marc Giraudet [Mad_Marc]
0 !LDRAW_ORG Model
0 !LICENSE Redistributable under CCAL version 2.0 : see CAreadme.txt
1 71 0 0 0 1 0 0 0 1 0 0 0 1 4519.dat
1 71 -30 0 0 0 0 1 0 1 0 -1 0 0 6538b.dat
1 71 30 0 0 0 0 1 0 1 0 -1 0 0 6538b.dat
0 STEP
1 0 -50 0 0 -1 0 0 0 1 0 0 0 -1 32062.dat
1 0 50 0 0 -1 0 0 0 1 0 0 0 -1 32062.dat
0 STEP
1 71 -70 0 0 0 0 1 0 1 0 -1 0 0 6538b.dat
1 71 70 0 0 0 0 1 0 1 0 -1 0 0 6538b.dat
1 1 -90 0 0 1 0 0 0 1 0 0 0 1 43093.dat
1 1 90 0 0 -1 0 0 0 1 0 0 0 -1 43093.dat



0 FILE 8416 - TS32.ldr
0 TS32
0 Name: 8416 - TS32.ldr
0 Author: Marc Giraudet [Mad_Marc]
0 !LDRAW_ORG Model
0 !LICENSE Redistributable under CCAL version 2.0 : see CAreadme.txt
1 0 0 -144 32 1 0 0 0 -0.6 -0.8 0 0.8 -0.6 32062.dat
1 0 0 -165.961 65.432 1 0 0 0 -0.563 -0.827 0 0.827 -0.563 32062.dat
1 0 -15 -144 32 0 1 0 -0.836 0 -0.549 -0.549 0 0.836 6632.dat
0 STEP
1 4 0 0 0 0 -1 0 0 0 -1 1 0 0 32271.dat
1 71 0 -165.961 65.432 0 -1 0 0.827 0 -0.563 0.563 0 0.827 32348.dat
1 0 15 -144 32 0 1 0 -0.836 0 -0.549 -0.549 0 0.836 6632.dat
0 STEP
1 1 -10 -180.312 171.799 1 0 0 0 0.324 -0.946 0 0.946 0.324 43093.dat
1 0 10 -20 0 1 0 0 0 -0.6 -0.8 0 0.8 -0.6 2780.dat
1 0 10 -40 0 1 0 0 0 -0.6 -0.8 0 0.8 -0.6 2780.dat
1 1 10 0 0 -1 0 0 0 0 1 0 1 0 43093.dat
0 STEP
1 4 20 20 0 0 1 0 0 0 1 1 0 0 32524.dat



0 FILE 8416 - TS33.ldr
0 TS33
0 Name: 8416 - TS33.ldr
0 Author: Marc Giraudet [Mad_Marc]
0 !LDRAW_ORG Model
0 !LICENSE Redistributable under CCAL version 2.0 : see CAreadme.txt
1 0 0 84.4 -28.301 0 -1 0 0.798 0 0.603 -0.603 0 0.798 32278.dat
1 0 20 84.4 -28.301 1 0 0 0 0.798 0.603 0 -0.603 0.798 6558.dat
1 0 20 138.658 43.505 1 0 0 0 -0.603 0.798 0 -0.798 -0.603 32138.dat
1 0 20 18.086 -116.065 1 0 0 0 -0.603 0.798 0 -0.798 -0.603 32138.dat
0 STEP
1 0 20 11.46 -61.12 0 -1 0 -0.411 0 -0.912 0.912 0 -0.411 40490.dat
1 0 40 84.4 -28.301 0 -1 0 0.798 0 0.603 -0.603 0 0.798 32278.dat
0 STEP
1 0 60 0 -140 1 0 0 0 -0.603 0.798 0 -0.798 -0.603 6558.dat
1 0 20 -61.496 -93.973 1 0 0 0 0.411 0.912 0 -0.912 0.411 6558.dat
1 0 -20 0 -140 -1 0 0 0 0.603 0.798 0 0.798 -0.603 6558.dat
1 71 50 168.801 83.397 -1 0 0 0 0.603 0.798 0 0.798 -0.603 3673.dat
1 71 -10 168.801 83.397 -1 0 0 0 0.603 0.798 0 0.798 -0.603 3673.dat
0 STEP
1 0 0 -100.001 -139.999 0 -1 0 0.767 0 0.642 -0.642 0 0.767 32140.dat
1 71 40 -100.001 -139.999 -1 0 0 0 -0.767 0.642 0 0.642 0.767 44294.dat
1 71 20 -100.001 -139.999 0 0 1 0.642 -0.767 0 0.767 0.642 0 3713.dat
1 71 20 -46.154 -106.807 0 0 1 0.642 -0.767 0 0.767 0.642 0 3713.dat
1 71 20 -46.154 -106.807 -1 0 0 0 -0.767 0.642 0 0.642 0.767 4519.dat
0 STEP
1 0 40 -100.001 -139.999 0 -1 0 0.767 0 0.642 -0.642 0 0.767 32140.dat
0 STEP
1 0 -20 -60 -140 -1 0 0 0 0 -1 0 -1 0 8416 - TS33S06.ldr
1 0 60 -60 -140 1 0 0 0 0 -1 0 1 0 8416 - TS33S06.ldr
0 STEP
1 320 80 0 -140 0 0 -1 -0.798 0.603 0 0.603 0.798 0 42610.dat
1 320 -40 0 -140 0 0 -1 -0.798 0.603 0 0.603 0.798 0 42610.dat
1 0 80 -120 -220 0 -1 0 1 0 0 0 0 1 32526.dat
1 0 -40 -120 -220 0 -1 0 1 0 0 0 0 1 32526.dat
0 STEP
1 1 -40 -120 -180 1 0 0 0 1 0 0 0 1 32054.dat
1 71 -40 -120 -200 1 0 0 0 1 0 0 0 1 32054.dat
1 71 80 -120 -200 -1 0 0 0 1 0 0 0 -1 32054.dat
1 1 80 -120 -180 -1 0 0 0 1 0 0 0 -1 32054.dat
1 71 100 -100.001 -139.999 0 1 0 -0.767 0 0.642 0.642 0 0.767 33299.dat
1 71 130 -74.331 -109.315 -1 0 0 0 -0.767 0.642 0 0.642 0.767 75535.dat



0 FILE 8416 - TS33S06.ldr
0 TS33S06
0 Name: 8416 - TS33S06.ldr
0 Author: Marc Giraudet [Mad_Marc]
0 !LDRAW_ORG Model
0 !LICENSE Redistributable under CCAL version 2.0 : see CAreadme.txt
1 0 0 0 0 0 -1 0 1 0 0 0 0 1 32524.dat
1 0 10 0 60 -1 0 0 0 -1 0 0 0 1 2780.dat
1 0 10 0 20 -1 0 0 0 -1 0 0 0 1 2780.dat



0 FILE 8416 - TS34.ldr
0 TS34
0 Name: 8416 - TS34.ldr
0 Author: Marc Giraudet [Mad_Marc]
0 !LDRAW_ORG Model
0 !LICENSE Redistributable under CCAL version 2.0 : see CAreadme.txt
1 72 -25 0 0 0 -1 0 -1 0 0 0 0 -1 2905.dat
1 71 0 -40 0 1 0 0 0 -1 0 0 0 -1 4519.dat
1 71 0 40 0 1 0 0 0 -1 0 0 0 -1 4519.dat
0 STEP
1 71 -15 -40 0 0 0 -1 -1 0 0 0 1 0 32123a.dat
1 71 -15 40 0 0 0 -1 -1 0 0 0 1 0 32123a.dat
0 STEP
1 0 0 -10 -20 1 0 0 0 0 -1 0 1 0 8416 - TS34S03.ldr
0 STEP
1 71 15 -40 0 0 0 -1 -1 0 0 0 1 0 32123a.dat
1 71 15 40 0 0 0 -1 -1 0 0 0 1 0 32123a.dat
0 STEP
1 71 0 0 0 1 0 0 0 -0.259 -0.966 0 0.966 -0.259 8416 - TS34S05.ldr
1 71 0 0 -40 1 0 0 0 0.342 -0.94 0 0.94 0.342 8416 - TS34S05.ldr
0 STEP
1 72 25 0 0 0 -1 0 -1 0 0 0 0 -1 2905.dat
0 STEP

1 71 40 0 0 0 -1 0 0.259 0 0.966 -0.966 0 0.259 6629.dat
1 71 -40 0 0 0 -1 0 0.259 0 0.966 -0.966 0 0.259 6629.dat
1 71 40 0 -40 0 1 0 0.342 0 0.94 0.94 0 -0.342 6629.dat
1 71 -40 0 -40 0 1 0 0.342 0 0.94 0.94 0 -0.342 6629.dat


0 FILE 8416 - TS34S03.ldr
0 TS34S03
0 Name: 8416 - TS34S03.ldr
0 Author: Marc Giraudet [Mad_Marc]
0 !LDRAW_ORG Model
0 !LICENSE Redistributable under CCAL version 2.0 : see CAreadme.txt
1 0 0 0 0 0 0 1 0 1 0 -1 0 0 3706.dat
1 71 0 0 60 -1 0 0 0 1 0 0 0 -1 6538b.dat
0 STEP
1 0 0 20 30 1 0 0 0 -1 0 0 0 -1 6536.dat
1 71 0 0 0 0 -1 0 -1 0 0 0 0 -1 4716.dat
0 STEP
1 71 0 0 -30 -1 0 0 0 -1 0 0 0 1 3713.dat
1 0 0 20 -50 1 0 0 0 -1 0 0 0 -1 6536.dat



0 FILE 8416 - TS34S05.ldr
0 TS34S05
0 Name: 8416 - TS34S05.ldr
0 Author: Marc Giraudet [Mad_Marc]
0 !LDRAW_ORG Model
0 !LICENSE Redistributable under CCAL version 2.0 : see CAreadme.txt
1 71 0 0 0 1 0 0 0 1 0 0 0 1 32073.dat
1 71 0 0 0 0 0 1 0 1 0 -1 0 0 3647.dat
0 STEP
1 71 -15 0 0 0 0 1 0 1 0 -1 0 0 32123a.dat
1 71 15 0 0 0 0 1 0 1 0 -1 0 0 32123a.dat



0 FILE 8416 - TS35.ldr
0 TS35
0 Name: 8416 - TS35.ldr
0 Author: Marc Giraudet [Mad_Marc]
0 !LDRAW_ORG Model
0 !LICENSE Redistributable under CCAL version 2.0 : see CAreadme.txt
1 0 0 0 0 0 0 1 -0.707 0.707 0 -0.707 -0.707 0 32034.dat
1 71 -60 0 0 -1 0 0 0 0.707 -0.707 0 -0.707 -0.707 32073.dat
1 71 60 0 0 -1 0 0 0 0.707 -0.707 0 -0.707 -0.707 32073.dat
1 0 0 14.142 14.142 0 0 1 0.707 -0.707 0 0.707 0.707 0 6558.dat
0 STEP
1 72 40 0 0 -1 0 0 0 0 1 0 1 0 32013.dat
1 0 60 0 -80 0 1 0 1 0 0 0 0 -1 40490.dat
1 0 80 0 0 0 0 -1 0.707 -0.707 0 -0.707 -0.707 0 3713.dat
0 STEP
1 72 -40 0 0 -1 0 0 0 0 1 0 1 0 32013.dat
1 0 -60 0 -80 0 1 0 1 0 0 0 0 -1 40490.dat
1 72 -80 0 0 0 1 0 0.707 0 -0.707 -0.707 0 -0.707 2825.dat
0 STEP
1 1 -40 -30 0 0 1 0 1 0 0 0 0 -1 43093.dat
1 1 40 -30 0 0 1 0 1 0 0 0 0 -1 43093.dat
0 STEP
1 72 -100 0 0 -1 0 0 0 0.707 -0.707 0 -0.707 -0.707 32192.dat
1 72 100 0 0 -1 0 0 0 0.707 -0.707 0 -0.707 -0.707 32192.dat
1 1 -100 21.213 21.213 0 0 1 -0.707 0.707 0 -0.707 -0.707 0 43093.dat
1 1 100 21.213 21.213 0 0 1 -0.707 0.707 0 -0.707 -0.707 0 43093.dat
1 1 100 -30 0 0 0 1 1 0 0 0 1 0 43093.dat
1 1 -100 -30 0 0 0 1 1 0 0 0 1 0 43093.dat
1 72 0 28.284 28.284 0 0 1 0.707 0.707 0 -0.707 0.707 0 32525.dat
0 STEP
1 72 0 -40 0 0 0 1 0 1 0 -1 0 0 32525.dat
0 STEP
1 0 50 0 -80 -1 0 0 0 1 0 0 0 -1 2780.dat
1 0 -60 0 -80 -1 0 0 0 1 0 0 0 -1 6558.dat
1 0 40 35.301 -61.189 0 -1 0 0.47 0 0.883 -0.883 0 0.47 32316.dat
1 0 -40 35.301 -61.189 0 -1 0 0.47 0 0.883 -0.883 0 0.47 32316.dat
1 0 -50 70.602 -42.378 -1 0 0 0 0.883 0.47 0 0.47 -0.883 2780.dat
1 0 50 70.602 -42.378 -1 0 0 0 0.883 0.47 0 0.47 -0.883 2780.dat
1 71 -70 0 -120 -1 0 0 0 1 0 0 0 -1 4274.dat
1 71 -72 0 -40 -1 0 0 0 1 0 0 0 -1 4274.dat
0 STEP
1 0 -100 -83.897 -134.419 1 0 0 0 -0.544 -0.839 0 0.839 -0.544 8416 - TS35S08.ldr



0 FILE 8416 - TS35S08.ldr
0 TS35S08
0 Name: 8416 - TS35S08.ldr
0 Author: Marc Giraudet [Mad_Marc]
0 !LDRAW_ORG Model
0 !LICENSE Redistributable under CCAL version 2.0 : see CAreadme.txt
1 72 0 54.611 -84.853 1 0 0 0 -0.414 0.91 0 -0.91 -0.414 32013.dat
1 0 0 27.305 -72.427 0 0 1 -0.91 -0.414 0 0.414 -0.91 0 32062.dat
1 72 0 0 -60 -1 0 0 0 -0.414 -0.91 0 -0.91 0.414 32013.dat
0 STEP
1 19 10 54.611 -84.853 1 0 0 0 -0.978 0.208 0 -0.208 -0.978 3749.dat
1 19 10 0 -60 1 0 0 0 1 0 0 0 1 3749.dat
0 STEP
1 71 15 54.611 -84.853 0 0 1 -0.208 -0.978 0 0.978 -0.208 0 32123a.dat
1 0 20 0 -60 0 -1 0 -1 0 0 0 0 -1 32140.dat
0 STEP
1 1 10 -20 -120 -1 0 0 0 1 0 0 0 -1 43093.dat
1 71 0 -20 -120 0 0 1 0 1 0 -1 0 0 3713.dat



0 FILE 8416 - TS39.ldr
0 TS39
0 Name: 8416 - TS39.ldr
0 Author: Marc Giraudet [Mad_Marc]
0 !LDRAW_ORG Model
0 !LICENSE Redistributable under CCAL version 2.0 : see CAreadme.txt
1 19 0 0 0 1 0 0 0 1 0 0 0 1 4282.dat
1 19 0 -8 0 1 0 0 0 1 0 0 0 1 3022.dat
1 19 -150 -8 0 0 0 1 0 1 0 -1 0 0 3023.dat
1 19 150 -8 0 0 0 1 0 1 0 -1 0 0 3023.dat
0 STEP
1 19 0 -16 0 1 0 0 0 1 0 0 0 1 4282.dat
1 19 150 -24 0 0 0 1 0 1 0 -1 0 0 3023.dat
1 19 -150 -24 0 0 0 1 0 1 0 -1 0 0 3023.dat
1 19 0 -24 0 1 0 0 0 1 0 0 0 1 3022.dat
0 STEP
1 19 0 -32 0 1 0 0 0 1 0 0 0 1 4282.dat






