0 FILE 8418 - Main.ldr
0 Main
0 Name: 8418 - Main.ldr
0 Author: Marc Giraudet [Mad_Marc]
0 !LDRAW_ORG Model
0 !LICENSE Redistributable under CCAL version 2.0 : see CAreadme.txt
1 0 -20 0 120 1 0 0 0 1 0 0 0 1 8418 - Mini Loader.ldr


0 FILE 8418 - Mini Loader.ldr
0 Mini Loader
0 Name: 8418 - Mini Loader.ldr
0 Author: Marc Giraudet [Mad_Marc]
0 !LDRAW_ORG Model
0 !LICENSE Redistributable under CCAL version 2.0 : see CAreadme.txt
1 14 0 0 0 0 1 0 -1 0 0 0 0 1 32009.dat
1 19 -10 0 -160 1 0 0 0 1 0 0 0 1 3749.dat
1 71 -10 0 -80 1 0 0 0 1 0 0 0 1 3673.dat
0 STEP
1 0 20 0 -100 1 0 0 0 1 0 0 0 1 8418 - Sub02.ldr
0 STEP
1 71 20 -40 -60 1 0 0 0 0 1 0 -1 0 8418 - Sub03.ldr
0 STEP
1 0 5 -20 -110 0 -1 0 1 0 0 0 0 1 32063.dat
0 STEP
1 0 -15 -80 -30 1 0 0 0 1 0 0 0 1 8418 - Sub05.ldr
0 STEP
1 71 20 -80 0 1 0 0 0 1 0 0 0 1 6536.dat
1 71 20 -80 -60 1 0 0 0 1 0 0 0 1 6536.dat
0 STEP
1 0 20 -60 -30 0 0.94 -0.342 0 -0.342 -0.94 -1 0 0 3706.dat
1 71 20 -60 20 0.342 0.94 0 0.94 -0.342 0 0 0 -1 32270.dat
1 71 20 -60 -30 0.342 0.94 0 0.94 -0.342 0 0 0 -1 4716.dat
0 STEP
1 0 20 -60 -80 -0.342 0.94 0 -0.94 -0.342 0 0 0 1 3713.dat
0 STEP
1 14 40 0 0 0 1 0 -1 0 0 0 0 1 32009.dat
1 0 35 -20 -110 0 -1 0 1 0 0 0 0 1 32063.dat
0 STEP
1 71 20 -110 -60 -1 0 0 0 -1 0 0 0 1 4519.dat
1 19 50 0 -160 -1 0 0 0 -1 0 0 0 1 3749.dat
1 71 50 0 -80 -1 0 0 0 -1 0 0 0 1 3673.dat
0 STEP
1 0 35 -40 -60 0 1 0 0 0 -1 -1 0 0 6632.dat
1 0 -5 -65.821 -139.989 0 1 0 -0.4 0 -0.916 -0.916 0 0.4 32063.dat
0 STEP
1 72 30 -111.095 -99.985 -1 0 0 0 -1 0.027 0 0.027 1 8418 - Sub12.ldr
0 STEP
1 0 45 -90 -60 0 0 1 0 -1 0 1 0 0 6575.dat
0 STEP
1 14 20 -80 -20 1 0 0 0 -0.99 0.139 0 -0.139 -0.99 8418 - Sub14.ldr
0 STEP
1 14 55 -80 -30 0 -1 0 1 0 0 0 0 1 32449.dat
1 0 45 -65.821 -139.989 0 1 0 -0.4 0 -0.916 -0.916 0 0.4 32063.dat
0 STEP
1 14 -30 -77.217 -39.805 1 0 0 0 -0.99 0.139 0 -0.139 -0.99 8418 - Arm.ldr
0 STEP
1 71 20 -57.732 -178.443 1 0 0 0 0.99 -0.139 0 0.139 0.99 8418 - Sub17.ldr
0 STEP
1 14 70 -77.217 -39.805 1 0 0 0 -0.99 0.139 0 -0.139 -0.99 8418 - Arm.ldr
0 STEP
1 0 20 -45.046 -196.857 0 -1 0 -0.99 0 0.139 -0.139 0 -0.99 47973.dat
1 0 20 -15.338 -192.681 1 0 0 0 0.99 -0.139 0 0.139 0.99 30394.dat
1 14 70 0 -160 0 0 -1 0 1 0 1 0 0 30285.dat
1 256 70 0 -160 0 0 -1 0 1 0 1 0 0 30648.dat
1 256 70 0 -80 0 0 -1 0 1 0 1 0 0 30648.dat
1 14 70 0 -80 0 0 -1 0 1 0 1 0 0 30285.dat
1 256 -30 0 -80 0 0 1 0 1 0 -1 0 0 30648.dat
1 14 -30 0 -80 0 0 1 0 1 0 -1 0 0 30285.dat
1 256 -30 0 -160 0 0 1 0 1 0 -1 0 0 30648.dat
1 14 -30 0 -160 0 0 1 0 1 0 -1 0 0 30285.dat


0 FILE 8418 - Sub02.ldr
0 Sub02
0 Name: 8418 - Sub02.ldr
0 Author: Marc Giraudet [Mad_Marc]
0 !LDRAW_ORG Model
0 !LICENSE Redistributable under CCAL version 2.0 : see CAreadme.txt
1 0 0 0 0 0 -1 0 -1 0 0 0 0 -1 32140.dat
1 71 0 0 0 1 0 0 0 -1 0 0 0 -1 4519.dat
0 STEP
1 0 0 -20 -60 1 0 0 0 -1 0 0 0 -1 6558.dat
1 0 0 0 -40 1 0 0 0 -1 0 0 0 -1 6558.dat


0 FILE 8418 - Sub03.ldr
0 Sub03
0 Name: 8418 - Sub03.ldr
0 Author: Marc Giraudet [Mad_Marc]
0 !LDRAW_ORG Model
0 !LICENSE Redistributable under CCAL version 2.0 : see CAreadme.txt
1 0 -5 0 0 0 -1 0 1 0 0 0 0 1 6632.dat
1 0 0 0 20 -1 0 0 0 -1 0 0 0 1 2780.dat
1 0 5 0 0 0 -1 0 1 0 0 0 0 1 6632.dat
0 STEP
1 0 0 0 0 -1 0 0 0 -1 0 0 0 1 32062.dat
1 71 0 0 40 -1 0 0 0 -1 0 0 0 1 4519.dat


0 FILE 8418 - Sub05.ldr
0 Sub05
0 Name: 8418 - Sub05.ldr
0 Author: Marc Giraudet [Mad_Marc]
0 !LDRAW_ORG Model
0 !LICENSE Redistributable under CCAL version 2.0 : see CAreadme.txt
1 14 0 0 0 0 -1 0 1 0 0 0 0 1 32449.dat
1 0 35 0 30 1 0 0 0 1 0 0 0 1 3705.dat
1 0 35 0 -30 1 0 0 0 1 0 0 0 1 3705.dat
0 STEP
1 0 10 -10 -30 0 0 1 0 -1 0 1 0 0 6575.dat
0 STEP
1 0 20 0 -30 0 1 0 0 0 1 1 0 0 6632.dat


0 FILE 8418 - Sub12.ldr
0 Sub12
0 Name: 8418 - Sub12.ldr
0 Author: Marc Giraudet [Mad_Marc]
0 !LDRAW_ORG Model
0 !LICENSE Redistributable under CCAL version 2.0 : see CAreadme.txt
1 0 0 0 0 0 -1 0 1 0 0 0 0 1 32316.dat
1 0 10 0 20 -1 0 0 0 -1 0 0 0 1 2780.dat
1 0 10 0 0 -1 0 0 0 -1 0 0 0 1 2780.dat
0 STEP
1 0 20 0 0 0 -1 0 1 0 0 0 0 1 32316.dat
1 72 30 0 -20 1 0 0 0 1 0 0 0 1 32002.dat
1 72 -10 0 -20 -1 0 0 0 1 0 0 0 -1 32002.dat


0 FILE 8418 - Sub14.ldr
0 Sub14
0 Name: 8418 - Sub14.ldr
0 Author: Marc Giraudet [Mad_Marc]
0 !LDRAW_ORG Model
0 !LICENSE Redistributable under CCAL version 2.0 : see CAreadme.txt
1 0 0 0 0 1 0 0 0 1 0 0 0 1 3706.dat
1 71 0 0 0 0 0 1 0 1 0 -1 0 0 3647.dat
0 STEP
1 14 20 0 0 0 0 -1 0 1 0 1 0 0 3713.dat
1 14 -20 0 0 0 0 1 0 1 0 -1 0 0 3713.dat


0 FILE 8418 - Arm.ldr
0 Arm
0 Name: 8418 - Arm.ldr
0 Author: Marc Giraudet [Mad_Marc]
0 !LDRAW_ORG Model
0 !LICENSE Redistributable under CCAL version 2.0 : see CAreadme.txt
1 71 0 0 0 1 0 0 0 1 0 0 0 1 32039.dat
1 71 0 0 60 0 0 1 0 1 0 -1 0 0 44294.dat
1 71 0 0 120 -1 0 0 0 1 0 0 0 -1 32039.dat


0 FILE 8418 - Sub17.ldr
0 Sub17
0 Name: 8418 - Sub17.ldr
0 Author: Marc Giraudet [Mad_Marc]
0 !LDRAW_ORG Model
0 !LICENSE Redistributable under CCAL version 2.0 : see CAreadme.txt
1 0 0 0 0 1 0 0 0 1 0 0 0 1 3706.dat
1 0 0 0 0 0 0 1 0 1 0 -1 0 0 3713.dat
0 STEP
1 0 -20 0 0 -1 0 0 0 0 -1 0 -1 0 6536.dat
1 0 20 0 0 -1 0 0 0 0 -1 0 -1 0 6536.dat
0 STEP
1 71 35 0 0 0 0 -1 1 0 0 0 -1 0 32123a.dat
1 71 -35 0 0 0 0 -1 1 0 0 0 -1 0 32123a.dat



