0 FILE 8419 - Main.ldr
0 Main
0 Name: 8419 - Main.ldr
0 Author: Marc Giraudet [Mad_Marc]
0 !LDRAW_ORG Model
0 !LICENSE Redistributable under CCAL version 2.0 : see CAreadme.txt
1 0 0 0 0 1 0 0 0 1 0 0 0 1 8419 - Excavator.ldr



0 FILE 8419 - Excavator.ldr
0 Excavator
0 Name: 8419 - Excavator.ldr
0 Author: Marc Giraudet [Mad_Marc]
0 !LDRAW_ORG Model
0 !LICENSE Redistributable under CCAL version 2.0 : see CAreadme.txt
1 0 0 0 0 0 -1 0 1 0 0 0 0 1 41239.dat
1 72 10 0 100 1 0 0 0 1 0 0 0 1 32002.dat
1 72 10 0 -100 1 0 0 0 1 0 0 0 1 32002.dat
0 STEP
1 1 10 0 40 1 0 0 0 1 0 0 0 1 43093.dat
1 1 10 0 -40 1 0 0 0 1 0 0 0 1 43093.dat
0 STEP
1 0 15 0 40 0 1 0 -1 0 0 0 0 1 32250.dat
1 0 15 0 -40 0 -1 0 -1 0 0 0 0 -1 32250.dat
0 STEP
1 0 25 0 40 0 -1 0 0 0 -1 1 0 0 6632.dat
1 0 25 0 -40 0 -1 0 0 0 -1 1 0 0 6632.dat
0 STEP
1 0 20 -20 40 -1 0 0 0 1 0 0 0 -1 6558.dat
1 0 20 -20 -40 -1 0 0 0 1 0 0 0 -1 6558.dat
0 STEP
1 0 40 -40 40 0 0 -1 0 1 0 1 0 0 6536.dat
1 0 40 -40 -40 0 0 -1 0 1 0 1 0 0 6536.dat
1 0 0 -40 40 0 0 -1 0 1 0 1 0 0 6536.dat
1 0 0 -40 -40 0 0 -1 0 1 0 1 0 0 6536.dat
0 STEP
1 0 -15 0 -120 1 0 0 0 1 0 0 0 1 32209.dat
1 14 -40 0 -120 0 0 1 1 0 0 0 1 0 32007.dat
1 71 -20 0 -120 0 0 -1 0 1 0 1 0 0 3713.dat
1 0 -15 0 120 1 0 0 0 1 0 0 0 1 32209.dat
1 14 -40 0 120 0 0 1 1 0 0 0 1 0 32007.dat
1 71 -20 0 120 0 0 -1 0 1 0 1 0 0 3713.dat
0 STEP
1 0 40 0 -120 0 0 -1 0 1 0 1 0 0 6538b.dat
1 0 40 0 120 0 0 -1 0 1 0 1 0 0 6538b.dat
1 0 120 0 -120 0 0 -1 0 1 0 1 0 0 6538b.dat
1 0 120 0 120 0 0 -1 0 1 0 1 0 0 6538b.dat
1 0 80 0 -120 1 0 0 0 1 0 0 0 1 3705.dat
1 0 80 0 120 1 0 0 0 1 0 0 0 1 3705.dat
0 STEP
1 0 160 0 0 1 0 0 0 1 0 0 0 1 8419 - Sub09.ldr
0 STEP
1 71 160 -40 40 1 0 0 0 1 0 0 0 1 8419 - Sub10.ldr
0 STEP
1 71 120 -40 0 0 0 1 0 1 0 -1 0 0 32073.dat
1 71 40 -40 0 0 0 1 0 1 0 -1 0 0 32073.dat
1 71 0 -40 0 0 0 1 0 1 0 -1 0 0 32073.dat
0 STEP
1 0 80 -80 0 0 0 1 0 -1 0 1 0 0 48168.dat
1 72 80 -80 0 1 0 0 0 -1 0 0 0 -1 48452.dat
1 71 100 -40 -40 0 0 1 0 -1 0 1 0 0 32054.dat
1 71 60 -40 -40 0 0 1 0 -1 0 1 0 0 32054.dat
1 71 100 -40 40 0 0 -1 0 -1 0 -1 0 0 32054.dat
1 71 60 -40 40 0 0 -1 0 -1 0 -1 0 0 32054.dat
1 0 40 -80 20 1 0 0 0 -1 0 0 0 -1 32054.dat
1 0 40 -80 -20 1 0 0 0 -1 0 0 0 -1 32054.dat
0 STEP
1 0 80 -80 -40 1 0 0 0 1 0 0 0 1 8419 - Sub13.ldr
0 STEP
1 256 200 0 0 0 0 -1 0 1 0 1 0 0 71372c01.dat
1 256 -40 0 0 0 0 -1 0 1 0 1 0 0 71372c01.dat
0 STEP
1 71 80 -140 60 1 0 0 0 1 0 0 0 1 8419 - Sub15.ldr
1 71 80 -80 0 -1 0 0 0 1 0 0 0 -1 32073.dat
0 STEP
1 71 80 -100 20 -1 0 0 0 1 0 0 0 -1 32073.dat
1 71 80 -100 20 1 0 0 0 1 0 0 0 1 8419 - Sub16.ldr
0 STEP
1 71 80 -93 -20 0 -1 0 0 0 1 -1 0 0 32198.dat
1 71 80 -90 -20 0 -1 0 -1 0 0 0 0 -1 4519.dat
1 71 80 -110 -20 1 0 0 0 0 1 0 -1 0 3712.dat
1 71 80 -140 -20 0 -1 0 -0.707107 0 -0.707107 0.707107 0 -0.707107 3326b.dat
1 71 80 -161.213 -41.213 0 -1 0 -0.707107 0 -0.707107 0.707107 0 -0.707107 3712.dat
0 STEP
1 71 80 -100 60 -1 0 0 0 1 0 0 0 -1 44294.dat
1 0 115 -100 60 0 -1 0 -1 0 0 0 0 -1 6632.dat
1 0 125 -100 60 0 -1 0 -1 0 0 0 0 -1 6632.dat
1 0 130 -100 40 -1 0 0 0 1 0 0 0 -1 4459.dat
0 STEP
1 0 35 -100 60 0 -1 0 -1 0 0 0 0 -1 6632.dat
1 0 45 -100 60 0 -1 0 -1 0 0 0 0 -1 6632.dat
1 0 30 -100 40 -1 0 0 0 1 0 0 0 -1 4459.dat
0 STEP
1 14 90 -184 -90 1 0 0 0 1 0 0 0 1 8419 - Sub20.ldr
0 STEP
1 0 120 -80 -40 0 -1 0 0 0 -1 1 0 0 32140.dat
1 0 40 -80 -40 0 -1 0 0 0 -1 1 0 0 32140.dat
1 0 130 -100 -40 -1 0 0 0 1 0 0 0 -1 4459.dat
1 0 30 -100 -40 -1 0 0 0 1 0 0 0 -1 4459.dat
0 STEP
0 STEP
1 71 70 -96 -90 1 0 0 0 1 0 0 0 1 8419 - Sub23.ldr
0 STEP
0 STEP
1 14 55 -217.782 -111.924 0 -1 0 0.707107 0 -0.707107 0.707107 0 0.707107 32449.dat
1 1 10 -80 -20 1 0 0 0 -1 0 0 0 -1 43093.dat
1 71 0 -80 20 1 0 0 0 -1 0 0 0 -1 4519.dat
0 STEP
1 0 -10 -80 0 1 0 0 0 -1 0 0 0 -1 2780.dat
1 0 -10 -80 -40 1 0 0 0 -1 0 0 0 -1 2780.dat
1 14 -20 -80 -20 0 -1 0 -1 0 0 0 0 -1 32523.dat
1 0 0 -80 -20 0 -1 0 -1 0 0 0 0 -1 32316.dat
0 STEP
1 71 90 -100 120 0 0 -1 -0.551937 0.833886 0 0.833886 0.551937 0 6538b.dat
1 71 120 -100 120 -1 0 0 0 0.833886 0.551937 0 0.551937 -0.833886 4519.dat
1 0 60 -100 120 -1 0 0 0 0.833886 0.551937 0 0.551937 -0.833886 32062.dat
1 71 120 -100 120 0 0 1 -0.833886 0.551937 0 -0.551937 -0.833886 0 3648b.dat
0 STEP
1 71 80 -120 100 0 -0.707107 0.707107 0 -0.707107 -0.707107 1 0 0 4519.dat
1 71 80 -120 130 0.707107 -0.707107 0 -0.707107 -0.707107 0 0 0 -1 6538b.dat
1 71 80 -120 160 0 -0.707107 0.707107 0 -0.707107 -0.707107 1 0 0 4519.dat
1 71 80 -120 160 0.707107 0.707107 0 0.707107 -0.707107 0 0 0 -1 4019.dat
0 STEP
1 0 120 -140 120 0 0.700909 0.71325 0 0.71325 -0.700909 -1 0 0 3737.dat
1 71 120 -140 75 -0.71325 0.700909 0 0.700909 0.71325 0 0 0 -1 32123a.dat
1 71 120 -140 90 -0.71325 -0.700909 0 0.700909 -0.71325 0 0 0 1 3713.dat
1 0 120 -140 120 -0.71325 0.700909 0 0.700909 0.71325 0 0 0 -1 4716.dat
1 71 120 -140 165 -0.71325 -0.700909 0 0.700909 -0.71325 0 0 0 1 32123a.dat
1 71 120 -140 149.999 -0.71325 0.700909 0 0.700909 0.71325 0 0 0 -1 3713.dat
0 STEP
1 19 40 -140 70 0 0.052336 0.99863 0 -0.99863 0.052336 1 0 0 3749.dat
1 71 40 -140 90 -0.99863 0.052336 0 -0.052336 -0.99863 0 0 0 1 6538b.dat
1 0 40 -140 110 0 0.052336 0.99863 0 -0.99863 0.052336 1 0 0 32062.dat
1 71 40 -140 130 -0.99863 0.052336 0 -0.052336 -0.99863 0 0 0 1 6538b.dat
1 71 40 -140 180 0 0.052336 0.99863 0 -0.99863 0.052336 1 0 0 32073.dat
1 71 40 -140 160 -0.99863 0.052336 0 -0.052336 -0.99863 0 0 0 1 32269.dat
0 STEP
1 0 120 -136 180 1 0 0 0 1 0 0 0 1 8419 - Sub31.ldr
0 STEP
1 71 40 -140 210 -0.99863 0.052336 0 -0.052336 -0.99863 0 0 0 1 32269.dat
1 71 120 -140 209.999 -0.71325 0.700909 0 0.700909 0.71325 0 0 0 -1 32269.dat
1 14 160 -160 120 0 1 0 1 0 0 0 0 -1 32524.dat
1 14 0 -160 120 0 1 0 1 0 0 0 0 -1 32524.dat
0 STEP
1 1 -10 -160 100 -1 0 0 0 -1 0 0 0 1 43093.dat
1 1 -10 -80 -60 -1 0 0 0 -1 0 0 0 1 43093.dat
1 0 -10 -160 60 -1 0 0 0 -1 0 0 0 1 4459.dat
1 14 -20 -160 -60 0 1 0 1 0 0 0 0 -1 32009.dat
0 STEP
1 14 -20 -80 180 0 1 0 -1 0 0 0 0 1 32009.dat
1 0 0 -80 80 0 1 0 -1 0 0 0 0 1 32140.dat
1 0 -10 -80 140 -1 0 0 0 -1 0 0 0 1 4459.dat
1 0 10 -100 140 -1 0 0 0 -1 0 0 0 1 4459.dat
1 19 -10 -80 80 1 0 0 0 -1 0 0 0 -1 3749.dat
0 STEP
1 0 140 -100 40 0 1 0 -1 0 0 0 0 1 32525.dat
0 STEP
0 STEP
1 14 210 -80 40 1 0 0 0 1 0 0 0 1 8419 - Sub37.ldr
0 STEP
1 71 80 -291.949 -119.117 -1 0 0 0 -0.883 0.469 0 0.469 0.883 4519.dat
1 71 100 -291.972 -119.11 0 1 0 0.469 0 0.883 0.883 0 -0.469 2825.dat
0 STEP
1 14 60 -393.108 -298.6 1 0 0 0 0.852 0.523 0 -0.523 0.852 8419 - Sub39.ldr
0 STEP
1 71 60 -291.949 -119.117 0 -1 0 -0.469 0 0.883 -0.883 0 -0.469 2825.dat
1 71 80 -309.48 -217.958 1 0 0 0 0.995 0.098 0 -0.098 0.995 4519.dat
0 STEP
1 14 60 -295.563 -316.985 1 0 0 0 0.99 -0.139 0 0.139 0.99 8419 - Sub41.ldr
0 STEP
1 14 100 -295.563 -316.985 0 1 0 0.99 0 0.139 0.139 0 -0.99 32140.dat
1 71 80 -267.407 -373.618 1 0 0 0 0.851 0.525 0 -0.525 0.851 4519.dat
1 71 80.003 -267.407 -373.618 0 1 0 0.525 0 0.85 0.851 0 -0.525 32271.dat
0 STEP
1 14 100 -223.015 -403.335 0 1 0 -0.211 0 0.977 0.977 0 0.211 32525.dat
1 0 80.006 -320.729 -424.46 -1 0 0 0 -0.073 0.997 0 0.997 0.073 6558.dat
0 STEP
1 0 80 -346.006 -327.706 0 1 0 -0.968 0 -0.253 -0.253 0 0.968 32525.dat
0 STEP
1 14 60 -223.015 -403.335 0 1 0 -0.211 0 0.977 0.977 0 0.211 32525.dat
1 0 80 -371.257 -230.947 1 0 0 0 0.994 0.108 0 -0.108 0.994 32062.dat
0 STEP
1 0 80 -125.475 -382.063 -1 0 0 0 0.659 -0.751 0 -0.751 -0.659 2950.dat
1 0 80 -128.194 -421.924 -1 0 0 0 0.364 -0.93 0 -0.93 -0.364 32062.dat
0 STEP
1 0 78 -125.475 -382.063 -1 0 0 0 0.346 -0.938 0 -0.938 -0.346 3706.dat
0 STEP
1 71 125 -125.475 -382.063 0 0 1 -0.938 0.346 0 -0.346 -0.938 0 32123a.dat
1 71 35 -125.475 -382.063 0 0 1 -0.938 0.346 0 -0.346 -0.938 0 32123a.dat







0 FILE 8419 - Sub09.ldr
0 Sub09
0 Name: 8419 - Sub09.ldr
0 Author: Marc Giraudet [Mad_Marc]
0 !LDRAW_ORG Model
0 !LICENSE Redistributable under CCAL version 2.0 : see CAreadme.txt
1 0 0 0 0 0 1 0 1 0 0 0 0 -1 41239.dat
1 72 -10 0 -100 -1 0 0 0 1 0 0 0 -1 32002.dat
1 72 -10 0 100 -1 0 0 0 1 0 0 0 -1 32002.dat
0 STEP
1 1 -10 0 -40 -1 0 0 0 1 0 0 0 -1 43093.dat
1 1 -10 0 40 -1 0 0 0 1 0 0 0 -1 43093.dat
0 STEP
1 0 -15 0 -40 0 -1 0 -1 0 0 0 0 -1 32250.dat
1 0 -15 0 40 0 1 0 -1 0 0 0 0 1 32250.dat
0 STEP
1 0 -25 0 -40 0 1 0 0 0 -1 -1 0 0 6632.dat
1 0 -25 0 40 0 1 0 0 0 -1 -1 0 0 6632.dat
0 STEP
1 0 -20 -20 -40 1 0 0 0 1 0 0 0 1 6558.dat
1 0 -20 -20 40 1 0 0 0 1 0 0 0 1 6558.dat
0 STEP
1 0 -40 -40 -40 0 0 1 0 1 0 -1 0 0 6536.dat
1 0 -40 -40 40 0 0 1 0 1 0 -1 0 0 6536.dat
0 STEP
1 0 15 0 120 -1 0 0 0 1 0 0 0 -1 32209.dat
1 14 40 0 120 0 0 -1 -1 0 0 0 1 0 32007.dat
1 71 20 0 120 0 0 1 0 1 0 -1 0 0 3713.dat
1 0 15 0 -120 -1 0 0 0 1 0 0 0 -1 32209.dat
1 14 40 0 -120 0 0 -1 -1 0 0 0 1 0 32007.dat
1 71 20 0 -120 0 0 1 0 1 0 -1 0 0 3713.dat



0 FILE 8419 - Sub10.ldr
0 Sub10
0 Name: 8419 - Sub10.ldr
0 Author: Marc Giraudet [Mad_Marc]
0 !LDRAW_ORG Model
0 !LICENSE Redistributable under CCAL version 2.0 : see CAreadme.txt
1 71 -80 0 -20 0 0 1 -1 0 0 0 -1 0 40490.dat
1 0 -140 0 -40 0 0 1 0 1 0 -1 0 0 6558.dat
1 0 -20 0 -40 0 0 1 0 1 0 -1 0 0 6558.dat
0 STEP
1 71 -80 0 -40 0 0 1 -1 0 0 0 -1 0 32524.dat
0 STEP
1 71 -80 0 -60 0 0 1 -1 0 0 0 -1 0 40490.dat
1 71 0 0 -40 0 0 1 0 1 0 -1 0 0 32073.dat
0 STEP
1 0 0 0 0 0 0 1 0 1 0 -1 0 0 6536.dat
1 0 0 0 -80 0 0 1 0 1 0 -1 0 0 6536.dat



0 FILE 8419 - Sub13.ldr
0 Sub13
0 Name: 8419 - Sub13.ldr
0 Author: Marc Giraudet [Mad_Marc]
0 !LDRAW_ORG Model
0 !LICENSE Redistributable under CCAL version 2.0 : see CAreadme.txt
1 71 0 0 0 -1 0 0 0 1 0 0 0 -1 32073.dat
1 0 0 0 0 -1 0 0 0 0 1 0 1 0 6536.dat
0 STEP
1 0 -20 0 0 0 1 0 -1 0 0 0 0 1 32140.dat
1 0 20 0 0 0 1 0 -1 0 0 0 0 1 32140.dat



0 FILE 8419 - Sub15.ldr
0 Sub15
0 Name: 8419 - Sub15.ldr
0 Author: Marc Giraudet [Mad_Marc]
0 !LDRAW_ORG Model
0 !LICENSE Redistributable under CCAL version 2.0 : see CAreadme.txt
1 71 0 0 0 -1 0 0 0 1 0 0 0 -1 4519.dat
1 71 -5 -20 0 0 -1 0 0 0 1 -1 0 0 41677.dat
1 71 5 -20 0 0 -1 0 0 0 1 -1 0 0 41677.dat
0 STEP
1 71 0 -20 0 -1 0 0 0 1 0 0 0 -1 44294.dat
0 STEP
1 0 20 -20 0 0 0 -1 0 1 0 1 0 0 3713.dat
1 0 -20 -20 0 0 0 1 0 1 0 -1 0 0 3713.dat
0 STEP
1 0 0 60 -20 1 0 0 0 1 0 0 0 1 6558.dat
1 0 0 60 0 1 0 0 0 1 0 0 0 1 6558.dat
1 0 -20 0 0 0 -1 0 0 0 1 -1 0 0 32140.dat
0 STEP
1 71 0 60 -60 0 1 0 -1 0 0 0 0 1 32140.dat
0 STEP
1 0 20 0 0 0 -1 0 0 0 1 -1 0 0 32140.dat
0 STEP
1 0 40 0 0 1 0 0 0 -1 0 0 0 -1 32184.dat
1 0 -40 0 0 1 0 0 0 -1 0 0 0 -1 32184.dat
1 1 30 20 0 1 0 0 0 -1 0 0 0 -1 43093.dat
1 1 -30 20 0 -1 0 0 0 -1 0 0 0 1 43093.dat
0 STEP
1 0 55 -20 20 0 -1 0 -1 0 0 0 0 -1 41677.dat
1 0 65 -20 20 0 -1 0 -1 0 0 0 0 -1 41677.dat
1 0 -55 -20 20 0 -1 0 -1 0 0 0 0 -1 41677.dat
1 0 -65 -20 20 0 -1 0 -1 0 0 0 0 -1 41677.dat
1 1 70 -20 20 -1 0 0 0 -1 0 0 0 1 43093.dat
1 1 -70 -20 20 1 0 0 0 -1 0 0 0 -1 43093.dat



0 FILE 8419 - Sub16.ldr
0 Sub16
0 Name: 8419 - Sub16.ldr
0 Author: Marc Giraudet [Mad_Marc]
0 !LDRAW_ORG Model
0 !LICENSE Redistributable under CCAL version 2.0 : see CAreadme.txt
1 71 0 -20 50 0.707 -0.707 0 -0.707 -0.707 0 0 0 -1 6538b.dat
1 71 0 -20 20 0.707 -0.707 0 -0.707 -0.707 0 0 0 -1 3713.dat
1 0 0 -20 10 0 -0.707 0.707 0 -0.707 -0.707 1 0 0 3705.dat
0 STEP
1 14 0 0 0 -1 0 0 0 -1 0 0 0 1 6536.dat
0 STEP
1 71 0 -20 -13 -0.707 -0.707 0 0.707 -0.707 0 0 0 1 32198.dat



0 FILE 8419 - Sub20.ldr
0 Sub20
0 Name: 8419 - Sub20.ldr
0 Author: Marc Giraudet [Mad_Marc]
0 !LDRAW_ORG Model
0 !LICENSE Redistributable under CCAL version 2.0 : see CAreadme.txt
1 14 -5 -5.497 -7.782 0 1 0 -0.707 0 0.707 0.707 0 0.707 32449.dat
1 14 -15 -5.497 -7.782 0 1 0 -0.707 0 0.707 0.707 0 0.707 32449.dat
0 STEP
1 71 -10 15.716 13.431 -1 0 0 0 0.707 -0.707 0 -0.707 -0.707 4519.dat
1 71 -10 -26.711 -28.995 -1 0 0 0 0.707 -0.707 0 -0.707 -0.707 4519.dat
0 STEP
1 14 10 15.716 13.431 0 1 0 -0.707 0 0.707 0.707 0 0.707 32140.dat
1 14 -30 15.716 13.431 0 1 0 -0.707 0 0.707 0.707 0 0.707 32140.dat
0 STEP
1 14 -25 -26.711 -28.995 0 -1 0 -0.707 0 -0.707 0.707 0 -0.707 32250.dat
1 71 20 44 70 -1 0 0 0 0.707 -0.707 0 -0.707 -0.707 3673.dat
1 71 -40 44 70 -1 0 0 0 0.707 -0.707 0 -0.707 -0.707 3673.dat
0 STEP
1 71 -10 -54.995 -0.711 -1 0 0 0 0.707 -0.707 0 -0.707 -0.707 4519.dat
1 0 -10 -83.279 -85.563 -1 0 0 0 0.707 -0.707 0 -0.707 -0.707 32062.dat
1 0 -10 -40.853 -43.137 1 0 0 0 0.707 0.707 0 -0.707 0.707 6558.dat
0 STEP
1 14 -10 15.709 41.705 1 0 0 0 0.707 0.707 0 -0.707 0.707 8419 - Sub20Sub6.ldr
0 STEP
1 14 -10 -111.563 -226.985 0 -1 0 0.99 0 -0.139 0.139 0 0.99 6629.dat
0 STEP
1 0 -10 -54.995 -57.279 -1 0 0 0 -0.883 0.469 0 0.469 0.883 3705.dat
1 71 -10 -54.995 -57.279 0 0 -1 -0.469 -0.883 0 -0.883 0.469 0 3647.dat
0 STEP
1 14 5 -26.711 -28.995 0 -1 0 -0.707 0 -0.707 0.707 0 -0.707 32250.dat
0 STEP
1 14 15 -33.782 -21.924 0 -1 0 0.707 0 -0.707 0.707 0 0.707 32449.dat



0 FILE 8419 - Sub20Sub6.ldr
0 Sub20Sub6
0 Name: 8419 - Sub20Sub6.ldr
0 Author: Marc Giraudet [Mad_Marc]
0 !LDRAW_ORG Model
0 !LICENSE Redistributable under CCAL version 2.0 : see CAreadme.txt
1 0 0 0 0 0 0 1 0 -1 0 1 0 0 32062.dat
1 71 0 0 -19.997 1 0 0 0 -1 0 0 0 -1 6538b.dat
1 0 0 0 -99.985 0 0 1 0 -1 0 1 0 0 3707.dat
0 STEP
1 71 0 0 -49.993 -1 0 0 0 -1 0 0 0 1 3713.dat
1 71 0 0 -64.99 -1 0 0 0 -1 0 0 0 1 32123a.dat
0 STEP
1 14 0 -19.997 -79.989 -1 0 0 0 1 0 0 0 -1 6536.dat
0 STEP
1 0 0 0 -109.984 1 0 0 0 1 0 0 0 1 4716.dat
1 14 0 19.997 -139.979 -1 0 0 0 -1 0 0 0 1 6536.dat
0 STEP
1 0 0 19.997 -139.979 -1 0 0 0 1 0 0 0 -1 32062.dat
1 71 0 0 -159.976 -1 0 0 0 -1 0 0 0 1 3713.dat



0 FILE 8419 - Sub23.ldr
0 Sub23
0 Name: 8419 - Sub23.ldr
0 Author: Marc Giraudet [Mad_Marc]
0 !LDRAW_ORG Model
0 !LICENSE Redistributable under CCAL version 2.0 : see CAreadme.txt
1 71 10 -4 30 -1 0 0 0 0.999 0.044 0 0.044 -0.999 4519.dat
1 71 40 -4 30 0 0 -1 -0.044 0.999 0 0.999 0.044 0 6538b.dat
0 STEP
1 71 5 -2.691 0.029 0 -1 0 -0.999 0 0.044 -0.044 0 -0.999 32449.dat
1 71 15 -2.691 0.029 0 -1 0 -0.999 0 0.044 -0.044 0 -0.999 32449.dat
0 STEP
1 71 -20 -4 30 0 0 -1 -0.044 0.999 0 0.999 0.044 0 6538b.dat
1 0 10 -1.4 -30 -1 0 0 0 0.999 0.044 0 0.044 -0.999 3705.dat
0 STEP
1 71 25 -51.029 -36.579 0 -1 0 0.131 0 0.991 -0.991 0 0.131 32063.dat
1 71 35 -1.403 -30.032 0 0 -1 -0.044 0.999 0 0.999 0.044 0 32123a.dat
0 STEP
1 71 10 -100.539 -43.1 0 0 -1 -0.713 0.701 0 0.701 0.713 0 3713.dat
1 0 10 -100.564 -43.109 -1 0 0 0 -0.701 -0.713 0 -0.713 0.701 3705.dat
0 STEP
1 71 -5 -51.029 -36.579 0 -1 0 0.131 0 0.991 -0.991 0 0.131 32063.dat
1 71 -15 -1.403 -30.032 0 0 -1 -0.044 0.999 0 0.999 0.044 0 32123a.dat
0 STEP
1 71 -50 -4 30 -1 0 0 0 0.999 0.044 0 0.044 -0.999 4519.dat
1 19 60 -4 30 -1 0 0 0 0.999 0.044 0 0.044 -0.999 3749.dat
0 STEP
1 0 -50 -4 130 0 -1 0 -1 0 0 0 0 -1 32525.dat
0 STEP
1 71 -70 -4 30 0 1 0 0.044 0 -0.999 -0.999 0 -0.044 33299.dat
0 STEP
1 71 -50 -4 210 -1 0 0 0 0.834 0.552 0 0.552 -0.834 4519.dat
1 71 -20 -4 210 0 0 -1 -0.552 0.834 0 0.834 0.552 0 6538b.dat
1 71 -70 -4 210 0 1 0 0.552 0 -0.834 -0.834 0 -0.552 33299.dat
0 STEP
1 71 -50 -40.845 107.999 0 -1 0 -0.999 0 -0.044 0.044 0 -0.999 40490.dat



0 FILE 8419 - Sub31.ldr
0 Sub31
0 Name: 8419 - Sub31.ldr
0 Author: Marc Giraudet [Mad_Marc]
0 !LDRAW_ORG Model
0 !LICENSE Redistributable under CCAL version 2.0 : see CAreadme.txt
1 71 20 -24 0 -1 0 0 0 -1 0 0 0 1 32073.dat
1 71 20 16 0 -1 0 0 0 -1 0 0 0 1 32073.dat
1 0 0 -4 0 1 0 0 0 -1 0 0 0 -1 32184.dat
0 STEP
1 0 20 -4 0 1 0 0 0 -1 0 0 0 -1 32184.dat
1 0 -40 -24 0 0 0 1 0 -1 0 1 0 0 32034.dat
1 0 -40 16 0 0 0 1 0 -1 0 1 0 0 32034.dat
0 STEP
1 71 -100 -24 0 -1 0 0 0 -1 0 0 0 1 32073.dat
1 71 -100 16 0 -1 0 0 0 -1 0 0 0 1 32073.dat
0 STEP
1 0 -80 -4 0 1 0 0 0 -1 0 0 0 -1 32184.dat
0 STEP
1 0 -100 -4 0 1 0 0 0 -1 0 0 0 -1 32184.dat
0 STEP
1 0 40 16 0 0 0 -1 0 -1 0 -1 0 0 3713.dat
1 0 -120 16 0 0 0 1 0 -1 0 1 0 0 3713.dat
1 72 20 -4 0 0 0 -1 0 -1 0 -1 0 0 32002.dat
1 72 -100 -4 0 0 0 -1 0 -1 0 -1 0 0 32002.dat
0 STEP
1 0 -40 -4 15 0 0 -1 -1 0 0 0 1 0 32065.dat



0 FILE 8419 - Sub37.ldr
0 Sub37
0 Name: 8419 - Sub37.ldr
0 Author: Marc Giraudet [Mad_Marc]
0 !LDRAW_ORG Model
0 !LICENSE Redistributable under CCAL version 2.0 : see CAreadme.txt
1 14 -5 0 0 0 -1 0 -1 0 0 0 0 -1 32056.dat
0 STEP
1 71 -30 -40 0 -1 0 0 0 1 0 0 0 -1 4519.dat
1 71 -30 0 0 -1 0 0 0 1 0 0 0 -1 4519.dat
1 71 -30 0 -40 -1 0 0 0 1 0 0 0 -1 4519.dat
0 STEP
1 14 -15 0 0 0 -1 0 -1 0 0 0 0 -1 32056.dat
0 STEP
1 14 -25 0 -70 0 -1 0 -1 0 0 0 0 -1 32449.dat
1 14 -35 0 -70 0 -1 0 -1 0 0 0 0 -1 32449.dat
0 STEP
1 0 -30 0 -80 1 0 0 0 1 0 0 0 1 6558.dat
0 STEP
1 14 -10 0 -60 0 -1 0 -1 0 0 0 0 -1 32140.dat
1 71 -30 0 -100 -1 0 0 0 1 0 0 0 -1 4519.dat
0 STEP
1 0 -40 0 -60 -1 0 0 0 1 0 0 0 -1 3705.dat
1 0 -25 -50 0 0 0 -1 0 -1 0 -1 0 0 6575.dat
1 0 -35 -50 0 0 0 -1 0 -1 0 -1 0 0 6575.dat
0 STEP
1 14 -30 0 140 0 1 0 -1 0 0 0 0 1 32009.dat
1 14 -50 0 -60 0 -1 0 -1 0 0 0 0 -1 32140.dat
1 0 -30 -70 0 -1 0 0 0 1 0 0 0 -1 3705.dat
1 0 -40 0 -20 -1 0 0 0 1 0 0 0 -1 3705.dat
0 STEP
1 14 -55 0 0 0 -1 0 -1 0 0 0 0 -1 32056.dat
1 14 -45 0 0 0 -1 0 -1 0 0 0 0 -1 32056.dat
1 19 -40 0 40 -1 0 0 0 -1 0 0 0 1 3749.dat
1 0 -40 0 100 -1 0 0 0 -1 0 0 0 1 4459.dat
0 STEP
1 0 -50 0 40 0 1 0 -1 0 0 0 0 1 32140.dat
1 0 -20 -130 0 0 1 0 0 0 1 1 0 0 2825.dat
1 0 -40 -130 0 0 -1 0 0 0 1 -1 0 0 2825.dat
0 STEP
1 72 -50 -90 0 1 0 0 0 -1 0 0 0 -1 32002.dat
1 72 -10 -90 0 -1 0 0 0 -1 0 0 0 1 32002.dat
1 1 -10 -130 0 -1 0 0 0 -0.999 0.044 0 0.044 0.999 43093.dat
1 1 -50 -130 0 1 0 0 0 -0.999 -0.044 0 0.044 -0.999 43093.dat
0 STEP
1 0 -60 -20 100 -1 0 0 0 -1 0 0 0 1 4459.dat
1 0 -5 -131.745 -39.96 0 1 0 -0.999 0 0.044 0.044 0 0.999 32017.dat
0 STEP
1 72 0 -20 -120 1 0 0 0 -0.943 -0.334 0 0.334 -0.943 32002.dat
1 72 -60 -20 -120 -1 0 0 0 -0.943 0.334 0 0.334 0.943 32002.dat
1 1 -10 -133.49 -79.925 -1 0 0 0 -0.999 0.044 0 0.044 0.999 43093.dat
1 1 -50 -133.49 -79.925 1 0 0 0 -0.999 -0.044 0 0.044 -0.999 43093.dat
1 0 -30 -133.49 -79.925 0 0 -1 -0.044 -0.999 0 -0.999 0.044 0 6538b.dat
0 STEP
1 0 -55 -131.745 -39.96 0 1 0 -0.999 0 0.044 0.044 0 0.999 32017.dat
1 0 5 -76.557 -99.972 0 1 0 -0.334 0 -0.943 -0.943 0 0.334 32065.dat
0 STEP
1 0 -65 -76.557 -99.972 0 1 0 -0.334 0 -0.943 -0.943 0 0.334 32065.dat
1 14 5 -90 0 0 1 0 0 0 1 1 0 0 32017.dat
1 14 -65 -90 0 0 1 0 0 0 1 1 0 0 32017.dat
1 0 -90 0 -60 -1 0 0 0 -1 0 0 0 1 32054.dat
1 0 -90 0 -20 -1 0 0 0 -1 0 0 0 1 32054.dat



0 FILE 8419 - Sub39.ldr
0 Sub39
0 Name: 8419 - Sub39.ldr
0 Author: Marc Giraudet [Mad_Marc]
0 !LDRAW_ORG Model
0 !LICENSE Redistributable under CCAL version 2.0 : see CAreadme.txt
1 71 0 29.073 112.475 0 -1 0 -0.422 0 -0.907 0.907 0 -0.422 2825.dat
1 71 20 -25.351 87.181 -1 0 0 0 0.429 -0.904 0 -0.904 -0.429 4519.dat
0 STEP
1 71 5 -25.351 87.181 0 1 0 0.904 0 0.429 0.429 0 -0.904 41677.dat
0 STEP
1 0 20 -16.51 146.578 0 1 0 0.989 0 -0.147 -0.147 0 -0.989 32524.dat
0 STEP
1 71 35 -25.351 87.181 0 1 0 0.904 0 0.429 0.429 0 -0.904 41677.dat
0 STEP
1 71 40 29.073 112.475 0 1 0 0.422 0 -0.907 -0.907 0 -0.422 2825.dat



0 FILE 8419 - Sub41.ldr
0 Sub41
0 Name: 8419 - Sub41.ldr
0 Author: Marc Giraudet [Mad_Marc]
0 !LDRAW_ORG Model
0 !LICENSE Redistributable under CCAL version 2.0 : see CAreadme.txt
1 71 20 0 0 1 0 0 0 1 0 0 0 1 4519.dat
1 14 0 0 0 0 1 0 1 0 0 0 0 -1 32140.dat
0 STEP
1 0 20 0 -20 1 0 0 0 -1 0 0 0 -1 6558.dat
1 0 20 0 -60 1 0 0 0 -1 0 0 0 -1 6558.dat
0 STEP
1 14 20 0 -60 0 1 0 1 0 0 0 0 -1 32316.dat
0 STEP
1 71 20 0 -100 -1 0 0 0 0.998 -0.066 0 -0.066 -0.998 32556.dat






