0 FILE 852 - main.ldr
0 main
0 Name: 852 - main.ldr
0 Author: Allard van Efferen (rabbitdesign.nl)
0 !LDRAW_ORG Official Model
0 !LICENSE Redistributable under CCAL version 2.0 : see CAreadme.txt
0 !THEME Technic
0 ROTATION CENTER 0 0 0 1 "Custom" 
0 ROTATION CONFIG 0 0
1 14 0 0 20 1 0 0 0 1 0 0 0 1 3030.dat
1 14 -30 -24 80 0 0 1 0 1 0 -1 0 0 3702.dat
1 14 30 -24 80 0 0 1 0 1 0 -1 0 0 3702.dat
1 14 -30 -24 -160 0 0 1 0 1 0 -1 0 0 3703.dat
1 14 30 -24 -160 0 0 1 0 1 0 -1 0 0 3703.dat
1 14 -50 -24 0 0 0 1 0 1 0 -1 0 0 3701.dat
1 14 50 -24 0 0 0 1 0 1 0 -1 0 0 3701.dat
1 7 -40 -14 20 1 0 0 0 1 0 0 0 1 3673.dat
1 7 40 -14 20 1 0 0 0 1 0 0 0 1 3673.dat
1 0 0 -14.196 -240.108 1 0 0 0 0.190809 -0.981627 0 0.981627 0.190809 3706.dat
1 7 50 -14.196 -240.108 0 0 -1 -0.981627 0.190809 0 0.190809 0.981627 0 3651.dat
1 7 -50 -14.196 -240.108 0 0 1 0.981627 0.190809 0 -0.190809 0.981627 0 3651.dat
1 14 10 -24 0 0 0 1 0 1 0 -1 0 0 3701.dat
1 14 -10 -24 0 0 0 1 0 1 0 -1 0 0 3701.dat
1 14 0 -48 -80 1 0 0 0 1 0 0 0 1 3001.dat
1 14 0 -32 -130 1 0 0 0 1 0 0 0 1 3710.dat
1 14 90 -24 -100 0 0 1 0 1 0 -1 0 0 3703.dat
1 14 -90 -24 -100 0 0 1 0 1 0 -1 0 0 3703.dat
1 0 0 -14 -20 1 0 0 0 1 0 0 0 1 3737.dat
1 7 70 -14 -20 0 0 -1 0 1 0 1 0 0 3713.dat
1 7 -70 -14 -20 0 0 1 0 1 0 -1 0 0 3713.dat
1 7 80 -14 -100 1 0 0 0 0.939693 -0.34202 0 0.34202 0.939693 3673.dat
1 7 -80 -14 -100 1 0 0 0 0.99863 -0.052336 0 0.052336 0.99863 3673.dat
1 14 70 -15.763 -77.934 0 0 1 -0.374607 0.927184 0 -0.927184 -0.374607 0 3701.dat
1 14 70 6.494 -86.925 0 0 1 -0.374607 0.927184 0 -0.927184 -0.374607 0 3701.dat
1 7 60 0.834 -63.286 1 0 0 0 0.920505 -0.390731 0 0.390731 0.920505 3673.dat
1 14 -70 -15.763 -77.934 0 0 1 -0.374607 0.927184 0 -0.927184 -0.374607 0 3701.dat
1 14 -70 6.494 -86.925 0 0 1 -0.374607 0.927184 0 -0.927184 -0.374607 0 3701.dat
1 7 -60 0.834 -63.286 1 0 0 0 0.920505 -0.390731 0 0.390731 0.920505 3673.dat
1 7 60 8.223 -109.222 1 0 0 0 0.866025 -0.5 0 0.5 0.866025 3673.dat
1 7 -60 8.223 -109.222 1 0 0 0 0.866025 -0.5 0 0.5 0.866025 3673.dat
1 0 110 -49 -237 1 0 0 0 0.992546 -0.121869 0 0.121869 0.992546 852 - lever-1.ldr
1 0 10 -49 -237 1 0 0 0 0.992546 -0.121869 0 0.121869 0.992546 852 - lever-1.ldr
1 0 70 -22.485 -230.347 0 0 -1 0.981627 -0.190809 0 -0.190809 -0.981627 0 852 - lever-2.ldr
1 0 -70 -22.485 -230.347 0 0 -1 0.981627 -0.190809 0 -0.190809 -0.981627 0 852 - lever-2.ldr
1 7 60 25 -248 1 0 0 0 1 0 0 0 1 3673.dat
1 7 -60 25 -248 1 0 0 0 1 0 0 0 1 3673.dat
1 0 80 -47 -296 1 0 0 0 0.707107 0.707107 0 -0.707107 0.707107 852 - frame-1.ldr
1 14 0 -32 -180 1 0 0 0 1 0 0 0 1 3029.dat
1 0 0 -14 -300 1 0 0 0 1 0 0 0 1 3705.dat
1 0 50 -27 -82 0 0 1 0.996195 -0.0871553 0 0.0871553 0.996195 0 852 - lever-3.ldr
1 0 -50 -27 -82 0 0 1 0.996195 -0.0871553 0 0.0871553 0.996195 0 852 - lever-3.ldr
1 14 0 -40 -160 0 0 1 0 1 0 -1 0 0 3020.dat
1 14 0 -48 -160 0 0 1 0 1 0 -1 0 0 3020.dat
1 14 0 -48 0 0 0 1 0 1 0 -1 0 0 3001.dat
1 14 -10 -72 0 0 0 1 0 1 0 -1 0 0 3701.dat
1 14 10 -72 0 0 0 1 0 1 0 -1 0 0 3701.dat
1 14 -50 -48 -20 0 0 1 0 1 0 -1 0 0 3004.dat
1 14 -50 -72 -20 0 0 1 0 1 0 -1 0 0 3700.dat
1 7 40 -14 100 1 0 0 0 1 0 0 0 1 3673.dat
1 7 40 -14 60 1 0 0 0 1 0 0 0 1 3673.dat
1 7 -40 -14 60 1 0 0 0 1 0 0 0 1 3673.dat
1 7 -40 -14 100 1 0 0 0 1 0 0 0 1 3673.dat
1 14 0 -32 -240 -1 0 0 0 1 0 0 0 -1 3020.dat
1 14 50 -32 -270 1 0 0 0 1 0 0 0 1 3623.dat
1 14 -50 -32 -270 1 0 0 0 1 0 0 0 1 3623.dat
1 14 60 -32 -290 1 0 0 0 1 0 0 0 1 3710.dat
1 14 -60 -32 -290 1 0 0 0 1 0 0 0 1 3710.dat
1 14 100 -32 -250 0 0 1 0 1 0 -1 0 0 3021.dat
1 14 -100 -32 -250 0 0 1 0 1 0 -1 0 0 3021.dat
1 14 80 -24 -270 1 0 0 0 1 0 0 0 1 3660.dat
1 14 50 -24 -270 1 0 0 0 1 0 0 0 1 3665b.dat
1 14 -50 -24 -270 1 0 0 0 1 0 0 0 1 3665b.dat
1 14 -80 -24 -270 1 0 0 0 1 0 0 0 1 3660.dat
1 0 90 -56 -270 -1 0 0 0 1 0 0 0 -1 3040a.dat
1 0 30 -56 -270 -1 0 0 0 1 0 0 0 -1 3040a.dat
1 0 -30 -56 -270 -1 0 0 0 1 0 0 0 -1 3040a.dat
1 0 -90 -56 -270 -1 0 0 0 1 0 0 0 -1 3040a.dat
1 0 0 -62 -100 0 0 1 0 1 0 -1 0 0 3706.dat
1 14 0 -72 -130 1 0 0 0 1 0 0 0 1 3700.dat
1 14 0 -72 -150 1 0 0 0 1 0 0 0 1 3700.dat
1 7 0 -62 -50 1 0 0 0 1 0 0 0 1 3648b.dat
1 14 0 -72 -70 1 0 0 0 1 0 0 0 1 3701.dat
1 14 0 -72 -90 1 0 0 0 1 0 0 0 1 3701.dat
1 7 0 -62 -110 1 0 0 0 1 0 0 0 1 3647.dat
1 14 0 -80 0 0 0 1 0 1 0 -1 0 0 3020.dat
1 14 0 -88 0 0 0 1 0 1 0 -1 0 0 3020.dat
1 14 0 -72 -180 1 0 0 0 1 0 0 0 1 3003.dat
1 14 0 -80 -160 0 0 1 0 1 0 -1 0 0 3020.dat
1 14 0 -88 -160 0 0 1 0 1 0 -1 0 0 3020.dat
1 14 0 -80 -80 -1 0 0 0 1 0 0 0 -1 3020.dat
1 14 0 -88 -80 -1 0 0 0 1 0 0 0 -1 3020.dat
1 7 100 -14 0 1 0 0 0 1 0 0 0 1 3673.dat
1 7 100 -14 -40 1 0 0 0 1 0 0 0 1 3673.dat
1 7 100 -14 -220 1 0 0 0 1 0 0 0 1 3673.dat
1 7 -100 -14 -220 1 0 0 0 1 0 0 0 1 3673.dat
1 7 -100 -14 -40 1 0 0 0 1 0 0 0 1 3673.dat
1 7 -100 -14 0 1 0 0 0 1 0 0 0 1 3673.dat
1 14 0 -112 -170 1 0 0 0 1 0 0 0 1 3039.dat
1 0 0 -118 -115 1 0 0 0 1 0 0 0 1 852 - driveline-1.ldr
1 0 0 -134 120 0 0 -1 0 1 0 1 0 0 852 - driveline-2.ldr
1 14 0 -120 0 0 0 1 0 1 0 -1 0 0 3020.dat
1 14 -10 -144 0 0 0 1 0 1 0 -1 0 0 3701.dat
1 14 10 -144 0 0 0 1 0 1 0 -1 0 0 3701.dat
1 7 20 -134 0 1 0 0 0 1 0 0 0 1 3673.dat
1 7 -20 -134 0 1 0 0 0 1 0 0 0 1 3673.dat
1 7 0 -134 -20 1 0 0 0 1 0 0 0 1 3673.dat
1 14 50 -48 -20 0 0 1 0 1 0 -1 0 0 3004.dat
1 14 50 -72 -20 0 0 1 0 1 0 -1 0 0 3700.dat
1 14 90 -48 -20 0 0 1 0 1 0 -1 0 0 3004.dat
1 14 90 -72 -20 0 0 1 0 1 0 -1 0 0 3700.dat
1 14 0 -120 -80 1 0 0 0 1 0 0 0 1 3068b.dat
1 14 0 -136 -150 0 0 1 0 1 0 -1 0 0 3002.dat
1 0 40 -62 -20 1 0 0 0 1 0 0 0 1 3737.dat
1 7 32 -62 -20 0 0 -1 0 1 0 1 0 0 3650a.dat
1 7 110 -62 -20 0 0 -1 0 1 0 1 0 0 3713.dat
1 7 -50 -62 -20 0 0 1 0 1 0 -1 0 0 3713.dat
1 7 0 -130 -80 1 0 0 0 0 1 0 -1 0 3648a.dat
1 7 130 -62 -20 0 0 1 0 1 0 -1 0 0 3736.dat
1 7 140 -62 -50 1 0 0 0 1 0 0 0 1 3673.dat
1 14 0 -144 -150 0 0 1 0 1 0 -1 0 0 3021.dat
1 0 100 -108 -180 1 0 0 0 1 0 0 0 1 852 - seat-1.ldr
1 0 -60 -108 -180 1 0 0 0 1 0 0 0 1 852 - seat-1.ldr
1 0 -110 -120 30 1 0 0 0 1 0 0 0 1 852 - driveline-3.ldr
1 0 -65 -236 -80 -1 0 0 0 -1 0 0 0 1 852 - driveline-5.ldr
1 0 20 -162 139 1 0 0 0 0.997564 -0.0697565 0 0.0697565 0.997564 852 - tail-1.ldr
1 14 50 -94.757 214.103 0 0 1 0.515038 0.857167 0 -0.857167 0.515038 0 3703.dat
1 14 -50 -94.757 214.103 0 0 1 0.515038 0.857167 0 -0.857167 0.515038 0 3703.dat
1 7 0 -114.188 127.405 0 1 0 -0.920505 0 -0.390731 -0.390731 0 0.920505 3712.dat
1 0 0 -125.912 155.021 0 0 1 0.390731 0.920505 0 -0.920505 0.390731 0 3705.dat
1 7 0 -102.468 99.79 1 0 0 0 0.920505 -0.390731 0 0.390731 0.920505 3326a.dat
1 7 0 -137.632 182.632 0 -1 0 -0.920505 0 0.390731 -0.390731 0 -0.920505 3712.dat
1 7 0 -149.354 210.251 -1 0 0 0 0.920505 0.390731 0 0.390731 -0.920505 3326a.dat
1 0 110 -65.199 3.395 1 0 0 0 0.438371 -0.898794 0 0.898794 0.438371 852 - lever-1.ldr
1 0 10 -65.199 3.395 1 0 0 0 0.438371 -0.898794 0 0.898794 0.438371 852 - lever-1.ldr
1 0 0 -241 -80 0 1 0 -1 0 0 0 0 1 3708.dat
1 1 0 -256 -80 1 0 0 0 1 0 0 0 1 3709b.dat
1 1 30 -280 -80 0 0 1 0 1 0 -1 0 0 3700.dat
1 1 -30 -280 -80 0 0 1 0 1 0 -1 0 0 3700.dat
1 7 0 -306 -80 1 0 0 0 0 -1 0 1 0 3713.dat
1 7 0 -334 -80 1 0 0 0 0 1 0 -1 0 3713.dat
1 1 0 -324 -80 1 0 0 0 1 0 0 0 1 3709b.dat
1 1 30 -348 -60 0 0 1 0 1 0 -1 0 0 3701.dat
1 0 60 -280 -80 0 0 1 1 0 0 0 1 0 852 - lever-4.ldr
1 0 -60 -280 -80 0 0 -1 1 0 0 0 -1 0 852 - lever-4.ldr
1 1 -30 -348 -100 0 0 1 0 1 0 -1 0 0 3701.dat
1 1 0 -356 -80 1 0 0 0 1 0 0 0 1 3709b.dat
1 7 40 -338 -40 1 0 0 0 1 0 0 0 1 3673.dat
1 7 -40 -338 -120 1 0 0 0 1 0 0 0 1 3673.dat
1 0 240 -350 -73 1 0 0 0 0.981627 -0.190809 0 0.190809 0.981627 852 - rotor-2.ldr
1 0 -240 -350 -87 -1 0 0 0 0.981627 -0.190809 0 -0.190809 -0.981627 852 - rotor-2.ldr
1 1 0 -364 -80 0 0 1 0 1 0 -1 0 0 3020.dat
1 0 0 -372 -160 0 0 1 0 1 0 -1 0 0 3034.dat
1 0 0 -372 0 0 0 1 0 1 0 -1 0 0 3034.dat
1 0 0 -380 -220 1 0 0 0 1 0 0 0 1 3032.dat
1 0 0 -380 60 1 0 0 0 1 0 0 0 1 3032.dat
1 0 -50 0 -1 1 0 0 0 1 0 0 0 1 852 - glider-3.ldr
0
0 FILE 852 - lever-1.ldr
0 lever-1
0 Name: 852 - lever-1.ldr
0 Author: Allard van Efferen (rabbitdesign.nl)
0 !LDRAW_ORG Official Model
0 !LICENSE Redistributable under CCAL version 2.0 : see CAreadme.txt
0 !THEME Technic
0 ROTATION CENTER 0 0 0 1 "Custom" 
0 ROTATION CONFIG 0 0
1 7 -60 72 0 1 0 0 0 1 0 0 0 1 3651.dat
1 7 -60 72 100 -1 0 0 0 1 0 0 0 -1 3651.dat
1 0 -60 72 50 0 0 -1 0 1 0 1 0 0 3706.dat
0
0 FILE 852 - lever-2.ldr
0 lever-2
0 Name: 852 - lever-2.ldr
0 Author: Allard van Efferen (rabbitdesign.nl)
0 !LDRAW_ORG Official Model
0 !LICENSE Redistributable under CCAL version 2.0 : see CAreadme.txt
0 !THEME Technic
0 ROTATION CENTER 0 0 0 1 "Custom" 
0 ROTATION CONFIG 0 0
1 0 -40 8 0 1 0 0 0 1 0 0 0 1 3707.dat
1 7 -10 8 0 0 0 1 0 1 0 -1 0 0 3713.dat
1 7 -110 8 0 0 0 1 0 1 0 -1 0 0 3713.dat
1 7 30 8 0 0 0 -1 0 1 0 1 0 0 3651.dat
0
0 FILE 852 - frame-1.ldr
0 frame-1
0 Name: 852 - frame-1.ldr
0 Author: Allard van Efferen (rabbitdesign.nl)
0 !LDRAW_ORG Official Model
0 !LICENSE Redistributable under CCAL version 2.0 : see CAreadme.txt
0 !THEME Technic
0 ROTATION CENTER 0 0 0 1 "Custom" 
0 ROTATION CONFIG 0 0
1 14 -90 16 0 0 0 1 0 1 0 -1 0 0 3701.dat
1 14 -70 16 0 0 0 1 0 1 0 -1 0 0 3701.dat
1 7 -80 26 0 1 0 0 0 1 0 0 0 1 3673.dat
1 14 -80 8 -40 0 0 -1 0 1 0 1 0 0 3020.dat
1 14 -80 8 40 0 0 -1 0 1 0 1 0 0 3020.dat
1 14 -80 16 -50 1 0 0 0 1 0 0 0 1 3660.dat
1 14 -90 16 60 0 0 1 0 1 0 -1 0 0 3700.dat
1 14 -70 16 60 0 0 1 0 1 0 -1 0 0 3700.dat
1 14 -80 -16 30 1 0 0 0 1 0 0 0 1 3039.dat
1 7 -60 26 60 1 0 0 0 1 0 0 0 1 3673.dat
1 7 -100 26 60 1 0 0 0 1 0 0 0 1 3673.dat
0
0 FILE 852 - lever-3.ldr
0 lever-3
0 Name: 852 - lever-3.ldr
0 Author: Allard van Efferen (rabbitdesign.nl)
0 !LDRAW_ORG Official Model
0 !LICENSE Redistributable under CCAL version 2.0 : see CAreadme.txt
0 !THEME Technic
0 ROTATION CENTER 0 0 0 1 "Custom" 
0 ROTATION CONFIG 0 0
1 0 -60 16 0 1 0 0 0 1 0 0 0 1 3707.dat
1 7 10 16 0 0 0 -1 0 1 0 1 0 0 3651.dat
1 7 -130 16 0 0 0 1 0 1 0 -1 0 0 3651.dat
0
0 FILE 852 - driveline-1.ldr
0 driveline-1
0 Name: 852 - driveline-1.ldr
0 Author: Allard van Efferen (rabbitdesign.nl)
0 !LDRAW_ORG Official Model
0 !LICENSE Redistributable under CCAL version 2.0 : see CAreadme.txt
0 !THEME Technic
0 ROTATION CENTER 0 0 0 1 "Custom" 
0 ROTATION CONFIG 0 0
1 7 0 16 3 1 0 0 0 1 0 0 0 1 3650a.dat
1 0 0 16 -5 0 0 -1 0 1 0 1 0 0 3705.dat
1 14 0 6 -15 1 0 0 0 1 0 0 0 1 3700.dat
1 14 0 6 25 1 0 0 0 1 0 0 0 1 3701.dat
1 14 0 6 -35 1 0 0 0 1 0 0 0 1 3700.dat
0
0 FILE 852 - driveline-2.ldr
0 driveline-2
0 Name: 852 - driveline-2.ldr
0 Author: Allard van Efferen (rabbitdesign.nl)
0 !LDRAW_ORG Official Model
0 !LICENSE Redistributable under CCAL version 2.0 : see CAreadme.txt
0 !THEME Technic
0 ROTATION CENTER 0 0 0 1 "Custom" 
0 ROTATION CONFIG 0 0
1 14 -150 22 0 0 0 -1 0 1 0 1 0 0 3700.dat
1 14 -130 22 0 0 0 -1 0 1 0 1 0 0 3700.dat
1 14 -110 22 0 0 0 -1 0 1 0 1 0 0 3700.dat
1 14 -90 22 0 0 0 -1 0 1 0 1 0 0 3700.dat
1 7 -170 32 0 0 0 -1 0 1 0 1 0 0 3647.dat
1 7 -50 32 0 0 0 -1 0 1 0 1 0 0 3712.dat
1 14 -190 22 0 0 0 1 0 1 0 -1 0 0 3701.dat
1 0 -120 32 0 1 0 0 0 1 0 0 0 1 3707.dat
0
0 FILE 852 - tail-1.ldr
0 tail-1
0 Name: 852 - tail-1.ldr
0 Author: Allard van Efferen (rabbitdesign.nl)
0 !LDRAW_ORG Official Model
0 !LICENSE Redistributable under CCAL version 2.0 : see CAreadme.txt
0 !THEME Technic
0 ROTATION CENTER 0 0 0 1 "Custom" 
0 ROTATION CONFIG 0 0
1 14 -50 8 0 0 0 1 0 1 0 -1 0 0 3703.dat
1 14 10 8 0 0 0 1 0 1 0 -1 0 0 3703.dat
1 14 -50 8 320 0 0 1 0 1 0 -1 0 0 3703.dat
1 14 10 8 320 0 0 1 0 1 0 -1 0 0 3703.dat
1 14 10 8 560 0 0 -1 0 1 0 1 0 0 3702.dat
1 14 -50 8 560 0 0 -1 0 1 0 1 0 0 3702.dat
1 14 -20 32 160 1 0 0 0 1 0 0 0 1 3031.dat
1 14 -20 32 480 1 0 0 0 1 0 0 0 1 3031.dat
1 14 -20 8 470 1 0 0 0 1 0 0 0 1 3700.dat
1 14 -20 8 490 1 0 0 0 1 0 0 0 1 3700.dat
1 14 -20 8 190 1 0 0 0 1 0 0 0 1 3700.dat
1 14 -20 8 130 1 0 0 0 1 0 0 0 1 3700.dat
1 14 -20 0 480 1 0 0 0 1 0 0 0 1 3020.dat
1 14 -20 0 160 1 0 0 0 1 0 0 0 1 3031.dat
1 7 20 18 -20 1 0 0 0 1 0 0 0 1 3673.dat
1 7 -60 18 -20 1 0 0 0 1 0 0 0 1 3673.dat
1 7 -60 18 200 1 0 0 0 1 0 0 0 1 3673.dat
1 7 20 18 200 1 0 0 0 1 0 0 0 1 3673.dat
1 14 -50 0 550 1 0 0 0 1 0 0 0 1 3024.dat
1 14 -50 0 600 0 0 1 0 1 0 -1 0 0 3023.dat
1 14 -50 0 520 0 0 1 0 1 0 -1 0 0 3023.dat
1 14 -50 0 630 1 0 0 0 1 0 0 0 1 3024.dat
1 14 -20 0 570 1 0 0 0 1 0 0 0 1 3710.dat
1 14 -20 8 570 1 0 0 0 1 0 0 0 1 3700.dat
1 14 -20 32 570 1 0 0 0 1 0 0 0 1 3710.dat
1 4 -50 -24 580 0 0 1 0 1 0 -1 0 0 3009.dat
1 4 -50 -48 580 0 0 1 0 1 0 -1 0 0 3010.dat
1 4 -50 -72 600 0 0 1 0 1 0 -1 0 0 3010.dat
1 4 -50 -96 600 0 0 1 0 1 0 -1 0 0 3004.dat
1 4 -50 -120 620 0 0 1 0 1 0 -1 0 0 3004.dat
1 4 -50 -96 630 1 0 0 0 1 0 0 0 1 3005.dat
1 4 -50 -48 630 1 0 0 0 1 0 0 0 1 3005.dat
1 0 -20 18 490 0 0 1 0 1 0 -1 0 0 3708.dat
1 0 -20 18 210 0 0 1 0 1 0 -1 0 0 3708.dat
1 7 -20 18 350 1 0 0 0 1 0 0 0 1 3712c03.dat
1 7 -20 18 590 1 0 0 0 1 0 0 0 1 3647.dat
1 7 -32 18 620 0 0 1 0.707107 0.707107 0 -0.707107 0.707107 0 3650a.dat
1 0 0 18 620 1 0 0 0 0.707107 -0.707107 0 0.707107 0.707107 3706.dat
1 0 12 53.786 584.573 0 -1 0 0.707107 0 0.707107 -0.707107 0 0.707107 852 - driveline-4.ldr
1 7 -10 18.138 620.293 0 0 -1 0.707107 0.707107 0 0.707107 -0.707107 0 3713.dat
1 7 -20 18 100 1 0 0 0 1 0 0 0 1 3712.dat
0
0 FILE 852 - seat-1.ldr
0 seat-1
0 Name: 852 - seat-1.ldr
0 Author: Allard van Efferen (rabbitdesign.nl)
0 !LDRAW_ORG Official Model
0 !LICENSE Redistributable under CCAL version 2.0 : see CAreadme.txt
0 !THEME Technic
0 ROTATION CENTER 0 0 0 1 "Custom" 
0 ROTATION CONFIG 0 0
1 0 -20 52 0 1 0 0 0 1 0 0 0 1 3003.dat
1 0 -20 28 0 1 0 0 0 1 0 0 0 1 3003.dat
1 0 -20 20 0 1 0 0 0 1 0 0 0 1 3031.dat
1 0 -20 -4 30 1 0 0 0 1 0 0 0 1 3010.dat
1 0 -20 -28 30 1 0 0 0 1 0 0 0 1 3010.dat
1 0 -20 -52 30 1 0 0 0 1 0 0 0 1 3010.dat
1 0 -30 -76 30 0 0 1 0 1 0 -1 0 0 3040a.dat
1 0 -10 -76 30 0 0 -1 0 1 0 1 0 0 3040a.dat
0
0 FILE 852 - driveline-3.ldr
0 driveline-3
0 Name: 852 - driveline-3.ldr
0 Author: Allard van Efferen (rabbitdesign.nl)
0 !LDRAW_ORG Official Model
0 !LICENSE Redistributable under CCAL version 2.0 : see CAreadme.txt
0 !THEME Technic
0 ROTATION CENTER 0 0 0 1 "Custom" 
0 ROTATION CONFIG 0 0
1 4 110 -32 -110 0 0 -1 0 1 0 1 0 0 3738.dat
1 4 110 -32 10 0 0 1 0 1 0 -1 0 0 3020.dat
1 4 110 -56 -140 1 0 0 0 1 0 0 0 1 3010.dat
1 4 110 -56 -80 1 0 0 0 1 0 0 0 1 3010.dat
1 4 110 -56 20 1 0 0 0 1 0 0 0 1 3004.dat
1 4 110 -56 40 -1 0 0 0 1 0 0 0 -1 3660.dat
1 4 110 -56 -170 1 0 0 0 1 0 0 0 1 3003.dat
1 4 110 -56 -30 0 0 -1 0 1 0 1 0 0 3001.dat
1 4 110 -64 -110 0 0 -1 0 1 0 1 0 0 3738.dat
1 4 110 -64 10 0 0 1 0 1 0 -1 0 0 3020.dat
1 4 110 -64 60 1 0 0 0 1 0 0 0 1 3023.dat
1 4 140 -64 -80 1 0 0 0 1 0 0 0 1 3024.dat
1 4 140 -64 -140 1 0 0 0 1 0 0 0 1 3024.dat
1 4 80 -64 -140 1 0 0 0 1 0 0 0 1 3024.dat
1 4 80 -64 -80 1 0 0 0 1 0 0 0 1 3024.dat
1 4 110 -88 -160 1 0 0 0 1 0 0 0 1 3039.dat
1 4 110 -88 40 -1 0 0 0 1 0 0 0 -1 3039.dat
1 4 110 -88 -140 1 0 0 0 1 0 0 0 1 3010.dat
1 4 110 -88 -80 1 0 0 0 1 0 0 0 1 3010.dat
1 4 110 -88 20 1 0 0 0 1 0 0 0 1 3004.dat
1 4 110 -88 -30 0 0 -1 0 1 0 1 0 0 3001.dat
1 4 110 -96 -90 0 0 -1 0 1 0 1 0 0 3738.dat
0
0 FILE 852 - driveline-4.ldr
0 driveline-4
0 Name: 852 - driveline-4.ldr
0 Author: Allard van Efferen (rabbitdesign.nl)
0 !LDRAW_ORG Official Model
0 !LICENSE Redistributable under CCAL version 2.0 : see CAreadme.txt
0 !THEME Technic
0 ROTATION CENTER 0 0 0 1 "Custom" 
0 ROTATION CONFIG 0 0
1 14 -50 -16 0 1 0 0 0 1 0 0 0 1 3709b.dat
1 14 -80 -24 -10 1 0 0 0 1 0 0 0 1 3024.dat
1 14 -20 -24 10 1 0 0 0 1 0 0 0 1 3024.dat
1 0 -130 -24 10 1 0 0 0 1 0 0 0 1 3666.dat
1 0 30 -24 -10 1 0 0 0 1 0 0 0 1 3666.dat
1 14 -50 -32 0 1 0 0 0 1 0 0 0 1 3709b.dat
1 7 -50 -42 0 1 0 0 0 0 1 0 -1 0 3713.dat
0
0 FILE 852 - driveline-5.ldr
0 driveline-5
0 Name: 852 - driveline-5.ldr
0 Author: Allard van Efferen (rabbitdesign.nl)
0 !LDRAW_ORG Official Model
0 !LICENSE Redistributable under CCAL version 2.0 : see CAreadme.txt
0 !THEME Technic
0 ROTATION CENTER 0 0 0 1 "Custom" 
0 ROTATION CONFIG 0 0
1 14 -65 4 0 1 0 0 0 1 0 0 0 1 3709b.dat
1 14 -95 -20 0 0 0 1 0 1 0 -1 0 0 3004.dat
1 14 -95 -44 0 0 0 1 0 1 0 -1 0 0 3004.dat
1 14 -35 -20 0 0 0 1 0 1 0 -1 0 0 3004.dat
1 14 -35 -44 0 0 0 1 0 1 0 -1 0 0 3004.dat
1 14 -95 -68 0 0 0 1 0 1 0 -1 0 0 3700.dat
1 14 -35 -68 0 0 0 1 0 1 0 -1 0 0 3700.dat
0 
1 7 -105 -58 0 1 0 0 0 1 0 0 0 1 3673.dat
1 7 -25 -58 0 1 0 0 0 1 0 0 0 1 3673.dat
0 
0
0 FILE 852 - rotor-2.ldr
0 rotor-2
0 Name: 852 - rotor-2.ldr
0 Author: Allard van Efferen (rabbitdesign.nl)
0 !LDRAW_ORG Official Model
0 !LICENSE Redistributable under CCAL version 2.0 : see CAreadme.txt
0 !THEME Technic
0 ROTATION CENTER 0 0 0 1 "Custom" 
0 ROTATION CONFIG 0 0
1 1 -170 8 10 0 0 1 0 1 0 -1 0 0 3701.dat
1 1 -190 8 30 0 0 1 0 1 0 -1 0 0 3700.dat
1 1 -180 0 30 1 0 0 0 1 0 0 0 1 3022.dat
1 1 -160 32 -10 1 0 0 0 1 0 0 0 1 3022.dat
1 0 -150 8 -20 0 0 -1 0 1 0 1 0 0 3665a.dat
1 0 -120 0 -10 1 0 0 0 1 0 0 0 1 3034.dat
1 1 -190 -8 10 0 0 -1 0 1 0 1 0 0 3710.dat
1 0 40 0 -10 1 0 0 0 1 0 0 0 1 3034.dat
1 0 200 0 -10 1 0 0 0 1 0 0 0 1 3034.dat
1 0 -40 8 -10 1 0 0 0 1 0 0 0 1 3034.dat
1 0 120 8 -10 1 0 0 0 1 0 0 0 1 3034.dat
1 0 280 8 -10 1 0 0 0 1 0 0 0 1 3034.dat
1 0 300 0 -10 1 0 0 0 1 0 0 0 1 3022.dat
1 4 340 0 -10 1 0 0 0 1 0 0 0 1 3022.dat
0
0 FILE 852 - lever-4.ldr
0 lever-4
0 Name: 852 - lever-4.ldr
0 Author: Allard van Efferen (rabbitdesign.nl)
0 !LDRAW_ORG Official Model
0 !LICENSE Redistributable under CCAL version 2.0 : see CAreadme.txt
0 !THEME Technic
0 ROTATION CENTER 0 0 0 1 "Custom" 
0 ROTATION CONFIG 0 0
1 0 -20 0 -10 1 0 0 0 1 0 0 0 1 3704.dat
1 7 -30 0 -10 0 0 1 0 1 0 -1 0 0 3651.dat
1 7 -10 0 -10 0 0 -1 0 1 0 1 0 0 3651.dat
1 7 -50 0 0 0 0 1 0 1 0 -1 0 0 3673.dat
1 7 10 0 -20 0 0 1 0 1 0 -1 0 0 3673.dat
0
0 FILE 852 - driveline-6.ldr
0 driveline-6
0 Name: 852 - driveline-6.ldr
0 Author: Allard van Efferen (rabbitdesign.nl)
0 !LDRAW_ORG Official Model
0 !LICENSE Redistributable under CCAL version 2.0 : see CAreadme.txt
0 !THEME Technic
0 ROTATION CENTER 0 0 0 1 "Custom" 
0 ROTATION CONFIG 0 0
1 0 0 -241 -80 0 1 0 -1 0 0 0 0 1 3708.dat
1 1 0 -256 -80 1 0 0 0 1 0 0 0 1 3709b.dat
1 1 30 -280 -80 0 0 1 0 1 0 -1 0 0 3700.dat
1 1 -30 -280 -80 0 0 1 0 1 0 -1 0 0 3700.dat
1 7 0 -306 -80 1 0 0 0 0 -1 0 1 0 3713.dat
1 7 0 -334 -80 1 0 0 0 0 1 0 -1 0 3713.dat
1 1 0 -324 -80 1 0 0 0 1 0 0 0 1 3709b.dat
1 1 30 -348 -60 0 0 1 0 1 0 -1 0 0 3701.dat
1 0 60 -280 -80 0 0 1 1 0 0 0 1 0 852 - lever-4.ldr
1 0 -60 -280 -80 0 0 -1 1 0 0 0 -1 0 852 - lever-4.ldr
1 1 -30 -348 -100 0 0 1 0 1 0 -1 0 0 3701.dat
1 1 0 -356 -80 1 0 0 0 1 0 0 0 1 3709b.dat
1 7 40 -338 -40 1 0 0 0 1 0 0 0 1 3673.dat
1 7 -40 -338 -120 1 0 0 0 1 0 0 0 1 3673.dat
0 
0
0 FILE 852 - glider-1.ldr
0 glider-1
0 Name: 852 - glider-1.ldr
0 Author: Allard van Efferen (rabbitdesign.nl)
0 !LDRAW_ORG Official Model
0 !LICENSE Redistributable under CCAL version 2.0 : see CAreadme.txt
0 !THEME Technic
0 ROTATION CENTER 0 0 0 1 "Custom" 
0 ROTATION CONFIG 0 0
1 0 -60 0 -50 0 1 0 -1 0 0 0 0 1 3706.dat
1 7 -60 -8 -50 1 0 0 0 0 1 0 -1 0 3713.dat
1 7 -60 52 -50 1 0 0 0 0 -1 0 1 0 3651.dat
1 7 -60 -52 -50 1 0 0 0 0 1 0 -1 0 3651.dat
1 0 -60 32 -122 0 0 1 -0.0174524 -0.999848 0 0.999848 -0.0174524 0 3706.dat
1 7 -60 32.908 -173.993 -1 0 0 0 -0.999848 -0.0174524 0 -0.0174524 0.999848 3651.dat
1 7 -60 32 -69.999 0 -1 0 -1 0 0 0 0 -1 3651.dat
1 7 -40 12 -49.999 0 0 1 -1 0 0 0 -1 0 3651.dat
1 0 160 0 -50 0 1 0 -1 0 0 0 0 1 3706.dat
1 7 160 -8 -50 1 0 0 0 0 1 0 -1 0 3713.dat
1 7 160 52 -50 1 0 0 0 0 -1 0 1 0 3651.dat
1 7 160 -52 -50 1 0 0 0 0 1 0 -1 0 3651.dat
1 0 160 32 -122 0 0 1 -0.0174524 -0.999848 0 0.999848 -0.0174524 0 3706.dat
1 7 160 32.908 -173.993 -1 0 0 0 -0.999848 -0.0174524 0 -0.0174524 0.999848 3651.dat
1 7 160 32 -69.999 0 -1 0 -1 0 0 0 0 -1 3651.dat
1 7 140 12 -49.999 0 0 -1 -1 0 0 0 1 0 3651.dat
1 0 50 12 -50 1 0 0 0 1 0 0 0 1 3737.dat
0
0 FILE 852 - glider-2.ldr
0 glider-2
0 Name: 852 - glider-2.ldr
0 Author: Allard van Efferen (rabbitdesign.nl)
0 !LDRAW_ORG Official Model
0 !LICENSE Redistributable under CCAL version 2.0 : see CAreadme.txt
0 !THEME Technic
0 ROTATION CENTER 0 0 0 1 "Custom" 
0 ROTATION CONFIG 0 0
1 0 -60 0 -50 0 1 0 -1 0 0 0 0 1 3706.dat
1 7 -60 12 -50 1 0 0 0 0 1 0 -1 0 3713.dat
1 7 -60 52 -50 1 0 0 0 0 -1 0 1 0 3651.dat
1 7 -60 -52 -50 1 0 0 0 0 1 0 -1 0 3651.dat
1 7 -40 32 -49.999 0 0 1 -1 0 0 0 -1 0 3651.dat
1 0 160 0 -50 0 1 0 -1 0 0 0 0 1 3706.dat
1 7 160 12 -50 1 0 0 0 0 1 0 -1 0 3713.dat
1 7 160 52 -50 1 0 0 0 0 -1 0 1 0 3651.dat
1 7 160 -52 -50 1 0 0 0 0 1 0 -1 0 3651.dat
1 7 140 32 -49.999 0 0 -1 -1 0 0 0 1 0 3651.dat
1 0 50 32 -50 1 0 0 0 1 0 0 0 1 3737.dat
0
0 FILE 852 - glider-3.ldr
0 glider-3
0 Name: 852 - glider-3.ldr
0 Author: Allard van Efferen (rabbitdesign.nl)
0 !LDRAW_ORG Official Model
0 !LICENSE Redistributable under CCAL version 2.0 : see CAreadme.txt
0 !THEME Technic
0 ROTATION CENTER 0 0 0 1 "Custom" 
0 ROTATION CONFIG 0 0
1 1 180 92 -15 0 0 1 0 1 0 -1 0 0 3703.dat
1 1 -80 92 -15 0 0 1 0 1 0 -1 0 0 3703.dat
1 7 -70 102 -134 1 0 0 0 1 0 0 0 1 3673.dat
1 7 170 102 -134 1 0 0 0 1 0 0 0 1 3673.dat
1 7 170 102 86 1 0 0 0 1 0 0 0 1 3673.dat
1 7 -70 102 86 1 0 0 0 1 0 0 0 1 3673.dat
1 0 100 73.44 -216.544 -1 0 0 0 0.809017 0.587785 0 0.587785 -0.809017 852 - glider-1.ldr
1 1 180 84 -175 0 0 1 0 1 0 -1 0 0 3710.dat
1 1 -80 84 -175 0 0 1 0 1 0 -1 0 0 3710.dat
1 1 -80 92 -185 1 0 0 0 1 0 0 0 1 3665a.dat
1 1 180 92 -185 1 0 0 0 1 0 0 0 1 3665a.dat
1 0 0 14.428 82.206 1 0 0 0 0.809017 -0.587785 0 0.587785 0.809017 852 - glider-2.ldr
0 
0
0
