0 FILE 8527 - Main.ldr
0 Main
0 Name: 8527 - Main.ldr
0 Author: Cameron Brick [LegoManIAm94]
0 !LDRAW_ORG Model
0 !LICENSE Redistributable under CCAL version 2.0 : see CAreadme.txt
1 7 0 0 0 1 0 0 0 1 0 0 0 1 8527 - Tribot Base.ldr
1 71 10.0698 -68.981 -191.33 1 0 0 0 0.888946 -0.458011 0 0.458011 0.888946 44294.dat
0 STEP
1 71 -30.231 -68.981 -191.3299 0 0 1 0.458011 0.888946 0 -0.888946 0.458011 0 3648b.dat
1 71 49.7691 -68.981 -191.33 0 0 -1 -0.458011 0.888947 0 0.888946 0.458011 0 3648b.dat
0 STEP
1 7 -80 -54.2913 -197.154 1 0 0 0 0.906308 -0.422618 0 0.422618 0.906308 8527 - Whacker Attachment - Mount - Left.ldr
0 STEP
1 0 -39.9763 -42.1508 -245.1191 -1 0 0 0 0.999237 0.039052 0 0.039052 -0.999237 3705.dat
1 71 -29.9763 -42.1508 -245.1191 0 0 -1 -0.039052 0.999237 0 0.999237 0.039052 0 3648b.dat
0 STEP
1 72 0.0237 -42.1508 -245.1191 0 0 1 0.039052 0.999237 0 -0.999237 0.039052 0 6538b.dat
1 0 10.1399 -78.1357 -262.5861 0 0 1 -0.899624 0.436666 0 -0.436666 -0.899624 0 32034.dat
0 STEP
1 0 30.0237 -42.1509 -245.1191 0 0 -1 -0.039052 0.999237 0 0.999237 0.039052 0 32270.dat
1 71 50.0238 -42.1509 -245.1191 -1 0 0 0 0.999237 0.039052 0 0.039052 -0.999237 32073.dat
1 71 50.0238 -42.1509 -245.1191 0 0 1 0.039052 0.999237 0 -0.999237 0.039052 0 3648b.dat
0 STEP
1 0 10.1399 -87.5212 -267.1412 0 0.624961 0.780656 -0.899622 0.340891 -0.2729 -0.43667 -0.702295 0.562229 3705.dat
1 0 10.1398 -60.5325 -254.0411 0.780656 0.624961 0 -0.2729 0.340891 0.899622 0.562229 -0.702295 0.43667 32270.dat
0 STEP
1 7 100 -54.2913 -197.154 1 0 0 0 0.906308 -0.422618 0 0.422618 0.906308 8527 - Whacker Attachment - Mount - Right.ldr
0 STEP
1 7 3.0745 -84.2736 -273.3315 0.754709 0 -0.656059 -0.277262 0.906308 -0.318954 0.594592 0.422618 0.683999 8527 - Whacker Attachment - Blade.ldr
0 STEP
1 7 0 -299 120 1 0 0 0 1 0 0 0 1 8527 - Sound Sensor Attachment.ldr




0 FILE 8527 - Tribot Base.ldr
0 Tribot Base
0 Name: 8527 - Tribot Base.ldr
0 Author: Cameron Brick [LegoManIAm94]
0 !LDRAW_ORG Model
0 !LICENSE Redistributable under CCAL version 2.0 : see CAreadme.txt
1 1 80.0001 -199.8087 49.2995 -1 0 0 0 -0.727428 0.686184 0 0.686184 0.727427 43093.dat
1 0 80.0001 -138.3151 -118.6842 -1 0 0 0 0.686185 0.727428 0 0.727428 -0.686184 32062.dat
1 1 -59.9999 -199.8089 49.2997 1 0 0 0 0.727428 0.686184 0 -0.686184 0.727428 43093.dat
1 0 -59.9998 -138.3152 -118.6841 -1 0 0 0 0.686184 0.727428 0 0.727428 -0.686184 32062.dat
1 7 0 -40 -30 1 0 0 0 1 0 0 0 1 8527 - Tribot Base - Motors.ldr
0 STEP
1 71 90.0001 -138.3151 -118.6843 1 0 0 0 0.727428 0.686184 0 -0.686184 0.727428 6536.dat
1 0 90.0002 -130.6291 -139.683 0 -1 0 0.686184 0 -0.727428 0.727428 0 0.686184 2780.dat
1 71 -69.9998 -138.3152 -118.6841 1 0 0 0 0.727428 0.686184 0 -0.686184 0.727428 6536.dat
1 0 -69.9996 -130.6292 -139.6827 0 -1 0 0.686184 0 -0.727428 0.727428 0 0.686184 2780.dat
0 STEP
1 151 10.0002 -137.4908 -146.9572 0 0 1 0.727428 0.686184 0 -0.686184 0.727428 0 40490.dat
0 STEP
1 1 -9.9983 -117.5854 -173.3068 -0.000024 -1 0 0.999381 -0.000024 -0.035177 0.035177 0 0.999381 43093.dat
1 1 30.0017 -117.5845 -173.3067 -0.000024 -1 0 0.999381 -0.000024 -0.035177 0.035177 0 0.999381 43093.dat
0 STEP
1 0 70.0006 -77.8238 118.2731 0.000012 0.000021 -1 0.035192 -0.999381 -0.00002 -0.999381 -0.035192 -0.000013 2780.dat
1 0 110.0006 -77.8228 118.2732 0.000012 0.000021 -1 0.035192 -0.999381 -0.00002 -0.999381 -0.035192 -0.000013 2780.dat
1 0 -89.9995 -77.8281 118.2729 0 0.000024 1 -0.035202 -0.99938 0.000024 0.99938 -0.035202 0 2780.dat
1 0 -49.9995 -77.8266 118.2729 0 0.000024 -1 0.035202 -0.99938 -0.000024 -0.99938 -0.035202 0 2780.dat
1 1 -110.0003 -45.382 49.3728 0.000024 1 0 -0.99938 0.000024 -0.035213 -0.035213 0 0.99938 43093.dat
1 1 129.9999 -45.3763 49.373 0.000024 1 0 -0.99938 0.000024 -0.035213 -0.035213 0 0.99938 43093.dat
0 STEP
1 151 10.0006 -78.1775 128.2669 -0.000024 0 1 0.99938 -0.035201 0.000024 0.035201 0.99938 0 32525.dat
1 151 9.9997 -35.3853 49.725 0 0.000028 1 -0.035211 -0.99938 0.000028 0.99938 -0.035211 0 41239.dat
1 1 30.0006 -78.5295 138.2607 0 1 -0.000024 -0.035201 0.000024 0.99938 0.99938 0 0.035201 43093.dat
1 0 10.0006 -78.8817 148.2545 0 -1 0.000024 -0.035202 -0.000024 -0.99938 0.99938 0 -0.035202 32184.dat
1 1 -9.9994 -78.5304 138.2607 0 1 -0.000024 -0.035201 0.000024 0.99938 0.99938 0 0.035201 43093.dat
0 STEP
1 7 0 0 160 1 0 0 0 1 0 0 0 1 8527 - Tribot Base - Back Wheel.ldr
1 71 10.0001 -98.5492 147.5617 0 -1 0 0.035205 0 0.99938 -0.99938 0 0.035205 6590.dat
0 STEP
1 72 90.0001 -185.2602 35.5758 0 1 0 -0.686184 0 -0.727428 -0.727428 0 0.686184 32140.dat
1 1 80.0001 -185.2602 35.5758 1 0 0 0 0.727427 0.686185 0 -0.686185 0.727427 43093.dat
1 72 -70 -185.2603 35.5759 0 1 0 -0.686184 0 -0.727428 -0.727428 0 0.686184 32140.dat
1 1 -60 -185.2603 35.5759 -1 0 0 0 -0.727428 0.686184 0 0.686184 0.727428 43093.dat
0 STEP
1 0 100.0001 -242.6296 62.1983 -1 0 0 0 0.686185 0.727427 0 0.727427 -0.686185 2780.dat
1 0 100.0002 -228.9059 76.7469 -1 0 0 0 0.686185 0.727427 0 0.727427 -0.686185 2780.dat
1 0 -80.0001 -242.6297 62.1984 -1 0 0 0 0.686184 0.727428 0 0.727428 -0.686184 2780.dat
1 0 -80.0001 -228.906 76.7469 -1 0 0 0 0.686184 0.727428 0 0.727428 -0.686184 2780.dat
0 STEP
1 151 110 -270.077 33.1012 0 1 0 0.727428 0 -0.686185 -0.686185 0 -0.727427 32524.dat
1 0 110 -311.2481 -10.5444 -1 0 0 0 -0.727428 0.686184 0 0.686184 0.727428 32054.dat
1 0 109.9999 -297.5245 4.0042 -1 0 0 0 -0.727428 0.686184 0 0.686184 0.727428 32054.dat
1 0 -90.0004 -311.248 -10.5444 1 0 0 0 0.727428 0.686184 0 -0.686184 0.727428 32054.dat
1 151 -90.0001 -270.077 33.1013 0 1 0 0.727428 0 -0.686184 -0.686184 0 -0.727428 32524.dat
1 0 -90.0004 -297.5244 4.0042 1 0 0 0 0.727428 0.686184 0 -0.686184 0.727428 32054.dat
0 STEP
1 151 10 -234.433 12.8129 1 0 0 0 0.686184 -0.727428 0 0.727428 0.686184 53788.dat
0 STEP
1 71 151.1092 -70.4278 -91.5966 0.000064 0 1 -0.999999 0.00116 0.000064 -0.00116 -0.999999 0 56145.dat
1 0 151.3592 -70.4278 -91.5966 0 -0.000064 -1 -0.00116 1 -0.000064 0.999999 0.00116 0 55976.dat
1 71 -129.016 -70.4358 -91.5968 0.000024 0 -1 -0.99999 0.004599 -0.000024 0.004599 0.99999 0 56145.dat
1 0 -128.7659 -70.4358 -91.5968 0 -0.000024 -1 0.004599 0.999989 -0.000024 0.999989 -0.004599 0 55976.dat
1 47 -9 -378.362644 48.228392 -1 0 0 0 -0.686184 -0.727428 0 -0.727428 0.686184 8527 - cable1.ldr
1 47 -47 -378.362644 48.228392 1 0 0 0 0.686184 -0.727428 0 0.727428 0.686184 8527 - cable2.ldr
1 47 28.8775 -378.655499 46.867468 -1 0 0 0 -0.686 -0.727786 0 -0.727786 0.686 8527 - cable3.ldr




0 FILE 8527 - Tribot Base - Motors.ldr
0 Tribot Base - Motors
0 Name: 8527 - Tribot Base - Motors.ldr
0 Author: Cameron Brick [LegoManIAm94]
0 !LDRAW_ORG Model
0 !LICENSE Redistributable under CCAL version 2.0 : see CAreadme.txt
1 7 -80 0 30 1 0 0 0 1 0 0 0 1 8527 - Tribot Base - Motors - Left Motor.ldr
1 7 0 0 -70 1 0 0 0 1 0 0 0 1 8527 - Tribot Base - Motors - Center Motor.ldr
0 STEP
1 72 49.844 -68.294 -122.9675 0 -1 0 0.99938 0 -0.035201 0.035201 0 0.99938 32140.dat
0 STEP
1 7 100 0 30 1 0 0 0 1 0 0 0 1 8527 - Tribot Base - Motors - Right Motor.ldr




0 FILE 8527 - Tribot Base - Motors - Left Motor.ldr
0 Tribot Base - Motors - Left Motor
0 Name: 8527 - Tribot Base - Motors - Left Motor.ldr
0 Author: Cameron Brick [LegoManIAm94]
0 !LDRAW_ORG Model
0 !LICENSE Redistributable under CCAL version 2.0 : see CAreadme.txt
1 0 0.276 -30.4346 -91.5967 1 0.000024 0 0.000024 -0.999989 -0.004594 0 0.004594 -0.999989 3706.dat
1 71 50.2754 -30.9588 -91.3764 0 0 -1 0.999998 -0.002022 0 -0.002022 -0.999998 0 6590.dat
0 STEP
1 71 -24.5404 -30.4352 -91.5967 0 -0.004599 -0.999989 -0.004599 -0.999979 0.004599 -0.999989 0.004599 -0.000017 32123a.dat
1 0 -20 -16.0798 69.0081 1 0.000021 0 0.000021 -0.99938 0.035197 0 -0.035197 -0.99938 2780.dat
1 0 -20 -16.7841 88.9958 1 0.000021 0 0.000021 -0.99938 0.035197 0 -0.035197 -0.99938 2780.dat
1 0 40.0001 -16.0784 69.0082 1 0.000021 0 0.000021 -0.99938 0.035197 0 -0.035197 -0.99938 2780.dat
1 0 40.0001 -15.3741 49.0206 1 0.000021 0 0.000021 -0.99938 0.035197 0 -0.035197 -0.99938 2780.dat
1 151 10.0006 -30.4348 -91.5967 1 0 0 0 -0.99938 0.035198 0 -0.035198 -0.99938 53787.dat
0 STEP
1 72 -29.9999 -16.0803 69.0081 0.000024 0 -1 -0.99938 -0.035202 -0.000024 -0.035202 0.99938 0 42003.dat
0 STEP
1 0 20.0015 -72.5203 -33.0426 -1 -0.000024 0 -0.000024 0.789002 0.614391 0 0.614391 -0.789001 2780.dat
1 0 20.0015 -71.8161 -53.0302 -1 -0.000024 0 -0.000024 0.999381 0.035201 0 0.035201 -0.99938 2780.dat
0 STEP
1 72 30.0002 -43.4205 -60.4898 0 -1 0 -0.686184 0 0.727428 -0.727428 0 -0.686184 32009.dat
1 0 40.0015 -70.4076 -93.0054 -1 -0.000024 0 -0.000024 0.999381 0.035201 0 0.035201 -0.99938 2780.dat
0 STEP
1 71 89.844 -68.2938 -152.9675 -1 0 0 0 0.99938 0.035201 0 0.035201 -0.99938 32073.dat
1 72 49.844 -68.2937 -152.9676 0 -1 0 0.99938 0 -0.035201 0.035201 0 0.99938 32140.dat




0 FILE 8527 - Tribot Base - Motors - Center Motor.ldr
0 Tribot Base - Motors - Center Motor
0 Name: 8527 - Tribot Base - Motors - Center Motor.ldr
0 Author: Cameron Brick [LegoManIAm94]
0 !LDRAW_ORG Model
0 !LICENSE Redistributable under CCAL version 2.0 : see CAreadme.txt
1 0 -20 -13.2613 89.0578 1 0.000021 0 0.000021 -0.99938 0.0352 0 -0.0352 -0.99938 2780.dat
1 0 -20.0001 -11.8532 49.0826 1 0.000021 0 0.000021 -0.99938 0.0352 0 -0.0352 -0.99938 2780.dat
1 0 40 -11.8518 49.0827 1 0.000021 0 0.000021 -0.99938 0.035197 0 -0.035197 -0.99938 2780.dat
1 0 40 -13.2598 89.0579 1 0.000021 0 0.000021 -0.99938 0.035197 0 -0.035197 -0.99938 2780.dat
1 151 10.0005 -26.9119 -91.5346 1 0 0 0 -0.99938 0.035198 0 -0.035198 -0.99938 53787.dat
0 STEP
1 151 50 -13.9636 109.0455 -0.000024 -1 0 0.99938 -0.000024 -0.035201 0.035201 0 0.99938 32524.dat
1 151 -29.9999 -13.9661 109.0454 -0.000024 -1 0 0.99938 -0.000024 -0.035201 0.035201 0 0.99938 32524.dat
0 STEP
1 0 10.0014 -68.9992 -32.9799 1 -0.000024 0 0.000024 0.999381 -0.035193 0 0.035193 0.999381 6558.dat
0 STEP
1 72 -9.9986 -68.2957 -52.9675 -0.000024 0 1 0.99938 -0.035201 0.000024 0.035201 0.99938 0 42003.dat
1 72 30.0014 -68.2947 -52.9675 -0.000024 0 1 0.99938 -0.035201 0.000024 0.035201 0.99938 0 42003.dat




0 FILE 8527 - Tribot Base - Motors - Right Motor.ldr
0 Tribot Base - Motors - Right Motor
0 Name: 8527 - Tribot Base - Motors - Right Motor.ldr
0 Author: Cameron Brick [LegoManIAm94]
0 !LDRAW_ORG Model
0 !LICENSE Redistributable under CCAL version 2.0 : see CAreadme.txt
1 0 0.3798 -30.4311 -91.5964 1 0.000064 0 0.000064 -1 0 0 0 -1 3706.dat
1 71 -49.6207 -30.9588 -91.3736 0 0 1 1 -0.000752 0 0.000753 1 0 6590.dat
0 STEP
1 71 25.7464 -30.4295 -91.5965 0 0.00116 -0.999999 0.00116 -0.999999 -0.00116 -0.999999 -0.00116 0 32123a.dat
1 0 -39.9999 -16.0758 69.0083 1 0.000022 0 0.000022 -0.99938 0.035197 0 -0.035197 -0.99938 2780.dat
1 0 -40 -15.3715 49.0207 1 0.000022 0 0.000022 -0.99938 0.035197 0 -0.035197 -0.99938 2780.dat
1 0 20.0001 -16.7788 88.996 1 0.000021 0 0.000021 -0.99938 0.035197 0 -0.035197 -0.99938 2780.dat
1 0 20.0002 -16.0746 69.0084 1 0.000021 0 0.000021 -0.99938 0.035197 0 -0.035197 -0.99938 2780.dat
1 151 -9.9995 -30.431 -91.5966 1 0 0 0 -0.99938 0.035198 0 -0.035198 -0.99938 53787.dat
0 STEP
1 72 30.0001 -16.0746 69.0084 0.000024 0 -1 -0.99938 -0.035202 -0.000024 -0.035202 0.99938 0 42003.dat
0 STEP
1 0 -19.9986 -71.8127 -53.03 -1 -0.000023 0 -0.000023 0.789002 0.614391 0 0.614391 -0.789002 2780.dat
1 0 -19.9998 -72.5175 -33.0425 -1 0 0 0 0.789002 0.614391 0 0.614391 -0.789001 2780.dat
0 STEP
1 72 -29.9998 -43.4203 -60.49 0 -1 0 -0.686185 0 0.727427 -0.727427 0 -0.686185 32009.dat
1 0 -39.9987 -70.5123 -90.0063 1 0.000022 0 0.000022 -0.99938 0.035197 0 -0.035197 -0.99938 2780.dat




0 FILE 8527 - Tribot Base - Back Wheel.ldr
0 Tribot Base - Back Wheel
0 Name: 8527 - Tribot Base - Back Wheel.ldr
0 Author: Cameron Brick [LegoManIAm94]
0 !LDRAW_ORG Model
0 !LICENSE Redistributable under CCAL version 2.0 : see CAreadme.txt
1 72 30.0002 -28.5926 -9.9736 0 -1 0 -0.99938 0 0.035214 -0.035214 0 -0.99938 32316.dat
1 71 10.0002 -27.8883 -29.9612 0 0 1 -0.99938 0.035213 0 -0.035213 -0.99938 0 48989.dat
0 STEP
1 0 10.0001 -47.8759 -30.6654 0 0 1 -0.99938 0.035213 0 -0.035213 -0.99938 0 32184.dat
1 1 10.0002 -37.1778 -50.3009 0 -1 0 -0.99938 0 0.035211 -0.035211 0 -0.99938 43093.dat
0 STEP
1 71 10.0001 -68.5678 -11.3821 0 0 1 -0.99938 0.035213 0 -0.035213 -0.99938 0 32073.dat
1 71 10.0001 -63.4808 -11.2028 1 0 0 0 0.035213 0.99938 0 -0.99938 0.035213 32123a.dat
0 STEP
1 71 15.3931 -30.0011 30.0016 0 0 -1 -0.000036 1 0 1 0.000036 0 4185a.dat
1 71 10.0002 -30.0011 30.0016 1 0 0 0 1 0 0 0 1 4519.dat
1 71 5.1201 -30.0011 30.0016 0 0 1 0.000036 1 0 -1 0.000036 0 4185a.dat
0 STEP
1 72 -9.9998 -28.5926 -9.9736 0 -1 0 -0.99938 0 0.035213 -0.035213 0 -0.99938 32316.dat
0 STEP




0 FILE 8527 - Whacker Attachment - Mount - Left.ldr
0 Whacker Attachment - Mount - Left
0 Name: 8527 - Whacker Attachment - Mount - Left.ldr
0 Author: Cameron Brick [LegoManIAm94]
0 !LDRAW_ORG Model
0 !LICENSE Redistributable under CCAL version 2.0 : see CAreadme.txt
1 72 30.0238 -10.0209 -29.6967 0 1 0 -0.999879 0 -0.015562 -0.015562 0 0.999879 32140.dat
0 STEP
1 0 20.0238 -30.9521 29.985 1 0 0 0 0.999879 -0.015562 0 0.015562 0.999879 2780.dat
1 0 20.0238 -10.9546 30.2962 1 0 0 0 0.999879 -0.015562 0 0.015562 0.999879 2780.dat
1 0 20.0238 -10.3321 -9.699 1 0 0 0 0.999879 -0.015562 0 0.015562 0.999879 2780.dat
1 1 20.0238 -10.0208 -29.6966 1 0 0 0 0.015562 0.999879 0 -0.999879 0.015562 43093.dat
0 STEP
1 72 10.0238 -50.9497 29.6738 0 1 0 0.015562 0 -0.999879 -0.999879 0 -0.015562 32316.dat
0 STEP
1 0 20.0239 -50.9498 29.6738 1 0 0 0 0.999879 -0.015561 0 0.015561 0.999879 2780.dat
0 STEP
1 72 30.0239 -50.9498 29.6737 0 1 0 0.999879 0 0.015562 0.015562 0 -0.999879 32526.dat
0 STEP
1 72 10.0237 -10.0208 -29.6966 0 -1 0 -0.999879 0 0.015562 -0.015562 0 -0.999879 32523.dat
0 STEP
1 71 29.6592 -50.3273 -10.3215 1 0 0 0 0.999879 -0.015562 0 0.015562 0.999879 4519.dat
1 0 39.659 -49.7049 -50.3167 1 0 0 0 0.999879 -0.015562 0 0.015562 0.999879 3705.dat
1 0 9.6591 -50.0161 -30.3191 -1 0 0 0 -0.015562 0.999879 0 0.999879 0.015562 32184.dat
0 STEP
1 0 49.6591 -50.0161 -30.3192 1 0 0 0 -0.015562 -0.999879 0 0.999879 -0.015562 32184.dat
0 STEP
1 0 -9.9762 -90.9453 29.0515 1 -0.000034 -0.000036 0.000037 0.034798 0.999394 -0.000033 -0.999394 0.034798 32054.dat
1 151 -9.9879 -63.3497 166.3018 0.000077 1 -0.000086 -0.980379 0.000092 0.197122 0.197122 0.000069 0.980379 32278.dat
0 STEP
1 0 0 -35.7539 303.5544 1 0 0 0 0.918488 0.395448 0 -0.395448 0.918488 2780.dat




0 FILE 8527 - Whacker Attachment - Mount - Right.ldr
0 Whacker Attachment - Mount - Right
0 Name: 8527 - Whacker Attachment - Mount - Right.ldr
0 Author: Cameron Brick [LegoManIAm94]
0 !LDRAW_ORG Model
0 !LICENSE Redistributable under CCAL version 2.0 : see CAreadme.txt
1 72 -29.9763 -10.0207 -29.6969 0 1 0 -0.999879 0 -0.015562 -0.015562 0 0.999879 32140.dat
0 STEP
1 1 -19.9763 -10.0207 -29.6969 -1 0 0 0 -0.015562 0.999879 0 0.999879 0.015562 43093.dat
1 0 -19.9761 -10.3319 -9.6992 1 0 0 0 0.999879 -0.015562 0 0.015562 0.999879 2780.dat
1 0 -19.9761 -30.9521 29.9847 1 0 0 0 0.999879 -0.015562 0 0.015562 0.999879 2780.dat
1 0 -19.976 -10.9544 30.2959 1 0 0 0 0.999879 -0.015562 0 0.015562 0.999879 2780.dat
0 STEP
1 72 -9.9761 -50.9497 29.6736 0 1 0 0.015556 0 -0.999879 -0.999879 0 -0.015556 32316.dat
0 STEP
1 0 -19.9762 -50.9497 29.6733 1 0 0 0 0.999879 -0.015562 0 0.015562 0.999879 2780.dat
0 STEP
1 72 -29.9761 -50.9497 29.6734 0 1 0 0.999879 0 0.015562 0.015562 0 -0.999879 32526.dat
0 STEP
1 72 -9.9762 -10.0207 -29.6971 0 -1 0 -0.999879 0 0.015562 -0.015562 0 -0.999879 32523.dat
0 STEP
1 0 -39.8599 -49.7047 -50.3167 1 0 0 0 0.999879 -0.015562 0 0.015562 0.999879 3705.dat
1 71 -30.3408 -50.3272 -10.3216 -1 0 0 0 -0.999879 -0.015562 0 -0.015562 0.999879 4519.dat
1 0 -10.3407 -50.016 -30.3192 1 0 0 0 -0.015562 -0.999879 0 0.999879 -0.015562 32184.dat
0 STEP
1 0 -50.3408 -50.016 -30.3192 1 0 0 0 -0.015562 -0.999879 0 0.999879 -0.015562 32184.dat
0 STEP
1 0 10.0239 -90.9495 29.0463 -1 0 0 0 0.386903 0.922121 0 0.922121 -0.386903 32054.dat
1 151 10.0121 -63.3496 166.3017 0.000077 1 -0.000086 -0.980379 0.000092 0.197122 0.197122 0.000069 0.980379 32278.dat
0 STEP
1 0 0.0001 -35.7535 303.5542 1 0 0 0 0.918487 0.39545 0 -0.39545 0.918487 2780.dat




0 FILE 8527 - Whacker Attachment - Blade.ldr
0 Whacker Attachment - Blade
0 Name: 8527 - Whacker Attachment - Blade.ldr
0 Author: Cameron Brick [LegoManIAm94]
0 !LDRAW_ORG Model
0 !LICENSE Redistributable under CCAL version 2.0 : see CAreadme.txt
1 0 9.7991 -9.3761 0.0724 -0.999937 0.005541 -0.009791 -0.009723 0.012148 0.999879 0.005659 0.999911 -0.012093 32138.dat
0 STEP
1 72 -10.0039 -29.5681 0.4273 -0.00554 -0.009791 0.999937 -0.012149 0.999879 0.009723 -0.999911 -0.012094 -0.005658 32291.dat
1 72 29.9937 -29.1793 0.2009 -0.00554 -0.009791 0.999937 -0.012149 0.999879 0.009723 -0.999911 -0.012094 -0.005658 32291.dat
0 STEP
1 72 -10.0017 -29.5636 0.8074 0.00554 0.009791 0.999937 0.012149 -0.999879 0.009723 0.999911 0.012094 -0.005658 41678.dat
1 72 29.9894 -29.1891 -0.598 -0.005541 0.009792 -0.999937 -0.01215 -0.999879 -0.009724 -0.999911 0.012095 0.005659 41678.dat
1 0 -10.0017 -29.5636 0.8075 0.00554 -0.009791 -0.999937 0.012149 0.999879 -0.009723 0.999911 -0.012094 0.005658 32062.dat
1 0 29.9894 -29.1891 -0.5979 -0.00554 -0.009792 0.999937 -0.01215 0.999879 0.009724 -0.999911 -0.012095 -0.005658 32062.dat
0 STEP
1 0 -29.8472 -39.6354 11.0406 0.009792 0.005541 -0.999937 -0.999879 0.012148 -0.009724 0.012093 0.999911 0.005659 2780.dat
1 0 50.1417 -38.872 9.409 0.009792 0.005541 -0.999937 -0.999879 0.012148 -0.009724 0.012093 0.999911 0.005659 2780.dat
1 0 50.0309 -39.115 -10.5894 0.009792 0.005541 -0.999937 -0.999879 0.012148 -0.009724 0.012093 0.999911 0.005659 2780.dat
1 0 -29.9582 -39.8784 -8.9576 0.009792 0.005541 -0.999937 -0.999879 0.012148 -0.009724 0.012093 0.999911 0.005659 2780.dat
0 STEP
1 179 -29.8047 -49.7556 1.1625 0.999937 0.00979 -0.005541 0.009722 -0.999879 -0.012149 -0.005659 0.012094 -0.999911 50914.dat
1 179 50.184 -48.9923 -0.4692 -0.999937 0.009791 0.005541 -0.009723 -0.999879 0.01215 0.005659 0.012095 0.999911 50914.dat
0 STEP
0 STEP
0 STEP
0 STEP
0 STEP




0 FILE 8527 - Sound Sensor Attachment.ldr
0 Sound Sensor Attachment
0 Name: 8527 - Sound Sensor Attachment.ldr
0 Author: Cameron Brick [LegoManIAm94]
0 !LDRAW_ORG Model
0 !LICENSE Redistributable under CCAL version 2.0 : see CAreadme.txt
1 0 10 -98.3633 17.3862 1 0 0 0 0.686171 -0.72744 0 0.72744 0.686171 6558.dat
1 0 10.0001 -78.6552 20.7912 1 0 0 0 0.686171 -0.72744 0 0.72744 0.686171 6558.dat
1 72 10.0003 -15.3008 -16.974 0 1 0 -0.686171 0 -0.727441 -0.727441 0 0.686171 32348.dat
1 71 9.7334 -15.8633 -17.5703 1 0 0 0 0.686171 -0.72744 0 0.72744 0.686171 4519.dat
0 STEP
1 72 -9.9999 -58.9585 24.2612 0 1 0 0.171874 0 -0.985119 -0.985119 0 -0.171874 32526.dat
1 0 50.0003 -15.8633 -17.5702 0 0 1 -0.686171 0.72744 0 -0.72744 -0.686171 0 32013.dat
1 0 -29.9998 -15.8632 -17.5704 0 0 -1 -0.686171 -0.72744 0 -0.72744 0.686171 0 32013.dat
0 STEP
1 0 10 -137.768 10.5112 1 0 0 0 0.686171 -0.72744 0 0.72744 0.686171 6558.dat
1 0 10.0001 -130.893 -28.8936 1 0 0 0 0.686171 -0.72744 0 0.72744 0.686171 6558.dat
0 STEP
1 151 10 -134.1039 -9.153 1 0 0 0 0.987029 -0.160543 0 0.160543 0.987029 55963.dat
0 STEP
1 0 50.0002 -30.1367 -32.4957 0 0 1 -0.690117 0.723698 0 -0.723698 -0.690117 0 6558.dat
1 0 -29.9998 -30.1366 -32.4959 0 0 1 -0.690117 0.723698 0 -0.723698 -0.690117 0 6558.dat
1 72 30.0001 -58.9586 24.2612 0 1 0 0.171874 0 -0.985119 -0.985119 0 -0.171874 32526.dat





0 FILE 8527 - cable1.ldr
0 cable1
0 Name: 8527 - cable1.ldr
0 Author: Cameron Brick [LegoManIAm94]
0 !LDRAW_ORG Model
0 !LICENSE Redistributable under CCAL version 2.0 : see CAreadme.txt

0 !CATEGORY electric
0 !KEYWORDS flexible, mindstorms, nxt, cable

0 !THEME Mindstorms / NXT
0 !LDCAD CONTENT [type=path] [addFallBack=default] [looped=false] [displayKind=mm] [curveStep=0] [displayLenCor=0]
0 !LDCAD PATH_POINT [type=bezier] [posOri=0 0 14 0 0 -1 1 0 0 0 -1 0] [prevCPDist=25] [nextCPDist=25] [cirR=20] [cirDir=xyCW] [prevYRoll=0] [nextYRoll=0]
0 !LDCAD PATH_POINT [type=bezier] [posOri=0 -59.22169336 17.3721364 0 0 -1 -0.36927978 0.92931828 0 0.92931828 0.36927978 0] [prevCPDist=25] [nextCPDist=25] [cirR=20] [cirDir=xyCW] [prevYRoll=0] [nextYRoll=0]
0 !LDCAD PATH_POINT [type=bezier] [posOri=25 -135.93929476 -20.23662955 0 0 -1 -0.72742802 0.68618402 0 0.68618402 0.72742802 0] [prevCPDist=55] [nextCPDist=50] [cirR=20] [cirDir=xyCW] [prevYRoll=0] [nextYRoll=0]
0 !LDCAD PATH_POINT [type=bezier] [posOri=35 -93.18597814 -55.06699326 0 0 -1 0.72742802 -0.68618402 0 -0.68618402 -0.72742802 0] [prevCPDist=50] [nextCPDist=50] [cirR=20] [cirDir=xyCW] [prevYRoll=0] [nextYRoll=0]
0 !LDCAD PATH_POINT [type=bezier] [posOri=40 -146.85067537 -9.94382423 0 0 -1 -0.72742802 0.68618402 0 0.68618402 0.72742802 0] [prevCPDist=50] [nextCPDist=50] [cirR=20] [cirDir=xyCW] [prevYRoll=0] [nextYRoll=0]
0 !LDCAD PATH_POINT [type=bezier] [posOri=55 -93.18597814 -55.06699326 0 0 -1 0.72742802 -0.68618402 0 -0.68618402 -0.72742802 0] [prevCPDist=50] [nextCPDist=50] [cirR=20] [cirDir=xyCW] [prevYRoll=0] [nextYRoll=0]
0 !LDCAD PATH_POINT [type=bezier] [posOri=55 -144.10593931 -7.03411216 0 0 -1 -0.72742802 0.68618402 0 0.68618402 0.72742802 0] [prevCPDist=50] [nextCPDist=25] [cirR=20] [cirDir=xyCW] [prevYRoll=0] [nextYRoll=0]
0 !LDCAD PATH_POINT [type=bezier] [posOri=61.1235 -253.72187528 -116.19882756 0 0 -1 -0.7113655 -0.70282196 0 -0.70282196 0.7113655 0] [prevCPDist=25] [nextCPDist=25] [cirR=20] [cirDir=xyCW] [prevYRoll=0] [nextYRoll=0]

0 !LDCAD PATH_SKIN [donCol=0] [donOri=1 0 0 0 1 0 0 0 1] [donPart=8527 - ldcNxtWireSeg.dat] [donYSize=400%] [donCen=absCen] [donCenYOfs=0] [donFinScale=segMerge] [donPlace=refsStat] [donYAlign=0] [donInline=false] [segSize=100%] [segSizeTol=5%] [segsCnt=0] [segsGrp=0] [segsMaxMerge=0] [segsMrgAng=0] [segsMrgRollAng=0] [segsEdgeDelKind=keepFirstLeft]

0 !LDCAD PATH_CAP [group=start] [color=16] [posOri=0 0 0 1 0 0 0 1 0 0 0 1] [part=933c01.dat] [extraLen=0mm] [inlineRef=false]
0 !LDCAD PATH_CAP [group=end] [color=16] [posOri=61.123 -243.882 -126.158 1 0 0 0 0.711 -0.703 0 0.703 0.711] [part=933c01.dat] [extraLen=0mm] [inlineRef=false]

0 !LDCAD GENERATED [generator=LDCad 1.7 Alpha 1]
0 //This is the fallback LDraw content for above PATH configuration.
0 // Do not edit, any changes will be lost upon regeneration.
0 // The path is approx 309.12 mm (772.80) and exists out of 168 segments.

0 //Some general hints about the document.
0 UNOFFICIAL PART
0 BFC CERTIFY CCW

0 //Start cap reference(s)
1 16 0 0 0 1 0 0 0 1 0 0 0 1 933c01.dat

0 //End cap reference(s)
1 16 61.123 -243.882 -126.158 1 0 0 0 0.711 -0.703 0 0.703 0.711 933c01.dat

0 //Fixed color segments
0 // Skin meta #1 is using a static color.
0 // To ensure correct edge colors those segments are placed in (a) subpart(s).
1 0 0 0 0 1 0 0 0 1 0 0 0 1 8527 - cable1_subPart1.ldr





0 FILE 8527 - cable1_subPart1.ldr
0 cable1_subPart1
0 Name: 8527 - cable1_subPart1.ldr
0 Author: Cameron Brick [LegoManIAm94]
0 !LDRAW_ORG Model
0 !LICENSE Redistributable under CCAL version 2.0 : see CAreadme.txt

0 !LDCAD GENERATED [generator=LDCad 1.7 Alpha 1] [master=8527 - cable1.ldr]
0 //This is additional fallback LDraw content for the "8527 - cable1.ldr" PATH configuration.
0 // Do not edit, any changes will be lost upon regeneration.
0 // The path is approx 309.12 mm (772.80) and exists out of 168 segments.

0 //Some general hints about the document.
0 UNOFFICIAL PART
0 BFC CERTIFY CCW

0 //Segments
1 16 0 -0.35983295 17.9873651 0 0 -1 0.99595278 0.35988495 0 0.08987806 -3.98794138 0 8527 - ldcNxtWireSeg.dat
1 16 0 -1.63618311 21.77726619 0 0 -1 0.94771053 1.27784845 0 0.31913125 -3.79477232 0 8527 - ldcNxtWireSeg.dat
1 16 0 -4.06488947 24.94468317 0 0 -1 0.79378677 2.43530685 0 0.60819616 -3.17843895 0 8527 - ldcNxtWireSeg.dat
1 16 0 -7.4196845 27.10570752 0 0 -1 0.54213432 3.36465211 0 0.84029184 -2.17078553 0 8527 - ldcNxtWireSeg.dat
1 16 0 -11.2465611 28.25775835 0 0 -1 0.28863398 3.83372862 0 0.95743952 -1.15573289 0 8527 - ldcNxtWireSeg.dat
1 16 0 -15.22353712 28.70386076 0 0 -1 0.1115725 3.97914635 0 0.9937563 -0.44675268 0 8527 - ldcNxtWireSeg.dat
1 16 0 -19.22853347 28.65110312 0 0 -1 -0.01317115 4.00379972 0 0.99991326 0.05273922 0 8527 - ldcNxtWireSeg.dat
1 16 0 -23.21550641 28.25147021 0 0 -1 -0.09976111 3.98417204 0 0.99501142 0.39945814 0 8527 - ldcNxtWireSeg.dat
1 16 0 -27.17018285 27.60277485 0 0 -1 -0.16189379 3.9513251 0 0.98680819 0.64824654 0 8527 - ldcNxtWireSeg.dat
1 16 0 -31.0890936 26.76315132 0 0 -1 -0.20951614 3.91527576 0 0.97780519 0.83893345 0 8527 - ldcNxtWireSeg.dat
1 16 0 -34.97324225 25.77437838 0 0 -1 -0.24671579 3.88037038 0 0.96908788 0.9878863 0 8527 - ldcNxtWireSeg.dat
1 16 0 -38.82510906 24.66616855 0 0 -1 -0.27650594 3.8480342 0 0.96101221 1.10717044 0 8527 - ldcNxtWireSeg.dat
1 16 0 -42.6481136 23.46197605 0 0 -1 -0.30044623 3.81915047 0 0.95379875 1.20303088 0 8527 - ldcNxtWireSeg.dat
1 16 0 -50.21627261 20.82543153 0 0 -1 -0.32898875 7.56250314 0 0.94433384 2.63463864 0 8527 - ldcNxtWireSeg.dat
1 16 0 -57.70700261 17.97063889 0 0 -1 -0.35613728 7.48321946 0 0.93443365 2.85205208 0 8527 - ldcNxtWireSeg.dat
1 16 0.08356688 -61.4532705 16.5441213 0.00004476 -0.08353879 -0.99978234 -0.35585647 3.74122226 -0.01951331 0.93454062 1.42459499 -0.00738243 8527 - ldcNxtWireSeg.dat
1 16 0.55883676 -65.25026902 15.35863517 -0.00497815 -0.47517437 -0.9929212 -0.29857299 3.79520215 -0.11178303 0.95437382 1.18483904 -0.0401502 8527 - ldcNxtWireSeg.dat
1 16 1.4566819 -69.04251512 14.43246236 -0.01815736 -0.89757221 -0.97438304 -0.24126189 3.79083969 -0.21330274 0.97029017 0.92579273 -0.07127151 8527 - ldcNxtWireSeg.dat
1 16 2.70907417 -72.77869411 13.7088192 -0.0350247 -1.25176994 -0.94923286 -0.20132793 3.73406766 -0.29969553 0.97889751 0.72319038 -0.0956011 8527 - ldcNxtWireSeg.dat
1 16 4.23463669 -76.43604678 13.11395126 -0.05091436 -1.52449963 -0.92328341 -0.18097811 3.65456052 -0.36638341 0.98216834 0.59437524 -0.11537305 8527 - ldcNxtWireSeg.dat
1 16 5.95446387 -80.01487806 12.56963506 -0.06259016 -1.71835894 -0.90106448 -0.17939796 3.57557174 -0.41282692 0.9817835 0.54380412 -0.13287866 8527 - ldcNxtWireSeg.dat
1 16 7.79104255 -83.53195548 12.00244809 -0.06840809 -1.83484025 -0.88619469 -0.1935594 3.51361205 -0.43879419 0.97870072 0.56664381 -0.14872333 8527 - ldcNxtWireSeg.dat
1 16 9.68390893 -87.0039569 11.34866539 -0.06859446 -1.89100936 -0.8787848 -0.22061741 3.46852128 -0.4482964 0.9729454 0.65317479 -0.16360811 8527 - ldcNxtWireSeg.dat
1 16 11.57782159 -90.44700171 10.55924063 -0.06417763 -1.89205722 -0.87897777 -0.25644653 3.43965641 -0.44307314 0.96442543 0.78871851 -0.17630734 8527 - ldcNxtWireSeg.dat
1 16 13.42625783 -93.87001217 9.5950428 -0.05639515 -1.84667495 -0.8855071 -0.29881892 3.41977983 -0.42578119 0.95264203 0.96337488 -0.18597728 8527 - ldcNxtWireSeg.dat
1 16 15.18998977 -97.27556725 8.43155234 -0.04684383 -1.76209514 -0.896742 -0.34460463 3.40246149 -0.39899762 0.93757843 1.16252748 -0.19145413 8527 - ldcNxtWireSeg.dat
1 16 16.83402864 -100.65983579 7.05126973 -0.03652383 -1.64254388 -0.91125913 -0.39258269 3.38129187 -0.36439991 0.91899121 1.37916951 -0.19188407 8527 - ldcNxtWireSeg.dat
1 16 18.33753399 -104.01596223 5.45862772 -0.02718773 -1.50215948 -0.92656495 -0.43850069 3.35324449 -0.32620016 0.89831953 1.59137107 -0.18727211 8527 - ldcNxtWireSeg.dat
1 16 19.68060985 -107.33367769 3.65615934 -0.01884683 -1.34188568 -0.94198552 -0.4831979 3.31492794 -0.28485955 0.87530828 1.80105225 -0.17753399 8527 - ldcNxtWireSeg.dat
1 16 20.86212385 -110.6057355 1.66672365 -0.01254921 -1.18045353 -0.95547418 -0.52279793 3.26928508 -0.24505359 0.85236427 1.98783756 -0.16437099 8527 - ldcNxtWireSeg.dat
1 16 21.87337767 -113.82233916 -0.49935204 -0.00750773 -1.01030174 -0.96761633 -0.56018679 3.21378551 -0.20494173 0.82833229 2.16427048 -0.14736869 8527 - ldcNxtWireSeg.dat
1 16 22.72577075 -116.98067667 -2.81441617 -0.0042275 -0.85158004 -0.97711395 -0.59193973 3.15555593 -0.16896739 0.80597115 2.3131087 -0.12922207 8527 - ldcNxtWireSeg.dat
1 16 23.42559756 -120.0774805 -5.26025616 -0.00205515 -0.69913012 -0.98463703 -0.62009645 3.09398868 -0.13572464 0.78452289 2.4436949 -0.10985779 8527 - ldcNxtWireSeg.dat
1 16 23.97994339 -123.11074133 -7.82053449 -0.00072159 -0.55376366 -0.99039046 -0.64510116 3.03041454 -0.10521174 0.76409684 2.5579537 -0.08976202 8527 - ldcNxtWireSeg.dat
1 16 24.40593962 -126.0840971 -10.47407037 -0.00010718 -0.42553343 -0.99433697 -0.66585985 2.97051402 -0.07921699 0.74607684 2.65106797 -0.07084256 8527 - ldcNxtWireSeg.dat
1 16 24.70630112 -128.99549179 -13.21229759 0.00019167 -0.3000098 -0.99718917 -0.68511001 2.90854136 -0.05470912 0.72843959 2.73561234 -0.05119248 8527 - ldcNxtWireSeg.dat
1 16 24.8965676 -131.84993455 -16.01952479 0.00020474 -0.19002679 -0.99887324 -0.70118628 2.85162521 -0.03397956 0.71297809 2.80451727 -0.03313073 8527 - ldcNxtWireSeg.dat
1 16 24.98870756 -134.6515774 -18.88434543 0.00010929 -0.09200109 -0.999736 -0.71495107 2.7988512 -0.01614267 0.69917448 2.86202051 -0.01635064 8527 - ldcNxtWireSeg.dat
1 16 25.00732095 -137.37856182 -21.82160529 0.00003903 -0.01855876 -0.99998926 -0.73286079 2.72430626 -0.00318208 0.68037862 2.93445133 -0.00337017 8527 - ldcNxtWireSeg.dat
1 16 25.05538765 -139.93027033 -24.91143961 0 -0.04803948 -0.99992803 -0.77107262 2.54944596 -0.00763933 0.63674721 3.08726596 -0.00925089 8527 - ldcNxtWireSeg.dat
1 16 25.15454504 -142.25672954 -28.17251355 0 -0.09910386 -0.99969366 -0.81408906 2.32465622 -0.01437349 0.58074005 3.25873372 -0.02014895 8527 - ldcNxtWireSeg.dat
1 16 25.31111987 -144.31336129 -31.60776273 0 -0.15648764 -0.99923603 -0.85800488 2.05512498 -0.02007383 0.51364153 3.43295304 -0.03353203 8527 - ldcNxtWireSeg.dat
1 16 25.53370081 -146.03613428 -35.21814775 0 -0.22246959 -0.99845536 -0.90253004 1.72163005 -0.02392554 0.43062691 3.60828088 -0.05014438 8527 - ldcNxtWireSeg.dat
1 16 25.82664471 -147.37276121 -38.98316015 0 -0.2928297 -0.9973223 -0.94238534 1.33591784 -0.02446467 0.33452933 3.76334531 -0.06891815 8527 - ldcNxtWireSeg.dat
1 16 26.1980787 -148.23715599 -42.87668113 0 -0.37131559 -0.99569103 -0.97623621 0.86399635 -0.02009604 0.21670917 3.89214962 -0.09052907 8527 - ldcNxtWireSeg.dat
1 16 26.64894108 -148.56921743 -46.84251796 0 -0.45075985 -0.99364343 -0.99651485 0.3318851 -0.00939036 0.08341558 3.96482805 -0.11218091 8527 - ldcNxtWireSeg.dat
1 16 27.17991142 -148.2892593 -50.80164172 0 -0.53094739 -0.99116972 -0.99750829 -0.27999547 0.0093548 -0.07054934 3.95890023 -0.13226897 8527 - ldcNxtWireSeg.dat
1 16 27.7810503 -147.3773929 -54.65330041 0 -0.60123168 -0.98866289 -0.9731023 -0.91199115 0.03459109 -0.23037342 3.85227027 -0.1461135 8527 - ldcNxtWireSeg.dat
1 16 28.44028006 -145.81255579 -58.27835906 0 -0.65940551 -0.98634694 -0.91811994 -1.56518863 0.06526337 -0.39630264 3.62609467 -0.15119658 8527 - ldcNxtWireSeg.dat
1 16 29.13850769 -143.62837292 -61.55942657 0 -0.69843282 -0.98467004 -0.83243921 -2.18474993 0.09665306 -0.55411638 3.28211105 -0.14520018 8527 - ldcNxtWireSeg.dat
1 16 29.85365791 -140.90271149 -64.4021096 0 -0.71540985 -0.98390956 -0.72182615 -2.72657848 0.12365102 -0.69207443 2.84379187 -0.12896668 8527 - ldcNxtWireSeg.dat
1 16 30.56461666 -137.73071368 -66.73803256 0 -0.71117533 -0.98410101 -0.59300831 -3.17286422 0.14301067 -0.80519634 2.33674045 -0.10532403 8527 - ldcNxtWireSeg.dat
1 16 31.25187723 -134.20758272 -68.51176801 0 -0.68731233 -0.98515797 -0.44969342 -3.52335443 0.15331497 -0.89318298 1.77391346 -0.07718993 8527 - ldcNxtWireSeg.dat
1 16 31.89988489 -130.44356694 -69.71551437 0 -0.64793535 -0.98682094 -0.30460373 -3.76360346 0.15412644 -0.95247917 1.20360392 -0.04928978 8527 - ldcNxtWireSeg.dat
1 16 32.49485599 -126.53221473 -70.33796228 0 -0.59483721 -0.9889041 -0.15714715 -3.91051875 0.14670952 -0.9875752 0.6222583 -0.02334504 8527 - ldcNxtWireSeg.dat
1 16 33.02939209 -122.56376859 -70.4154774 0 -0.53440963 -0.99105366 -0.0195123 -3.96756908 0.13343863 -0.99980962 0.07743116 -0.00260419 8527 - ldcNxtWireSeg.dat
1 16 33.49847587 -118.60948991 -69.98338872 0 -0.46893256 -0.99311875 0.10863734 -3.95305783 0.11641859 -0.99408145 -0.43200655 0.01272271 8527 - ldcNxtWireSeg.dat
1 16 33.90018891 -114.72604426 -69.086391 0 -0.40152397 -0.99495956 0.2250782 -3.88173865 0.09770399 -0.9743407 -0.89670352 0.02257017 8527 - ldcNxtWireSeg.dat
1 16 34.23244404 -110.96115833 -67.75835033 0 -0.33208086 -0.99655502 0.3326787 -3.7630633 0.07821032 -0.94304024 -1.32750539 0.02759045 8527 - ldcNxtWireSeg.dat
1 16 34.50076444 -107.33859641 -66.06872938 0 -0.26816555 -0.99775486 0.42272085 -3.62065092 0.060694 -0.90625994 -1.68883622 0.02831044 8527 - ldcNxtWireSeg.dat
1 16 34.7075081 -103.87908793 -64.05840386 0 -0.2066035 -0.99866797 0.5024514 -3.45739588 0.04461138 -0.86460545 -2.00920939 0.02592518 8527 - ldcNxtWireSeg.dat
1 16 34.85532551 -100.59720778 -61.76406907 0 -0.14769023 -0.99931954 0.57298512 -3.27942884 0.03022912 -0.81956577 -2.29275548 0.02113416 8527 - ldcNxtWireSeg.dat
1 16 34.94923339 -97.49537026 -59.22849531 0 -0.09380973 -0.99972552 0.63291807 -3.09923494 0.01813851 -0.77421878 -2.53360141 0.0148281 8527 - ldcNxtWireSeg.dat
1 16 34.99385841 -94.57226624 -56.48737913 0 -0.04456689 -0.99993806 0.68405553 -2.9205638 0.00811869 -0.72942993 -2.73888928 0.00761366 8527 - ldcNxtWireSeg.dat
1 16 35.00315486 -91.83004767 -53.56511588 0 -0.00927375 -0.99999732 0.72923247 -2.73989447 0.00158478 -0.68426603 -2.91994622 0.00168893 8527 - ldcNxtWireSeg.dat
1 16 35.02650614 -89.32736768 -50.4356593 0 -0.02333911 -0.99998301 0.7809959 -2.50069209 0.00364026 -0.62453615 -3.12716932 0.00455222 8527 - ldcNxtWireSeg.dat
1 16 35.07491934 -87.11086791 -47.09817444 0 -0.04839086 -0.99992697 0.83304486 -2.21495417 0.00668559 -0.55320544 -3.33539052 0.0100675 8527 - ldcNxtWireSeg.dat
1 16 35.15086126 -85.2343418 -43.55943773 0 -0.07591043 -0.99982028 0.8834832 -1.87545699 0.0088811 -0.46846284 -3.53696089 0.01674903 8527 - ldcNxtWireSeg.dat
1 16 35.25687056 -83.76176495 -39.83547455 0 -0.10596848 -0.99964975 0.92994353 -1.47181867 0.00973113 -0.36770237 -3.72232644 0.02461066 8527 - ldcNxtWireSeg.dat
1 16 35.39431541 -82.75265801 -35.9614692 0 -0.13740046 -0.99941108 0.96771561 -1.00862946 0.0086488 -0.25204464 -3.87259362 0.03320672 8527 - ldcNxtWireSeg.dat
1 16 35.56159254 -82.2294947 -31.9939569 0 -0.16723126 -0.99912748 0.99142048 -0.52293046 0.00545909 -0.13071126 -3.96632967 0.0414062 8527 - ldcNxtWireSeg.dat
1 16 35.75873132 -82.24979393 -27.9933146 0 -0.19707396 -0.99878809 0.99998703 0.02037212 -0.00025071 0.00509393 -3.99924248 0.04921682 8527 - ldcNxtWireSeg.dat
1 16 35.9810419 -82.79080697 -24.03111199 0 -0.22226007 -0.99845827 0.9908027 0.54098376 -0.00751096 0.13531448 -3.96120318 0.05499695 8527 - ldcNxtWireSeg.dat
1 16 36.22511098 -83.85291964 -20.17739836 0 -0.24402762 -0.9981412 0.96405385 1.06195205 -0.01619317 0.26570695 -3.85303802 0.05875303 8527 - ldcNxtWireSeg.dat
1 16 36.48547538 -85.37878896 -16.48284768 0 -0.26026416 -0.99788535 0.92426789 1.52532879 -0.02481288 0.38174451 -3.69307843 0.06007617 8527 - ldcNxtWireSeg.dat
1 16 36.75863519 -87.36287771 -13.01299762 0 -0.27301033 -0.99767291 0.86808435 1.98309995 -0.03384663 0.49641673 -3.46784855 0.05918764 8527 - ldcNxtWireSeg.dat
1 16 37.03961065 -89.73941002 -9.79971921 0 -0.28081245 -0.99753783 0.80397616 2.37524949 -0.04170385 0.59466152 -3.21131248 0.05638317 8527 - ldcNxtWireSeg.dat
1 16 37.32448052 -92.46445993 -6.87644991 0 -0.28469867 -0.99746912 0.73144864 2.72350367 -0.04848349 0.68189654 -2.92141542 0.0520067 8527 - ldcNxtWireSeg.dat
1 16 37.60963516 -95.48955084 -4.2654459 0 -0.28500639 -0.99746364 0.65336869 3.02361048 -0.05388443 0.75703986 -2.60954874 0.04650535 8527 - ldcNxtWireSeg.dat
1 16 37.89171262 -98.78140129 -2.00001817 0 -0.28194623 -0.99751789 0.56689748 3.29038226 -0.05800587 0.82378835 -2.26430663 0.03991727 8527 - ldcNxtWireSeg.dat
1 16 38.16787368 -102.28880575 -0.08381124 0 -0.27601456 -0.99762135 0.47942259 3.50561756 -0.06049378 0.87758417 -1.9151123 0.03304764 8527 - ldcNxtWireSeg.dat
1 16 38.43435914 -105.98817981 1.4314794 0 -0.26632218 -0.99778565 0.37901428 3.69719589 -0.06154921 0.92539082 -1.51426836 0.02520884 8527 - ldcNxtWireSeg.dat
1 16 38.68842565 -109.82880182 2.54365211 0 -0.25391419 -0.99798738 0.27811958 3.8384284 -0.06091094 0.96054646 -1.11139039 0.01763634 8527 - ldcNxtWireSeg.dat
1 16 38.92725768 -113.7667392 3.24183592 0 -0.23868901 -0.99822172 0.17454793 3.9356669 -0.05869535 0.98464868 -0.69767272 0.01040488 8527 - ldcNxtWireSeg.dat
1 16 39.14635808 -117.76058977 3.47816737 0 -0.21894658 -0.99850393 0.05903216 3.99118412 -0.0545846 0.99825608 -0.23601982 0.00322788 8527 - ldcNxtWireSeg.dat
1 16 39.34380735 -121.75659851 3.27046953 0 -0.19733677 -0.99878485 -0.05194403 3.99388237 -0.04921657 0.99865 0.20773877 -0.00255996 8527 - ldcNxtWireSeg.dat
1 16 39.51753263 -125.70657531 2.62753746 0 -0.17365199 -0.99905916 -0.1606749 3.94840441 -0.04280457 0.98700738 0.64276062 -0.00696816 8527 - ldcNxtWireSeg.dat
1 16 39.66538735 -129.5638811 1.55501738 0 -0.14776735 -0.99931883 -0.2679081 3.85514555 -0.03555455 0.96344447 1.07201269 -0.00988677 8527 - ldcNxtWireSeg.dat
1 16 39.78438626 -133.27506959 0.04866078 0 -0.11890327 -0.99955901 -0.37613252 3.7084699 -0.0275144 0.92656588 1.50542574 -0.01116927 8527 - ldcNxtWireSeg.dat
1 16 39.87680876 -136.81761743 -1.82114877 0 -0.09235156 -0.99973399 -0.46681686 3.54014156 -0.02039672 0.88435401 1.86870611 -0.01076665 8527 - ldcNxtWireSeg.dat
1 16 39.94255275 -140.16243773 -4.02565968 0 -0.06569753 -0.99986539 -0.55033191 3.34279645 -0.01369927 0.83494598 2.20331327 -0.0090295 8527 - ldcNxtWireSeg.dat
1 16 39.98250322 -143.29151944 -6.527722 0 -0.03991809 -0.99995031 -0.62453301 3.12707707 -0.00778592 0.78099841 2.50059776 -0.00622609 8527 - ldcNxtWireSeg.dat
1 16 39.9987683 -146.20215725 -9.281456 0 -0.01624624 -0.99999177 -0.68727588 2.90857442 -0.00294725 0.72639649 2.75193105 -0.00278852 8527 - ldcNxtWireSeg.dat
1 16 40.01897781 -148.89950917 -12.24480621 0 -0.02019556 -0.99998728 -0.73953596 2.69522537 -0.00339497 0.67311705 2.96117307 -0.00372997 8527 - ldcNxtWireSeg.dat
1 16 40.10791727 -151.33194629 -15.42838211 0 -0.08889315 -0.99975354 -0.79462706 2.4303101 -0.01347774 0.60709789 3.18101941 -0.01764094 8527 - ldcNxtWireSeg.dat
1 16 40.2738664 -153.46424046 -18.81744359 0 -0.16584355 -0.99914191 -0.84642915 2.13038411 -0.02205511 0.53250136 3.38631851 -0.03505736 8527 - ldcNxtWireSeg.dat
1 16 40.52365854 -155.24153894 -22.40037954 0 -0.24962781 -0.99805483 -0.89585805 1.7757433 -0.02770121 0.44434036 3.58016973 -0.05584987 8527 - ldcNxtWireSeg.dat
1 16 40.86777534 -156.58143493 -26.16111464 0 -0.34389866 -0.996305 -0.94201279 1.33873458 -0.02882124 0.33557697 3.75802036 -0.08090536 8527 - ldcNxtWireSeg.dat
1 16 41.29875298 -157.47767404 -30.04225792 0 -0.43075118 -0.99419684 -0.97436783 0.89554848 -0.02420044 0.22496073 3.87887097 -0.10481885 8527 - ldcNxtWireSeg.dat
1 16 41.82167288 -157.85297392 -33.99644005 0 -0.52266979 -0.99144408 -0.9955291 0.37497709 -0.01232946 0.09445533 3.95213893 -0.12994852 8527 - ldcNxtWireSeg.dat
1 16 42.42623946 -157.70737837 -37.95368828 0 -0.6043368 -0.9885448 -0.99932252 -0.14567898 0.00555468 -0.03680362 3.95559708 -0.15082547 8527 - ldcNxtWireSeg.dat
