0 FILE 8643 - Main.ldr
0 Main
0 Name: 8643 - Main.ldr
0 Author: Massimo Maso [Sirio]
0 !LDRAW_ORG Model
0 !LICENSE Redistributable under CCAL version 2.0 : see CAreadme.txt

0 !HISTORY 2019-02-21 [technicbasics] Buid .mpd to OMRize file

0 ROTATION CENTER 0 0 0 1 "Custom"
0 ROTATION CONFIG 0 0
1 0 0 0 0 1 0 0 0 1 0 0 0 1 8643 - Power Cruiser.ldr




0 FILE 8643 - Power Cruiser.ldr
0 Power Cruiser
0 Name: 8643 - Power Cruiser.ldr
0 Author: Massimo Maso [Sirio]
0 !LDRAW_ORG Model
0 !LICENSE Redistributable under CCAL version 2.0 : see CAreadme.txt
0 ROTATION CENTER 0 0 0 1 "Custom"
0 ROTATION CONFIG 0 0
1 0 0 -7.992 69.715 1 0 0 0 0.998372 -0.0570413 0 0.0570413 0.998372 6157.dat
0 STEP
1 0 0 -9.703 99.666 1 0 0 0 0.998372 -0.0570413 0 0.0570413 0.998372 3710.dat
1 0 0 -7.992 69.715 1 0 0 0 0.998372 -0.0570413 0 0.0570413 0.998372 3022.dat
1 0 0 -4.569 9.812 1 0 0 0 0.998372 -0.0570413 0 0.0570413 0.998372 3031.dat
1 0 0 -1.717 -40.106 1 0 0 0 0.998372 -0.0570413 0 0.0570413 0.998372 3710.dat
1 0 0 -7.993 -70.514 1 0 0 0 0.998372 -0.0570413 0 0.0570413 0.998372 6157.dat
0 STEP
1 36 -30 -17.69 99.21 1 0 0 0 0.998372 -0.0570413 0 0.0570413 0.998372 3024.dat
1 36 30 -17.69 99.21 1 0 0 0 0.998372 -0.0570413 0 0.0570413 0.998372 3024.dat
1 4 0 -14.838 49.291 0 0 1 0.0570413 0.998372 0 -0.998372 0.0570413 0 3795.dat
1 4 0 -9.704 -40.562 0 0 1 0.0570413 0.998372 0 -0.998372 0.0570413 0 3021.dat
1 0 0 -7.423 -80.497 1 0 0 0 0.998372 -0.0570413 0 0.0570413 0.998372 32028.dat
0 STEP
1 0 0 -25.677 98.753 1 0 0 0 0.998372 -0.0570413 0 0.0570413 0.998372 3710.dat
1 0 0 -31.953 68.346 1 0 0 0 0.998372 -0.0570413 0 0.0570413 0.998372 3788.dat
1 7 0 -22.255 38.851 1 0 0 0 0.998372 -0.0570413 0 0.0570413 0.998372 3023.dat
1 7 0 -18.262 -31.035 0 0 1 0.0570413 0.998372 0 -0.998372 0.0570413 0 3795.dat
0 STEP
1 0 -30 -33.664 98.297 1 0 0 0 0.998372 -0.0570413 0 0.0570413 0.998372 3070b.dat
1 0 30 -33.664 98.297 1 0 0 0 0.998372 -0.0570413 0 0.0570413 0.998372 3070b.dat
1 0 0 -33.664 98.297 -1 0 0 0 0.998372 0.0570413 0 0.0570413 -0.998372 2436a.dat
1 0 -30 -30.242 38.395 1 0 0 0 0.998372 -0.0570413 0 0.0570413 0.998372 3005.dat
1 0 30 -30.242 38.395 1 0 0 0 0.998372 -0.0570413 0 0.0570413 0.998372 3005.dat
1 7 0 -29.671 28.411 0 0 1 0.0570413 0.998372 0 -0.998372 0.0570413 0 3795.dat
1 0 -30 -27.389 -11.524 0 0 1 0.0570413 0.998372 0 -0.998372 0.0570413 0 3010.dat
1 0 30 -27.389 -11.524 0 0 1 0.0570413 0.998372 0 -0.998372 0.0570413 0 3010.dat
1 7 0 -25.678 -41.475 1 0 0 0 0.998372 -0.0570413 0 0.0570413 0.998372 3023.dat
1 0 0 -31.954 -71.883 1 0 0 0 0.998372 -0.0570413 0 0.0570413 0.998372 3788.dat
0 STEP
1 0 0 -40.51 77.873 1 0 0 0 0.998372 -0.0570413 0 0.0570413 0.998372 2412b.dat
1 0 -30 -39.94 67.889 0 0 1 0.0570413 0.998372 0 -0.998372 0.0570413 0 3069b.dat
1 0 30 -39.94 67.889 0 0 1 0.0570413 0.998372 0 -0.998372 0.0570413 0 3069b.dat
1 8 0 -38.229 37.938 0 0 1 0.0570413 0.998372 0 -0.998372 0.0570413 0 3021.dat
1 0 -30 -33.665 -41.931 1 0 0 0 0.998372 -0.0570413 0 0.0570413 0.998372 3070b.dat
1 0 30 -33.665 -41.931 1 0 0 0 0.998372 -0.0570413 0 0.0570413 0.998372 3070b.dat
1 80 0 -57.056 -53.284 1 0 0 0 0.998372 -0.0570413 0 0.0570413 0.998372 50943.dat
1 0 0 -31.384 -81.866 1 0 0 0 0.998372 -0.0570413 0 0.0570413 0.998372 2436a.dat
0 STEP
1 80 -20 -20.145 -103.26 1 0 0 0 -0.0570413 -0.998372 0 0.998372 -0.0570413 2412b.dat
1 80 20 -20.145 -103.26 1 0 0 0 -0.0570413 -0.998372 0 0.998372 -0.0570413 2412b.dat
0 STEP
1 0 0 -47.356 57.449 1 0 0 0 0.998372 -0.0570413 0 0.0570413 0.998372 2412b.dat
1 0 0 -46.215 37.482 1 0 0 0 0.998372 -0.0570413 0 0.0570413 0.998372 45677.dat
0 STEP
1 0 -40 -3 70 0 0 1 0.0570413 0.998372 0 -0.998372 0.0570413 0 51719.dat
1 0 40 -3 70 0 0 -1 -0.0570413 0.998372 0 0.998372 0.0570413 0 51719.dat
1 0 -40 -3.001 -70.228 0 0 1 0.0570413 0.998372 0 -0.998372 0.0570413 0 51719.dat
1 0 40 -3.001 -70.228 0 0 -1 -0.0570413 0.998372 0 0.998372 0.0570413 0 51719.dat
0 STEP
1 256 -40 -3 70 0 0 1 0.0570413 0.998372 0 -0.998372 0.0570413 0 50951.dat
1 256 40 -3 70 0 0 1 0.0570413 0.998372 0 -0.998372 0.0570413 0 50951.dat
1 256 -40 -3.001 -70.228 0 0 1 0.0570413 0.998372 0 -0.998372 0.0570413 0 50951.dat
1 256 40 -3.001 -70.228 0 0 1 0.0570413 0.998372 0 -0.998372 0.0570413 0 50951.dat





