0 FILE 8663 - Main.ldr
0 Main
0 Name: 8663 - Main.ldr
0 Author: Massimo Maso [Sirio]
0 !LDRAW_ORG Model
0 !LICENSE Redistributable under CCAL version 2.0 : see CAreadme.txt

0 !HISTORY 2019-02-21 [technicbasics] Build .mpd to OMRize file

0 ROTATION CENTER 0 0 0 1 "Custom"
0 ROTATION CONFIG 0 0
1 0 0 0 0 1 0 0 0 1 0 0 0 1 8663 - Fat Trax.ldr




0 FILE 8663 - Fat Trax.ldr
0 Fat Trax
0 Name: 8663 - Fat Trax.ldr
0 Author: Massimo Maso [Sirio]
0 !LDRAW_ORG Model
0 !LICENSE Redistributable under CCAL version 2.0 : see CAreadme.txt
0 ROTATION CENTER 0 0 0 1 "Custom"
0 ROTATION CONFIG 0 0
1 8 0 -7.989 59.667 1 0 0 0 0.997785 -0.0665177 0 0.0665177 0.997785 6157.dat
0 STEP
1 7 0 -5.328 19.756 0 0 1 0.0665177 0.997785 0 -0.997785 0.0665177 0 3795.dat
1 8 0 -7.989 -60.599 1 0 0 0 0.997785 -0.0665177 0 0.0665177 0.997785 6157.dat
0 STEP
1 8 0 -14.641 39.18 0 0 1 0.0665177 0.997785 0 -0.997785 0.0665177 0 3020.dat
1 8 0 -9.319 -40.643 0 0 1 0.0665177 0.997785 0 -0.997785 0.0665177 0 3020.dat
0 STEP
1 7 0 -24.619 68.581 1 0 0 0 0.997785 -0.0665177 0 0.0665177 0.997785 3069b.dat
1 0 0 -19.962 -1.264 0 0 1 0.0665177 0.997785 0 -0.997785 0.0665177 0 3020.dat
0 STEP
1 7 -10 -27.945 -1.796 0 0 1 0.0665177 0.997785 0 -0.997785 0.0665177 0 2436a.dat
1 7 10 -27.945 -1.796 0 0 -1 -0.0665177 0.997785 0 0.997785 0.0665177 0 2436a.dat
0 STEP
1 10 -32 -19.962 28.803 0 1 0 -0.997785 0 -0.0665177 -0.0665177 0 0.997785 6141.dat
1 10 32 -19.962 28.803 0 -1 0 0.997785 0 -0.0665177 0.0665177 0 0.997785 6141.dat
1 10 -32 -18.632 8.847 0 1 0 -0.997785 0 -0.0665177 -0.0665177 0 0.997785 6141.dat
1 10 32 -18.632 8.847 0 -1 0 0.997785 0 -0.0665177 0.0665177 0 0.997785 6141.dat
0 STEP
1 15 -10 -39.253 47.561 1 0 0 0 0.997785 -0.0665177 0 0.0665177 0.997785 3062b.dat
1 15 10 -39.253 47.561 1 0 0 0 0.997785 -0.0665177 0 0.0665177 0.997785 3062b.dat
1 8 0 -35.927 -2.328 1 0 0 0 0.997785 -0.0665177 0 0.0665177 0.997785 3031.dat
1 15 -10 -32.601 -52.218 1 0 0 0 0.997785 -0.0665177 0 0.0665177 0.997785 3062b.dat
1 15 10 -32.601 -52.218 1 0 0 0 0.997785 -0.0665177 0 0.0665177 0.997785 3062b.dat
1 0 -10 -31.271 -72.173 1 0 0 0 0.997785 -0.0665177 0 0.0665177 0.997785 4070.dat
1 0 10 -31.271 -72.173 1 0 0 0 0.997785 -0.0665177 0 0.0665177 0.997785 4070.dat
0 STEP
1 80 0 -20.362 -85.477 1 0 0 0 -0.0665177 -0.997785 0 0.997785 -0.0665177 2412b.dat
0 STEP
1 8 0 -46.57 37.051 0 0 1 0.0665177 0.997785 0 -0.997785 0.0665177 0 3020.dat
1 10 -30 -45.24 17.095 0 0 -1 -0.0665177 0.997785 0 0.997785 0.0665177 0 50947.dat
1 10 30 -45.24 17.095 0 0 -1 -0.0665177 0.997785 0 0.997785 0.0665177 0 50947.dat
1 10 -30 -42.579 -22.816 0 0 1 0.0665177 0.997785 0 -0.997785 0.0665177 0 50947.dat
1 10 30 -42.579 -22.816 0 0 1 0.0665177 0.997785 0 -0.997785 0.0665177 0 50947.dat
1 8 0 -41.249 -42.772 0 0 1 0.0665177 0.997785 0 -0.997785 0.0665177 0 3020.dat
0 STEP
1 80 0 -47.9 57.007 -1 0 0 0 0.997785 0.0665177 0 0.0665177 -0.997785 30602.dat
1 7 0 -53.222 16.563 1 0 0 0 0.997785 -0.0665177 0 0.0665177 0.997785 3022.dat
1 80 0 -48.566 -53.282 1 0 0 0 0.997785 -0.0665177 0 0.0665177 0.997785 2412b.dat
1 47 -10 -39.253 -72.705 1 0 0 0 0.997785 -0.0665177 0 0.0665177 0.997785 54200.dat
1 47 10 -39.253 -72.705 1 0 0 0 0.997785 -0.0665177 0 0.0665177 0.997785 54200.dat
0 STEP
1 0 0 -61.869 26.009 1 0 0 0 0.997785 -0.0665177 0 0.0665177 0.997785 45677.dat
0 STEP
1 0 -40 -3 60 0 0 1 0.0665177 0.997785 0 -0.997785 0.0665177 0 6014.dat
1 0 40 -3 60 0 0 -1 -0.0665177 0.997785 0 0.997785 0.0665177 0 6014.dat
1 0 -40 -3 -60.266 0 0 1 0.0665177 0.997785 0 -0.997785 0.0665177 0 6014.dat
1 0 40 -3 -60.266 0 0 -1 -0.0665177 0.997785 0 0.997785 0.0665177 0 6014.dat
0 STEP
1 256 -46 -3 60 0 0 1 0.0665177 0.997785 0 -0.997785 0.0665177 0 60700.dat
1 256 46 -3 60 0 0 -1 -0.0665177 0.997785 0 0.997785 0.0665177 0 60700.dat
1 256 -46 -3 -60.266 0 0 1 0.0665177 0.997785 0 -0.997785 0.0665177 0 60700.dat
1 256 46 -3 -60.266 0 0 -1 -0.0665177 0.997785 0 0.997785 0.0665177 0 60700.dat





