0 FILE 8681 - Main
0 Main
0 Name: 8681 - Main
0 Author: Massimo Maso [Sirio]
0 !LDRAW_ORG Model
0 !LICENSE Redistributable under CCAL version 2.0 : see CAreadme.txt

0 !HISTORY 2019-02-21 [technicbasics] Cleanup and OMRize file

0 ROTATION CENTER 0 0 0 1 "Custom"
0 ROTATION CONFIG 0 0
1 0 -300 -11 -600 1 0 0 0 1 0 0 0 1 8681 - 8681-1.ldr
1 0 -150 -11 -450 1 0 0 0 1 0 0 0 1 8681 - 8681-2.ldr
1 0 0 -11 -300 1 0 0 0 1 0 0 0 1 8681 - 8681-3.ldr
1 0 150 -11 -150 1 0 0 0 1 0 0 0 1 8681 - 8681-4.ldr
1 0 300 -11 0 1 0 0 0 1 0 0 0 1 8681 - 8681-5.ldr
1 0 0 0 300 1 0 0 0 1 0 0 0 1 8681 - 8681-6.ldr





0 FILE 8681 - 8681-1.ldr
0 8681-1
0 Name: 8681 - 8681-1.ldr
0 Author: Massimo Maso
0 !LDRAW_ORG Model
0 !LICENSE Redistributable under CCAL version 2.0 : see CAreadme.txt

0
0 ROTATION CENTER 0 0 0 1 "Custom" 
0 ROTATION CONFIG 0 0
1 15 0 -8 60 1 0 0 0 1 0 0 0 1 6157.dat
1 15 0 -8 -60 1 0 0 0 1 0 0 0 1 6157.dat
0 STEP
1 15 0 -8 50 0 0 1 0 1 0 -1 0 0 3021.dat
1 15 0 -8 0 1 0 0 0 1 0 0 0 1 3020.dat
1 15 0 -8 -50 0 0 1 0 1 0 -1 0 0 3021.dat
0 STEP
1 8 0 -16 70 -1 0 0 0 1 0 0 0 -1 2540.dat
1 8 0 -16 0 0 0 1 0 1 0 -1 0 0 3795.dat
1 8 0 -16 -70 1 0 0 0 1 0 0 0 1 3023.dat
0 STEP
1 15 0 -24 60 1 0 0 0 1 0 0 0 1 3022.dat
1 15 0 -24 -60 1 0 0 0 1 0 0 0 1 3022.dat
0 STEP
1 15 0 -40 60 1 0 0 0 1 0 0 0 1 3788.dat
1 0 0 -32 -60 1 0 0 0 1 0 0 0 1 44674.dat
0 STEP
1 15 0 -40 70 -1 0 0 0 1 0 0 0 -1 2436a.dat
1 15 -20 -40 0 0 0 1 0 1 0 -1 0 0 3001.dat
1 15 20 -40 0 0 0 1 0 1 0 -1 0 0 3001.dat
1 0 0 -40 -50 1 0 0 0 1 0 0 0 1 2412b.dat
1 15 0 -40 -70 1 0 0 0 1 0 0 0 1 44728.dat
0 STEP
1 15 0 -30 92 1 0 0 0 0 1 0 -1 0 2431.dat
0 ROTSTEP 23 135 0 ABS
1 0 -10 -10 -92 0 0 1 1 0 0 0 1 0 2555.dat
1 0 10 -10 -92 0 0 1 1 0 0 0 1 0 2555.dat
1 15 0 -30 -92 1 0 0 0 0 -1 0 1 0 2412b.dat
0 ROTSTEP END
1 15 40 -10 -98 0 -1 0 1 0 0 0 0 1 30374.dat
0 STEP
1 15 0 -48 60 -1 0 0 0 1 0 0 0 -1 6179.dat
1 0 -20 -48 -10 0 0 1 0 1 0 -1 0 0 3021.dat
1 0 20 -48 -10 0 0 1 0 1 0 -1 0 0 3021.dat
0 STEP
1 9 -20 -80 30 -1 0 0 0 1 0 0 0 -1 2432.dat
1 9 20 -80 30 -1 0 0 0 1 0 0 0 -1 2432.dat
1 0 -20 -56 -10 0 0 1 0 1 0 -1 0 0 3021.dat
1 0 20 -56 -10 0 0 1 0 1 0 -1 0 0 3021.dat
0 STEP
1 15 0 -64 0 1 0 0 0 1 0 0 0 1 3020.dat
1 15 -20 -64 -30 1 0 0 0 1 0 0 0 1 2540.dat
1 15 20 -64 -30 1 0 0 0 1 0 0 0 1 2540.dat
0 STEP
1 57 -30 -64 -30 1 0 0 0 1 0 0 0 1 54200.dat
1 15 0 -72 -30 1 0 0 0 1 0 0 0 1 3069b.dat
1 57 30 -64 -30 1 0 0 0 1 0 0 0 1 54200.dat
0 STEP
1 0 -40 -3 60 0 0 1 0 1 0 -1 0 0 51719.dat
1 0 40 -3 60 0 0 -1 0 1 0 1 0 0 51719.dat
1 0 -40 -3 -60 0 0 1 0 1 0 -1 0 0 51719.dat
1 0 40 -3 -60 0 0 -1 0 1 0 1 0 0 51719.dat
0 STEP
1 256 -40 -3 60 0 0 1 0 1 0 -1 0 0 50951.dat
1 256 40 -3 60 0 0 1 0 1 0 -1 0 0 50951.dat
1 256 -40 -3 -60 0 0 1 0 1 0 -1 0 0 50951.dat
1 256 40 -3 -60 0 0 1 0 1 0 -1 0 0 50951.dat
0 
0

0 FILE 8681 - 8681-2.ldr
0 8681-2
0 Name: 8681 - 8681-2.ldr
0 Author: Massimo Maso
0 !LDRAW_ORG Model
0 !LICENSE Redistributable under CCAL version 2.0 : see CAreadme.txt

0
0 ROTATION CENTER 0 0 0 1 "Custom" 
0 ROTATION CONFIG 0 0
1 0 0 -8 60 1 0 0 0 1 0 0 0 1 6157.dat
1 0 0 0 0 1 0 0 0 1 0 0 0 1 3031.dat
1 0 0 -8 -60 1 0 0 0 1 0 0 0 1 6157.dat
0 STEP
1 0 0 -8 70 -1 0 0 0 1 0 0 0 -1 2436a.dat
1 4 -30 -8 30 1 0 0 0 1 0 0 0 1 3024.dat
1 4 30 -8 30 1 0 0 0 1 0 0 0 1 3024.dat
1 0 -30 -8 0 0 0 1 0 1 0 -1 0 0 2436a.dat
1 0 0 -8 0 0 0 1 0 1 0 -1 0 0 3795.dat
1 0 30 -8 0 0 0 -1 0 1 0 1 0 0 2436a.dat
1 4 -30 -8 -30 1 0 0 0 1 0 0 0 1 3024.dat
1 4 30 -8 -30 1 0 0 0 1 0 0 0 1 3024.dat
1 0 0 -8 -70 1 0 0 0 1 0 0 0 1 2436a.dat
0 STEP
1 0 -30 2 108 0 0 1 -1 0 0 0 -1 0 4070.dat
1 0 -10 2 108 0 0 -1 1 0 0 0 -1 0 6231.dat
1 0 10 2 108 -1 0 0 0 0 -1 0 -1 0 6231.dat
1 0 30 2 108 0 0 -1 1 0 0 0 -1 0 4070.dat
0 ROTSTEP 23 135 0 ABS
1 10 -36 2 96 0 1 0 1 0 0 0 0 -1 54200.dat
1 10 36 2 96 0 -1 0 -1 0 0 0 0 -1 54200.dat
1 0 -52 2 0 0 1 0 0 0 -1 -1 0 0 2431.dat
1 0 52 2 0 0 -1 0 0 0 1 -1 0 0 2431.dat
0 STEP
1 10 -30 2 -84 0 0 1 1 0 0 0 1 0 54200.dat
1 8 0 2 -92 1 0 0 0 0 -1 0 1 0 2412b.dat
1 10 30 2 -84 0 0 -1 -1 0 0 0 1 0 54200.dat
0 ROTSTEP END
1 36 -30 -16 90 1 0 0 0 1 0 0 0 1 3024.dat
1 36 30 -16 90 1 0 0 0 1 0 0 0 1 3024.dat
1 0 0 -16 0 0 0 1 0 1 0 -1 0 0 3832.dat
0 STEP
1 10 0 -24 90 1 0 0 0 1 0 0 0 1 3710.dat
1 10 0 -32 60 1 0 0 0 1 0 0 0 1 3788.dat
1 4 0 -24 0 0 0 1 0 1 0 -1 0 0 3020.dat
1 0 0 -24 -60 1 0 0 0 1 0 0 0 1 44674.dat
1 10 0 -16 -90 1 0 0 0 1 0 0 0 1 85984.dat
0 STEP
1 10 -30 -24 90 -1 0 0 0 1 0 0 0 -1 54200.dat
1 10 30 -24 90 -1 0 0 0 1 0 0 0 -1 54200.dat
1 0 0 -32 40 0 0 1 0 1 0 -1 0 0 3795.dat
1 10 -30 -32 20 0 0 1 0 1 0 -1 0 0 3004.dat
1 10 30 -32 20 0 0 1 0 1 0 -1 0 0 3004.dat
1 10 -30 -32 -20 0 0 1 0 1 0 -1 0 0 3004.dat
1 10 30 -32 -20 0 0 1 0 1 0 -1 0 0 3004.dat
1 15 0 -32 -30 1 0 0 0 1 0 0 0 1 3023.dat
1 8 0 -32 -50 1 0 0 0 1 0 0 0 1 2412b.dat
1 8 0 -32 -70 1 0 0 0 1 0 0 0 1 2412b.dat
0 STEP
1 8 -10 -40 90 0 0 1 0 1 0 -1 0 0 2555.dat
1 8 10 -40 90 0 0 1 0 1 0 -1 0 0 2555.dat
1 0 0 -40 20 1 0 0 0 1 0 0 0 1 3020.dat
0 STEP
1 0 -20 -55.501 107.712 1 0 0 0 0.92388 -0.382683 0 0.382683 0.92388 48336.dat
1 0 20 -55.501 107.712 1 0 0 0 0.92388 -0.382683 0 0.382683 0.92388 48336.dat
1 0 -30 -56 50 -1 0 0 0 1 0 0 0 -1 50950.dat
1 0 -10 -56 50 -1 0 0 0 1 0 0 0 -1 50950.dat
1 0 10 -56 50 -1 0 0 0 1 0 0 0 -1 50950.dat
1 0 30 -56 50 -1 0 0 0 1 0 0 0 -1 50950.dat
1 0 -30 -56 -10 1 0 0 0 1 0 0 0 1 50950.dat
1 0 -10 -56 -10 1 0 0 0 1 0 0 0 1 50950.dat
1 0 10 -56 -10 1 0 0 0 1 0 0 0 1 50950.dat
1 0 30 -56 -10 1 0 0 0 1 0 0 0 1 50950.dat
0 STEP
1 0 0 -62.892 104.651 1 0 0 0 0.92388 -0.382683 0 0.382683 0.92388 2431.dat
0 STEP
1 0 -40 -3 60 0 0 1 0 1 0 -1 0 0 51719.dat
1 0 40 -3 60 0 0 -1 0 1 0 1 0 0 51719.dat
1 0 -40 -3 -60 0 0 1 0 1 0 -1 0 0 51719.dat
1 0 40 -3 -60 0 0 -1 0 1 0 1 0 0 51719.dat
0 STEP
1 256 -40 -3 60 0 0 1 0 1 0 -1 0 0 50951.dat
1 256 40 -3 60 0 0 1 0 1 0 -1 0 0 50951.dat
1 256 -40 -3 -60 0 0 1 0 1 0 -1 0 0 50951.dat
1 256 40 -3 -60 0 0 1 0 1 0 -1 0 0 50951.dat
0 
0

0 FILE 8681 - 8681-3.ldr
0 8681-3
0 Name: 8681 - 8681-3.ldr
0 Author: Massimo Maso
0 !LDRAW_ORG Model
0 !LICENSE Redistributable under CCAL version 2.0 : see CAreadme.txt

0
0 ROTATION CENTER 0 0 0 1 "Custom" 
0 ROTATION CONFIG 0 0
1 0 0 -8 60 1 0 0 0 1 0 0 0 1 6157.dat
1 8 0 0 0 1 0 0 0 1 0 0 0 1 3031.dat
1 0 0 -8 -60 1 0 0 0 1 0 0 0 1 6157.dat
0 STEP
1 0 0 -8 70 -1 0 0 0 1 0 0 0 -1 2436a.dat
1 4 -30 -8 30 1 0 0 0 1 0 0 0 1 3024.dat
1 4 30 -8 30 1 0 0 0 1 0 0 0 1 3024.dat
1 0 -30 -8 0 0 0 1 0 1 0 -1 0 0 2436a.dat
1 0 0 -8 0 0 0 1 0 1 0 -1 0 0 3795.dat
1 0 30 -8 0 0 0 -1 0 1 0 1 0 0 2436a.dat
1 4 -30 -8 -30 1 0 0 0 1 0 0 0 1 3024.dat
1 4 30 -8 -30 1 0 0 0 1 0 0 0 1 3024.dat
1 0 0 -8 -70 1 0 0 0 1 0 0 0 1 2436a.dat
0 STEP
1 4 -20 2 92 1 0 0 0 0 1 0 -1 0 3794b.dat
1 4 20 2 92 1 0 0 0 0 1 0 -1 0 3794b.dat
0 ROTSTEP 23 135 0 ABS
1 0 0 2 100 1 0 0 0 0 1 0 -1 0 3623.dat
1 4 -52 2 0 0 1 0 0 0 -1 -1 0 0 2431.dat
1 4 52 2 0 0 -1 0 0 0 1 -1 0 0 2431.dat
0 STEP
1 15 -20 2 108 1 0 0 0 0 1 0 -1 0 6141.dat
1 15 20 2 108 1 0 0 0 0 1 0 -1 0 6141.dat
0 STEP
1 4 -30 2 -84 0 0 1 1 0 0 0 1 0 54200.dat
1 15 0 2 -92 1 0 0 0 0 -1 0 1 0 2412b.dat
1 4 30 2 -84 0 0 -1 -1 0 0 0 1 0 54200.dat
0 ROTSTEP END
1 36 -30 -16 90 1 0 0 0 1 0 0 0 1 3024.dat
1 36 30 -16 90 1 0 0 0 1 0 0 0 1 3024.dat
1 0 0 -16 60 0 0 1 0 1 0 -1 0 0 3020.dat
1 4 -30 -16 0 0 0 1 0 1 0 -1 0 0 3710.dat
1 4 30 -16 0 0 0 1 0 1 0 -1 0 0 3710.dat
1 0 0 -16 -40 0 0 1 0 1 0 -1 0 0 3795.dat
0 STEP
1 4 0 -24 90 1 0 0 0 1 0 0 0 1 3710.dat
1 4 0 -32 60 1 0 0 0 1 0 0 0 1 3788.dat
1 4 0 -24 0 1 0 0 0 1 0 0 0 1 3031.dat
1 0 0 -24 -60 1 0 0 0 1 0 0 0 1 44674.dat
1 4 -10 -16 -90 1 0 0 0 1 0 0 0 1 54200.dat
1 4 10 -16 -90 1 0 0 0 1 0 0 0 1 54200.dat
0 STEP
1 4 -30 -32 90 0 0 1 0 1 0 -1 0 0 2555.dat
1 4 30 -32 90 0 0 1 0 1 0 -1 0 0 2555.dat
1 4 0 -32 80 1 0 0 0 1 0 0 0 1 3068b.dat
1 0 0 -32 40 1 0 0 0 1 0 0 0 1 3022.dat
1 4 0 -32 -50 1 0 0 0 1 0 0 0 1 2412b.dat
1 4 0 -32 -70 1 0 0 0 1 0 0 0 1 2412b.dat
0 STEP
1 0 -20 -47.501 107.712 1 0 0 0 0.92388 -0.382683 0 0.382683 0.92388 48336.dat
1 0 20 -47.501 107.712 1 0 0 0 0.92388 -0.382683 0 0.382683 0.92388 48336.dat
1 4 -20 -40 50 1 0 0 0 1 0 0 0 1 3794b.dat
1 4 20 -40 50 1 0 0 0 1 0 0 0 1 3794b.dat
0 STEP
1 4 0 -54.892 104.651 1 0 0 0 0.92388 -0.382683 0 0.382683 0.92388 2431.dat
1 4 -20 -40 50 -1 0 0 0 1 0 0 0 -1 54200.dat
1 4 20 -40 50 -1 0 0 0 1 0 0 0 -1 54200.dat
1 47 0 -48 0 1 0 0 0 1 0 0 0 1 6238a.dat
0 STEP
1 0 -40 -3 60 0 0 1 0 1 0 -1 0 0 51719.dat
1 0 40 -3 60 0 0 -1 0 1 0 1 0 0 51719.dat
1 0 -40 -3 -60 0 0 1 0 1 0 -1 0 0 51719.dat
1 0 40 -3 -60 0 0 -1 0 1 0 1 0 0 51719.dat
0 STEP
1 256 -40 -3 60 0 0 1 0 1 0 -1 0 0 50951.dat
1 256 40 -3 60 0 0 1 0 1 0 -1 0 0 50951.dat
1 256 -40 -3 -60 0 0 1 0 1 0 -1 0 0 50951.dat
1 256 40 -3 -60 0 0 1 0 1 0 -1 0 0 50951.dat
0 
0

0 FILE 8681 - 8681-4.ldr
0 8681-4
0 Name: 8681 - 8681-4.ldr
0 Author: Massimo Maso
0 !LDRAW_ORG Model
0 !LICENSE Redistributable under CCAL version 2.0 : see CAreadme.txt

0
0 ROTATION CENTER 0 0 0 1 "Custom" 
0 ROTATION CONFIG 0 0
1 0 0 -8 70 1 0 0 0 1 0 0 0 1 6157.dat
1 0 0 0 10 1 0 0 0 1 0 0 0 1 3031.dat
1 0 0 0 -40 1 0 0 0 1 0 0 0 1 3710.dat
1 0 0 -8 -70 1 0 0 0 1 0 0 0 1 6157.dat
0 STEP
1 0 0 -8 80 -1 0 0 0 1 0 0 0 -1 32028.dat
1 15 0 -8 30 0 0 1 0 1 0 -1 0 0 3020.dat
1 15 0 -8 -50 0 0 1 0 1 0 -1 0 0 3020.dat
0 STEP
1 0 -10 -16 100 -1 0 0 0 1 0 0 0 -1 2420.dat
1 0 10 -16 100 0 0 1 0 1 0 -1 0 0 2420.dat
1 8 0 -16 50 1 0 0 0 1 0 0 0 1 3022.dat
1 8 0 -16 -30 0 0 1 0 1 0 -1 0 0 3795.dat
0 STEP
1 0 0 -32 70 1 0 0 0 1 0 0 0 1 3788.dat
1 15 -30 -24 40 1 0 0 0 1 0 0 0 1 3005.dat
1 15 30 -24 40 1 0 0 0 1 0 0 0 1 3005.dat
1 0 0 -24 20 0 0 1 0 1 0 -1 0 0 3021.dat
1 15 -30 -24 -10 0 0 1 0 1 0 -1 0 0 3010.dat
1 15 30 -24 -10 0 0 1 0 1 0 -1 0 0 3010.dat
1 8 0 -24 -30 1 0 0 0 1 0 0 0 1 3022.dat
1 0 0 -32 -70 1 0 0 0 1 0 0 0 1 3788.dat
0 STEP
1 15 0 -32 30 1 0 0 0 1 0 0 0 1 3020.dat
1 15 0 -32 -10 1 0 0 0 1 0 0 0 1 3020.dat
1 15 -10 -32 -40 -1 0 0 0 1 0 0 0 -1 2420.dat
1 15 10 -32 -40 0 0 1 0 1 0 -1 0 0 2420.dat
1 0 0 -32 -80 1 0 0 0 1 0 0 0 1 2436a.dat
0 STEP
1 0 0 -22 -102 1 0 0 0 0 -1 0 1 0 48336.dat
1 47 -30 -22 -94 0 0 1 1 0 0 0 1 0 54200.dat
1 47 30 -22 -94 0 0 -1 -1 0 0 0 1 0 54200.dat
0 STEP
1 0 0 -22 -110 1 0 0 0 0 -1 0 1 0 2412b.dat
0 STEP
1 0 0 -48 80 -1 0 0 0 1 0 0 0 -1 6081.dat
1 0 0 -40 0 1 0 0 0 1 0 0 0 1 3710.dat
1 15 0 -40 -70 1 0 0 0 1 0 0 0 1 3068b.dat
0 STEP
1 15 -30 -48 80 1 0 0 0 1 0 0 0 1 4592c01.dat
1 15 30 -48 80 1 0 0 0 1 0 0 0 1 4592c01.dat
1 0 -20 -56 30 0 0 -1 0 1 0 1 0 0 6215.dat
1 0 20 -56 30 0 0 -1 0 1 0 1 0 0 6215.dat
1 0 -30 -56 -20 1 0 0 0 1 0 0 0 1 50950.dat
1 0 -10 -56 -20 1 0 0 0 1 0 0 0 1 50950.dat
1 0 10 -56 -20 1 0 0 0 1 0 0 0 1 50950.dat
1 0 30 -56 -20 1 0 0 0 1 0 0 0 1 50950.dat
0 STEP
1 15 0 -64 40 1 0 0 0 1 0 0 0 1 3069b.dat
1 36 -30 -64 20 1 0 0 0 1 0 0 0 1 6141.dat
1 36 -10 -64 20 1 0 0 0 1 0 0 0 1 6141.dat
1 33 10 -64 20 1 0 0 0 1 0 0 0 1 6141.dat
1 33 30 -64 20 1 0 0 0 1 0 0 0 1 6141.dat
0 STEP
1 0 -40 -3 70 0 0 1 0 1 0 -1 0 0 51719.dat
1 0 40 -3 70 0 0 -1 0 1 0 1 0 0 51719.dat
1 0 -40 -3 -70 0 0 1 0 1 0 -1 0 0 51719.dat
1 0 40 -3 -70 0 0 -1 0 1 0 1 0 0 51719.dat
0 STEP
1 256 -40 -3 70 0 0 1 0 1 0 -1 0 0 50951.dat
1 256 40 -3 70 0 0 1 0 1 0 -1 0 0 50951.dat
1 256 -40 -3 -70 0 0 1 0 1 0 -1 0 0 50951.dat
1 256 40 -3 -70 0 0 1 0 1 0 -1 0 0 50951.dat
0 
0

0 FILE 8681 - 8681-5.ldr
0 8681-5
0 Name: 8681 - 8681-5.ldr
0 Author: Massimo Maso
0 !LDRAW_ORG Model
0 !LICENSE Redistributable under CCAL version 2.0 : see CAreadme.txt

0
0 ROTATION CENTER 0 0 0 1 "Custom" 
0 ROTATION CONFIG 0 0
1 0 0 -7.992 69.715 1 0 0 0 0.998372 -0.0570413 0 0.0570413 0.998372 6157.dat
0 STEP
1 0 0 -8.562 79.699 -1 0 0 0 0.998372 0.0570413 0 0.0570413 -0.998372 48336.dat
1 0 0 -7.421 59.731 1 0 0 0 0.998372 -0.0570413 0 0.0570413 0.998372 3023.dat
1 0 0 -4.569 9.812 1 0 0 0 0.998372 -0.0570413 0 0.0570413 0.998372 3031.dat
1 0 0 -1.717 -40.106 1 0 0 0 0.998372 -0.0570413 0 0.0570413 0.998372 3023.dat
1 0 0 -7.993 -70.514 1 0 0 0 0.998372 -0.0570413 0 0.0570413 0.998372 6157.dat
0 STEP
1 14 -30 -13.127 19.34 0 0 1 0.0570413 0.998372 0 -0.998372 0.0570413 0 3623.dat
1 14 30 -13.127 19.34 0 0 1 0.0570413 0.998372 0 -0.998372 0.0570413 0 3623.dat
1 14 0 -12.556 9.356 0 0 1 0.0570413 0.998372 0 -0.998372 0.0570413 0 3034.dat
1 14 -30 -10.845 -20.595 0 0 1 0.0570413 0.998372 0 -0.998372 0.0570413 0 6019.dat
1 14 30 -10.845 -20.595 0 0 -1 -0.0570413 0.998372 0 0.998372 0.0570413 0 6019.dat
0 STEP
1 14 0 -23.395 58.818 1 0 0 0 0.998372 -0.0570413 0 0.0570413 0.998372 3023.dat
1 14 0 -22.255 38.851 1 0 0 0 0.998372 -0.0570413 0 0.0570413 0.998372 3794b.dat
1 14 -30 -21.684 28.867 0 0 -1 -0.0570413 0.998372 0 0.998372 0.0570413 0 50947.dat
1 14 30 -21.684 28.867 0 0 -1 -0.0570413 0.998372 0 0.998372 0.0570413 0 50947.dat
1 14 0 -21.114 18.884 1 0 0 0 0.998372 -0.0570413 0 0.0570413 0.998372 3794b.dat
1 14 -20 -19.973 -1.084 1 0 0 0 0.998372 -0.0570413 0 0.0570413 0.998372 3794b.dat
1 14 20 -19.973 -1.084 1 0 0 0 0.998372 -0.0570413 0 0.0570413 0.998372 3794b.dat
1 14 0 -17.691 -41.019 1 0 0 0 0.998372 -0.0570413 0 0.0570413 0.998372 3023.dat
1 0 0 -15.98 -70.97 1 0 0 0 0.998372 -0.0570413 0 0.0570413 0.998372 50946.dat
0 STEP
1 14 0 -31.382 58.362 1 0 0 0 0.998372 -0.0570413 0 0.0570413 0.998372 3023.dat
1 14 0 -30.242 38.395 1 0 0 0 0.998372 -0.0570413 0 0.0570413 0.998372 3623.dat
1 80 0 -49.069 -52.828 1 0 0 0 0.998372 -0.0570413 0 0.0570413 0.998372 50943.dat
0 STEP
1 14 -10 -47.356 57.449 -1 0 0 0 0.998372 0.0570413 0 0.0570413 -0.998372 6091.dat
1 14 10 -47.356 57.449 -1 0 0 0 0.998372 0.0570413 0 0.0570413 -0.998372 6091.dat
1 14 -10 -34.806 -21.964 0 0 1 0.0570413 0.998372 0 -0.998372 0.0570413 0 4070.dat
1 14 10 -34.806 -21.964 0 0 -1 -0.0570413 0.998372 0 0.998372 0.0570413 0 4070.dat
0 STEP
1 41 -50 -9.191 -14.491 0 -1 0 0.998 0 -0.057 0.057 0 0.998 6126a.dat
1 41 50 -9.191 -14.491 0 1 0 -0.998 0 -0.057 -0.057 0 0.998 6126a.dat
1 14 -16 -24.822 -21.394 0 1 0 -0.998372 0 -0.0570413 -0.0570413 0 0.998372 54200.dat
1 14 16 -24.822 -21.394 0 -1 0 0.998372 0 -0.0570413 0.0570413 0 0.998372 54200.dat
0 STEP
1 14 0 -47.356 57.449 1 0 0 0 0.998372 -0.0570413 0 0.0570413 0.998372 3023.dat
1 14 0 -44.504 7.531 1 0 0 0 0.998372 -0.0570413 0 0.0570413 0.998372 3002.dat
1 14 0 -42.793 -22.42 1 0 0 0 0.998372 -0.0570413 0 0.0570413 0.998372 2412b.dat
0 STEP
1 14 -20 -61.049 16.602 -1 0 0 0 0.998372 0.0570413 0 0.0570413 -0.998372 6091.dat
1 14 0 -61.049 16.602 -1 0 0 0 0.998372 0.0570413 0 0.0570413 -0.998372 6091.dat
1 14 20 -61.049 16.602 -1 0 0 0 0.998372 0.0570413 0 0.0570413 -0.998372 6091.dat
1 0 0 -51.921 -2.909 1 0 0 0 0.998372 -0.0570413 0 0.0570413 0.998372 3623.dat
0 STEP
1 14 -20 -60.478 6.618 0 0 1 0.0570413 0.998372 0 -0.998372 0.0570413 0 3069b.dat
1 14 0 -60.478 6.618 0 0 1 0.0570413 0.998372 0 -0.998372 0.0570413 0 3069b.dat
1 14 20 -60.478 6.618 0 0 1 0.0570413 0.998372 0 -0.998372 0.0570413 0 3069b.dat
0 STEP
1 7 -42 -3 70 0 0 1 0.0570413 0.998372 0 -0.998372 0.0570413 0 30027a.dat
1 7 42 -3 70 0 0 -1 -0.0570413 0.998372 0 0.998372 0.0570413 0 30027a.dat
1 7 -40 -3.001 -70.228 0 0 1 0.0570413 0.998372 0 -0.998372 0.0570413 0 4624.dat
1 7 40 -3.001 -70.228 0 0 -1 -0.0570413 0.998372 0 0.998372 0.0570413 0 4624.dat
0 STEP
1 256 -47 -3 70 1 0 0 0 0.998372 -0.0570413 0 0.0570413 0.998372 30028.dat
1 256 37 -3 70 1 0 0 0 0.998372 -0.0570413 0 0.0570413 0.998372 30028.dat
1 256 -40 -3.001 -70.228 0 0 1 0.0570413 0.998372 0 -0.998372 0.0570413 0 59895.dat
1 256 40 -3.001 -70.228 0 0 1 0.0570413 0.998372 0 -0.998372 0.0570413 0 59895.dat
0 
0

0 FILE 8681 - 8681-6.ldr
0 8681-6
0 Name: 8681 - 8681-6.ldr
0 Author: Massimo Maso
0 !LDRAW_ORG Model
0 !LICENSE Redistributable under CCAL version 2.0 : see CAreadme.txt

0
0 ROTATION CENTER 0 0 0 1 "Custom" 
0 ROTATION CONFIG 0 0
1 0 0 0 0 1 0 0 0 1 0 0 0 1 8681 - 8681-6-a.ldr
1 0 0 -216 -80 1 0 0 0 1 0 0 0 1 8681 - 8681-6-b.ldr
1 0 0 -262 10 1 0 0 0 0.991 -0.136 0 0.136 0.991 8681 - 8681-6-c.ldr
1 0 540 -4 -200 0.707 0 0.707 0 1 0 -0.707 0 0.707 8681 - 8681-6-d.ldr
1 0 -300 -22 140 1 0 0 0 0.526 -0.851 0 0.851 0.526 8681 - 8681-6-e.ldr
1 0 -300 -87.565 109.98 1 0 0 0 0.661 0.75 0 -0.75 0.661 8681 - 8681-6-f.ldr
1 0 -300 -114 140 1 0 0 0 1 0 0 0 1 8681 - 8681-6-g.ldr
1 0 300 -22 140 1 0 0 0 0.526 -0.851 0 0.851 0.526 8681 - 8681-6-e.ldr
1 0 300 -87.565 109.98 1 0 0 0 0.661 0.75 0 -0.75 0.661 8681 - 8681-6-f.ldr
1 0 300 -114 140 1 0 0 0 1 0 0 0 1 8681 - 8681-6-g.ldr
1 0 -80 -8 300 -1 0 0 0 1 0 0 0 -1 8681 - 8681-6-h.ldr
1 0 -100 -8 -20 0.866 0 -0.5 0 1 0 0.5 0 0.866 8681 - 8681-6-i.ldr
1 0 -140 -8 -80 0.866 0 -0.5 0 1 0 0.5 0 0.866 8681 - 8681-6-j.ldr
1 0 -40 -8 -80 0.866 0 0.5 0 1 0 -0.5 0 0.866 8681 - 8681-6-k.ldr
1 0 40 -8 -80 0.866 0 0.5 0 1 0 -0.5 0 0.866 8681 - 8681-6-l.ldr
1 0 140 -8 -80 0.707 0 0.707 0 1 0 -0.707 0 0.707 8681 - 8681-6-m.ldr
0 
0

0 FILE 8681 - 8681-6-a.ldr
0 8681-6-a
0 Name: 8681 - 8681-6-a.ldr
0 Author: Massimo Maso
0 !LDRAW_ORG Model
0 !LICENSE Redistributable under CCAL version 2.0 : see CAreadme.txt

0
0 ROTATION CENTER 0 0 0 1 "Custom" 
0 ROTATION CONFIG 0 0
1 8 -240 0 0 0 0 -1 0 1 0 1 0 0 51595.dat
1 8 0 0 0 0 0 1 0 1 0 -1 0 0 3865.dat
1 8 240 0 0 0 0 1 0 1 0 -1 0 0 51595.dat
0 STEP
1 15 -40 -8 150 1 0 0 0 1 0 0 0 1 4162.dat
1 15 120 -8 150 1 0 0 0 1 0 0 0 1 4162.dat
1 0 -190 -8 140 0 0 1 0 1 0 -1 0 0 2412b.dat
1 15 -160 -8 140 1 0 0 0 1 0 0 0 1 3680.dat
1 0 -130 -8 140 0 0 1 0 1 0 -1 0 0 2412b.dat
1 0 -380 -8 120 0 0 1 0 1 0 -1 0 0 3020.dat
1 0 -220 -8 120 0 0 1 0 1 0 -1 0 0 3020.dat
1 0 220 -8 120 0 0 1 0 1 0 -1 0 0 3020.dat
1 0 380 -8 120 0 0 1 0 1 0 -1 0 0 3020.dat
1 15 -110 -8 100 0 0 1 0 1 0 -1 0 0 2431.dat
1 15 30 -8 100 0 0 1 0 1 0 -1 0 0 2431.dat
1 7 180 -8 80 1 0 0 0 1 0 0 0 1 4032a.dat
1 15 -40 -8 50 1 0 0 0 1 0 0 0 1 4162.dat
1 7 140 -8 40 1 0 0 0 1 0 0 0 1 4032a.dat
1 0 0 -8 30 1 0 0 0 1 0 0 0 1 3710.dat
1 0 -120 -8 10 1 0 0 0 1 0 0 0 1 4477.dat
1 0 120 -8 10 1 0 0 0 1 0 0 0 1 4477.dat
1 15 -100 -8 -20 1 0 0 0 1 0 0 0 1 3680.dat
1 15 -140 -8 -80 1 0 0 0 1 0 0 0 1 3680.dat
1 15 -40 -8 -80 1 0 0 0 1 0 0 0 1 3680.dat
1 15 40 -8 -80 1 0 0 0 1 0 0 0 1 3680.dat
1 15 140 -8 -80 1 0 0 0 1 0 0 0 1 3680.dat
1 0 -390 -8 -120 0 0 1 0 1 0 -1 0 0 3710.dat
1 0 390 -8 -120 0 0 1 0 1 0 -1 0 0 3710.dat
1 0 -210 -8 -140 0 0 1 0 1 0 -1 0 0 3023.dat
1 0 210 -8 -140 0 0 1 0 1 0 -1 0 0 3023.dat
1 0 -100 -8 -150 1 0 0 0 1 0 0 0 1 4477.dat
1 0 100 -8 -150 1 0 0 0 1 0 0 0 1 4477.dat
0 STEP
1 7 180 -16 80 1 0 0 0 1 0 0 0 1 3957a.dat
1 7 140 -16 40 1 0 0 0 1 0 0 0 1 3957a.dat
0 STEP
1 14 190 -24 130 1 0 0 0 1 0 0 0 1 3062b.dat
0 STEP
1 15 -390 -32 120 0 0 1 0 1 0 -1 0 0 3010.dat
1 7 -370 -32 120 0 0 1 0 1 0 -1 0 0 3701.dat
1 7 -230 -32 120 0 0 1 0 1 0 -1 0 0 3701.dat
1 15 -210 -32 120 0 0 1 0 1 0 -1 0 0 3010.dat
1 15 210 -32 120 0 0 1 0 1 0 -1 0 0 3010.dat
1 7 230 -32 120 0 0 1 0 1 0 -1 0 0 3701.dat
1 7 370 -32 120 0 0 1 0 1 0 -1 0 0 3701.dat
1 15 390 -32 120 0 0 1 0 1 0 -1 0 0 3010.dat
1 15 0 -32 10 -1 0 0 0 1 0 0 0 -1 3037.dat
0 STEP
1 14 190 -48 130 1 0 0 0 1 0 0 0 1 3062b.dat
0 STEP
1 0 190 -56 130 0 0 1 0 1 0 -1 0 0 6019.dat
1 15 -20 -56 10 1 0 0 0 1 0 0 0 1 30237.dat
1 15 20 -56 10 1 0 0 0 1 0 0 0 1 30237.dat
0 STEP
1 7 170 -54 142 1 0 0 0 0 1 0 -1 0 4599a.dat
1 7 -20 -56 -10 0 0 -1 0 1 0 1 0 0 4599a.dat
1 7 20 -56 -10 0 0 1 0 1 0 -1 0 0 4599a.dat
0 STEP
1 0 -20 -64 20 0 0 -1 0 1 0 1 0 0 4488.dat
1 0 20 -64 20 0 0 -1 0 1 0 1 0 0 4488.dat
0 STEP
1 15 -20 -59 52 -1 0 0 0 1 0 0 0 -1 30027a.dat
1 15 20 -59 52 -1 0 0 0 1 0 0 0 -1 30027a.dat
1 9 -20 -32 -10 1 0 0 0 1 0 0 0 1 3062b.dat
1 9 20 -32 -10 1 0 0 0 1 0 0 0 1 3062b.dat
0 STEP
1 15 20 -72 30 1 0 0 0 1 0 0 0 1 3069b.dat
1 7 0 -72 10 1 0 0 0 1 0 0 0 1 3710.dat
0 STEP
1 15 0 -96 10 -1 0 0 0 1 0 0 0 -1 30414.dat
0 STEP
1 36 -30 -86 28 1 0 0 0 0 1 0 -1 0 3070b.dat
1 7 20 -86 28 -1 0 0 0 0 -1 0 -1 0 3069bpc3.dat
1 7 -10 -86 20 -1 0 0 0 0 -1 0 -1 0 54200.dat
0 ROTSTEP 23 135 0 ABS
1 15 -380 -104 140 1 0 0 0 1 0 0 0 1 30145.dat
1 15 -220 -104 140 1 0 0 0 1 0 0 0 1 30145.dat
1 15 220 -104 140 1 0 0 0 1 0 0 0 1 30145.dat
1 15 380 -104 140 1 0 0 0 1 0 0 0 1 30145.dat
1 15 -380 -104 110 1 0 0 0 1 0 0 0 1 3684a.dat
1 15 -220 -104 110 1 0 0 0 1 0 0 0 1 3684a.dat
1 15 220 -104 110 1 0 0 0 1 0 0 0 1 3684a.dat
1 15 380 -104 110 1 0 0 0 1 0 0 0 1 3684a.dat
0 ROTSTEP END
1 15 -380 -128 130 0 0 1 0 1 0 -1 0 0 3002.dat
1 15 -220 -128 130 0 0 1 0 1 0 -1 0 0 3002.dat
1 15 220 -128 130 0 0 1 0 1 0 -1 0 0 3002.dat
1 15 380 -128 130 0 0 1 0 1 0 -1 0 0 3002.dat
1 15 -200 -128 10 1 0 0 0 1 0 0 0 1 2454.dat
1 15 -160 -128 10 1 0 0 0 1 0 0 0 1 2454.dat
1 15 160 -128 10 1 0 0 0 1 0 0 0 1 2454.dat
1 15 200 -128 10 1 0 0 0 1 0 0 0 1 2454.dat
1 15 -390 -128 -100 0 0 1 0 1 0 -1 0 0 2454.dat
1 15 390 -128 -100 0 0 1 0 1 0 -1 0 0 2454.dat
1 15 -390 -128 -140 0 0 1 0 1 0 -1 0 0 2454.dat
1 15 -210 -128 -140 0 0 1 0 1 0 -1 0 0 2454.dat
1 15 210 -128 -140 0 0 1 0 1 0 -1 0 0 2454.dat
1 15 390 -128 -140 0 0 1 0 1 0 -1 0 0 2454.dat
1 15 -180 -128 -150 1 0 0 0 1 0 0 0 1 2454.dat
1 15 180 -128 -150 1 0 0 0 1 0 0 0 1 2454.dat
0 STEP
1 7 -380 -136 130 0 0 1 0 1 0 -1 0 0 3021.dat
1 7 -220 -136 130 0 0 1 0 1 0 -1 0 0 3021.dat
1 7 220 -136 130 0 0 1 0 1 0 -1 0 0 3021.dat
1 7 380 -136 130 0 0 1 0 1 0 -1 0 0 3021.dat
1 7 -180 -136 10 1 0 0 0 1 0 0 0 1 3710.dat
1 7 180 -136 10 1 0 0 0 1 0 0 0 1 3710.dat
1 7 -390 -136 -120 0 0 1 0 1 0 -1 0 0 3710.dat
1 7 390 -136 -120 0 0 1 0 1 0 -1 0 0 3710.dat
1 7 -210 -136 -140 0 0 1 0 1 0 -1 0 0 3023.dat
1 7 210 -136 -140 0 0 1 0 1 0 -1 0 0 3023.dat
1 7 -180 -136 -150 1 0 0 0 1 0 0 0 1 3023.dat
1 7 180 -136 -150 1 0 0 0 1 0 0 0 1 3023.dat
0 STEP
1 9 -380 -144 130 0 0 1 0 1 0 -1 0 0 3021.dat
1 9 -220 -144 130 0 0 1 0 1 0 -1 0 0 3021.dat
1 9 220 -144 130 0 0 1 0 1 0 -1 0 0 3021.dat
1 9 380 -144 130 0 0 1 0 1 0 -1 0 0 3021.dat
1 9 -180 -144 10 1 0 0 0 1 0 0 0 1 3710.dat
1 9 180 -144 10 1 0 0 0 1 0 0 0 1 3710.dat
1 9 -390 -144 -120 0 0 1 0 1 0 -1 0 0 3710.dat
1 9 390 -144 -120 0 0 1 0 1 0 -1 0 0 3710.dat
1 9 -210 -144 -130 1 0 0 0 1 0 0 0 1 3024.dat
1 9 210 -144 -130 1 0 0 0 1 0 0 0 1 3024.dat
1 9 -190 -144 -150 1 0 0 0 1 0 0 0 1 3623.dat
1 9 190 -144 -150 1 0 0 0 1 0 0 0 1 3623.dat
0 STEP
1 9 -300 -152 140 1 0 0 0 1 0 0 0 1 3738.dat
1 9 300 -152 140 1 0 0 0 1 0 0 0 1 3738.dat
0 STEP
1 7 -350 -160 140 1 0 0 0 1 0 0 0 1 3021.dat
1 7 -250 -160 140 1 0 0 0 1 0 0 0 1 3021.dat
1 7 250 -160 140 1 0 0 0 1 0 0 0 1 3021.dat
1 7 350 -160 140 1 0 0 0 1 0 0 0 1 3021.dat
0 STEP
1 9 -300 -168 140 1 0 0 0 1 0 0 0 1 3738.dat
1 9 300 -168 140 1 0 0 0 1 0 0 0 1 3738.dat
1 18 -190 -168 10 1 0 0 0 1 0 0 0 1 47905.dat
1 7 -160 -168 10 1 0 0 0 1 0 0 0 1 2877.dat
1 35 0 -168 10 -1 0 0 0 1 0 0 0 -1 30007.dat
1 7 160 -168 10 1 0 0 0 1 0 0 0 1 2877.dat
1 18 190 -168 10 1 0 0 0 1 0 0 0 1 47905.dat
1 15 -390 -168 0 0 0 1 0 1 0 -1 0 0 2465.dat
1 15 -210 -168 0 0 0 1 0 1 0 -1 0 0 2465.dat
1 15 210 -168 0 0 0 1 0 1 0 -1 0 0 2465.dat
1 15 390 -168 0 0 0 1 0 1 0 -1 0 0 2465.dat
1 15 -190 -168 -150 1 0 0 0 1 0 0 0 1 3005.dat
1 15 -170 -168 -150 0 0 -1 0 1 0 1 0 0 3665a.dat
1 15 170 -168 -150 0 0 1 0 1 0 -1 0 0 3665a.dat
1 15 190 -168 -150 1 0 0 0 1 0 0 0 1 3005.dat
0 STEP
1 7 -190 -158 28 0 0 1 -1 0 0 0 -1 0 2555.dat
1 7 190 -158 28 0 0 1 -1 0 0 0 -1 0 2555.dat
1 7 -190 -158 -8 0 0 1 1 0 0 0 1 0 2555.dat
1 7 190 -158 -8 0 0 1 1 0 0 0 1 0 2555.dat
0 STEP
1 0 -190 -170.728 49.556 -1 0 0 0 -0.707107 -0.707107 0 -0.707107 0.707107 48336.dat
1 0 190 -170.728 49.556 -1 0 0 0 -0.707107 -0.707107 0 -0.707107 0.707107 48336.dat
1 0 -190 -170.728 -29.556 1 0 0 0 -0.707107 -0.707107 0 0.707107 -0.707107 48336.dat
1 0 190 -170.728 -29.556 1 0 0 0 -0.707107 -0.707107 0 0.707107 -0.707107 48336.dat
0 STEP
1 46 -200 -165.071 55.213 -1 0 0 0 -0.707 -0.707 0 -0.707 0.707 6141.dat
1 46 -180 -165.071 55.213 -1 0 0 0 -0.707 -0.707 0 -0.707 0.707 6141.dat
1 46 180 -165.071 55.213 -1 0 0 0 -0.707 -0.707 0 -0.707 0.707 6141.dat
1 46 200 -165.071 55.213 -1 0 0 0 -0.707 -0.707 0 -0.707 0.707 6141.dat
1 46 -200 -165.071 -35.213 -1 0 0 0 -0.707 0.707 0 0.707 0.707 6141.dat
1 46 -180 -165.071 -35.213 -1 0 0 0 -0.707 0.707 0 0.707 0.707 6141.dat
1 46 180 -165.071 -35.213 -1 0 0 0 -0.707 0.707 0 0.707 0.707 6141.dat
1 46 200 -165.071 -35.213 -1 0 0 0 -0.707 0.707 0 0.707 0.707 6141.dat
0 STEP
1 8 -370 -176 130 1 0 0 0 1 0 0 0 1 2450.dat
1 8 -230 -176 130 0 0 1 0 1 0 -1 0 0 2450.dat
1 8 230 -176 130 1 0 0 0 1 0 0 0 1 2450.dat
1 8 370 -176 130 0 0 1 0 1 0 -1 0 0 2450.dat
1 8 -280 -176 -120 1 0 0 0 1 0 0 0 1 2445.dat
1 8 280 -176 -120 1 0 0 0 1 0 0 0 1 2445.dat
1 8 -300 -176 -150 1 0 0 0 1 0 0 0 1 4477.dat
1 8 -170 -176 -150 1 0 0 0 1 0 0 0 1 3623.dat
1 8 170 -176 -150 1 0 0 0 1 0 0 0 1 3623.dat
1 8 300 -176 -150 1 0 0 0 1 0 0 0 1 4477.dat
0 STEP
1 15 -170 -192 10 0 0 1 0 1 0 -1 0 0 4286.dat
1 15 0 -192 10 1 0 0 0 1 0 0 0 1 2465.dat
1 15 170 -192 10 0 0 -1 0 1 0 1 0 0 4286.dat
0 STEP
1 7 -150 -200 10 1 0 0 0 1 0 0 0 1 3623.dat
1 7 150 -200 10 1 0 0 0 1 0 0 0 1 3623.dat
1 15 -380 -200 -110 1 0 0 0 1 0 0 0 1 3039.dat
1 15 -280 -200 -110 1 0 0 0 1 0 0 0 1 4445.dat
1 15 -170 -200 -110 0 0 1 0 1 0 -1 0 0 3046.dat
1 15 170 -200 -110 1 0 0 0 1 0 0 0 1 3046.dat
1 15 280 -200 -110 1 0 0 0 1 0 0 0 1 4445.dat
1 15 380 -200 -110 1 0 0 0 1 0 0 0 1 3039.dat
1 15 -170 -200 -150 0 0 1 0 1 0 -1 0 0 3040b.dat
1 15 170 -200 -150 0 0 -1 0 1 0 1 0 0 3040b.dat
1 15 -150 -200 -170 0 0 1 0 1 0 -1 0 0 3622.dat
1 15 150 -200 -170 0 0 1 0 1 0 -1 0 0 3622.dat
0 STEP
1 46 -150 -176 -170 1 0 0 0 1 0 0 0 1 6141.dat
1 46 150 -176 -170 1 0 0 0 1 0 0 0 1 6141.dat
1 46 -150 -176 -190 1 0 0 0 1 0 0 0 1 6141.dat
1 46 150 -176 -190 1 0 0 0 1 0 0 0 1 6141.dat
0 ROTSTEP -23 45 0 ABS
1 9 -150 -208 10 1 0 0 0 1 0 0 0 1 3623.dat
1 9 150 -208 10 1 0 0 0 1 0 0 0 1 3623.dat
1 0 -160 -208 -150 1 0 0 0 1 0 0 0 1 2412b.dat
1 0 160 -208 -150 1 0 0 0 1 0 0 0 1 2412b.dat
1 8 -150 -200 -170 1 0 0 0 1 0 0 0 1 54200.dat
1 8 150 -200 -170 1 0 0 0 1 0 0 0 1 54200.dat
0 ROTSTEP END
1 0 -160 -216 10 1 0 0 0 1 0 0 0 1 2412b.dat
1 0 160 -216 10 1 0 0 0 1 0 0 0 1 2412b.dat
0 STEP
1 15 -300 -224 -110 1 0 0 0 1 0 0 0 1 30414.dat
1 15 -190 -224 -110 1 0 0 0 1 0 0 0 1 3062b.dat
1 15 190 -224 -110 1 0 0 0 1 0 0 0 1 3062b.dat
1 15 300 -224 -110 1 0 0 0 1 0 0 0 1 30414.dat
0 STEP
1 0 -130 -232 10 1 0 0 0 1 0 0 0 1 4589.dat
1 0 130 -232 10 1 0 0 0 1 0 0 0 1 4589.dat
1 0 -300 -232 -110 1 0 0 0 1 0 0 0 1 3710.dat
1 0 300 -232 -110 1 0 0 0 1 0 0 0 1 3710.dat
0 STEP
1 7 -300 -240 -110 1 0 0 0 1 0 0 0 1 3710.dat
1 7 300 -240 -110 1 0 0 0 1 0 0 0 1 3710.dat
0 STEP
1 15 -190 -248 -110 1 0 0 0 1 0 0 0 1 3062b.dat
1 15 190 -248 -110 1 0 0 0 1 0 0 0 1 3062b.dat
0 STEP
1 15 -190 -252 -110 1 0 0 0 1 0 0 0 1 4095.dat
1 15 190 -252 -110 1 0 0 0 1 0 0 0 1 4095.dat
0 STEP
1 15 -300 -264 -110 1 0 0 0 1 0 0 0 1 30414.dat
1 15 300 -264 -110 1 0 0 0 1 0 0 0 1 30414.dat
0 STEP
1 7 -300 -260 -144 1 0 0 0 0 -1 0 1 0 4515.dat
1 7 300 -260 -144 1 0 0 0 0 -1 0 1 0 4515.dat
1 15 -190 -368 -110 0 0 1 0 1 0 -1 0 0 2335p03.dat
1 15 190 -368 -110 0 0 1 0 1 0 -1 0 0 2335p03.dat
0 
0

0 FILE 8681 - 8681-6-b.ldr
0 8681-6-b
0 Name: 8681 - 8681-6-b.ldr
0 Author: Massimo Maso
0 !LDRAW_ORG Model
0 !LICENSE Redistributable under CCAL version 2.0 : see CAreadme.txt

0
0 ROTATION CENTER 0 0 0 1 "Custom" 
0 ROTATION CONFIG 0 0
1 9 -140 0 0 0 0 1 0 1 0 -1 0 0 3738.dat
1 9 140 0 0 0 0 1 0 1 0 -1 0 0 3738.dat
0 STEP
1 15 0 -24 70 1 0 0 0 1 0 0 0 1 32018.dat
1 7 -150 -24 20 0 0 1 0 1 0 -1 0 0 3008.dat
1 7 150 -24 20 0 0 1 0 1 0 -1 0 0 3008.dat
1 15 0 -24 -70 1 0 0 0 1 0 0 0 1 2465.dat
0 STEP
1 8 0 -32 80 1 0 0 0 1 0 0 0 1 4282.dat
1 8 -130 -32 -50 0 0 -1 0 1 0 1 0 0 2450.dat
1 8 130 -32 -50 -1 0 0 0 1 0 0 0 -1 2450.dat
1 8 0 -32 -70 1 0 0 0 1 0 0 0 1 4477.dat
0 STEP
1 8 -140 -56 90 1 0 0 0 1 0 0 0 1 3937.dat
1 8 140 -56 90 1 0 0 0 1 0 0 0 1 3937.dat
0 
0

0 FILE 8681 - 8681-6-c.ldr
0 8681-6-c
0 Name: 8681 - 8681-6-c.ldr
0 Author: Massimo Maso
0 !LDRAW_ORG Model
0 !LICENSE Redistributable under CCAL version 2.0 : see CAreadme.txt

0
0 ROTATION CENTER 0 0 0 1 "Custom" 
0 ROTATION CONFIG 0 0
1 9 -140 -10 0 -1 0 0 0 1 0 0 0 -1 6134.dat
1 9 140 -10 0 -1 0 0 0 1 0 0 0 -1 6134.dat
1 7 0 -10 -70 1 0 0 0 1 0 0 0 1 3832.dat
0 STEP
1 0 -80 -18 -70 1 0 0 0 1 0 0 0 1 41539.dat
1 0 80 -18 -70 1 0 0 0 1 0 0 0 1 41539.dat
0 STEP
1 15 -140 -26 -10 1 0 0 0 1 0 0 0 1 3068b.dat
1 0 -100 -26 -10 1 0 0 0 1 0 0 0 1 3068b.dat
1 15 -60 -26 -10 1 0 0 0 1 0 0 0 1 3068b.dat
1 0 -20 -26 -10 1 0 0 0 1 0 0 0 1 3068b.dat
1 15 20 -26 -10 1 0 0 0 1 0 0 0 1 3068b.dat
1 0 60 -26 -10 1 0 0 0 1 0 0 0 1 3068b.dat
1 15 100 -26 -10 1 0 0 0 1 0 0 0 1 3068b.dat
1 0 140 -26 -10 1 0 0 0 1 0 0 0 1 3068b.dat
1 0 -140 -26 -50 1 0 0 0 1 0 0 0 1 3068b.dat
1 15 -100 -26 -50 1 0 0 0 1 0 0 0 1 3068b.dat
1 0 -60 -26 -50 1 0 0 0 1 0 0 0 1 3068b.dat
1 15 -20 -26 -50 1 0 0 0 1 0 0 0 1 3068b.dat
1 0 20 -26 -50 1 0 0 0 1 0 0 0 1 3068b.dat
1 15 60 -26 -50 1 0 0 0 1 0 0 0 1 3068b.dat
1 0 100 -26 -50 1 0 0 0 1 0 0 0 1 3068b.dat
1 15 140 -26 -50 1 0 0 0 1 0 0 0 1 3068b.dat
1 15 -140 -26 -90 1 0 0 0 1 0 0 0 1 3068b.dat
1 0 -100 -26 -90 1 0 0 0 1 0 0 0 1 3068b.dat
1 15 -60 -26 -90 1 0 0 0 1 0 0 0 1 3068b.dat
1 0 -20 -26 -90 1 0 0 0 1 0 0 0 1 3068b.dat
1 15 20 -26 -90 1 0 0 0 1 0 0 0 1 3068b.dat
1 0 60 -26 -90 1 0 0 0 1 0 0 0 1 3068b.dat
1 15 100 -26 -90 1 0 0 0 1 0 0 0 1 3068b.dat
1 0 140 -26 -90 1 0 0 0 1 0 0 0 1 3068b.dat
1 0 -140 -26 -130 1 0 0 0 1 0 0 0 1 3068b.dat
1 15 -100 -26 -130 1 0 0 0 1 0 0 0 1 3068b.dat
1 0 -60 -26 -130 1 0 0 0 1 0 0 0 1 3068b.dat
1 15 -20 -26 -130 1 0 0 0 1 0 0 0 1 3068b.dat
1 0 20 -26 -130 1 0 0 0 1 0 0 0 1 3068b.dat
1 15 60 -26 -130 1 0 0 0 1 0 0 0 1 3068b.dat
1 0 100 -26 -130 1 0 0 0 1 0 0 0 1 3068b.dat
1 15 140 -26 -130 1 0 0 0 1 0 0 0 1 3068b.dat
0 
0

0 FILE 8681 - 8681-6-d.ldr
0 8681-6-d
0 Name: 8681 - 8681-6-d.ldr
0 Author: Massimo Maso
0 !LDRAW_ORG Model
0 !LICENSE Redistributable under CCAL version 2.0 : see CAreadme.txt

0
0 ROTATION CENTER 0 0 0 1 "Custom" 
0 ROTATION CONFIG 0 0
1 7 0 0 0 1 0 0 0 1 0 0 0 1 4032a.dat
0 STEP
1 15 0 -8 0 1 0 0 0 1 0 0 0 1 3957a.dat
0 STEP
1 15 0 -80 0 1 0 0 0 1 0 0 0 1 30258.dat
0 
0

0 FILE 8681 - 8681-6-e.ldr
0 8681-6-e
0 Name: 8681 - 8681-6-e.ldr
0 Author: Massimo Maso
0 !LDRAW_ORG Model
0 !LICENSE Redistributable under CCAL version 2.0 : see CAreadme.txt

0
0 ROTATION CENTER 0 0 0 1 "Custom" 
0 ROTATION CONFIG 0 0
1 0 0 0 0 1 0 0 0 1 0 0 0 1 3705.dat
0 STEP
1 0 -5 0 40 0 1 0 0 0 -1 -1 0 0 32250.dat
1 0 5 0 40 0 1 0 0 0 -1 -1 0 0 32250.dat
0 STEP
1 7 -15 0 0 0 0 1 0 1 0 -1 0 0 32123a.dat
1 7 15 0 0 0 0 1 0 1 0 -1 0 0 32123a.dat
0 STEP
1 0 -40 0 0 0 0 1 0 1 0 -1 0 0 59443.dat
1 0 40 0 0 0 0 1 0 1 0 -1 0 0 59443.dat
0 STEP
1 18 -60 0 0 1 0 0 0 1 0 0 0 1 3749.dat
1 18 60 0 0 -1 0 0 0 1 0 0 0 -1 3749.dat
1 7 10 -60 40 1 0 0 0 1 0 0 0 1 4459.dat
0 
0

0 FILE 8681 - 8681-6-f.ldr
0 8681-6-f
0 Name: 8681 - 8681-6-f.ldr
0 Author: Massimo Maso
0 !LDRAW_ORG Model
0 !LICENSE Redistributable under CCAL version 2.0 : see CAreadme.txt

0
0 ROTATION CENTER 0 0 0 1 "Custom" 
0 ROTATION CONFIG 0 0
1 7 0 0 0 1 0 0 0 1 0 0 0 1 4519.dat
0 STEP
1 4 -15 0 0 0 -1 0 0 0 -1 1 0 0 6632.dat
1 4 15 0 0 0 -1 0 0 0 -1 1 0 0 6632.dat
0 STEP
1 7 0 -40 0 1 0 0 0 1 0 0 0 1 4519.dat
0 STEP
1 7 -25 0 0 0 0 1 0 1 0 -1 0 0 32123b.dat
1 7 25 0 0 0 0 1 0 1 0 -1 0 0 32123b.dat
1 7 -25 -40 0 0 0 1 0 1 0 -1 0 0 32123b.dat
1 7 25 -40 0 0 0 1 0 1 0 -1 0 0 32123b.dat
0 
0

0 FILE 8681 - 8681-6-g.ldr
0 8681-6-g
0 Name: 8681 - 8681-6-g.ldr
0 Author: Massimo Maso
0 !LDRAW_ORG Model
0 !LICENSE Redistributable under CCAL version 2.0 : see CAreadme.txt

0
0 ROTATION CENTER 0 0 0 1 "Custom" 
0 ROTATION CONFIG 0 0
1 0 0 -70 0 0 -1 0 1 0 0 0 0 1 3706.dat
0 STEP
1 0 0 0 0 1 0 0 0 0 1 0 -1 0 32013.dat
1 4 0 -106 0 -1 0 0 0 -1 0 0 0 1 3941.dat
0 STEP
1 0 0 -130 0 -1 0 0 0 -1 0 0 0 1 2654.dat
0 
0

0 FILE 8681 - 8681-6-h.ldr
0 8681-6-h
0 Name: 8681 - 8681-6-h.ldr
0 Author: Massimo Maso
0 !LDRAW_ORG Model
0 !LICENSE Redistributable under CCAL version 2.0 : see CAreadme.txt

0
0 ROTATION CENTER 0 0 0 1 "Custom" 
0 ROTATION CONFIG 0 0
1 7 80 0 160 1 0 0 0 1 0 0 0 1 3679.dat
0 STEP
1 0 0 -8 80 0 0 1 0 1 0 -1 0 0 3832.dat
1 0 80 -8 80 0 0 1 0 1 0 -1 0 0 3832.dat
0 STEP
1 9 40 -16 160 1 0 0 0 1 0 0 0 1 3795.dat
1 9 40 -16 20 1 0 0 0 1 0 0 0 1 3795.dat
1 0 0 -16 -10 1 0 0 0 1 0 0 0 1 48336.dat
1 0 80 -16 -10 1 0 0 0 1 0 0 0 1 48336.dat
0 STEP
1 8 0 -24 160 -1 0 0 0 1 0 0 0 -1 3176.dat
1 8 80 -24 160 -1 0 0 0 1 0 0 0 -1 3176.dat
1 8 0 -24 20 1 0 0 0 1 0 0 0 1 3022.dat
1 8 80 -24 20 1 0 0 0 1 0 0 0 1 3022.dat
1 8 0 -16 -70 1 0 0 0 1 0 0 0 1 30350a.dat
1 8 80 -16 -70 1 0 0 0 1 0 0 0 1 30350a.dat
0 STEP
1 9 0 -24 190 -1 0 0 0 -1 0 0 0 1 3062b.dat
1 9 80 -24 190 -1 0 0 0 -1 0 0 0 1 3062b.dat
1 8 -10 -32 80 0 0 1 0 1 0 -1 0 0 4162.dat
1 8 10 -32 80 0 0 1 0 1 0 -1 0 0 4162.dat
1 8 70 -32 80 0 0 1 0 1 0 -1 0 0 4162.dat
1 8 90 -32 80 0 0 1 0 1 0 -1 0 0 4162.dat
1 8 -10 -16 -10 1 0 0 0 1 0 0 0 1 54200.dat
1 8 10 -16 -10 1 0 0 0 1 0 0 0 1 54200.dat
1 8 70 -16 -10 1 0 0 0 1 0 0 0 1 54200.dat
1 8 90 -16 -10 1 0 0 0 1 0 0 0 1 54200.dat
0 
0

0 FILE 8681 - 8681-6-i.ldr
0 8681-6-i
0 Name: 8681 - 8681-6-i.ldr
0 Author: Massimo Maso
0 !LDRAW_ORG Model
0 !LICENSE Redistributable under CCAL version 2.0 : see CAreadme.txt

0
0 ROTATION CENTER 0 0 0 1 "Custom" 
0 ROTATION CONFIG 0 0
1 7 0 0 0 1 0 0 0 1 0 0 0 1 3679.dat
0 STEP
1 7 -10 -24 10 1 0 0 0 1 0 0 0 1 3062b.dat
1 7 10 -24 10 1 0 0 0 1 0 0 0 1 3062b.dat
0 STEP
1 0 0 -32 10 1 0 0 0 1 0 0 0 1 2436a.dat
0 STEP
1 42 -30 -22 -4 0 0 1 1 0 0 0 1 0 54200.dat
1 8 -10 -22 -12 1 0 0 0 0 -1 0 1 0 6141.dat
1 8 10 -22 -12 1 0 0 0 0 -1 0 1 0 6141.dat
1 42 30 -22 -4 0 0 -1 -1 0 0 0 1 0 54200.dat
0 STEP
1 0 0 -22 -20 1 0 0 0 0 -1 0 1 0 2412b.dat
0 
0

0 FILE 8681 - 8681-6-j.ldr
0 8681-6-j
0 Name: 8681 - 8681-6-j.ldr
0 Author: Massimo Maso
0 !LDRAW_ORG Model
0 !LICENSE Redistributable under CCAL version 2.0 : see CAreadme.txt

0
0 ROTATION CENTER 0 0 0 1 "Custom" 
0 ROTATION CONFIG 0 0
1 7 0 0 0 1 0 0 0 1 0 0 0 1 3679.dat
0 STEP
1 7 0 -24 0 1 0 0 0 1 0 0 0 1 3062b.dat
0 STEP
1 25 0 -32 0 1 0 0 0 1 0 0 0 1 44674.dat
0 STEP
1 15 0 -64 0 1 0 0 0 1 0 0 0 1 50943.dat
0 
0

0 FILE 8681 - 8681-6-k.ldr
0 8681-6-k
0 Name: 8681 - 8681-6-k.ldr
0 Author: Massimo Maso
0 !LDRAW_ORG Model
0 !LICENSE Redistributable under CCAL version 2.0 : see CAreadme.txt

0
0 ROTATION CENTER 0 0 0 1 "Custom" 
0 ROTATION CONFIG 0 0
1 7 0 0 0 1 0 0 0 1 0 0 0 1 3679.dat
0 STEP
1 7 -10 -24 10 1 0 0 0 1 0 0 0 1 3062b.dat
1 7 10 -24 10 1 0 0 0 1 0 0 0 1 3062b.dat
0 STEP
1 0 0 -32 0 1 0 0 0 1 0 0 0 1 50946.dat
0 
0

0 FILE 8681 - 8681-6-l.ldr
0 8681-6-l
0 Name: 8681 - 8681-6-l.ldr
0 Author: Massimo Maso
0 !LDRAW_ORG Model
0 !LICENSE Redistributable under CCAL version 2.0 : see CAreadme.txt

0
0 ROTATION CENTER 0 0 0 1 "Custom" 
0 ROTATION CONFIG 0 0
1 7 0 0 0 1 0 0 0 1 0 0 0 1 3679.dat
0 STEP
1 7 0 -24 10 1 0 0 0 1 0 0 0 1 3004.dat
0 STEP
1 0 -10 -32 10 0 0 1 0 1 0 -1 0 0 2555.dat
1 0 10 -32 10 0 0 1 0 1 0 -1 0 0 2555.dat
0 STEP
1 15 -20 -47.501 27.712 1 0 0 0 0.92388 -0.382683 0 0.382683 0.92388 48336.dat
1 15 20 -47.501 27.712 1 0 0 0 0.92388 -0.382683 0 0.382683 0.92388 48336.dat
0 STEP
1 15 0 -54.892 24.651 1 0 0 0 0.92388 -0.382683 0 0.382683 0.92388 2431.dat
0 
0

0 FILE 8681 - 8681-6-m.ldr
0 8681-6-m
0 Name: 8681 - 8681-6-m.ldr
0 Author: Massimo Maso
0 !LDRAW_ORG Model
0 !LICENSE Redistributable under CCAL version 2.0 : see CAreadme.txt


0 ROTATION CENTER 0 0 0 1 "Custom"
0 ROTATION CONFIG 0 0
1 7 0 0 0 1 0 0 0 1 0 0 0 1 3679.dat
0 STEP
1 4 0 -8 0 1 0 0 0 1 0 0 0 1 3022.dat
0 STEP
1 0 -10 -32 10 -1 0 0 0 1 0 0 0 -1 4070.dat
1 0 10 -32 10 -1 0 0 0 1 0 0 0 -1 4070.dat
1 0 -10 -32 -10 1 0 0 0 1 0 0 0 1 4070.dat
1 0 10 -32 -10 1 0 0 0 1 0 0 0 1 4070.dat
0 STEP
1 7 -10 -22 40 -0.707107 0 -0.707107 0.707107 0 -0.707107 0 -1 0 4599a.dat
1 7 10 -22 40 -0.707107 0 0.707107 -0.707107 0 -0.707107 0 -1 0 4599a.dat
1 7 -10 -22 -40 0.707107 0 -0.707107 -0.707107 0 -0.707107 0 1 0 4599a.dat
1 7 10 -22 -40 0.707107 0 0.707107 0.707107 0 -0.707107 0 1 0 4599a.dat
0 STEP
1 0 -19.899 -31.899 36 0.707107 0 0.707107 -0.707107 0 0.707107 0 -1 0 51719.dat
1 0 19.899 -31.899 36 0.707107 0 -0.707107 0.707107 0 0.707107 0 -1 0 51719.dat
1 0 -19.899 -31.899 -36 0.707107 0 0.707107 -0.707107 0 0.707107 0 -1 0 51719.dat
1 0 19.899 -31.899 -36 0.707107 0 -0.707107 0.707107 0 0.707107 0 -1 0 51719.dat
0 STEP
1 4 0 -40 0 1 0 0 0 1 0 0 0 1 3022.dat
0 STEP
1 0 -10 -64 10 0 0 1 0 1 0 -1 0 0 4070.dat
1 0 10 -64 10 0 0 -1 0 1 0 1 0 0 4070.dat
1 0 -10 -64 -10 0 0 1 0 1 0 -1 0 0 4070.dat
1 0 10 -64 -10 0 0 -1 0 1 0 1 0 0 4070.dat
0 STEP
1 7 -40 -54 10 0 1 0 -0.707107 0 -0.707107 -0.707107 0 0.707107 4599a.dat
1 7 40 -54 10 0 -1 0 0.707107 0 -0.707107 0.707107 0 0.707107 4599a.dat
1 7 -40 -54 -10 0 1 0 0.707107 0 -0.707107 -0.707107 0 -0.707107 4599a.dat
1 7 40 -54 -10 0 -1 0 -0.707107 0 -0.707107 0.707107 0 -0.707107 4599a.dat
0 STEP
1 7 -36 -66.728 22.728 1 0 0 0 -0.707107 0.707107 0 -0.707107 -0.707107 30027a.dat
1 15 36 -66.728 22.728 1 0 0 0 -0.707107 0.707107 0 -0.707107 -0.707107 30027a.dat
1 7 -36 -66.728 -22.728 1 0 0 0 0.707107 0.707107 0 -0.707107 0.707107 30027a.dat
1 15 36 -66.728 -22.728 1 0 0 0 0.707107 0.707107 0 -0.707107 0.707107 30027a.dat
0 STEP
1 7 0 -72 0 1 0 0 0 1 0 0 0 1 4150.dat






