0 FILE 8826 - main.ldr
0 main
0 Name: 8826 - main.ldr
0 Author: Max Martin Richter [MMR1988]
0 !LDRAW_ORG Model
0 !LICENSE Redistributable under CCAL version 2.0 : see CAreadme.txt

0 !LICENSE Redistributable under CCAL version 2.0 : see CAreadme.txt

1 0 0 0 0 1 0 0 0 1 0 0 0 1 8826 - Race Car.ldr





0 FILE 8826 - Race Car.ldr
0 Race Car
0 Name: 8826 - Race Car.ldr
0 Author: Max Martin Richter [MMR1988]
0 !LDRAW_ORG Model
0 !LICENSE Redistributable under CCAL version 2.0 : see CAreadme.txt


1 14 -20 0 -40 0 0 -1 0 1 0 1 0 0 3709b.dat
1 14 20 0 -40 0 0 -1 0 1 0 1 0 0 3709b.dat
1 14 -30 0 70 1 0 0 0 1 0 0 0 1 2420.dat
1 14 30 0 70 0 0 -1 0 1 0 1 0 0 2420.dat
0 STEP
1 14 30 -8 80 0 0 -1 0 1 0 1 0 0 3023.dat
1 14 0 -8 20 0 0 -1 0 1 0 1 0 0 3795.dat
1 14 -30 -8 80 0 0 -1 0 1 0 1 0 0 3023.dat
0 STEP
1 1 0 -16 10 0 0 -1 0 1 0 1 0 0 3021.dat
1 14 0 -24 -70 1 0 0 0 1 0 0 0 1 3298.dat
1 7 0 -16 60 1 0 0 0 1 0 0 0 1 3709b.dat
1 7 0 -16 100 1 0 0 0 1 0 0 0 1 3709b.dat
0 STEP
1 1 0 -40 30 1 0 0 0 1 0 0 0 1 3039.dat
1 14 20 -24 60 1 0 0 0 1 0 0 0 1 4032a.dat
1 14 -20 -24 60 1 0 0 0 1 0 0 0 1 4032a.dat
1 7 40 -24 100 1 0 0 0 1 0 0 0 1 2444.dat
1 7 -40 -24 100 -1 0 0 0 1 0 0 0 -1 2444.dat
1 0 30 -24 -40 0 0 1 0 1 0 -1 0 0 3701.dat
1 0 -30 -24 -40 0 0 1 0 1 0 -1 0 0 3701.dat
1 7 40 -14 -60 1 0 0 0 1 0 0 0 1 3749.dat
1 7 -40 -14 -60 -1 0 0 0 1 0 0 0 -1 3749.dat
0 STEP
1 14 30 -32 -70 0 0 -1 0 1 0 1 0 0 2420.dat
1 14 -30 -32 -70 1 0 0 0 1 0 0 0 1 2420.dat
1 0 40 -32 60 0 0 1 0 1 0 -1 0 0 3738.dat
1 0 -40 -32 60 0 0 1 0 1 0 -1 0 0 3738.dat
1 7 60 -14 100 1 0 0 0 1 0 0 0 1 3749.dat
1 7 -60 -14 100 -1 0 0 0 1 0 0 0 -1 3749.dat
0 STEP
1 0 40 -40 -10 1 0 0 0 1 0 0 0 1 3023.dat
1 0 -40 -40 -10 1 0 0 0 1 0 0 0 1 3023.dat
1 0 40 -40 120 1 0 0 0 1 0 0 0 1 3022.dat
1 0 -40 -40 120 1 0 0 0 1 0 0 0 1 3022.dat
1 0 50 -24 20 1 0 0 0 1 0 0 0 1 8826 - Substep_Step-6_1.ldr
1 0 -50 -24 20 -1 0 0 0 1 0 0 0 -1 8826 - Substep_Step-6_2.ldr
0 STEP
1 0 0 -48 120 -1 0 0 0 1 0 0 0 -1 8826 - Substep_Step-7.ldr
0 STEP
1 0 0 -112.426 77.574 1 0 0 0 1 0 0 0 1 8826 - Substep_Step-8.ldr
0 STEP
1 0 0 -88 160 -1 0 0 0 -1 0 0 0 1 8826 - Substep_Step-9.ldr
1 14 70 -14 100 0 0 -1 0 -1 0 -1 0 0 3482.dat
1 256 70 -14 100 0 0 -1 0 -1 0 -1 0 0 2346.dat
1 14 50 -14 -60 0 0 -1 0 -1 0 -1 0 0 3482.dat
1 256 50 -14 -60 0 0 -1 0 -1 0 -1 0 0 2346.dat
1 14 -50 -14 -60 0 0 1 0 -1 0 1 0 0 3482.dat
1 256 -50 -14 -60 0 0 1 0 -1 0 1 0 0 2346.dat
1 14 -70 -14 100 0 0 1 0 -1 0 1 0 0 3482.dat
1 256 -70 -14 100 0 0 1 0 -1 0 1 0 0 2346.dat




0 FILE 8826 - Substep_Step-6_1.ldr
0 Substep_Step-6_1
0 Name: 8826 - Substep_Step-6_1.ldr
0 Author: Max Martin Richter [MMR1988]
0 !LDRAW_ORG Model
0 !LICENSE Redistributable under CCAL version 2.0 : see CAreadme.txt


1 256 0 0 0 0 0 -1 0 1 0 1 0 0 2436a.dat




0 FILE 8826 - Substep_Step-6_2.ldr
0 Substep_Step-6_2
0 Name: 8826 - Substep_Step-6_2.ldr
0 Author: Max Martin Richter [MMR1988]
0 !LDRAW_ORG Model
0 !LICENSE Redistributable under CCAL version 2.0 : see CAreadme.txt



1 256 0 0 0 0 0 -1 0 1 0 1 0 0 2436a.dat




0 FILE 8826 - Substep_Step-7.ldr
0 Substep_Step-7
0 Name: 8826 - Substep_Step-7.ldr
0 Author: Max Martin Richter [MMR1988]
0 !LDRAW_ORG Model
0 !LICENSE Redistributable under CCAL version 2.0 : see CAreadme.txt


1 14 0 0 0 -1 0 0 0 1 0 0 0 -1 3709b.dat
1 256 40 -8 0 -1 0 0 0 1 0 0 0 -1 3022.dat
1 256 -40 -8 0 -1 0 0 0 1 0 0 0 -1 3022.dat




0 FILE 8826 - Substep_Step-8.ldr
0 Substep_Step-8
0 Name: 8826 - Substep_Step-8.ldr
0 Author: Max Martin Richter [MMR1988]
0 !LDRAW_ORG Model
0 !LICENSE Redistributable under CCAL version 2.0 : see CAreadme.txt


1 0 0 18.983 -12.804 -1 0 0 0 0.921 -0.391 0 -0.391 -0.921 3706.dat
1 7 26 18.983 -12.804 0 0 1 -0.391 0.921 0 -0.921 -0.391 0 4265a.dat
1 7 -26 18.983 -12.804 0 0 -1 0.391 0.921 0 0.921 -0.391 0 4265a.dat
1 7 -30 26.475 -31.348 1 0 0 0 -0.927 0.375 0 -0.375 -0.927 4273a.dat
1 7 30 26.475 -31.348 -1 0 0 0 0.927 0.375 0 0.375 -0.927 4273a.dat
0 STEP
1 7 50 42.426 42.426 0 -1 0 -0.921 0 -0.391 0.391 0 -0.921 2825.dat
1 7 -50 42.426 42.426 0 1 0 0.921 0 -0.391 -0.391 0 -0.921 2825.dat
1 0 40 42.426 42.426 -1 0 0 0 0.707 -0.707 0 -0.707 -0.707 3704.dat
0 STEP
1 0 30 45.205 -77.707 0 1 0 0.375 0 -0.927 -0.927 0 -0.375 3706.dat
1 0 -30 45.205 -77.707 0 1 0 0.375 0 -0.927 -0.927 0 -0.375 3706.dat
1 7 30 63.935 -124.066 0 1 0 -0.927 0 -0.375 -0.375 0 0.927 3713.dat
1 7 -30 63.935 -124.066 0 1 0 -0.927 0 -0.375 -0.375 0 0.927 3713.dat
1 0 -30 42.426 42.426 1 0 0 0 0.391 -0.921 0 0.921 0.391 4519.dat
1 7 55 18.983 -12.804 0 0 1 -0.391 0.921 0 -0.921 -0.391 0 4265a.dat
1 7 -55 18.983 -12.804 0 0 -1 -0.921 0.391 0 0.391 0.921 0 4265a.dat
0 STEP
1 7 30 32.426 62.426 0 0 -1 0 1 0 1 0 0 3701.dat
1 7 -30 32.426 62.426 0 0 -1 0 1 0 1 0 0 3701.dat
1 7 -17 42.426 42.426 0 0 -1 -0.921 0.391 0 0.391 0.921 0 4143.dat




0 FILE 8826 - Substep_Step-9.ldr
0 Substep_Step-9
0 Name: 8826 - Substep_Step-9.ldr
0 Author: Max Martin Richter [MMR1988]
0 !LDRAW_ORG Model
0 !LICENSE Redistributable under CCAL version 2.0 : see CAreadme.txt

1 14 0 0 0 1 0 0 0 -1 0 0 0 -1 3738.dat
1 0 0 -8 0 0 0 1 0 -1 0 1 0 0 2817.dat
0 STEP
1 0 0 -18 10 0 -0.927 0.375 0 0.375 0.927 -1 0 0 3705.dat
1 7 0 -18 25 0.927 0.375 0 -0.375 0.927 0 0 0 1 4265a.dat
0 STEP
1 7 0 -18 40 0.927 -0.375 0 -0.375 -0.927 0 0 0 -1 3713.dat
1 7 0 -18 -23 -0.927 -0.375 0 0.375 -0.927 0 0 0 1 4143.dat






