0 FILE 8841 - Desert Racer - Buggy
0 Desert Racer - Buggy
0 Name: 8841 - Desert Racer - Buggy
0 Author: Ignacio Fernandez Galvan [jellby]
0 !LDRAW_ORG Unofficial_Model
0 !LICENSE Redistributable under CCAL version 2.0 : see CAreadme.txt

0 !KEYWORDS car, 1984

0 !HISTORY 2012-12-15 [jellby] Initial creation

0 !THEME Technic / Expert Builder
1 1 -50 -64 -30 0 0 -1 0 1 0 1 0 0 3703.dat
1 1 -40 -40 130 0 0 -1 0 1 0 1 0 0 3031.dat
1 1 -30 -54 -140 0 0 -1 -1 0 0 0 1 0 3700.dat
1 1 30 -54 -140 0 0 -1 -1 0 0 0 1 0 3700.dat
1 7 0 -54 -148 1 0 0 0 0 -1 0 1 0 3020.dat
1 4 30 -74 -180 0 0 1 1 0 0 0 1 0 3701.dat
1 4 -30 -74 -180 0 0 1 1 0 0 0 1 0 3701.dat
1 7 0 -54 -156 1 0 0 0 0 -1 0 1 0 3020.dat
1 0 -40 -54 -130 -1 0 0 0 1 0 0 0 -1 4459.dat
1 0 40 -54 -130 -1 0 0 0 1 0 0 0 -1 4459.dat
1 0 0 -54 -170 -1 0 0 0 1 0 0 0 -1 3707.dat
1 0 -80 -54 110 -1 0 0 0 1 0 0 0 -1 3706.dat
1 0 0 -54 90 -1 0 0 0 1 0 0 0 -1 3707.dat
1 7 -20 -54 90 0 0 1 0 1 0 -1 0 0 3713.dat
1 7 20 -54 90 0 0 -1 0 1 0 1 0 0 3713.dat
1 7 -70 -54 110 0 0 -1 0 1 0 1 0 0 3713.dat
1 7 -30 -54 110 0 0 1 0 1 0 -1 0 0 3713.dat
1 7 -10 -54 -170 0 0 1 0 1 0 -1 0 0 3713.dat
1 7 10 -54 -170 0 0 -1 0 1 0 1 0 0 3713.dat
1 7 0 -69.8522 77.8054 -1 0 0 0 0.6097 -0.7926 0 -0.7926 -0.6097 3651.dat
1 0 0 -93.6305 59.5135 0 0 1 -0.7926 0.6097 0 -0.6097 -0.7926 0 370526.dat
0 STEP
1 1 50 -64 -30 0 0 -1 0 1 0 1 0 0 3703.dat
1 1 40 -40 130 0 0 -1 0 1 0 1 0 0 3031.dat
1 4 90 -40 130 0 0 -1 0 1 0 1 0 0 3710.dat
1 4 -90 -40 130 0 0 -1 0 1 0 1 0 0 3710.dat
1 1 -70 -64 150 -1 0 0 0 1 0 0 0 -1 3002.dat
1 1 70 -64 150 -1 0 0 0 1 0 0 0 -1 3002.dat
1 1 0 -64 160 1 0 0 0 1 0 0 0 1 3700.dat
1 0 80 -54 110 -1 0 0 0 1 0 0 0 -1 3706.dat
1 7 70 -54 110 0 0 1 0 1 0 -1 0 0 3713.dat
1 7 30 -54 110 0 0 -1 0 1 0 1 0 0 3713.dat
1 7 68 -92.6256 58.25 0 -1 0 0.7725 0 -0.635 0.635 0 0.7725 4262.dat
1 7 -68 -92.6256 58.25 0 1 0 -0.7725 0 -0.635 -0.635 0 0.7725 4262.dat
1 7 -73 -54 90 0 0 -1 0 1 0 1 0 0 4265a.dat
1 7 73 -54 90 0 0 1 0 1 0 -1 0 0 4265a.dat
0 STEP
1 7 -50 -72 110 0 0 -1 0 1 0 1 0 0 3710.dat
1 7 50 -72 110 0 0 -1 0 1 0 1 0 0 3710.dat
1 7 0 -72 160 1 0 0 0 1 0 0 0 1 3666.dat
1 1 90 -64 110 0 0 -1 0 1 0 1 0 0 3700.dat
1 1 -90 -64 110 0 0 -1 0 1 0 1 0 0 3700.dat
1 7 110 -54 110 0 0 -1 0 1 0 1 0 0 3713.dat
1 7 -110 -54 110 0 0 1 0 1 0 -1 0 0 3713.dat
1 7 0 -24 -110 1 0 0 0 1 0 0 0 1 8841 - Wheel support.ldr
1 0 40 -94 -170 -1 0 0 0 1 0 0 0 -1 4459.dat
1 0 -40 -94 -170 -1 0 0 0 1 0 0 0 -1 4459.dat
0 STEP
1 7 60 -72 -100 1 0 0 0 1 0 0 0 1 4262.dat
1 7 -60 -72 -100 1 0 0 0 1 0 0 0 1 4262.dat
1 1 50 -72 -70 0 0 -1 0 1 0 1 0 0 3069b.dat
1 1 -50 -72 -70 0 0 -1 0 1 0 1 0 0 3069b.dat
1 7 90 -72 130 0 0 -1 0 1 0 1 0 0 3710.dat
1 7 -90 -72 130 0 0 -1 0 1 0 1 0 0 3710.dat
1 1 0 -80 130 1 0 0 0 1 0 0 0 1 3032.dat
1 7 0 -88 170 1 0 0 0 1 0 0 0 1 3022.dat
0 STEP
1 1 50 -104 140 0 0 -1 0 1 0 1 0 0 3622.dat
1 1 -50 -104 140 0 0 -1 0 1 0 1 0 0 3622.dat
1 0 0 -96 160 1 0 0 0 1 0 0 0 1 3710.dat
1 7 0 -80 -60 1 0 0 0 1 0 0 0 1 3460.dat
1 7 80 -88 -60 1 0 0 0 1 0 0 0 1 4263.dat
1 7 -80 -88 -60 1 0 0 0 1 0 0 0 1 4263.dat
1 7 0 -88 -60 1 0 0 0 1 0 0 0 1 3743.dat
1 1 0 -80 -100 1 0 0 0 1 0 0 0 1 3460.dat
1 4 0 -88 -100 1 0 0 0 1 0 0 0 1 3710.dat
0 STEP
1 4 50 -122.4433 -73.6103 0 0 -1 -0.1862 0.9825 0 0.9825 0.1862 0 3895.dat
1 4 -50 -122.4433 -73.6103 0 0 -1 -0.1862 0.9825 0 0.9825 0.1862 0 3895.dat
1 7 -60 -131.2362 26.5031 -1 0 0 0 0.9825 0.1862 0 0.1862 -0.9825 4274.dat
1 7 60 -131.2362 26.5031 1 0 0 0 0.9825 -0.1862 0 0.1862 0.9825 4274.dat
1 0 0 -112 160 1 0 0 0 1 0 0 0 1 3710.dat
1 0 0 -128 160 1 0 0 0 1 0 0 0 1 3710.dat
1 7 0 -104 170 1 0 0 0 1 0 0 0 1 3022.dat
1 7 0 -120 170 1 0 0 0 1 0 0 0 1 3022.dat
1 4 50 -128 160 1 0 0 0 1 0 0 0 1 4286.dat
1 4 -50 -128 160 1 0 0 0 1 0 0 0 1 4286.dat
1 7 0 -102 -10 1 0 0 0 1 0 0 0 1 8841 - Steering wheel.ldr
0 STEP
1 4 30 -136 160 1 0 0 0 1 0 0 0 1 3623.dat
1 4 -30 -136 160 1 0 0 0 1 0 0 0 1 3623.dat
1 7 130 -54 -100 0 0 -1 0 1 0 1 0 0 3482.dat
1 256 130 -54 -100 0 0 -1 0 1 0 1 0 0 3634.dat
1 7 130 -54 110 0 0 -1 0 1 0 1 0 0 3482.dat
1 7 -130 -54 110 0 0 1 0 1 0 -1 0 0 3482.dat
1 7 -130 -54 -100 0 0 1 0 1 0 -1 0 0 3482.dat
1 256 130 -54 110 0 0 -1 0 1 0 1 0 0 3634.dat
1 256 -130 -54 110 0 0 1 0 1 0 -1 0 0 3634.dat
1 256 -130 -54 -100 0 0 1 0 1 0 -1 0 0 3634.dat
1 7 0 -147.0597 13.3267 -1 0 0 0 0.9825 0.1862 0 0.1862 -0.9825 4262.dat




0 FILE 8841 - Wheel support.ldr
0 Wheel support
0 Name: 8841 - Wheel support.ldr
0 Author: Ignacio Fernandez Galvan [jellby]
0 !LDRAW_ORG Unofficial_Model
0 !LICENSE Redistributable under CCAL version 2.0 : see CAreadme.txt

1 7 0 -8 10 1 0 0 0 1 0 0 0 1 3666.dat
1 7 60 -16 10 1 0 0 0 1 0 0 0 1 4262.dat
1 7 -60 -16 10 1 0 0 0 1 0 0 0 1 4262.dat
1 7 110 -40 10 1 0 0 0 1 0 0 0 1 4261.dat
1 7 -110 -40 10 1 0 0 0 1 0 0 0 1 4261.dat
0 STEP
1 1 0 -40 10 1 0 0 0 1 0 0 0 1 3010.dat
1 7 120 -30 10 1 0 0 0 1 0 0 0 1 3749.dat
1 7 -120 -30 10 -1 0 0 0 -1 0 0 0 1 3749.dat
1 7 110 -50 50 0 -1 0 1 0 0 0 0 1 3749.dat
1 7 -110 -50 50 0 -1 0 1 0 0 0 0 1 3749.dat
1 7 110 -45 50 0 -1 0 0 0 1 -1 0 0 4265a.dat
1 7 -110 -45 50 0 -1 0 0 0 1 -1 0 0 4265a.dat




0 FILE 8841 - Steering wheel.ldr
0 Steering wheel
0 Name: 8841 - Steering wheel.ldr
0 Author: Ignacio Fernandez Galvan [jellby]
0 !LDRAW_ORG Unofficial_Model
0 !LICENSE Redistributable under CCAL version 2.0 : see CAreadme.txt

1 7 0 0 0 1 0 0 0 1 0 0 0 1 3326a.dat
1 7 0 -18.2919 23.7783 1 0 0 0 0.7926 -0.6097 0 0.6097 0.7926 3712.dat
1 7 0 0 -30 0 -1 0 -1 0 0 0 0 -1 3712.dat
1 0 0 -36.5838 47.5565 0 0 -1 -0.6097 0.7926 0 0.7926 0.6097 0 3705.dat
1 0 0 0 -80 0 0 -1 0 1 0 1 0 0 3706.dat
1 7 0 0 -50 0 -1 0 -1 0 0 0 0 -1 3647.dat
1 7 0 0 -70 0 -1 0 -1 0 0 0 0 -1 3647.dat
0 STEP
1 4 0 -10 -90 -1 0 0 0 1 0 0 0 -1 3701.dat
1 7 0 0 -110 1 0 0 0 1 0 0 0 1 3648a.dat
1 7 0 -14.6343 51.8251 0 -1 0 0.6097 0 0.7926 -0.7926 0 0.6097 3651.dat
1 7 0 -42.6811 55.4826 -1 0 0 0 0.7926 0.6097 0 0.6097 -0.7926 3713.dat
1 7 0 -57.9244 75.2979 -1 0 0 0 0.7926 0.6097 0 0.6097 -0.7926 4185.dat






