0 FILE 8844 - main.ldr
0 main
0 Name: 8844 - main.ldr
0 Author: Allard van Efferen (rabbitdesign.nl)
0 !LDRAW_ORG Model
0 !LICENSE Redistributable under CCAL version 2.0 : see CAreadme.txt

0 !THEME Technic

0 !THEME Technic

1 256 0 0 0 1 0 0 0 0.99 -0.139 0 0.139 0.99 8844 - model.ldr



0 FILE 8844 - model.ldr
0 model
0 Name: 8844 - model.ldr
0 Author: Allard van Efferen (rabbitdesign.nl)
0 !LDRAW_ORG Model Model
0 !LICENSE Redistributable under CCAL version 2.0 : see CAreadme.txt

0 !THEME Technic
0 ROTATION CENTER 0 0 0 1 "Custom"
0 ROTATION CONFIG 0 0
1 1 10 -32 0 1 0 0 0 1 0 0 0 1 3034.dat
1 1 10 -32 -60 0 0 1 0 1 0 -1 0 0 3020.dat
1 1 0 -56 -40 0 0 -1 0 1 0 1 0 0 3701.dat
1 1 20 -56 -40 0 0 -1 0 1 0 1 0 0 3701.dat
1 1 -60 -56 40 0 0 1 0 1 0 -1 0 0 3895.dat
1 7 -70 -46 40 -1 0 0 0 1 0 0 0 -1 3749.dat
1 0 90 -116 74 1 0 0 0 0.325568 -0.945519 0 0.945519 0.325568 8844 - frame-1.ldr
1 0 45 -63 198 1 0 0 0 0.992546 -0.121869 0 0.121869 0.992546 8844 - frame-2.ldr
1 0 10 -46 -60 1 0 0 0 1 0 0 0 1 3705.dat
1 7 -20 -46.293 -60.364 0 0 1 -0.707107 -0.707107 0 0.707107 -0.707107 0 3651.dat
1 7 40 -46.293 -60.364 0 0 -1 0.707107 -0.707107 0 -0.707107 -0.707107 0 3651.dat
1 7 -40 -103 80 0 0 -1 0 1 0 1 0 0 8844 - landinggear-2.ldr
1 1 10 -56 -90 1 0 0 0 1 0 0 0 1 3660.dat
1 1 80 -56 40 0 0 1 0 1 0 -1 0 0 3895.dat
1 7 90 -46 40 1 0 0 0 1 0 0 0 1 3749.dat
1 7 0 -46 60 0 0 1 0 1 0 -1 0 0 4019.dat
1 7 0 -66 175 0 0 1 0 1 0 -1 0 0 3648a.dat
1 7 90 -46 -60 1 0 0 0 1 0 0 0 1 3673.dat
1 7 -70 -46 -60 1 0 0 0 1 0 0 0 1 3673.dat
1 0 0 -64 48 1 0 0 0 0.981627 -0.190809 0 0.190809 0.981627 3711.dat
1 0 0 -49.994 39.601 1 0 0 0 0.529919 -0.848048 0 0.848048 0.529919 3711.dat
1 0 0 -34.994 43.601 1 0 0 0 -0.241922 -0.970296 0 0.970296 -0.241922 3711.dat
1 0 0 -25.994 55.601 1 0 0 0 -0.819152 -0.573576 0 0.573576 -0.819152 3711.dat
1 0 0 -22.994 71.601 1 0 0 0 -0.984808 -0.173648 0 0.173648 -0.984808 3711.dat
1 0 0 -20.994 87.601 1 0 0 0 -0.994522 -0.104528 0 0.104528 -0.994522 3711.dat
1 0 0 -20.994 103.601 1 0 0 0 -0.999848 0.0174524 0 -0.0174524 -0.999848 3711.dat
1 0 0 -22.004 116.88 1 0 0 0 -0.999391 0.0348995 0 -0.0348995 -0.999391 3711.dat
1 0 0 -23.751 133.048 1 0 0 0 -0.996195 0.0871557 0 -0.0871557 -0.996195 3711.dat
1 0 0 -26.748 148.961 1 0 0 0 -0.984808 0.173648 0 -0.173648 -0.984808 3711.dat
1 0 0 -30.737 164.7 1 0 0 0 -0.978148 0.207912 0 -0.207912 -0.978148 3711.dat
1 0 0 -35.044 179.643 1 0 0 0 -0.965926 0.258819 0 -0.258819 -0.965926 3711.dat
1 0 0 -90.073 155.772 -1 0 0 0 -0.920505 -0.390731 0 -0.390731 0.920505 3711.dat
1 0 0 -80.827 142.044 -1 0 0 0 -0.829038 -0.559193 0 -0.559193 0.829038 3711.dat
1 0 0 -75.566 126.427 -1 0 0 0 -0.93358 -0.358368 0 -0.358368 0.93358 3711.dat
1 0 0 -70.854 110.862 -1 0 0 0 -0.951057 -0.309017 0 -0.309017 0.951057 3711.dat
1 0 0 -67.398 95.043 -1 0 0 0 -0.97437 -0.224951 0 -0.224951 0.97437 3711.dat
1 0 0 -65.917 78.998 -1 0 0 0 -0.994522 -0.104528 0 -0.104528 0.994522 3711.dat
1 0 0 -67.044 63.558 -1 0 0 0 -0.99863 0.052336 0 0.052336 0.99863 3711.dat
1 0 0 -96.073 170.772 -1 0 0 0 -0.996195 0.0871557 0 0.0871557 0.996195 3711.dat
1 0 0 -94.073 186.772 -1 0 0 0 -0.798636 0.601815 0 0.601815 0.798636 3711.dat
1 0 0 -85.073 199.772 -1 0 0 0 -0.325568 0.945519 0 0.945519 0.325568 3711.dat
1 0 0 -70.073 204.772 -1 0 0 0 0.156434 0.987688 0 0.987688 -0.156434 3711.dat
1 0 0 -55.073 202.772 -1 0 0 0 0.587785 0.809017 0 0.809017 -0.587785 3711.dat
1 0 0 -42.073 195.772 -1 0 0 0 0.882948 0.469472 0 0.469472 -0.882948 3711.dat
1 1 10 -64.073 0 1 0 0 0 1 0 0 0 1 3034.dat
1 1 10 -80.073 -90 -1 0 0 0 1 0 0 0 -1 3039p23.dat
1 1 10 -80 -110 1 0 0 0 1 0 0 0 1 3004.dat
1 7 30 -167 300 1 0 0 0 1 0 0 0 1 3673.dat
1 7 -10 -167 300 1 0 0 0 1 0 0 0 1 3673.dat
1 1 20 -175 240 0 0 1 0.0348995 0.999391 0 -0.999391 0.0348995 0 3703.dat
1 1 0 -175 240 0 0 1 0.0348995 0.999391 0 -0.999391 0.0348995 0 3703.dat
1 0 70 -103 50 1 0 0 0 0.788011 0.615661 0 -0.615661 0.788011 8844 - lever-1.ldr
1 1 10 -104 -110 -1 0 0 0 1 0 0 0 -1 3039p34.dat
1 7 100 -46 40 0 0 -1 0 1 0 1 0 0 3713.dat
1 7 100 -46 140 0 0 -1 0.809017 0.587785 0 0.587785 -0.809017 0 3713.dat
1 7 -80 -46 40 0 0 1 0 1 0 -1 0 0 3713.dat
1 7 -80 -46 140 0 0 1 -0.707107 0.707107 0 -0.707107 -0.707107 0 3713.dat
1 7 -10 -169 360 -1 0 0 0 1 0 0 0 -1 3749.dat
1 7 -10 -165 240 -1 0 0 0 1 0 0 0 -1 3749.dat
1 7 65 -85 74 0 0 1 -0.601815 0.798636 0 -0.798636 -0.601815 0 3648a.dat
1 0 10 -106 220 1 0 0 0 1 0 0 0 1 3706.dat
1 0 10 -160 100 1 0 0 0 1 0 0 0 1 3707.dat
1 0 1 -163 181 1 0 0 0 1 0 0 0 1 3707.dat
1 7 55 -163 181 0 0 1 0 1 0 -1 0 0 4265a.dat
1 7 -20 -163 181 0 0 1 0 1 0 -1 0 0 3713.dat
1 7 42 -163 181 0 0 -1 0 1 0 1 0 0 3650b.dat
1 1 10 -155.944 382.098 0 0 1 0.0348995 0.999391 0 -0.999391 0.0348995 0 3832.dat
1 1 25 -111.4 55.365 1 0 0 0 0.325568 -0.945519 0 0.945519 0.325568 8844 - frame-3.ldr
1 7 -60 -160 100 0 0 1 -1 0 0 0 -1 0 3651.dat
1 7 -20 -165.824 239.746 0 0 1 0.0348995 0.999391 0 -0.999391 0.0348995 0 3651.dat
1 7 -20 -170.012 359.673 0 0 1 0.0348995 0.999391 0 -0.999391 0.0348995 0 3651.dat
1 7 80 -160.012 100 0 0 -1 1 0 0 0 -1 0 3651.dat
1 7 100 -72 10 1 0 0 0 1 0 0 0 1 8844 - seat-1.ldr
1 7 0 -72 10 1 0 0 0 1 0 0 0 1 8844 - seat-1.ldr
1 7 -51 -163 181 0 0 1 0 1 0 -1 0 0 3650b.dat
1 7 -69 -163 181 0 0 1 0 1 0 -1 0 0 3713.dat
1 0 -40 -168.292 301.012 0 0 -1 -0.0348995 0.999391 0 0.999391 0.0348995 0 3737.dat
1 7 81 -163 211 1 0 0 0 1 0 0 0 1 3673.dat
1 7 60 -106 220 0 0 -1 0 1 0 1 0 0 3713.dat
1 7 -40 -106 220 0 0 1 0 1 0 -1 0 0 3713.dat
1 7 -40 -165.292 211 1 0 0 0 0.999391 0.0348995 0 -0.0348995 0.999391 3647.dat
1 7 71 -163.292 181 0 0 1 0 1 0 -1 0 0 3736.dat
1 7 20 -184.928 549.725 1 0 0 0 0.999391 -0.0348995 0 0.0348995 0.999391 8844 - tail-1.ldr
1 7 68 -180 680 0 -1 0 0 0 1 -1 0 0 8844 - tail-3.ldr
1 7 50 -159 501 0 0 -1 -0.0348995 0.999391 0 0.999391 0.0348995 0 3935.dat
1 1 10 -186.944 380.098 0 0 1 0.0348995 0.999391 0 -0.999391 0.0348995 0 3832.dat
1 1 40 -188 170 1 0 0 0 0.999391 -0.0348995 0 0.0348995 0.999391 8844 - rotor-1.ldr
1 0 10 -251.5 50.5 1 0 0 0 0.707107 0.707107 0 -0.707107 0.707107 3707.dat
1 0 10 -248.172 -36.681 1 0 0 0 0.382683 0.92388 0 -0.92388 0.382683 3707.dat
1 0 -130 -7.672 -23 -1 0 0 0 1 0 0 0 -1 8844 - cabin-3.ldr
1 7 50 -8 -23 -1 0 0 0 1 0 0 0 -1 8844 - cabin-1.ldr
1 7 125 -10 44 1 0 0 0 0.913545 0.406737 0 -0.406737 0.913545 8844 - wheel-1.ldr
1 7 120 -46.5 60 0 0 -1 0.398749 0.91706 0 0.91706 -0.398749 0 3713.dat
1 7 -100 -46.5 60.5 0 0 1 0.930418 0.366501 0 -0.366501 0.930418 0 3713.dat
1 7 -105 -9.766 44.122 -1 0 0 0 0.913545 -0.406737 0 -0.406737 -0.913545 8844 - wheel-1.ldr
1 7 -6 24.5 246.5 -1 0 0 0 0.782608 0.622515 0 0.622515 -0.782608 8844 - wheel-2.ldr
1 7 19 -344.29 -166.057 0 0 -1 -0.0348995 0.999391 0 0.999391 0.0348995 0 8844 - rotor-5.ldr
1 7 -1 -367.871 514.98 0 0 1 0.0348995 0.999391 0 -0.999391 0.0348995 0 8844 - rotor-5.ldr

1 1 40 -113.986 213.982 0 0 1 0.602 0.799 0 -0.799 0.602 0 3895.dat




0 FILE 8844 - frame-1.ldr
0 frame-1
0 Name: 8844 - frame-1.ldr
0 Author: Allard van Efferen (rabbitdesign.nl)
0 !LDRAW_ORG Official Model
0 !LICENSE Redistributable under CCAL version 2.0 : see CAreadme.txt
0 !THEME Technic
0 ROTATION CENTER 0 0 0 1 "Custom"
0 ROTATION CONFIG 0 0
1 1 -110 0 -10 0 0 1 0 1 0 -1 0 0 3702.dat
1 1 -50 0 -10 0 0 1 0 1 0 -1 0 0 3702.dat
1 0 -80 10 -70 1 0 0 0 1 0 0 0 1 3708.dat
1 7 -70 10 -70 0 0 -1 0 1 0 1 0 0 3713.dat
1 7 -90 10 -70 0 0 1 0 1 0 -1 0 0 4019.dat
1 7 -130 10 -70 0 0 1 0 1 0 -1 0 0 4019.dat
1 7 -30 10 -70 0 0 -1 0 1 0 1 0 0 3647.dat



0 FILE 8844 - frame-2.ldr
0 frame-2
0 Name: 8844 - frame-2.ldr
0 Author: Allard van Efferen (rabbitdesign.nl)
0 !LDRAW_ORG Official Model
0 !LICENSE Redistributable under CCAL version 2.0 : see CAreadme.txt
0 !THEME Technic
0 ROTATION CENTER 0 0 0 1 "Custom"
0 ROTATION CONFIG 0 0
1 1 -85 -51.725 -63.231 0 0 -1 0.97437 0.224951 0 0.224951 -0.97437 0 3702.dat
1 1 -65 -49 22 0 0 1 0.5 0.866025 0 -0.866025 0.5 0 3895.dat
1 1 -10 -10.341 -24.961 1 0 0 0 0.965926 0.258819 0 -0.258819 0.965926 8844 - landinggear-1.ldr
1 0 -35 9.659 -59.603 1 0 0 0 0.866025 -0.5 0 0.5 0.866025 3737.dat
1 7 -45 9.659 -59.603 0 0 1 0.5 0.866025 0 -0.866025 0.5 0 3713.dat
1 7 -25 9.659 -59.603 0 0 -1 -0.5 0.866025 0 0.866025 0.5 0 3713.dat
0 MLCAD HIDE 1 1 -5 -49 22 0 0 1 0.5 0.866025 0 -0.866025 0.5 0 3895.dat
1 1 15 -51.725 -63.231 0 0 -1 0.97437 0.224951 0 0.224951 -0.97437 0 3702.dat



0 FILE 8844 - landinggear-1.ldr
0 landinggear-1
0 Name: 8844 - landinggear-1.ldr
0 Author: Allard van Efferen (rabbitdesign.nl)
0 !LDRAW_ORG Official Model
0 !LICENSE Redistributable under CCAL version 2.0 : see CAreadme.txt
0 !THEME Technic
0 ROTATION CENTER 0 0 0 1 "Custom"
0 ROTATION CONFIG 0 0
1 0 -25 0 0 1 0 0 0 1 0 0 0 1 3705.dat
1 7 -16 14 14 -1 0 0 0 -0.707107 0.707107 0 0.707107 0.707107 4273a.dat
1 7 -35 0 0 0 0 1 0 1 0 -1 0 0 3648a.dat
1 7 -20 0 0 0 0 1 0 1 0 -1 0 0 4265a.dat




0 FILE 8844 - landinggear-2.ldr
0 landinggear-2
0 Name: 8844 - landinggear-2.ldr
0 Author: Allard van Efferen (rabbitdesign.nl)
0 !LDRAW_ORG Official Model
0 !LICENSE Redistributable under CCAL version 2.0 : see CAreadme.txt
0 !THEME Technic
0 ROTATION CENTER 0 0 0 1 "Custom"
0 ROTATION CONFIG 0 0
1 0 -30 0 0 1 0 0 0 1 0 0 0 1 3704.dat
1 7 -40 0 0 0 0 1 0 1 0 -1 0 0 3713.dat
1 7 -20 0 0 0 0 -1 0 1 0 1 0 0 3651.dat
1 7 0 0 -10 0 0 1 0 1 0 -1 0 0 3673.dat



0 FILE 8844 - lever-1.ldr
0 lever-1
0 Name: 8844 - lever-1.ldr
0 Author: Allard van Efferen (rabbitdesign.nl)
0 !LDRAW_ORG Official Model
0 !LICENSE Redistributable under CCAL version 2.0 : see CAreadme.txt
0 !THEME Technic
0 ROTATION CENTER 0 0 0 1 "Custom"
0 ROTATION CONFIG 0 0
1 0 -40 0 30 1 0 0 0 1 0 0 0 1 3705.dat
1 0 -51 0 -20 0 0 1 0 1 0 -1 0 0 3705.dat
1 7 -55 0 30 0 0 1 0 1 0 -1 0 0 4265a.dat
1 7 -51 0 10 -1 0 0 0 1 0 0 0 -1 4273a.dat
1 7 -70 0 30 0 0 1 0 1 0 -1 0 0 3713.dat
1 7 -51 0 -50 1 0 0 0 1 0 0 0 1 3713.dat



0 FILE 8844 - frame-3.ldr
0 frame-3
0 Name: 8844 - frame-3.ldr
0 Author: Allard van Efferen (rabbitdesign.nl)
0 !LDRAW_ORG Official Model
0 !LICENSE Redistributable under CCAL version 2.0 : see CAreadme.txt
0 !THEME Technic
0 ROTATION CENTER 0 0 0 1 "Custom"
0 ROTATION CONFIG 0 0
1 1 -15 0 30 1 0 0 0 1 0 0 0 1 3710.dat
1 1 -45 8 30 1 0 0 0 1 0 0 0 1 3024.dat
1 1 15 8 30 1 0 0 0 1 0 0 0 1 3024.dat
1 1 -35 -8 30 1 0 0 0 1 0 0 0 1 3069b.dat
1 1 5 -8 30 1 0 0 0 1 0 0 0 1 3069b.dat



0 FILE 8844 - seat-1.ldr
0 seat-1
0 Name: 8844 - seat-1.ldr
0 Author: Allard van Efferen (rabbitdesign.nl)
0 !LDRAW_ORG Official Model
0 !LICENSE Redistributable under CCAL version 2.0 : see CAreadme.txt
0 !THEME Technic
0 ROTATION CENTER 0 0 0 1 "Custom"
0 ROTATION CONFIG 0 0
1 4 -40 0 -10 1 0 0 0 1 0 0 0 1 3021.dat
1 4 -40 -8 -10 0 0 -1 0 1 0 1 0 0 u1125.dat
1 4 -20 -8 -20 0 0 1 0 1 0 -1 0 0 3623.dat
1 4 -60 -8 -20 0 0 1 0 1 0 -1 0 0 3623.dat
1 4 -40 -16 -30 1 0 0 0 1 0 0 0 1 3021.dat
1 4 -40 -16 0 -1 0 0 0 1 0 0 0 -1 3623.dat
1 4 -41 -33.944 26.362 0 0 1 0.945519 0.325568 0 -0.325568 0.945519 0 u1126.dat
1 4 -21 -52.855 32.872 0 0 1 0.945519 0.325568 0 -0.325568 0.945519 0 3710.dat
1 4 -61 -52.855 32.872 0 0 1 0.945519 0.325568 0 -0.325568 0.945519 0 3710.dat
1 4 -41 -36.549 18.797 1 0 0 0 0.325568 -0.945519 0 0.945519 0.325568 3021.dat
1 4 -41 -74.37 31.82 1 0 0 0 0.325568 -0.945519 0 0.945519 0.325568 3021.dat



0 FILE 8844 - tail-1.ldr
0 tail-1
0 Name: 8844 - tail-1.ldr
0 Author: Allard van Efferen (rabbitdesign.nl)
0 !LDRAW_ORG Official Model
0 !LICENSE Redistributable under CCAL version 2.0 : see CAreadme.txt
0 !THEME Technic
0 ROTATION CENTER 0 0 0 1 "Custom"
0 ROTATION CONFIG 0 0
1 1 -20 0 10 0 0 -1 0 1 0 1 0 0 3703.dat
1 1 0 0 10 0 0 -1 0 1 0 1 0 0 3703.dat
1 0 0 10 150 1 0 0 0 1 0 0 0 1 3706.dat
1 0 -20 10 110 1 0 0 0 1 0 0 0 1 3705.dat
1 7 15 10 110 0 0 1 0 1 0 -1 0 0 4185a.dat
1 7 -38 10 110 0 0 -1 0 1 0 1 0 0 3650b.dat
1 7 -40 10 30 0 0 1 0 1 0 -1 0 0 3651.dat
1 7 15 10 150 0 0 1 0 1 0 -1 0 0 4265a.dat
1 7 30 10 150 0 0 -1 0 1 0 1 0 0 3713.dat
1 7 -40 10 150 0 0 1 0 1 0 -1 0 0 3713.dat
1 7 -60 10 80 1 0 0 0 1 0 0 0 1 4019.dat
1 7 -30 10 30 -1 0 0 0 1 0 0 0 -1 3749.dat
1 1 -10 24 150 1 0 0 0 1 0 0 0 1 3003.dat
1 1 -10 24 120 1 0 0 0 1 0 0 0 1 3660.dat
1 0 -60 10 -10 0 0 1 0 1 0 -1 0 0 3737.dat
1 7 -60 10 -130 1 0 0 0 1 0 0 0 1 3712c03.dat
1 7 -60 10 10 1 0 0 0 1 0 0 0 1 3713.dat
1 7 -60 10 50 -1 0 0 0 1 0 0 0 -1 3713.dat
0 MLCAD RUBBER_BELT 0 17 10 146.777 0 0 1 0 1 0 -1 0 0 38 0 12 30 3 16 1
0 MLCAD SKIP_BEGIN
1 0 17 20.6601 152.327 0 0 1.5 1.23698 -1.64319 0 0.848451 2.39566 0 4-4cyli.dat
1 0 17 19.2269 154.478 0 0 1.5 1.02698 -2.11739 0 1.0933 1.98895 0 4-4cyli.dat
1 0 17 17.367 156.273 0 0 1.5 0.769484 -2.49367 0 1.28759 1.49025 0 4-4cyli.dat
1 0 17 15.1664 157.628 0 0 1.5 0.476401 -2.75463 0 1.42234 0.922643 0 4-4cyli.dat
1 0 17 12.7269 158.482 0 0 1.5 0.161287 -2.8882 0 1.4913 0.312363 0 4-4cyli.dat
1 0 17 10.1613 158.794 0 0 1.5 -0.161287 -2.8882 0 1.4913 -0.312363 0 4-4cyli.dat
1 0 17 7.5882 158.551 0 0 1.5 -0.476401 -2.75463 0 1.42234 -0.922643 0 4-4cyli.dat
1 0 17 5.12666 157.763 0 0 1.5 -0.769484 -2.49367 0 1.28759 -1.49025 0 4-4cyli.dat
1 0 17 2.89048 156.467 0 0 1.5 -1.02698 -2.11739 0 1.0933 -1.98895 0 4-4cyli.dat
1 0 17 0.98309 154.723 0 0 1.5 -1.23698 -1.64319 0 0.848451 -2.39566 0 4-4cyli.dat
1 0 17 -0.5683 152.461 0 0 1.5 -1.32104 -15.8525 0 0.710526 -29.4737 0 4-4cyli.dat
1 0 17 -16.3659 123.118 0 0 1.5 -1.3818 -2.29712 0 0.583629 -5.43866 0 4-4cyli.dat
1 0 17 -18.5784 117.947 0 0 1.5 -1.46642 -1.24214 0 0.315592 -5.77173 0 4-4cyli.dat
1 0 17 -19.7874 112.454 0 0 1.5 -1.49956 -0.143557 0 0.0364735 -5.90213 0 4-4cyli.dat
1 0 17 -19.9505 106.833 0 0 1.5 -1.48003 0.960071 0 -0.243926 -5.82529 0 4-4cyli.dat
1 0 17 -19.0619 101.279 0 0 1.5 -1.40854 2.02999 0 -0.51576 -5.54391 0 4-4cyli.dat
1 0 17 -17.1529 95.989 0 0 1.5 -1.28759 3.02863 0 -0.769484 -5.06786 0 4-4cyli.dat
1 0 17 -14.2904 91.1478 0 0 1.5 -1.12143 3.92092 0 -0.996189 -4.41386 0 4-4cyli.dat
1 0 17 -10.575 86.9257 0 0 1.5 -0.915893 4.67553 0 -1.18791 -3.60488 0 4-4cyli.dat
1 0 17 -6.1372 83.4708 0 0 1.5 -0.678194 5.26598 0 -1.33793 -2.66932 0 4-4cyli.dat
1 0 17 -1.1327 80.9045 0 0 1.5 -0.416682 5.67152 0 -1.44096 -1.64003 0 4-4cyli.dat
1 0 17 4.26263 79.3169 0 0 1.5 -0.140539 5.87791 0 -1.4934 -0.55315 0 4-4cyli.dat
1 0 17 9.85946 78.7638 0 0 1.5 0.140539 5.87791 0 -1.4934 0.55315 0 4-4cyli.dat
1 0 17 15.4612 79.2645 0 0 1.5 0.416682 5.67152 0 -1.44096 1.64003 0 4-4cyli.dat
1 0 17 20.8712 80.8015 0 0 1.5 0.678194 5.26598 0 -1.33793 2.66932 0 4-4cyli.dat
1 0 17 25.8995 83.3208 0 0 1.5 0.915893 4.67553 0 -1.18791 3.60488 0 4-4cyli.dat
1 0 17 30.3695 86.7339 0 0 1.5 1.12143 3.92092 0 -0.996189 4.41386 0 4-4cyli.dat
1 0 17 34.1243 90.9211 0 0 1.5 1.28759 3.02863 0 -0.769484 5.06786 0 4-4cyli.dat
1 0 17 37.0319 95.7352 0 0 1.5 1.40854 2.02999 0 -0.51576 5.54391 0 4-4cyli.dat
1 0 17 38.9904 101.007 0 0 1.5 1.48003 0.960071 0 -0.243926 5.82529 0 4-4cyli.dat
1 0 17 39.931 106.552 0 0 1.5 1.49956 -0.143557 0 0.0364735 5.90213 0 4-4cyli.dat
1 0 17 39.8206 112.175 0 0 1.5 1.46642 -1.24214 0 0.315592 5.77173 0 4-4cyli.dat
1 0 17 38.663 117.679 0 0 1.5 1.3818 -2.29712 0 0.583629 5.43866 0 4-4cyli.dat
1 0 17 36.4208 122.987 0 0 1.5 1.32104 -15.8525 0 0.710526 29.4737 0 4-4cyli.dat
0 MLCAD SKIP_END
1 0 60 -32 140 1 0 0 0 1 0 0 0 1 8844 - tail-2.ldr



0 FILE 8844 - tail-2.ldr
0 tail-2
0 Name: 8844 - tail-2.ldr
0 Author: Allard van Efferen (rabbitdesign.nl)
0 !LDRAW_ORG Official Model
0 !LICENSE Redistributable under CCAL version 2.0 : see CAreadme.txt
0 !THEME Technic
0 ROTATION CENTER 0 0 0 1 "Custom"
0 ROTATION CONFIG 0 0
1 1 -60 8 0 1 0 0 0 1 0 0 0 1 3040a.dat
1 1 -60 -16 20 1 0 0 0 1 0 0 0 1 3040a.dat
1 1 -60 -40 40 1 0 0 0 1 0 0 0 1 3040a.dat
1 36 -60 -40 60 1 0 0 0 1 0 0 0 1 3062b.dat
1 1 -60 -48 50 0 0 -1 0 1 0 1 0 0 3023.dat
1 1 -60 8 20 -1 0 0 0 1 0 0 0 -1 3665a.dat
1 1 -60 -16 40 -1 0 0 0 1 0 0 0 -1 3665a.dat



0 FILE 8844 - tail-3.ldr
0 tail-3
0 Name: 8844 - tail-3.ldr
0 Author: Allard van Efferen (rabbitdesign.nl)
0 !LDRAW_ORG Official Model
0 !LICENSE Redistributable under CCAL version 2.0 : see CAreadme.txt
0 !THEME Technic
0 ROTATION CENTER 0 0 0 1 "Custom"
0 ROTATION CONFIG 0 0
1 7 -20 0 0 1 0 0 0 1 0 0 0 1 4032a.dat
1 7 -20 -8 0 1 0 0 0 1 0 0 0 1 4032a.dat
1 4 -60 -16 10 1 0 0 0 1 0 0 0 1 3666.dat
1 4 20 -16 -10 1 0 0 0 1 0 0 0 1 3666.dat
1 14 -110 -24 10 1 0 0 0 1 0 0 0 1 3070b.dat
1 14 -70 -24 10 1 0 0 0 1 0 0 0 1 3070b.dat
1 14 70 -24 -10 1 0 0 0 1 0 0 0 1 3070b.dat
1 14 30 -24 -10 1 0 0 0 1 0 0 0 1 3070b.dat




0 FILE 8844 - rotor-1.ldr
0 rotor-1
0 Name: 8844 - rotor-1.ldr
0 Author: Allard van Efferen (rabbitdesign.nl)
0 !LDRAW_ORG Official Model
0 !LICENSE Redistributable under CCAL version 2.0 : see CAreadme.txt
0 !THEME Technic
0 ROTATION CENTER 0 0 0 1 "Custom"
0 ROTATION CONFIG 0 0
1 4 -30 8 -60 0 0 -1 0 1 0 1 0 0 3021.dat
1 4 -30 8 80 0 0 -1 0 1 0 1 0 0 3021.dat
1 4 -30 -16 80 -1 0 0 0 1 0 0 0 -1 3298.dat
1 4 -30 -16 -60 1 0 0 0 1 0 0 0 1 3039.dat
1 4 -30 -16 60 1 0 0 0 1 0 0 0 1 3004.dat
1 4 -30 -16 -40 1 0 0 0 1 0 0 0 1 3004.dat
1 4 -30 -24 10 0 0 1 0 1 0 -1 0 0 3738.dat
1 0 -30 -85 10 0 -1 0 1 0 0 0 0 1 3737.dat
1 7 -30 -9 10 1 0 0 0 0 1 0 -1 0 3648a.dat
1 4 -30 -48 40 -1 0 0 0 1 0 0 0 -1 3298.dat
1 4 -30 -48 -20 1 0 0 0 1 0 0 0 1 3894.dat
1 7 -30 -37 10 1 0 0 0 0 -1 0 1 0 3713.dat
1 4 -30 -56 10 0 0 1 0 1 0 -1 0 0 3709b.dat
1 4 -30 -48 -40 1 0 0 0 1 0 0 0 1 3039.dat
1 7 -30 -65 10 1 0 0 0 0 -1 0 1 0 6577.dat
1 4 -30 -38 6 -1 0 0 0 1 0 0 0 -1 8844 - rotor-2.ldr
1 4 -110 -38 6 -1 0 0 0 1 0 0 0 -1 8844 - rotor-2.ldr
1 7 -70 -38 -40 1 0 0 0 1 0 0 0 1 3713.dat
1 7 10 -38 -40 1 0 0 0 1 0 0 0 1 3713.dat
1 7 -30 -75 10 1 0 0 0 0 1 0 -1 0 4185a.dat
1 7 -60 -143 -20 0 0 1 0 1 0 -1 0 0 8844 - rotor3.ldr
1 7 -30 -156 30 1 0 0 0 0 -1 0 1 0 4265a.dat
1 7 -30 -156 -10 1 0 0 0 0 -1 0 1 0 4265a.dat
1 7 80 -160 -10 1 0 0 0 1 0 0 0 1 8844 - rotor-4.ldr
1 4 -30 -167 80 0 0 -1 0 1 0 1 0 0 4262.dat
1 4 -30 -167 -60 0 0 -1 0 1 0 1 0 0 4262.dat
1 7 -30 -177 -10 1 0 0 0 0 1 0 -1 0 3713.dat
1 7 -30 -177 10 1 0 0 0 0 1 0 -1 0 3713.dat
1 7 -30 -177 30 1 0 0 0 0 1 0 -1 0 3713.dat



0 FILE 8844 - rotor-2.ldr
0 rotor-2
0 Name: 8844 - rotor-2.ldr
0 Author: Allard van Efferen (rabbitdesign.nl)
0 !LDRAW_ORG Official Model
0 !LICENSE Redistributable under CCAL version 2.0 : see CAreadme.txt
0 !THEME Technic
0 ROTATION CENTER 0 0 0 1 "Custom"
0 ROTATION CONFIG 0 0
1 0 -40 0 0 0 0 1 0 1 0 -1 0 0 3707.dat
1 14 -40 0 -80 1 0 0 0 0 -1 0 1 0 3941.dat
1 14 -40 0 -56 1 0 0 0 0 -1 0 1 0 3941.dat
1 14 -40 0 -32 1 0 0 0 0 -1 0 1 0 3941.dat
1 14 -40 0 -8 1 0 0 0 0 -1 0 1 0 3941.dat



0 FILE 8844 - rotor3.ldr
0 rotor3
0 Name: 8844 - rotor3.ldr
0 Author: Allard van Efferen (rabbitdesign.nl)
0 !LDRAW_ORG Official Model
0 !LICENSE Redistributable under CCAL version 2.0 : see CAreadme.txt
0 !THEME Technic
0 ROTATION CENTER 0 0 0 1 "Custom"
0 ROTATION CONFIG 0 0
1 7 -30 0 30 1 0 0 0 -1 0 0 0 -1 3709b.dat
1 7 -50 10 30 1 0 0 0 0 -1 0 1 0 3713.dat
1 7 -30 10 30 1 0 0 0 0 -1 0 1 0 3713.dat
1 7 -10 10 30 1 0 0 0 0 -1 0 1 0 3713.dat
1 0 -10 18 30 0 0 1 1 0 0 0 1 0 3706.dat
1 0 -50 18 30 0 0 1 1 0 0 0 1 0 3706.dat



0 FILE 8844 - rotor-4.ldr
0 rotor-4
0 Name: 8844 - rotor-4.ldr
0 Author: Allard van Efferen (rabbitdesign.nl)
0 !LDRAW_ORG Official Model
0 !LICENSE Redistributable under CCAL version 2.0 : see CAreadme.txt
0 !THEME Technic
0 ROTATION CENTER 0 0 0 1 "Custom"
0 ROTATION CONFIG 0 0
1 0 -160 0 20 1 0 0 0 1 0 0 0 1 3705.dat
1 7 -190 0 20 0 0 1 0 1 0 -1 0 0 3651.dat
1 7 -130 0 20 0 0 -1 -1 0 0 0 1 0 4273a.dat
1 0 -60 0 20 -1 0 0 0 -1 0 0 0 1 3705.dat
1 7 -30 0 20 0 0 -1 0 -1 0 -1 0 0 3651.dat
1 7 -90 0 20 0 0 1 1 0 0 0 1 0 4273a.dat



0 FILE 8844 - cabin-1.ldr
0 cabin-1
0 Name: 8844 - cabin-1.ldr
0 Author: Allard van Efferen (rabbitdesign.nl)
0 !LDRAW_ORG Official Model
0 !LICENSE Redistributable under CCAL version 2.0 : see CAreadme.txt
0 !THEME Technic
0 ROTATION CENTER 0 0 0 1 "Custom"
0 ROTATION CONFIG 0 0
1 7 -50 -42.663 56.269 1 0 0 0 0.961262 -0.275637 0 0.275637 0.961262 3651.dat
1 7 -50 -48.174 75.495 -1 0 0 0 0.961262 0.275637 0 0.275637 -0.961262 4273a.dat
1 0 -50 -45.419 65.881 0 0 -1 -0.275637 0.961262 0 0.961262 0.275637 0 3704.dat
1 7 -30 -243.776 -73.42 0 0 1 -0.707107 -0.707107 0 0.707107 -0.707107 0 4273a.dat
1 7 -30 -239.917 13.21 0 0 1 0.358368 -0.93358 0 0.93358 0.358368 0 4273a.dat
1 7 -50 -246.95 -5.43 1 0 0 0 0.93358 0.358368 0 -0.358368 0.93358 3713.dat
1 7 -50 -229.971 -87.471 1 0 0 0 0.707107 -0.707107 0 0.707107 0.707107 3713.dat
1 0 60 -103.283 99.28 1 0 0 0 0.0958458 -0.995396 0 0.995396 0.0958458 8844 - cabin-2.ldr
1 0 60 -191.78 72.229 1 0 0 0 -0.636078 -0.771625 0 0.771625 -0.636078 8844 - cabin-2.ldr
1 0 60 -247.355 -6.474 1 0 0 0 -0.936673 -0.350207 0 0.350207 -0.936673 8844 - cabin-2.ldr
1 0 60 -229.052 -87.979 1 0 0 0 -0.707107 0.707107 0 -0.707107 -0.707107 8844 - cabin-2.ldr
1 7 -50 -173.5 -123 1 0 0 0 0 1 0 -1 0 4273a.dat
1 7 -50 -163.5 -123 0 1 0 -1 0 0 0 0 1 3749.dat
1 7 -60 -53.5 94.5 -1 0 0 0 1 0 0 0 -1 4274.dat
1 7 -60 -153.5 104 -1 0 0 0 1 0 0 0 -1 4274.dat
1 7 -60 -230 40 -1 0 0 0 1 0 0 0 -1 4274.dat
1 7 -60 -264.5 -52.5 -1 0 0 0 1 0 0 0 -1 4274.dat
1 7 -60 -194 -123 -1 0 0 0 1 0 0 0 -1 4274.dat



0 FILE 8844 - cabin-2.ldr
0 cabin-2
0 Name: 8844 - cabin-2.ldr
0 Author: Allard van Efferen (rabbitdesign.nl)
0 !LDRAW_ORG Official Model
0 !LICENSE Redistributable under CCAL version 2.0 : see CAreadme.txt
0 !THEME Technic
0 ROTATION CENTER 0 0 0 1 "Custom"
0 ROTATION CONFIG 0 0
1 7 -110 0 -30 1 0 0 0 1 0 0 0 1 4273a.dat
1 7 -110 0 30 -1 0 0 0 1 0 0 0 -1 4273a.dat
1 0 -110 0 0 0 0 1 0 1 0 -1 0 0 3705.dat




0 FILE 8844 - cabin-3.ldr
0 cabin-3
0 Name: 8844 - cabin-3.ldr
0 Author: Allard van Efferen (rabbitdesign.nl)
0 !LDRAW_ORG Official Model
0 !LICENSE Redistributable under CCAL version 2.0 : see CAreadme.txt
0 !THEME Technic
0 ROTATION CENTER 0 0 0 1 "Custom"
0 ROTATION CONFIG 0 0
1 7 -50 -42.663 56.269 1 0 0 0 0.961262 -0.275637 0 0.275637 0.961262 3651.dat
1 7 -50 -48.174 75.495 -1 0 0 0 0.961262 0.275637 0 0.275637 -0.961262 4273a.dat
1 0 -50 -45.419 65.881 0 0 -1 -0.275637 0.961262 0 0.961262 0.275637 0 3704.dat
1 7 -50 -246.95 -5.43 1 0 0 0 0.93358 0.358368 0 -0.358368 0.93358 3713.dat
1 7 -50 -229.971 -87.471 1 0 0 0 0.707107 -0.707107 0 0.707107 0.707107 3713.dat
1 0 60 -103.283 99.28 1 0 0 0 0.0958458 -0.995396 0 0.995396 0.0958458 8844 - cabin-2.ldr
1 0 60 -191.78 72.229 1 0 0 0 -0.636078 -0.771625 0 0.771625 -0.636078 8844 - cabin-2.ldr
1 0 60 -247.355 -6.474 1 0 0 0 -0.936673 -0.350207 0 0.350207 -0.936673 8844 - cabin-2.ldr
1 0 60 -229.052 -87.979 1 0 0 0 -0.707107 0.707107 0 -0.707107 -0.707107 8844 - cabin-2.ldr
1 7 -50 -173.5 -123 1 0 0 0 0 1 0 -1 0 4273a.dat
1 7 -50 -163.5 -123 0 1 0 -1 0 0 0 0 1 3749.dat
1 7 -70 -244.1 -72.91 0 0 -1 -0.707107 0.707107 0 0.707107 0.707107 0 4273a.dat
1 7 -70 -240 13 0 0 -1 0.382683 0.92388 0 0.92388 -0.382683 0 4273a.dat
1 7 -40 -193.5 -123 1 0 0 0 1 0 0 0 1 4274.dat
1 7 -40 -265 -53 1 0 0 0 1 0 0 0 1 4274.dat
1 7 -40 -230.5 40.5 1 0 0 0 1 0 0 0 1 4274.dat
1 7 -40 -153 104.5 1 0 0 0 1 0 0 0 1 4274.dat
1 7 -40 -53.5 95 1 0 0 0 1 0 0 0 1 4274.dat



0 FILE 8844 - wheel-1.ldr
0 wheel-1
0 Name: 8844 - wheel-1.ldr
0 Author: Allard van Efferen (rabbitdesign.nl)
0 !LDRAW_ORG Official Model
0 !LICENSE Redistributable under CCAL version 2.0 : see CAreadme.txt
0 !THEME Technic
0 ROTATION CENTER 0 0 0 1 "Custom"
0 ROTATION CONFIG 0 0
1 7 -25 -20 0 1 0 0 0 0 1 0 -1 0 4273a.dat
1 7 -21 -40 0 0 0 -1 0 1 0 1 0 0 4265a.dat
1 0 -25 -10 0 0 -1 0 1 0 0 0 0 1 3704.dat
1 7 -25 0 0 1 0 0 0 0 -1 0 1 0 3651.dat
1 7 -15 20 0 1 0 0 0 1 0 0 0 1 3749.dat
1 7 -5 20 0 0 0 1 0 1 0 -1 0 0 3482.dat
1 256 -5 20 0 0 0 1 0 1 0 -1 0 0 3483.dat



0 FILE 8844 - wheel-2.ldr
0 wheel-2
0 Name: 8844 - wheel-2.ldr
0 Author: Allard van Efferen (rabbitdesign.nl)
0 !LDRAW_ORG Official Model
0 !LICENSE Redistributable under CCAL version 2.0 : see CAreadme.txt
0 !THEME Technic
0 ROTATION CENTER 0 0 0 1 "Custom"
0 ROTATION CONFIG 0 0
1 0 -25 -52 0 0 -1 0 1 0 0 0 0 1 3706.dat
1 7 -25 0 0 1 0 0 0 0 -1 0 1 0 3651.dat
1 7 -15 20 0 1 0 0 0 1 0 0 0 1 3749.dat
1 7 -5 20 0 0 0 1 0 1 0 -1 0 0 3482.dat
1 256 -5 20 0 0 0 1 0 1 0 -1 0 0 3483.dat



0 FILE 8844 - rotor-5.ldr
0 rotor-5
0 Name: 8844 - rotor-5.ldr
0 Author: Allard van Efferen (rabbitdesign.nl)
0 !LDRAW_ORG Official Model
0 !LICENSE Redistributable under CCAL version 2.0 : see CAreadme.txt
0 !THEME Technic
0 ROTATION CENTER 0 0 0 1 "Custom"
0 ROTATION CONFIG 0 0
1 4 -10 0 10 1 0 0 0 1 0 0 0 1 3666.dat
1 4 -150 0 10 1 0 0 0 1 0 0 0 1 3460.dat
1 4 130 0 10 1 0 0 0 1 0 0 0 1 3460.dat
1 4 -90 -8 10 1 0 0 0 1 0 0 0 1 3460.dat
1 4 70 -8 10 1 0 0 0 1 0 0 0 1 3460.dat
1 4 230 -8 10 1 0 0 0 1 0 0 0 1 3460.dat
1 14 -190 -8 10 1 0 0 0 1 0 0 0 1 3069b.dat
1 14 -220 -8 10 1 0 0 0 1 0 0 0 1 3070b.dat



