0 FILE 8845 - Main.ldr
0 Main
0 Name: 8845 - Main.ldr
0 Author: Stefan Frenz [smf]
0 !LDRAW_ORG Model
0 !LICENSE Redistributable under CCAL version 2.0 : see CAreadme.txt

1 16 0 0 0 1 0 0 0 1 0 0 0 1 8845 - Dune Buggy.ldr


0 FILE 8845 - Dune Buggy.ldr
0 Dune Buggy
0 Name: 8845 - Dune Buggy.ldr
0 Author: Stefan Frenz [smf]
0 !LDRAW_ORG Model
0 !LICENSE Redistributable under CCAL version 2.0 : see CAreadme.txt

1 4 0 -15.342 -3.388 0 0 -1 0.342 0.94 0 0.94 -0.342 0 3702.dat
1 4 100 -15.342 -3.388 0 0 -1 0.342 0.94 0 0.94 -0.342 0 3702.dat
1 7 110 -12.785 -25.603 -1 0 0 0 0.94 -0.342 0 -0.342 -0.94 3673.dat
1 7 -10 -12.785 -25.603 -1 0 0 0 0.94 -0.342 0 -0.342 -0.94 3673.dat
1 0 110 7.736 30.779 -1 0 0 0 0.94 -0.342 0 -0.342 -0.94 3706.dat
1 0 -10 7.736 30.779 -1 0 0 0 0.94 -0.342 0 -0.342 -0.94 3706.dat
1 7 80 7.736 30.779 0 0 1 -0.94 -0.342 0 0.342 -0.94 0 3713.dat
1 7 120 7.736 30.779 0 0 -1 -0.94 0.342 0 0.342 0.94 0 3713.dat
1 7 20 7.736 30.779 0 0 -1 -0.94 0.342 0 0.342 0.94 0 3713.dat
1 7 -20 7.736 30.779 0 0 1 0.94 0.342 0 -0.342 0.94 0 3713.dat
0 STEP
1 4 140 -1.661 34.2 0 0 -1 0.342 0.94 0 0.94 -0.342 0 3700.dat
1 4 -40 -1.661 34.2 0 0 -1 0.342 0.94 0 0.94 -0.342 0 3700.dat
1 4 -20 20.891 25.991 1 0 0 0 0.94 0.342 0 -0.342 0.94 3021.dat
1 4 120 20.891 25.991 1 0 0 0 0.94 0.342 0 -0.342 0.94 3021.dat
1 0 0 1.083 65.126 1 0 0 0 0.94 0.342 0 -0.342 0.94 3070b.dat
1 0 100 1.083 65.126 1 0 0 0 0.94 0.342 0 -0.342 0.94 3070b.dat
1 4 20 -18.949 -163.408 0 0 1 0.174 0.985 0 -0.985 0.174 0 3895.dat
1 4 80 -18.949 -163.408 0 0 1 0.174 0.985 0 -0.985 0.174 0 3895.dat
1 7 90 -2.155 -201.063 -1 0 0 0 0.985 0.174 0 0.174 -0.985 3673.dat
1 7 10 -2.155 -201.063 -1 0 0 0 0.985 0.174 0 0.174 -0.985 3673.dat
1 0 50 -16.047 -122.279 -1 0 0 0 0.985 0.174 0 0.174 -0.985 3708.dat
1 7 100 -16.047 -122.279 0 0 -1 -0.985 -0.174 0 -0.174 0.985 0 3713.dat
1 7 0 -16.047 -122.279 0 0 1 -0.985 0.174 0 -0.174 -0.985 0 3713.dat
1 7 100 -2.155 -201.063 1 0 0 0 0.777 -0.63 0 0.63 0.777 8845 - Liftarm.ldr
1 4 0 -2.155 -201.063 -1 0 0 0 -0.777 -0.63 0 -0.63 0.777 8845 - Liftarm.ldr
1 4 50 -44.193 -66.316 1 0 0 0 0.985 -0.174 0 0.174 0.985 3020.dat
1 14 20 -37.247 -105.708 0 0 1 0.174 0.985 0 -0.985 0.174 0 3023.dat
1 14 80 -37.247 -105.708 0 0 1 0.174 0.985 0 -0.985 0.174 0 3023.dat
1 0 50 -26.466 -63.19 1 0 0 0 0.985 -0.174 0 0.174 0.985 3708.dat
0 STEP
1 0 -10 23.787 -267.569 -1 0 0 0 0.985 0.174 0 0.174 -0.985 4263.dat
1 0 90 23.787 -267.569 -1 0 0 0 0.985 0.174 0 0.174 -0.985 4262.dat
1 0 50 31.666 -266.18 -1 0 0 0 0.985 0.174 0 0.174 -0.985 3460.dat
0 STEP
1 4 50 21.118 -298.502 0 0 -1 -0.174 0.985 0 0.985 0.174 0 3020.dat
1 4 50 8.03 -270.347 1 0 0 0 0.985 -0.174 0 0.174 0.985 3023.dat
1 7 50 13.24 -299.892 1 0 0 0 0.985 -0.174 0 0.174 0.985 3068b.dat
1 7 -40 0.152 -271.736 -1 0 0 0 0.985 0.174 0 0.174 -0.985 4261.dat
1 7 140 0.152 -271.736 -1 0 0 0 0.985 0.174 0 0.174 -0.985 4261.dat
1 4 50 0.152 -271.736 1 0 0 0 0.985 -0.174 0 0.174 0.985 3023.dat
0 STEP
1 4 100 0.152 -271.736 -1 0 0 0 0.985 0.174 0 0.174 -0.985 3005.dat
1 4 0 0.152 -271.736 -1 0 0 0 0.985 0.174 0 0.174 -0.985 3005.dat
1 7 50 2.692 -332.214 -1 0 0 0 0.985 0.174 0 0.174 -0.985 3004.dat
1 7 150 10 -270 1 0 0 0 0.985 -0.174 0 0.174 0.985 3749.dat
1 7 -50 10 -270 -1 0 0 0 0.985 0.174 0 0.174 -0.985 3749.dat
1 7 -40 7.098 -311.129 0 0 -1 0.985 0.174 0 0.174 -0.985 0 3749.dat
1 7 140 5.128 -311.476 0 0 -1 0.985 0.174 0 0.174 -0.985 0 3749.dat
0 STEP
1 4 120 -48.106 -148.206 0 0 -1 0.601 0.799 0 0.799 -0.601 0 3894.dat
1 4 -20 -48.106 -148.206 0 0 -1 0.601 0.799 0 0.799 -0.601 0 3894.dat
1 4 50 -52.071 -67.705 1 0 0 0 0.985 -0.174 0 0.174 0.985 3795.dat
1 14 80 -45.125 -107.098 0 0 1 0.174 0.985 0 -0.985 0.174 0 3023.dat
1 14 20 -45.125 -107.098 0 0 1 0.174 0.985 0 -0.985 0.174 0 3023.dat
0 STEP
1 0 50 -0.781 -312.518 1 0 0 0 0.985 -0.174 0 0.174 0.985 3666.dat
1 0 110 -8.659 -313.907 1 0 0 0 0.985 -0.174 0 0.174 0.985 4263.dat
1 0 10 -8.659 -313.907 1 0 0 0 0.985 -0.174 0 0.174 0.985 4262.dat
1 7 50 -16.538 -315.296 1 0 0 0 0.985 -0.174 0 0.174 0.985 3743.dat
0 STEP
1 14 20 -72.234 -91.569 0 0 1 0.174 0.985 0 -0.985 0.174 0 3010.dat
1 14 80 -72.234 -91.569 0 0 1 0.174 0.985 0 -0.985 0.174 0 3010.dat
1 0 110 -7.727 -273.126 1 0 0 0 0.985 -0.174 0 0.174 0.985 4263.dat
1 0 10 -7.727 -273.126 1 0 0 0 0.985 -0.174 0 0.174 0.985 4262.dat
1 4 100 -86.125 -12.784 0 0 -1 -0.174 0.985 0 0.985 0.174 0 3702.dat
1 4 0 -86.125 -12.784 0 0 -1 -0.174 0.985 0 0.985 0.174 0 3702.dat
1 7 110 -65.858 -70.136 -1 0 0 0 0.985 0.174 0 0.174 -0.985 3673.dat
1 7 110 -86.696 48.041 -1 0 0 0 0.985 0.174 0 0.174 -0.985 3673.dat
1 7 -10 -65.858 -70.136 -1 0 0 0 0.985 0.174 0 0.174 -0.985 3673.dat
1 7 -10 -86.696 48.041 -1 0 0 0 0.985 0.174 0 0.174 -0.985 3673.dat
0 STEP
1 0 50 -15.605 -274.515 -1 0 0 0 0.985 0.174 0 0.174 -0.985 3460.dat
1 4 50 -39.24 -278.682 -1 0 0 0 0.985 0.174 0 0.174 -0.985 3894.dat
1 0 50 -27.656 -286.794 0 0 1 0.174 0.985 0 -0.985 0.174 0 3705.dat
1 7 50 -25.919 -296.642 1 0 0 0 0.985 -0.174 0 0.174 0.985 3647.dat
1 7 50 -22.446 -316.338 1 0 0 0 0.985 -0.174 0 0.174 0.985 3647.dat
1 7 50 -32.865 -257.25 1 0 0 0 0.985 -0.174 0 0.174 0.985 4019.dat
0 STEP
1 7 50 -5.186 -333.603 1 0 0 0 0.985 -0.174 0 0.174 0.985 3710.dat
1 0 50 -13.065 -334.993 1 0 0 0 0.985 -0.174 0 0.174 0.985 3710.dat
1 7 50 -20.943 -336.382 1 0 0 0 0.985 -0.174 0 0.174 0.985 3710.dat
1 0 50 -28.821 -337.771 1 0 0 0 0.985 -0.174 0 0.174 0.985 3710.dat
1 7 20 -41.909 -309.616 0 0 -1 -0.174 0.985 0 0.985 0.174 0 3710.dat
1 7 50 -47.119 -280.072 -1 0 0 0 0.985 0.174 0 0.174 -0.985 3023.dat
1 7 50 -36.7 -339.16 -1 0 0 0 0.985 0.174 0 0.174 -0.985 3023.dat
1 7 80 -41.909 -309.616 0 0 -1 -0.174 0.985 0 0.985 0.174 0 3710.dat
1 7 50 -54.997 -281.461 1 0 0 0 0.985 -0.174 0 0.174 0.985 3710.dat
1 0 50 -44.578 -340.549 1 0 0 0 0.985 -0.174 0 0.174 0.985 3710.dat
1 7 50 -52.457 -341.938 1 0 0 0 0.985 -0.174 0 0.174 0.985 3710.dat
1 0 50 -60.335 -343.328 1 0 0 0 0.985 -0.174 0 0.174 0.985 3710.dat
0 STEP
1 4 120 -42.459 -127.419 0 0 -1 0.601 0.799 0 0.799 -0.601 0 3710.dat
1 4 -20 -42.459 -127.419 0 0 -1 0.601 0.799 0 0.799 -0.601 0 3710.dat
1 4 120 -44.426 -76.511 0 0 -1 -0.985 -0.174 0 -0.174 0.985 0 3701.dat
1 4 -20 -44.426 -76.511 0 0 -1 -0.985 -0.174 0 -0.174 0.985 0 3701.dat
1 0 90 -34.602 -247.402 0 0 1 0.174 0.985 0 -0.985 0.174 0 3705.dat
1 7 90 -32.865 -257.25 1 0 0 0 0.985 -0.174 0 0.174 0.985 4019.dat
1 4 50 -78.568 -175.337 1 0 0 0 0.799 0.601 0 -0.601 0.799 3738.dat
1 0 90 -84.158 -171.124 0 0 1 0.829 0.56 0 -0.56 0.829 0 3705.dat
1 7 90 -43.536 -198.525 0 1 0 -0.56 0 -0.829 -0.829 0 0.56 62520.dat
1 7 90 -43.111 -199.146 -1 0 0 0 0.985 0.174 0 0.174 -0.985 62520.dat
1 7 90 -43.536 -198.525 0 1 0 -0.56 0 -0.829 -0.829 0 0.56 62519.dat
1 7 90 -91.619 -166.091 1 0 0 0 0.56 -0.829 0 0.829 0.56 3713.dat
1 7 90 -113.174 -151.553 1 0 0 0 0.56 -0.829 0 0.829 0.56 4185.dat
0 STEP
1 4 140 -29.368 -104.319 0 0 -1 -0.174 0.985 0 0.985 0.174 0 3894.dat
1 4 -40 -29.368 -104.319 0 0 -1 -0.174 0.985 0 0.985 0.174 0 3894.dat
1 7 120 -12.785 -25.603 0 0 -1 -0.707 -0.707 0 -0.707 0.707 0 8845 - Shock Absorber.ldr
1 7 -20 -13.157 -25.499 0 0 -1 -0.707 -0.707 0 -0.707 0.707 0 8845 - Shock Absorber.ldr
0 STEP
1 4 50 -90.531 -33.87 1 0 0 0 0.985 -0.174 0 0.174 0.985 3832.dat
1 4 50 -104.423 44.915 1 0 0 0 0.985 -0.174 0 0.174 0.985 3033.dat
1 4 -20 -135.004 80.14 0 0 1 0.174 0.985 0 -0.985 0.174 0 3700.dat
1 4 120 -135.004 80.14 0 0 1 0.174 0.985 0 -0.985 0.174 0 3700.dat
1 4 50 -136.741 89.988 -1 0 0 0 0.985 0.174 0 0.174 -0.985 3009.dat
1 4 50 -112.43 -47.885 -1 0 0 0 0.985 0.174 0 0.174 -0.985 3008.dat
1 4 140 -121.112 1.355 0 0 -1 -0.174 0.985 0 0.985 0.174 0 3009.dat
1 4 -40 -121.112 1.355 0 0 -1 -0.174 0.985 0 0.985 0.174 0 3009.dat
1 7 130 -125.156 81.876 1 0 0 0 0.978 -0.208 0 0.208 0.978 3673.dat
1 7 -30 -125.156 81.876 1 0 0 0 0.985 -0.174 0 0.174 0.985 3673.dat
1 7 160 -16.047 -122.279 0 0 -1 0.985 0.174 0 0.174 -0.985 0 3713.dat
1 7 160 -26.466 -63.19 0 0 -1 0.985 0.174 0 0.174 -0.985 0 3713.dat
1 7 -60 -16.047 -122.279 0 0 1 0.985 -0.174 0 0.174 0.985 0 3713.dat
1 7 -60 -26.466 -63.19 0 0 1 0.985 -0.174 0 0.174 0.985 0 3713.dat
1 7 130 -64.179 -186.163 -1 0 0 0 -0.174 0.985 0 0.985 0.174 3673.dat
1 7 -30 -64.179 -186.163 -1 0 0 0 -0.174 0.985 0 0.985 0.174 3673.dat
0 STEP
1 14 50 -83.585 -73.262 -1 0 0 0 0.985 0.174 0 0.174 -0.985 3795.dat
1 14 50 -93.2 -64.803 -1 0 0 0 0.985 0.174 0 0.174 -0.985 3666.dat
1 14 50 -116.835 -68.971 -1 0 0 0 0.985 0.174 0 0.174 -0.985 3008.dat
1 14 50 -140.471 -73.138 -1 0 0 0 0.985 0.174 0 0.174 -0.985 3008.dat
1 14 0 -164.106 -77.306 0 0 1 0.174 0.985 0 -0.985 0.174 0 3040b.dat
1 14 20 -164.106 -77.306 0 0 -1 -0.174 0.985 0 0.985 0.174 0 3040b.dat
1 14 80 -164.106 -77.306 0 0 1 0.174 0.985 0 -0.985 0.174 0 3040b.dat
1 14 100 -164.106 -77.306 0 0 -1 -0.174 0.985 0 0.985 0.174 0 3040b.dat
0 STEP
1 4 150 -37.247 -105.708 0 0 -1 -0.174 0.985 0 0.985 0.174 0 3795.dat
1 4 -50 -37.247 -105.708 0 0 -1 -0.174 0.985 0 0.985 0.174 0 3795.dat
1 4 140 -52.999 -194.584 0.999 0 0 0 0.799 0.601 0 -0.601 0.799 3021.dat
1 4 -40 -53.002 -194.581 0.999 0 0 0 0.799 0.601 0 -0.601 0.799 3021.dat
1 7 140 -83.984 -183.38 1 0 0 0 0.122 -0.992 0 0.992 0.122 3651.dat
1 7 -40 -83.984 -183.38 1 0 0 0 0.122 -0.992 0 0.992 0.122 3651.dat
1 7 140 -144.381 76.363 1 0 0 0 -0.276 -0.962 0 0.962 -0.276 3651.dat
1 0 -40 -133.611 -177.286 0 0 -1 -0.992 0.122 0 0.122 0.992 0 3706.dat
1 0 140 -196.29 61.479 0 0 -1 -0.962 -0.276 0 -0.276 0.962 0 3706.dat
1 0 140 -133.611 -177.286 0 0 -1 -0.992 0.122 0 0.122 0.992 0 3706.dat
1 7 140 -183.239 -171.193 1 0 0 0 -0.122 0.992 0 -0.992 -0.122 4273b.dat
1 7 140 -244.353 47.697 1 0 0 0 0.276 0.962 0 -0.962 0.276 4273b.dat
1 7 -40 -183.239 -171.193 -1 0 0 0 0.122 0.992 0 0.992 -0.122 4273b.dat
0 STEP
1 7 140 -258.065 22.959 -1 0 0 0 0.962 0.276 0 0.276 -0.962 4273b.dat
1 0 140 -233.257 -63.555 0 0 1 -0.276 -0.962 0 0.962 -0.276 0 3737.dat
1 7 140 -208.45 -150.067 -1 0 0 0 -0.962 -0.276 0 -0.276 0.962 4273b.dat
1 7 -40 -144.381 76.363 1 0 0 0 -0.276 -0.962 0 0.962 -0.276 3651.dat
1 0 -40 -196.29 61.479 0 0 -1 -0.962 -0.276 0 -0.276 0.962 0 3706.dat
1 7 -40 -244.353 47.697 -1 0 0 0 -0.276 0.962 0 0.962 0.276 4273b.dat
1 7 -40 -258.065 22.959 1 0 0 0 -0.962 0.276 0 -0.276 -0.962 4273b.dat
1 0 -40 -233.257 -63.555 0 0 1 -0.276 -0.962 0 0.962 -0.276 0 3737.dat
1 7 -40 -208.45 -150.067 1 0 0 0 0.962 -0.276 0 0.276 0.962 4273b.dat
1 7 -20 -252.552 3.734 0 0 1 -0.276 -0.962 0 0.962 -0.276 0 3651.dat
1 7 -20 -213.963 -130.843 0 0 1 -0.276 -0.962 0 0.962 -0.276 0 3651.dat
1 7 120 -252.552 3.734 0 0 -1 -0.276 0.962 0 0.962 0.276 0 3651.dat
1 7 120 -213.963 -130.843 0 0 -1 -0.276 0.962 0 0.962 0.276 0 3651.dat
1 7 -40 -219.476 -111.618 -1 0 0 0 0.962 0.276 0 0.276 -0.962 3713.dat
1 7 140 -219.476 -111.618 -1 0 0 0 0.962 0.276 0 0.276 -0.962 3713.dat
1 7 140 -247.039 -15.491 1 0 0 0 0.962 -0.276 0 0.276 0.962 3713.dat
1 7 -40 -247.039 -15.491 1 0 0 0 0.962 -0.276 0 0.276 0.962 3713.dat
1 0 50 -213.963 -130.843 1 0 0 0 0.961 -0.276 0 0.276 0.961 3707.dat
1 0 50 -252.552 3.734 1 0 0 0 0.961 -0.276 0 0.276 0.961 3707.dat
0 STEP
1 7 150 -263.578 42.185 1 0 0 0 0.962 -0.276 0 0.276 0.962 4274.dat
1 7 150 -202.938 -169.293 1 0 0 0 0.962 -0.276 0 0.276 0.962 4274.dat
1 7 -50 -202.938 -169.293 -1 0 0 0 0.971 0.242 0 0.242 -0.971 4274.dat
1 7 -50 -263.578 42.185 -1 0 0 0 0.962 0.276 0 0.276 -0.962 4274.dat
1 14 50 -76.639 -112.654 1 0 0 0 0.985 -0.174 0 0.174 0.985 3034.dat
1 0 160 10 -270 1 0 0 0 0.985 -0.174 0 0.174 0.985 8845 - Wheel.ldr
1 0 160 7.736 30.779 1 0 0 0 0.94 0.342 0 -0.342 0.94 8845 - Wheel.ldr
1 0 -60 7.736 30.779 -1 0 0 0 0.342 0.94 0 0.94 -0.342 8845 - Wheel.ldr
1 7 -60 10 -270 -1 0 0 0 0.985 0.174 0 0.174 -0.985 8845 - Wheel.ldr


0 FILE 8845 - Liftarm.ldr
0 Liftarm
0 Name: 8845 - Liftarm.ldr
0 Author: Stefan Frenz [smf]
0 !LDRAW_ORG Model
0 !LICENSE Redistributable under CCAL version 2.0 : see CAreadme.txt

1 7 0 0 20 1 0 0 0 1 0 0 0 1 3651.dat
1 0 0 0 30 0 0 -1 0 1 0 1 0 0 3704.dat
1 7 0 0 40 -1 0 0 0 1 0 0 0 -1 3651.dat
1 7 10 0 60 -1 0 0 0 1 0 0 0 -1 3673.dat


0 FILE 8845 - Shock Absorber.ldr
0 Shock Absorber
0 Name: 8845 - Shock Absorber.ldr
0 Author: Stefan Frenz [smf]
0 !LDRAW_ORG Model
0 !LICENSE Redistributable under CCAL version 2.0 : see CAreadme.txt

0 !CATEGORY Technic
0 !KEYWORDS spring, shock

0 !LDCAD CONTENT [type=spring] [addFallBack=default] [cRes=16] [cResLD=16] [cDia=14] [cRoll=0] [wRes=8] [wResLD=8] [wDia=0.5mm] [wCol=494] [sepMesh=false]
0 !LDCAD SPRING_POINT [group=start] [posOri=0 56 0 1 0 0 0 1 0 0 0 1]
0 !LDCAD SPRING_POINT [group=end] [posOri=0 94 0 1 0 0 0 1 0 0 0 1]

0 !LDCAD SPRING_SECTION [windingCnt=2.5] [proportion=0]
0 !LDCAD SPRING_SECTION [windingCnt=5.5] [proportion=1]
0 !LDCAD SPRING_SECTION [windingCnt=3] [proportion=0]

0 !LDCAD SPRING_CAP [group=start] [color=16] [posOri=0 0 0 1 0 0 0 1 0 0 0 1] [part=4255.dat] [inlineRef=false]
0 !LDCAD SPRING_CAP [group=end] [color=0] [posOri=0 104 0 1 0 0 0 1 0 0 0 1] [part=4254.dat] [inlineRef=false]

0 !LDCAD SPRING_ANCHOR [group=start] [posOri=0 0 0 1 0 0 0 1 0 0 0 1]
0 !LDCAD SPRING_ANCHOR [group=end] [posOri=0 104 0 1 0 0 0 1 0 0 0 1]

0 !LDCAD GENERATED [generator=LDCad 1.6c]
0 //This is the fallback LDraw content for above SPRING configuration.
0 // Do not edit, any changes will be lost upon regeneration.
0 // The spring is approx 15.20 mm (38.00), exists out of 3 section(s) and uses 11.00 windings.

0 //Some general hints about the document.
0 UNOFFICIAL PART
0 BFC CERTIFY CCW

0 //Start cap reference(s)
1 16 0 0 0 1 0 0 0 1 0 0 0 1 4255.dat

0 //End cap reference(s)
1 0 0 104 0 1 0 0 0 1 0 0 0 1 4254.dat

0 //Spring mesh reference
1 494 0 56 0 1 0 0 0 1 0 0 0 1 8845 - Shock Absorber_springMesh.ldr



0 FILE 8845 - Shock Absorber_springMesh.ldr
0 Shock Absorber_springMesh
0 Name: 8845 - Shock Absorber_springMesh.ldr
0 Author: Stefan Frenz [smf]
0 !LDRAW_ORG Model
0 !LICENSE Redistributable under CCAL version 2.0 : see CAreadme.txt

0 !LDCAD GENERATED [generator=LDCad 1.6c] [master=8845 - Shock Absorber.ldr]
0 //This is additional fallback LDraw content for the "8845 - Shock Absorber.ldr" SPRING configuration.
0 // Do not edit, any changes will be lost upon regeneration.
0 // The spring is approx 15.20 mm (38.00), exists out of 3 section(s) and uses 11.00 windings.

0 //Some general hints about the document.
0 UNOFFICIAL PART
0 BFC CERTIFY CCW

0 //Spring section(s)
0 // Using a coil resolution of 16, and a wire resolution of 8.
0 // Using a coil diameter of 5.60 mm (14.00), and a wire diameter of 0.50 mm (1.25).
0 // Using a roll of 0.00 degrees.

0 // section 1 using a length of 1.50 mm (3.75) and 2.50 windings.
3 16 -7.625 0.625 -0.15625 -7 0.625 0 -7.183058 0.183058 0
2 24 -7.183058 0.183058 0 -7 0.625 0
5 24 -7.625 0.625 -0.15625 -7 0.625 0 -7.183058 0.183058 0 -7.183058 1.066942 0
3 16 -7.625 0.625 -0.15625 -7.183058 1.066942 0 -7 0.625 0
2 24 -7 0.625 0 -7.183058 1.066942 0
5 24 -7.625 0.625 -0.15625 -7.183058 1.066942 0 -7 0.625 0 -7.625 1.25 0
3 16 -7.625 0.625 -0.15625 -7.625 1.25 0 -7.183058 1.066942 0
2 24 -7.183058 1.066942 0 -7.625 1.25 0
5 24 -7.625 0.625 -0.15625 -7.625 1.25 0 -7.183058 1.066942 0 -8.066942 1.066942 0
3 16 -7.625 0.625 -0.15625 -8.066942 1.066942 0 -7.625 1.25 0
2 24 -7.625 1.25 0 -8.066942 1.066942 0
5 24 -7.625 0.625 -0.15625 -8.066942 1.066942 0 -7.625 1.25 0 -8.25 0.625 0
3 16 -7.625 0.625 -0.15625 -8.25 0.625 0 -8.066942 1.066942 0
2 24 -8.066942 1.066942 0 -8.25 0.625 0
5 24 -7.625 0.625 -0.15625 -8.25 0.625 0 -8.066942 1.066942 0 -8.066942 0.183058 0
3 16 -7.625 0.625 -0.15625 -8.066942 0.183058 0 -8.25 0.625 0
2 24 -8.25 0.625 0 -8.066942 0.183058 0
5 24 -7.625 0.625 -0.15625 -8.066942 0.183058 0 -8.25 0.625 0 -7.625 0 0
3 16 -7.625 0.625 -0.15625 -7.625 0 0 -8.066942 0.183058 0
2 24 -8.066942 0.183058 0 -7.625 0 0
5 24 -7.625 0.625 -0.15625 -7.625 0 0 -8.066942 0.183058 0 -7.183058 0.183058 0
3 16 -7.625 0.625 -0.15625 -7.183058 0.183058 0 -7.625 0 0
2 24 -7.625 0 0 -7.183058 0.183058 0
5 24 -7.625 0.625 -0.15625 -7.183058 0.183058 0 -7.625 0 0 -7 0.625 0
4 16 -7.183058 0.183058 0 -7 0.625 0 -6.467157 0.703125 2.678784 -6.631841 0.261336 2.759555
5 24 -7 0.625 0 -6.467157 0.703125 2.678784 -6.631841 0.261336 2.759555 -6.64072 1.144914 2.738119
4 16 -7 0.625 0 -7.183058 1.066942 0 -6.64072 1.144914 2.738119 -6.467157 0.703125 2.678784
5 24 -7.183058 1.066942 0 -6.64072 1.144914 2.738119 -6.467157 0.703125 2.678784 -7.05086 1.32791 2.902804
4 16 -7.183058 1.066942 0 -7.625 1.25 0 -7.05086 1.32791 2.902804 -6.64072 1.144914 2.738119
5 24 -7.625 1.25 0 -7.05086 1.32791 2.902804 -6.64072 1.144914 2.738119 -7.457322 1.144914 3.076367
4 16 -7.625 1.25 0 -8.066942 1.066942 0 -7.457322 1.144914 3.076367 -7.05086 1.32791 2.902804
5 24 -8.066942 1.066942 0 -7.457322 1.144914 3.076367 -7.05086 1.32791 2.902804 -7.622006 0.703125 3.157138
4 16 -8.066942 1.066942 0 -8.25 0.625 0 -7.622006 0.703125 3.157138 -7.457322 1.144914 3.076367
5 24 -8.25 0.625 0 -7.622006 0.703125 3.157138 -7.457322 1.144914 3.076367 -7.448443 0.261336 3.097803
4 16 -8.25 0.625 0 -8.066942 0.183058 0 -7.448443 0.261336 3.097803 -7.622006 0.703125 3.157138
5 24 -8.066942 0.183058 0 -7.448443 0.261336 3.097803 -7.622006 0.703125 3.157138 -7.038303 0.07834 2.933119
4 16 -8.066942 0.183058 0 -7.625 0 0 -7.038303 0.07834 2.933119 -7.448443 0.261336 3.097803
5 24 -7.625 0 0 -7.038303 0.07834 2.933119 -7.448443 0.261336 3.097803 -6.631841 0.261336 2.759555
4 16 -7.625 0 0 -7.183058 0.183058 0 -6.631841 0.261336 2.759555 -7.038303 0.07834 2.933119
5 24 -7.183058 0.183058 0 -6.631841 0.261336 2.759555 -7.038303 0.07834 2.933119 -6.467157 0.703125 2.678784
4 16 -6.631841 0.261336 2.759555 -6.467157 0.703125 2.678784 -4.949748 0.78125 4.949748 -5.070986 0.339461 5.087392
5 24 -6.467157 0.703125 2.678784 -4.949748 0.78125 4.949748 -5.070986 0.339461 5.087392 -5.087392 1.223039 5.070986
5 24 -6.467157 0.703125 2.678784 -6.64072 1.144914 2.738119 -7 0.625 0 -4.949748 0.78125 4.949748
4 16 -6.467157 0.703125 2.678784 -6.64072 1.144914 2.738119 -5.087392 1.223039 5.070986 -4.949748 0.78125 4.949748
5 24 -6.64072 1.144914 2.738119 -5.087392 1.223039 5.070986 -4.949748 0.78125 4.949748 -5.40329 1.406035 5.380088
5 24 -6.64072 1.144914 2.738119 -7.05086 1.32791 2.902804 -7.183058 1.066942 0 -5.087392 1.223039 5.070986
4 16 -6.64072 1.144914 2.738119 -7.05086 1.32791 2.902804 -5.40329 1.406035 5.380088 -5.087392 1.223039 5.070986
5 24 -7.05086 1.32791 2.902804 -5.40329 1.406035 5.380088 -5.087392 1.223039 5.070986 -5.712392 1.223039 5.695986
5 24 -7.05086 1.32791 2.902804 -7.457322 1.144914 3.076367 -7.625 1.25 0 -5.40329 1.406035 5.380088
4 16 -7.05086 1.32791 2.902804 -7.457322 1.144914 3.076367 -5.712392 1.223039 5.695986 -5.40329 1.406035 5.380088
5 24 -7.457322 1.144914 3.076367 -5.712392 1.223039 5.695986 -5.40329 1.406035 5.380088 -5.833631 0.78125 5.833631
5 24 -7.457322 1.144914 3.076367 -7.622006 0.703125 3.157138 -8.066942 1.066942 0 -5.712392 1.223039 5.695986
4 16 -7.457322 1.144914 3.076367 -7.622006 0.703125 3.157138 -5.833631 0.78125 5.833631 -5.712392 1.223039 5.695986
5 24 -7.622006 0.703125 3.157138 -5.833631 0.78125 5.833631 -5.712392 1.223039 5.695986 -5.695986 0.339461 5.712392
5 24 -7.622006 0.703125 3.157138 -7.448443 0.261336 3.097803 -8.25 0.625 0 -5.833631 0.78125 5.833631
4 16 -7.622006 0.703125 3.157138 -7.448443 0.261336 3.097803 -5.695986 0.339461 5.712392 -5.833631 0.78125 5.833631
5 24 -7.448443 0.261336 3.097803 -5.695986 0.339461 5.712392 -5.833631 0.78125 5.833631 -5.380088 0.156465 5.40329
5 24 -7.448443 0.261336 3.097803 -7.038303 0.07834 2.933119 -8.066942 0.183058 0 -5.695986 0.339461 5.712392
4 16 -7.448443 0.261336 3.097803 -7.038303 0.07834 2.933119 -5.380088 0.156465 5.40329 -5.695986 0.339461 5.712392
5 24 -7.038303 0.07834 2.933119 -5.380088 0.156465 5.40329 -5.695986 0.339461 5.712392 -5.070986 0.339461 5.087392
5 24 -7.038303 0.07834 2.933119 -6.631841 0.261336 2.759555 -7.625 0 0 -5.380088 0.156465 5.40329
4 16 -7.038303 0.07834 2.933119 -6.631841 0.261336 2.759555 -5.070986 0.339461 5.087392 -5.380088 0.156465 5.40329
5 24 -6.631841 0.261336 2.759555 -5.070986 0.339461 5.087392 -5.380088 0.156465 5.40329 -4.949748 0.78125 4.949748
5 24 -6.631841 0.261336 2.759555 -6.467157 0.703125 2.678784 -7.183058 0.183058 0 -5.070986 0.339461 5.087392
4 16 -5.070986 0.339461 5.087392 -4.949748 0.78125 4.949748 -2.678784 0.859375 6.467157 -2.738119 0.417586 6.64072
5 24 -4.949748 0.78125 4.949748 -2.678784 0.859375 6.467157 -2.738119 0.417586 6.64072 -2.759555 1.301164 6.631841
5 24 -4.949748 0.78125 4.949748 -5.087392 1.223039 5.070986 -6.467157 0.703125 2.678784 -2.678784 0.859375 6.467157
4 16 -4.949748 0.78125 4.949748 -5.087392 1.223039 5.070986 -2.759555 1.301164 6.631841 -2.678784 0.859375 6.467157
5 24 -5.087392 1.223039 5.070986 -2.759555 1.301164 6.631841 -2.678784 0.859375 6.467157 -2.933119 1.48416 7.038303
5 24 -5.087392 1.223039 5.070986 -5.40329 1.406035 5.380088 -6.64072 1.144914 2.738119 -2.759555 1.301164 6.631841
4 16 -5.087392 1.223039 5.070986 -5.40329 1.406035 5.380088 -2.933119 1.48416 7.038303 -2.759555 1.301164 6.631841
5 24 -5.40329 1.406035 5.380088 -2.933119 1.48416 7.038303 -2.759555 1.301164 6.631841 -3.097803 1.301164 7.448443
5 24 -5.40329 1.406035 5.380088 -5.712392 1.223039 5.695986 -7.05086 1.32791 2.902804 -2.933119 1.48416 7.038303
4 16 -5.40329 1.406035 5.380088 -5.712392 1.223039 5.695986 -3.097803 1.301164 7.448443 -2.933119 1.48416 7.038303
5 24 -5.712392 1.223039 5.695986 -3.097803 1.301164 7.448443 -2.933119 1.48416 7.038303 -3.157138 0.859375 7.622006
5 24 -5.712392 1.223039 5.695986 -5.833631 0.78125 5.833631 -7.457322 1.144914 3.076367 -3.097803 1.301164 7.448443
4 16 -5.712392 1.223039 5.695986 -5.833631 0.78125 5.833631 -3.157138 0.859375 7.622006 -3.097803 1.301164 7.448443
5 24 -5.833631 0.78125 5.833631 -3.157138 0.859375 7.622006 -3.097803 1.301164 7.448443 -3.076367 0.417586 7.457322
5 24 -5.833631 0.78125 5.833631 -5.695986 0.339461 5.712392 -7.622006 0.703125 3.157138 -3.157138 0.859375 7.622006
4 16 -5.833631 0.78125 5.833631 -5.695986 0.339461 5.712392 -3.076367 0.417586 7.457322 -3.157138 0.859375 7.622006
5 24 -5.695986 0.339461 5.712392 -3.076367 0.417586 7.457322 -3.157138 0.859375 7.622006 -2.902804 0.23459 7.05086
5 24 -5.695986 0.339461 5.712392 -5.380088 0.156465 5.40329 -7.448443 0.261336 3.097803 -3.076367 0.417586 7.457322
4 16 -5.695986 0.339461 5.712392 -5.380088 0.156465 5.40329 -2.902804 0.23459 7.05086 -3.076367 0.417586 7.457322
5 24 -5.380088 0.156465 5.40329 -2.902804 0.23459 7.05086 -3.076367 0.417586 7.457322 -2.738119 0.417586 6.64072
5 24 -5.380088 0.156465 5.40329 -5.070986 0.339461 5.087392 -7.038303 0.07834 2.933119 -2.902804 0.23459 7.05086
4 16 -5.380088 0.156465 5.40329 -5.070986 0.339461 5.087392 -2.738119 0.417586 6.64072 -2.902804 0.23459 7.05086
5 24 -5.070986 0.339461 5.087392 -2.738119 0.417586 6.64072 -2.902804 0.23459 7.05086 -2.678784 0.859375 6.467157
5 24 -5.070986 0.339461 5.087392 -4.949748 0.78125 4.949748 -6.631841 0.261336 2.759555 -2.738119 0.417586 6.64072
4 16 -2.738119 0.417586 6.64072 -2.678784 0.859375 6.467157 0 0.9375 7 0.011601 0.495711 7.183058
5 24 -2.678784 0.859375 6.467157 0 0.9375 7 0.011601 0.495711 7.183058 -0.011601 1.379289 7.183058
5 24 -2.678784 0.859375 6.467157 -2.759555 1.301164 6.631841 -4.949748 0.78125 4.949748 0 0.9375 7
4 16 -2.678784 0.859375 6.467157 -2.759555 1.301164 6.631841 -0.011601 1.379289 7.183058 0 0.9375 7
5 24 -2.759555 1.301164 6.631841 -0.011601 1.379289 7.183058 0 0.9375 7 -0.016406 1.562285 7.625
5 24 -2.759555 1.301164 6.631841 -2.933119 1.48416 7.038303 -5.087392 1.223039 5.070986 -0.011601 1.379289 7.183058
4 16 -2.759555 1.301164 6.631841 -2.933119 1.48416 7.038303 -0.016406 1.562285 7.625 -0.011601 1.379289 7.183058
5 24 -2.933119 1.48416 7.038303 -0.016406 1.562285 7.625 -0.011601 1.379289 7.183058 -0.011601 1.379289 8.066941
5 24 -2.933119 1.48416 7.038303 -3.097803 1.301164 7.448443 -5.40329 1.406035 5.380088 -0.016406 1.562285 7.625
4 16 -2.933119 1.48416 7.038303 -3.097803 1.301164 7.448443 -0.011601 1.379289 8.066941 -0.016406 1.562285 7.625
5 24 -3.097803 1.301164 7.448443 -0.011601 1.379289 8.066941 -0.016406 1.562285 7.625 0 0.9375 8.25
5 24 -3.097803 1.301164 7.448443 -3.157138 0.859375 7.622006 -5.712392 1.223039 5.695986 -0.011601 1.379289 8.066941
4 16 -3.097803 1.301164 7.448443 -3.157138 0.859375 7.622006 0 0.9375 8.25 -0.011601 1.379289 8.066941
5 24 -3.157138 0.859375 7.622006 0 0.9375 8.25 -0.011601 1.379289 8.066941 0.011601 0.495711 8.066942
5 24 -3.157138 0.859375 7.622006 -3.076367 0.417586 7.457322 -5.833631 0.78125 5.833631 0 0.9375 8.25
4 16 -3.157138 0.859375 7.622006 -3.076367 0.417586 7.457322 0.011601 0.495711 8.066942 0 0.9375 8.25
5 24 -3.076367 0.417586 7.457322 0.011601 0.495711 8.066942 0 0.9375 8.25 0.016406 0.312715 7.625
5 24 -3.076367 0.417586 7.457322 -2.902804 0.23459 7.05086 -5.695986 0.339461 5.712392 0.011601 0.495711 8.066942
4 16 -3.076367 0.417586 7.457322 -2.902804 0.23459 7.05086 0.016406 0.312715 7.625 0.011601 0.495711 8.066942
5 24 -2.902804 0.23459 7.05086 0.016406 0.312715 7.625 0.011601 0.495711 8.066942 0.011601 0.495711 7.183058
5 24 -2.902804 0.23459 7.05086 -2.738119 0.417586 6.64072 -5.380088 0.156465 5.40329 0.016406 0.312715 7.625
4 16 -2.902804 0.23459 7.05086 -2.738119 0.417586 6.64072 0.011601 0.495711 7.183058 0.016406 0.312715 7.625
5 24 -2.738119 0.417586 6.64072 0.011601 0.495711 7.183058 0.016406 0.312715 7.625 0 0.9375 7
5 24 -2.738119 0.417586 6.64072 -2.678784 0.859375 6.467157 -5.070986 0.339461 5.087392 0.011601 0.495711 7.183058
4 16 0.011601 0.495711 7.183058 0 0.9375 7 2.678784 1.015625 6.467157 2.759555 0.573836 6.631841
5 24 0 0.9375 7 2.678784 1.015625 6.467157 2.759555 0.573836 6.631841 2.738119 1.457414 6.64072
5 24 0 0.9375 7 -0.011601 1.379289 7.183058 -2.678784 0.859375 6.467157 2.678784 1.015625 6.467157
4 16 0 0.9375 7 -0.011601 1.379289 7.183058 2.738119 1.457414 6.64072 2.678784 1.015625 6.467157
5 24 -0.011601 1.379289 7.183058 2.738119 1.457414 6.64072 2.678784 1.015625 6.467157 2.902804 1.64041 7.05086
5 24 -0.011601 1.379289 7.183058 -0.016406 1.562285 7.625 -2.759555 1.301164 6.631841 2.738119 1.457414 6.64072
4 16 -0.011601 1.379289 7.183058 -0.016406 1.562285 7.625 2.902804 1.64041 7.05086 2.738119 1.457414 6.64072
5 24 -0.016406 1.562285 7.625 2.902804 1.64041 7.05086 2.738119 1.457414 6.64072 3.076367 1.457414 7.457322
5 24 -0.016406 1.562285 7.625 -0.011601 1.379289 8.066941 -2.933119 1.48416 7.038303 2.902804 1.64041 7.05086
4 16 -0.016406 1.562285 7.625 -0.011601 1.379289 8.066941 3.076367 1.457414 7.457322 2.902804 1.64041 7.05086
5 24 -0.011601 1.379289 8.066941 3.076367 1.457414 7.457322 2.902804 1.64041 7.05086 3.157138 1.015625 7.622006
5 24 -0.011601 1.379289 8.066941 0 0.9375 8.25 -3.097803 1.301164 7.448443 3.076367 1.457414 7.457322
4 16 -0.011601 1.379289 8.066941 0 0.9375 8.25 3.157138 1.015625 7.622006 3.076367 1.457414 7.457322
5 24 0 0.9375 8.25 3.157138 1.015625 7.622006 3.076367 1.457414 7.457322 3.097803 0.573836 7.448443
5 24 0 0.9375 8.25 0.011601 0.495711 8.066942 -3.157138 0.859375 7.622006 3.157138 1.015625 7.622006
4 16 0 0.9375 8.25 0.011601 0.495711 8.066942 3.097803 0.573836 7.448443 3.157138 1.015625 7.622006
5 24 0.011601 0.495711 8.066942 3.097803 0.573836 7.448443 3.157138 1.015625 7.622006 2.933119 0.39084 7.038303
5 24 0.011601 0.495711 8.066942 0.016406 0.312715 7.625 -3.076367 0.417586 7.457322 3.097803 0.573836 7.448443
4 16 0.011601 0.495711 8.066942 0.016406 0.312715 7.625 2.933119 0.39084 7.038303 3.097803 0.573836 7.448443
5 24 0.016406 0.312715 7.625 2.933119 0.39084 7.038303 3.097803 0.573836 7.448443 2.759555 0.573836 6.631841
5 24 0.016406 0.312715 7.625 0.011601 0.495711 7.183058 -2.902804 0.23459 7.05086 2.933119 0.39084 7.038303
4 16 0.016406 0.312715 7.625 0.011601 0.495711 7.183058 2.759555 0.573836 6.631841 2.933119 0.39084 7.038303
5 24 0.011601 0.495711 7.183058 2.759555 0.573836 6.631841 2.933119 0.39084 7.038303 2.678784 1.015625 6.467157
5 24 0.011601 0.495711 7.183058 0 0.9375 7 -2.738119 0.417586 6.64072 2.759555 0.573836 6.631841
4 16 2.759555 0.573836 6.631841 2.678784 1.015625 6.467157 4.949748 1.09375 4.949748 5.087392 0.651961 5.070986
5 24 2.678784 1.015625 6.467157 4.949748 1.09375 4.949748 5.087392 0.651961 5.070986 5.070986 1.535539 5.087392
5 24 2.678784 1.015625 6.467157 2.738119 1.457414 6.64072 0 0.9375 7 4.949748 1.09375 4.949748
4 16 2.678784 1.015625 6.467157 2.738119 1.457414 6.64072 5.070986 1.535539 5.087392 4.949748 1.09375 4.949748
5 24 2.738119 1.457414 6.64072 5.070986 1.535539 5.087392 4.949748 1.09375 4.949748 5.380088 1.718535 5.40329
5 24 2.738119 1.457414 6.64072 2.902804 1.64041 7.05086 -0.011601 1.379289 7.183058 5.070986 1.535539 5.087392
4 16 2.738119 1.457414 6.64072 2.902804 1.64041 7.05086 5.380088 1.718535 5.40329 5.070986 1.535539 5.087392
5 24 2.902804 1.64041 7.05086 5.380088 1.718535 5.40329 5.070986 1.535539 5.087392 5.695986 1.535539 5.712392
5 24 2.902804 1.64041 7.05086 3.076367 1.457414 7.457322 -0.016406 1.562285 7.625 5.380088 1.718535 5.40329
4 16 2.902804 1.64041 7.05086 3.076367 1.457414 7.457322 5.695986 1.535539 5.712392 5.380088 1.718535 5.40329
5 24 3.076367 1.457414 7.457322 5.695986 1.535539 5.712392 5.380088 1.718535 5.40329 5.833631 1.09375 5.833631
5 24 3.076367 1.457414 7.457322 3.157138 1.015625 7.622006 -0.011601 1.379289 8.066941 5.695986 1.535539 5.712392
4 16 3.076367 1.457414 7.457322 3.157138 1.015625 7.622006 5.833631 1.09375 5.833631 5.695986 1.535539 5.712392
5 24 3.157138 1.015625 7.622006 5.833631 1.09375 5.833631 5.695986 1.535539 5.712392 5.712392 0.651961 5.695986
5 24 3.157138 1.015625 7.622006 3.097803 0.573836 7.448443 0 0.9375 8.25 5.833631 1.09375 5.833631
4 16 3.157138 1.015625 7.622006 3.097803 0.573836 7.448443 5.712392 0.651961 5.695986 5.833631 1.09375 5.833631
5 24 3.097803 0.573836 7.448443 5.712392 0.651961 5.695986 5.833631 1.09375 5.833631 5.40329 0.468965 5.380088
5 24 3.097803 0.573836 7.448443 2.933119 0.39084 7.038303 0.011601 0.495711 8.066942 5.712392 0.651961 5.695986
4 16 3.097803 0.573836 7.448443 2.933119 0.39084 7.038303 5.40329 0.468965 5.380088 5.712392 0.651961 5.695986
5 24 2.933119 0.39084 7.038303 5.40329 0.468965 5.380088 5.712392 0.651961 5.695986 5.087392 0.651961 5.070986
5 24 2.933119 0.39084 7.038303 2.759555 0.573836 6.631841 0.016406 0.312715 7.625 5.40329 0.468965 5.380088
4 16 2.933119 0.39084 7.038303 2.759555 0.573836 6.631841 5.087392 0.651961 5.070986 5.40329 0.468965 5.380088
5 24 2.759555 0.573836 6.631841 5.087392 0.651961 5.070986 5.40329 0.468965 5.380088 4.949748 1.09375 4.949748
5 24 2.759555 0.573836 6.631841 2.678784 1.015625 6.467157 0.011601 0.495711 7.183058 5.087392 0.651961 5.070986
4 16 5.087392 0.651961 5.070986 4.949748 1.09375 4.949748 6.467157 1.171875 2.678784 6.64072 0.730086 2.738119
5 24 4.949748 1.09375 4.949748 6.467157 1.171875 2.678784 6.64072 0.730086 2.738119 6.631841 1.613664 2.759555
5 24 4.949748 1.09375 4.949748 5.070986 1.535539 5.087392 2.678784 1.015625 6.467157 6.467157 1.171875 2.678784
4 16 4.949748 1.09375 4.949748 5.070986 1.535539 5.087392 6.631841 1.613664 2.759555 6.467157 1.171875 2.678784
5 24 5.070986 1.535539 5.087392 6.631841 1.613664 2.759555 6.467157 1.171875 2.678784 7.038303 1.79666 2.933119
5 24 5.070986 1.535539 5.087392 5.380088 1.718535 5.40329 2.738119 1.457414 6.64072 6.631841 1.613664 2.759555
4 16 5.070986 1.535539 5.087392 5.380088 1.718535 5.40329 7.038303 1.79666 2.933119 6.631841 1.613664 2.759555
5 24 5.380088 1.718535 5.40329 7.038303 1.79666 2.933119 6.631841 1.613664 2.759555 7.448443 1.613664 3.097803
5 24 5.380088 1.718535 5.40329 5.695986 1.535539 5.712392 2.902804 1.64041 7.05086 7.038303 1.79666 2.933119
4 16 5.380088 1.718535 5.40329 5.695986 1.535539 5.712392 7.448443 1.613664 3.097803 7.038303 1.79666 2.933119
5 24 5.695986 1.535539 5.712392 7.448443 1.613664 3.097803 7.038303 1.79666 2.933119 7.622006 1.171875 3.157138
5 24 5.695986 1.535539 5.712392 5.833631 1.09375 5.833631 3.076367 1.457414 7.457322 7.448443 1.613664 3.097803
4 16 5.695986 1.535539 5.712392 5.833631 1.09375 5.833631 7.622006 1.171875 3.157138 7.448443 1.613664 3.097803
5 24 5.833631 1.09375 5.833631 7.622006 1.171875 3.157138 7.448443 1.613664 3.097803 7.457322 0.730086 3.076367
5 24 5.833631 1.09375 5.833631 5.712392 0.651961 5.695986 3.157138 1.015625 7.622006 7.622006 1.171875 3.157138
4 16 5.833631 1.09375 5.833631 5.712392 0.651961 5.695986 7.457322 0.730086 3.076367 7.622006 1.171875 3.157138
5 24 5.712392 0.651961 5.695986 7.457322 0.730086 3.076367 7.622006 1.171875 3.157138 7.05086 0.54709 2.902804
5 24 5.712392 0.651961 5.695986 5.40329 0.468965 5.380088 3.097803 0.573836 7.448443 7.457322 0.730086 3.076367
4 16 5.712392 0.651961 5.695986 5.40329 0.468965 5.380088 7.05086 0.54709 2.902804 7.457322 0.730086 3.076367
5 24 5.40329 0.468965 5.380088 7.05086 0.54709 2.902804 7.457322 0.730086 3.076367 6.64072 0.730086 2.738119
5 24 5.40329 0.468965 5.380088 5.087392 0.651961 5.070986 2.933119 0.39084 7.038303 7.05086 0.54709 2.902804
4 16 5.40329 0.468965 5.380088 5.087392 0.651961 5.070986 6.64072 0.730086 2.738119 7.05086 0.54709 2.902804
5 24 5.087392 0.651961 5.070986 6.64072 0.730086 2.738119 7.05086 0.54709 2.902804 6.467157 1.171875 2.678784
5 24 5.087392 0.651961 5.070986 4.949748 1.09375 4.949748 2.759555 0.573836 6.631841 6.64072 0.730086 2.738119
4 16 6.64072 0.730086 2.738119 6.467157 1.171875 2.678784 7 1.25 0 7.183058 0.808211 -0.011601
5 24 6.467157 1.171875 2.678784 7 1.25 0 7.183058 0.808211 -0.011601 7.183058 1.691789 0.011601
5 24 6.467157 1.171875 2.678784 6.631841 1.613664 2.759555 4.949748 1.09375 4.949748 7 1.25 0
4 16 6.467157 1.171875 2.678784 6.631841 1.613664 2.759555 7.183058 1.691789 0.011601 7 1.25 0
5 24 6.631841 1.613664 2.759555 7.183058 1.691789 0.011601 7 1.25 0 7.625 1.874785 0.016406
5 24 6.631841 1.613664 2.759555 7.038303 1.79666 2.933119 5.070986 1.535539 5.087392 7.183058 1.691789 0.011601
4 16 6.631841 1.613664 2.759555 7.038303 1.79666 2.933119 7.625 1.874785 0.016406 7.183058 1.691789 0.011601
5 24 7.038303 1.79666 2.933119 7.625 1.874785 0.016406 7.183058 1.691789 0.011601 8.066941 1.691789 0.011601
5 24 7.038303 1.79666 2.933119 7.448443 1.613664 3.097803 5.380088 1.718535 5.40329 7.625 1.874785 0.016406
4 16 7.038303 1.79666 2.933119 7.448443 1.613664 3.097803 8.066941 1.691789 0.011601 7.625 1.874785 0.016406
5 24 7.448443 1.613664 3.097803 8.066941 1.691789 0.011601 7.625 1.874785 0.016406 8.25 1.25 0
5 24 7.448443 1.613664 3.097803 7.622006 1.171875 3.157138 5.695986 1.535539 5.712392 8.066941 1.691789 0.011601
4 16 7.448443 1.613664 3.097803 7.622006 1.171875 3.157138 8.25 1.25 0 8.066941 1.691789 0.011601
5 24 7.622006 1.171875 3.157138 8.25 1.25 0 8.066941 1.691789 0.011601 8.066942 0.808211 -0.011601
5 24 7.622006 1.171875 3.157138 7.457322 0.730086 3.076367 5.833631 1.09375 5.833631 8.25 1.25 0
4 16 7.622006 1.171875 3.157138 7.457322 0.730086 3.076367 8.066942 0.808211 -0.011601 8.25 1.25 0
5 24 7.457322 0.730086 3.076367 8.066942 0.808211 -0.011601 8.25 1.25 0 7.625 0.625215 -0.016406
5 24 7.457322 0.730086 3.076367 7.05086 0.54709 2.902804 5.712392 0.651961 5.695986 8.066942 0.808211 -0.011601
4 16 7.457322 0.730086 3.076367 7.05086 0.54709 2.902804 7.625 0.625215 -0.016406 8.066942 0.808211 -0.011601
5 24 7.05086 0.54709 2.902804 7.625 0.625215 -0.016406 8.066942 0.808211 -0.011601 7.183058 0.808211 -0.011601
5 24 7.05086 0.54709 2.902804 6.64072 0.730086 2.738119 5.40329 0.468965 5.380088 7.625 0.625215 -0.016406
4 16 7.05086 0.54709 2.902804 6.64072 0.730086 2.738119 7.183058 0.808211 -0.011601 7.625 0.625215 -0.016406
5 24 6.64072 0.730086 2.738119 7.183058 0.808211 -0.011601 7.625 0.625215 -0.016406 7 1.25 0
5 24 6.64072 0.730086 2.738119 6.467157 1.171875 2.678784 5.087392 0.651961 5.070986 7.183058 0.808211 -0.011601
4 16 7.183058 0.808211 -0.011601 7 1.25 0 6.467157 1.328125 -2.678784 6.631841 0.886336 -2.759555
5 24 7 1.25 0 6.467157 1.328125 -2.678784 6.631841 0.886336 -2.759555 6.64072 1.769914 -2.738119
5 24 7 1.25 0 7.183058 1.691789 0.011601 6.467157 1.171875 2.678784 6.467157 1.328125 -2.678784
4 16 7 1.25 0 7.183058 1.691789 0.011601 6.64072 1.769914 -2.738119 6.467157 1.328125 -2.678784
5 24 7.183058 1.691789 0.011601 6.64072 1.769914 -2.738119 6.467157 1.328125 -2.678784 7.05086 1.95291 -2.902804
5 24 7.183058 1.691789 0.011601 7.625 1.874785 0.016406 6.631841 1.613664 2.759555 6.64072 1.769914 -2.738119
4 16 7.183058 1.691789 0.011601 7.625 1.874785 0.016406 7.05086 1.95291 -2.902804 6.64072 1.769914 -2.738119
5 24 7.625 1.874785 0.016406 7.05086 1.95291 -2.902804 6.64072 1.769914 -2.738119 7.457322 1.769914 -3.076367
5 24 7.625 1.874785 0.016406 8.066941 1.691789 0.011601 7.038303 1.79666 2.933119 7.05086 1.95291 -2.902804
4 16 7.625 1.874785 0.016406 8.066941 1.691789 0.011601 7.457322 1.769914 -3.076367 7.05086 1.95291 -2.902804
5 24 8.066941 1.691789 0.011601 7.457322 1.769914 -3.076367 7.05086 1.95291 -2.902804 7.622006 1.328125 -3.157138
5 24 8.066941 1.691789 0.011601 8.25 1.25 0 7.448443 1.613664 3.097803 7.457322 1.769914 -3.076367
4 16 8.066941 1.691789 0.011601 8.25 1.25 0 7.622006 1.328125 -3.157138 7.457322 1.769914 -3.076367
5 24 8.25 1.25 0 7.622006 1.328125 -3.157138 7.457322 1.769914 -3.076367 7.448443 0.886336 -3.097803
5 24 8.25 1.25 0 8.066942 0.808211 -0.011601 7.622006 1.171875 3.157138 7.622006 1.328125 -3.157138
4 16 8.25 1.25 0 8.066942 0.808211 -0.011601 7.448443 0.886336 -3.097803 7.622006 1.328125 -3.157138
5 24 8.066942 0.808211 -0.011601 7.448443 0.886336 -3.097803 7.622006 1.328125 -3.157138 7.038303 0.70334 -2.933119
5 24 8.066942 0.808211 -0.011601 7.625 0.625215 -0.016406 7.457322 0.730086 3.076367 7.448443 0.886336 -3.097803
4 16 8.066942 0.808211 -0.011601 7.625 0.625215 -0.016406 7.038303 0.70334 -2.933119 7.448443 0.886336 -3.097803
5 24 7.625 0.625215 -0.016406 7.038303 0.70334 -2.933119 7.448443 0.886336 -3.097803 6.631841 0.886336 -2.759555
5 24 7.625 0.625215 -0.016406 7.183058 0.808211 -0.011601 7.05086 0.54709 2.902804 7.038303 0.70334 -2.933119
4 16 7.625 0.625215 -0.016406 7.183058 0.808211 -0.011601 6.631841 0.886336 -2.759555 7.038303 0.70334 -2.933119
5 24 7.183058 0.808211 -0.011601 6.631841 0.886336 -2.759555 7.038303 0.70334 -2.933119 6.467157 1.328125 -2.678784
5 24 7.183058 0.808211 -0.011601 7 1.25 0 6.64072 0.730086 2.738119 6.631841 0.886336 -2.759555
4 16 6.631841 0.886336 -2.759555 6.467157 1.328125 -2.678784 4.949748 1.40625 -4.949748 5.070986 0.964461 -5.087392
5 24 6.467157 1.328125 -2.678784 4.949748 1.40625 -4.949748 5.070986 0.964461 -5.087392 5.087392 1.848039 -5.070986
5 24 6.467157 1.328125 -2.678784 6.64072 1.769914 -2.738119 7 1.25 0 4.949748 1.40625 -4.949748
4 16 6.467157 1.328125 -2.678784 6.64072 1.769914 -2.738119 5.087392 1.848039 -5.070986 4.949748 1.40625 -4.949748
5 24 6.64072 1.769914 -2.738119 5.087392 1.848039 -5.070986 4.949748 1.40625 -4.949748 5.40329 2.031035 -5.380088
5 24 6.64072 1.769914 -2.738119 7.05086 1.95291 -2.902804 7.183058 1.691789 0.011601 5.087392 1.848039 -5.070986
4 16 6.64072 1.769914 -2.738119 7.05086 1.95291 -2.902804 5.40329 2.031035 -5.380088 5.087392 1.848039 -5.070986
5 24 7.05086 1.95291 -2.902804 5.40329 2.031035 -5.380088 5.087392 1.848039 -5.070986 5.712392 1.848039 -5.695986
