0 FILE 8855 - 8855-1 - Prop Plane.ldr
0 8855-1 - Prop Plane
0 Name: 8855 - 8855-1 - Prop Plane.ldr
0 Author: Ignacio Fernandez Galvan [jellby]
0 !LDRAW_ORG Unofficial_Model
0 !LICENSE Redistributable under CCAL version 2.0 : see CAreadme.txt

0 !HELP Propellor not yet available! (*)
0 !HELP All positions and rotations calculated carefully
0 !HELP Some pieces needed scaling/skewing due to strain in physical model (marked with comments)

0 !KEYWORDS float plane, pontoon plane, power pack, electric, 1988

0 !HISTORY 2012-12-15 [jellby] Initial creation

0 !THEME Technic
0 ROTATION CENTER 0 0 0 1 "Custom" 
0 ROTATION CONFIG 0 0
1 14 -50 -197 -10 0 0 -1 0 1 0 1 0 0 3703.dat
1 14 50 -197 -10 0 0 -1 0 1 0 1 0 0 3703.dat
1 0 40 -187 -150 1 0 0 0 1 0 0 0 1 4459.dat
1 0 -40 -187 -150 1 0 0 0 1 0 0 0 1 4459.dat
1 0 60 -187 10 1 0 0 0 1 0 0 0 1 4459.dat
1 0 -60 -187 10 1 0 0 0 1 0 0 0 1 4459.dat
1 14 -30 -197 -190 0 0 -1 0 1 0 1 0 0 3894.dat
1 14 30 -197 -190 0 0 -1 0 1 0 1 0 0 3894.dat
1 7 60 -187 -90 1 0 0 0 1 0 0 0 1 3749.dat
1 7 -60 -187 -90 -1 0 0 0 1 0 0 0 -1 3749.dat
1 14 0 -205 -40 1 0 0 0 1 0 0 0 1 3666.dat
1 14 -50 -205 20 0 0 1 0 1 0 -1 0 0 2420.dat
1 14 50 -205 20 -1 0 0 0 1 0 0 0 -1 2420.dat
1 14 -50 -221 70 0 0 -1 0 1 0 1 0 0 3700.dat
1 0 0 -211 70 1 0 0 0 0 1 0 -1 0 3706.dat
0 // These two pieces scaled 0.975 in length to avoid overlap (why don't they fit?)
1 7 -30.25 -211 70 0 0 -0.975 0 1 0 1 0 0 3713.dat
1 7 -10.75 -211 70 0 0 0.975 0 1 0 -1 0 0 3713.dat
1 7 20 -211 70 0 0 1 0 1 0 -1 0 0 3713.dat
1 7 0 -191.015 69.2357 -1 0 0 0 0.0382 0.9993 0 0.9993 -0.0382 4273a.dat
1 0 0 -181.022 68.8536 0 0 -1 0.9993 -0.0382 0 -0.0382 -0.9993 0 3704.dat
1 7 0 -171.029 68.4715 0 -1 0 0.0382 0 -0.9993 0.9993 0 0.0382 3651.dat
1 7 35 -211 70 0 0 -1 0 1 0 1 0 0 4265a.dat
1 14 50 -221 70 0 0 -1 0 1 0 1 0 0 3700.dat
1 14 0 -213 20 1 0 0 0 1 0 0 0 1 3666.dat
1 14 0 -213 -40 1 0 0 0 1 0 0 0 1 3710.dat
1 14 -50 -213 -20 0 0 1 0 1 0 -1 0 0 3623.dat
1 14 50 -213 -20 0 0 1 0 1 0 -1 0 0 3623.dat
1 14 50 -237 10 0 0 -1 0 1 0 1 0 0 3700.dat
1 14 -50 -237 10 0 0 -1 0 1 0 1 0 0 3700.dat
1 0 60 -227 10 1 0 0 0 1 0 0 0 1 4459.dat
1 0 -60 -227 10 1 0 0 0 1 0 0 0 1 4459.dat
1 14 0 -237 20 -1 0 0 0 1 0 0 0 -1 3701.dat
1 7 0 -227 30 0 -0.1951 -0.9808 0 0.9808 -0.1951 1 0 0 3749.dat
1 7 0 -227 40 -0.9808 -0.1951 0 -0.1951 0.9808 0 0 0 -1 4019.dat
1 14 0 -245 20 1 0 0 0 1 0 0 0 1 3023.dat
1 14 50 -245 20 -1 0 0 0 1 0 0 0 -1 2420.dat
1 14 -50 -245 20 0 0 1 0 1 0 -1 0 0 2420.dat
1 14 50 -245 60 -1 0 0 0 1 0 0 0 -1 3040b.dat
1 14 -50 -245 60 -1 0 0 0 1 0 0 0 -1 3040b.dat
1 0 60 -323 -190 1 0 0 0 1 0 0 0 1 4459.dat
1 0 -60 -323 -190 1 0 0 0 1 0 0 0 1 4459.dat
1 14 0 -253 20 1 0 0 0 1 0 0 0 1 3710.dat
1 14 50 -253 30 0 0 -1 0 1 0 1 0 0 3710.dat
1 14 -50 -253 30 0 0 -1 0 1 0 1 0 0 3710.dat
1 14 0 -277 20 1 0 0 0 1 0 0 0 1 3894.dat
1 14 70 -287 0 0 0 -1 -1 0 0 0 1 0 3895.dat
1 14 -70 -287 0 0 0 -1 -1 0 0 0 1 0 3895.dat
1 0 80 -347 10 1 0 0 0 1 0 0 0 1 4459.dat
1 0 80 -387 10 1 0 0 0 1 0 0 0 1 4459.dat
1 0 -80 -387 10 1 0 0 0 1 0 0 0 1 4459.dat
1 0 -80 -347 10 1 0 0 0 1 0 0 0 1 4459.dat
1 0 80 -387 -90 1 0 0 0 0.8116 -0.5842 0 0.5842 0.8116 4459.dat
1 0 -80 -387 -90 1 0 0 0 0.8116 -0.5842 0 0.5842 0.8116 4459.dat
1 14 90 -397 10 0 0 -1 0 1 0 1 0 0 3700.dat
1 14 90 -357 10 0 0 -1 0 1 0 1 0 0 3700.dat
1 14 90 -365 10 0 0 -1 0 1 0 1 0 0 3023.dat
1 14 90 -373 10 0 0 -1 0 1 0 1 0 0 4477.dat
1 14 -90 -373 10 0 0 -1 0 1 0 1 0 0 4477.dat
1 14 -90 -397 10 0 0 -1 0 1 0 1 0 0 3700.dat
1 14 -90 -357 10 0 0 -1 0 1 0 1 0 0 3700.dat
1 14 -90 -365 10 0 0 -1 0 1 0 1 0 0 3023.dat
1 14 90 -397 -90 0 0 1 0 1 0 -1 0 0 2743.dat
1 14 -90 -397 -90 0 0 1 0 1 0 -1 0 0 2743.dat
1 14 0 -173 -150 -1 0 0 0 1 0 0 0 -1 3795.dat
1 14 -40 -173 -10 0 0 -1 0 1 0 1 0 0 3020.dat
1 14 40 -173 -10 0 0 -1 0 1 0 1 0 0 3020.dat
1 14 30 -264.826 246.804 0 0 -1 -0.4938 0.8696 0 0.8696 0.4938 0 3703.dat
1 14 -30 -264.826 246.804 0 0 -1 -0.4938 0.8696 0 0.8696 0.4938 0 3703.dat
1 14 50 -285 40 0 0 -1 0 1 0 1 0 0 3623.dat
1 14 -50 -285 40 0 0 -1 0 1 0 1 0 0 3623.dat
1 0 40 -246.255 234.35 -1 0 0 0 0.8696 0.4938 0 0.4938 -0.8696 4459.dat
1 0 -40 -246.255 234.35 -1 0 0 0 0.8696 0.4938 0 0.4938 -0.8696 4459.dat
1 0 0 -187 130 -1 0 0 0 0.9 0.4359 0 0.4359 -0.9 3707.dat
1 7 70 -187 130 0 0 -1 -0.9 -0.4359 0 -0.4359 0.9 0 3713.dat
1 7 -70 -187 130 0 0 1 0.9 -0.4359 0 0.4359 0.9 0 3713.dat
1 14 50 -286.361 243.916 0 0 -1 0.9999 0.0108 0 0.0108 -0.9999 0 3894.dat
1 14 -50 -286.361 243.916 0 0 -1 0.9999 0.0108 0 0.0108 -0.9999 0 3894.dat
1 0 0 -326.25 233.484 -1 0 0 0 0.9999 0.0108 0 0.0108 -0.9999 3737.dat
1 0 40 -213 -40 1 0 0 0 1 0 0 0 1 2717.dat
1 0 0 -235 -30 1 0 0 0 1 0 0 0 1 4459.dat
1 0 -40 -213 -40 1 0 0 0 1 0 0 0 1 2717.dat
1 14 70 -365.253 186.807 0 0 -1 0.5062 0.8624 0 0.8624 -0.5062 0 3702.dat
1 14 -70 -365.253 186.807 0 0 -1 0.5062 0.8624 0 0.8624 -0.5062 0 3702.dat
1 7 90 -326.25 233.484 0 0 -1 0.9999 0.0108 0 0.0108 -0.9999 0 3713.dat
1 7 -90 -326.25 233.484 0 0 1 -0.9999 0.0108 0 -0.0108 -0.9999 0 3713.dat
1 0 34.641 -287 100 -0.999 -0.0143 -0.0427 0.045 -0.3167 -0.9475 0.0001 -0.9483 0.3171 2739a.dat
1 0 -34.641 -287 100 -0.999 0.0143 0.0427 -0.045 -0.3167 -0.9475 -0.0001 -0.9483 0.3171 2739a.dat
1 14 0 -373 80 0 0 1 0 1 0 -1 0 0 3021.dat
1 14 0 -397 -40 1 0 0 0 1 0 0 0 1 3703.dat
1 14 240 -397 -20 1 0 0 0 1 0 0 0 1 3703.dat
1 14 560 -397 -20 1 0 0 0 1 0 0 0 1 3703.dat
1 14 -240 -397 -20 1 0 0 0 1 0 0 0 1 3703.dat
1 14 -560 -397 -20 1 0 0 0 1 0 0 0 1 3703.dat
1 14 -240 -397 40 1 0 0 0 1 0 0 0 1 3703.dat
1 14 -560 -397 40 1 0 0 0 1 0 0 0 1 3703.dat
1 14 0 -397 60 1 0 0 0 1 0 0 0 1 3703.dat
1 14 240 -397 40 1 0 0 0 1 0 0 0 1 3703.dat
1 14 560 -397 40 1 0 0 0 1 0 0 0 1 3703.dat
1 7 400 -397 0 1 0 0 0 1 0 0 0 1 3894.dat
1 7 400 -397 20 1 0 0 0 1 0 0 0 1 3894.dat
1 7 -400 -397 0 1 0 0 0 1 0 0 0 1 3894.dat
1 7 -400 -397 20 1 0 0 0 1 0 0 0 1 3894.dat
1 0 -140 -387 -30 0 0 -1 0 1 0 1 0 0 4459.dat
1 0 -100 -387 -30 0 0 -1 0 1 0 1 0 0 4459.dat
1 0 100 -387 -30 0 0 -1 0 1 0 1 0 0 4459.dat
1 0 140 -387 -30 0 0 -1 0 1 0 1 0 0 4459.dat
1 0 -140 -387 50 0 0 -1 0 1 0 1 0 0 4459.dat
1 0 -100 -387 50 0 0 -1 0 1 0 1 0 0 4459.dat
1 0 100 -387 50 0 0 -1 0 1 0 1 0 0 4459.dat
1 0 140 -387 50 0 0 -1 0 1 0 1 0 0 4459.dat
1 0 360 -387 -10 0 0 -1 0 1 0 1 0 0 4459.dat
1 0 380 -387 -10 0 0 -1 0 1 0 1 0 0 4459.dat
1 0 420 -387 -10 0 0 -1 0 1 0 1 0 0 4459.dat
1 0 440 -387 -10 0 0 -1 0 1 0 1 0 0 4459.dat
1 0 440 -387 30 0 0 -1 0 1 0 1 0 0 4459.dat
1 0 420 -387 30 0 0 -1 0 1 0 1 0 0 4459.dat
1 0 380 -387 30 0 0 -1 0 1 0 1 0 0 4459.dat
1 0 360 -387 30 0 0 -1 0 1 0 1 0 0 4459.dat
1 0 -360 -387 30 0 0 -1 0 1 0 1 0 0 4459.dat
1 0 -380 -387 30 0 0 -1 0 1 0 1 0 0 4459.dat
1 0 -420 -387 30 0 0 -1 0 1 0 1 0 0 4459.dat
1 0 -440 -387 30 0 0 -1 0 1 0 1 0 0 4459.dat
1 0 -420 -387 -10 0 0 -1 0 1 0 1 0 0 4459.dat
1 0 -440 -387 -10 0 0 -1 0 1 0 1 0 0 4459.dat
1 0 -380 -387 -10 0 0 -1 0 1 0 1 0 0 4459.dat
1 0 -360 -387 -10 0 0 -1 0 1 0 1 0 0 4459.dat
1 0 -400 -387 10 0 0 -1 0 1 0 1 0 0 4459.dat
1 0 400 -387 10 0 0 -1 0 1 0 1 0 0 4459.dat
1 14 710 -373 10 0 0 1 0 1 0 -1 0 0 3460.dat
1 14 710 -397 -70 0 0 1 0 1 0 -1 0 0 2743.dat
1 14 710 -397 90 0 0 -1 0 1 0 1 0 0 2744.dat
1 14 470 -397 90 0 0 -1 0 1 0 1 0 0 2744.dat
1 14 350 -397 90 0 0 -1 0 1 0 1 0 0 2744.dat
1 14 230 -397 90 0 0 -1 0 1 0 1 0 0 2744.dat
1 14 -230 -397 90 0 0 -1 0 1 0 1 0 0 2744.dat
1 14 -350 -397 90 0 0 -1 0 1 0 1 0 0 2744.dat
1 14 -470 -397 90 0 0 -1 0 1 0 1 0 0 2744.dat
1 14 -710 -397 90 0 0 -1 0 1 0 1 0 0 2744.dat
1 14 470 -397 -70 0 0 1 0 1 0 -1 0 0 2743.dat
1 14 350 -397 -70 0 0 1 0 1 0 -1 0 0 2743.dat
1 14 230 -397 -70 0 0 1 0 1 0 -1 0 0 2743.dat
1 14 -230 -397 -70 0 0 1 0 1 0 -1 0 0 2743.dat
1 14 -350 -397 -70 0 0 1 0 1 0 -1 0 0 2743.dat
1 14 -470 -397 -70 0 0 1 0 1 0 -1 0 0 2743.dat
1 14 -710 -397 -70 0 0 1 0 1 0 -1 0 0 2743.dat
1 14 470 -373 10 0 0 1 0 1 0 -1 0 0 3460.dat
1 14 350 -373 10 0 0 1 0 1 0 -1 0 0 3460.dat
1 14 230 -373 10 0 0 1 0 1 0 -1 0 0 3460.dat
1 14 -230 -373 10 0 0 1 0 1 0 -1 0 0 3460.dat
1 14 -350 -373 10 0 0 1 0 1 0 -1 0 0 3460.dat
1 14 -470 -373 10 0 0 1 0 1 0 -1 0 0 3460.dat
1 14 -710 -373 10 0 0 1 0 1 0 -1 0 0 3460.dat
1 14 -590 -397 -70 0 0 1 0 1 0 -1 0 0 2743.dat
1 14 590 -397 -70 0 0 1 0 1 0 -1 0 0 2743.dat
1 14 590 -373 -10 0 0 1 0 1 0 -1 0 0 3666.dat
1 14 -590 -373 -10 0 0 1 0 1 0 -1 0 0 3666.dat
1 14 470 -405 10 0 0 1 0 1 0 -1 0 0 3460.dat
1 14 350 -405 10 0 0 1 0 1 0 -1 0 0 3460.dat
1 14 230 -405 10 0 0 1 0 1 0 -1 0 0 3460.dat
1 14 -230 -405 10 0 0 1 0 1 0 -1 0 0 3460.dat
1 14 -350 -405 10 0 0 1 0 1 0 -1 0 0 3460.dat
1 14 -470 -405 10 0 0 1 0 1 0 -1 0 0 3460.dat
1 36 710 -397 10 0 0 1 0 1 0 -1 0 0 3065.dat
1 34 -710 -397 10 0 0 1 0 1 0 -1 0 0 3065.dat
1 14 590 -405 -10 0 0 1 0 1 0 -1 0 0 3666.dat
1 14 -590 -405 -10 0 0 1 0 1 0 -1 0 0 3666.dat
1 14 710 -405 10 0 0 1 0 1 0 -1 0 0 3460.dat
1 14 -710 -405 10 0 0 1 0 1 0 -1 0 0 3460.dat
1 0 700 -387 70 -1 0 0 0 0.9645 -0.264 0 -0.264 -0.9645 4519.dat
1 0 -700 -387 70 -1 0 0 0 0.9645 -0.264 0 -0.264 -0.9645 4519.dat
1 7 725 -387 70 0 0 1 -0.264 0.9645 0 -0.9645 -0.264 0 4265a.dat
1 7 695 -387 70 0 0 1 -0.264 0.9645 0 -0.9645 -0.264 0 4265a.dat
1 7 -695 -387 70 0 0 -1 0.264 0.9645 0 0.9645 -0.264 0 4265a.dat
1 7 -725 -387 70 0 0 -1 0.264 0.9645 0 0.9645 -0.264 0 4265a.dat
1 0 410 -387 70 -1 0 0 0 0.9645 -0.264 0 -0.264 -0.9645 3737.dat
1 0 260 -387 90 -1 0 0 0 0.9921 -0.1252 0 -0.1252 -0.9921 3737.dat
1 0 -410 -387 70 -1 0 0 0 0.9645 -0.264 0 -0.264 -0.9645 3737.dat
1 0 -260 -387 90 -1 0 0 0 0.9921 -0.1252 0 -0.1252 -0.9921 3737.dat
1 7 -485 -387 70 0 0 1 -0.264 0.9645 0 -0.9645 -0.264 0 4265b.dat
1 7 485 -387 70 0 0 -1 0.264 0.9645 0 0.9645 -0.264 0 4265a.dat
1 7 332 -387 70 0 0 1 -0.264 0.9645 0 -0.9645 -0.264 0 3647.dat
1 7 332 -387 90 0 0 1 -0.1252 0.9921 0 -0.9921 -0.1252 0 3647.dat
1 7 -332 -387 70 0 0 1 -0.264 0.9645 0 -0.9645 -0.264 0 3647.dat
1 7 -332 -387 90 0 0 1 -0.1252 0.9921 0 -0.9921 -0.1252 0 3647.dat
1 7 680 -387 70 0 0 1 -0.9645 -0.264 0 0.264 -0.9645 0 4273a.dat
1 7 500 -387 70 0 0 -1 -0.9645 0.264 0 0.264 0.9645 0 4273a.dat
1 7 -680 -387 70 0 0 -1 -0.9645 0.264 0 0.264 0.9645 0 4273a.dat
1 7 -500 -387 70 0 0 1 -0.9645 -0.264 0 0.264 -0.9645 0 4273a.dat
1 14 0 -405 80 0 0 1 0 1 0 -1 0 0 3021.dat
1 14 90 -405 10 0 0 1 0 1 0 -1 0 0 4477.dat
1 14 -90 -405 10 0 0 1 0 1 0 -1 0 0 4477.dat
1 14 590 -383.395 79.3806 1 0 0 0 0.9645 0.264 0 -0.264 0.9645 3795.dat
1 7 590 -393.751 71.8476 1 0 0 0 0.9645 0.264 0 -0.264 0.9645 4442.dat
1 14 590 -380.551 120.073 1 0 0 0 0.9645 0.264 0 -0.264 0.9645 3030.dat
1 7 660 -395.68 72.3756 0 1 0 -0.9645 0 0.264 0.264 0 0.9645 4274.dat
1 7 520 -395.68 72.3756 0 1 0 -0.9645 0 0.264 0.264 0 0.9645 4274.dat
1 14 -590 -383.395 79.3806 1 0 0 0 0.9645 0.264 0 -0.264 0.9645 3795.dat
1 7 -590 -393.751 71.8476 1 0 0 0 0.9645 0.264 0 -0.264 0.9645 4442.dat
1 14 -590 -380.551 120.073 1 0 0 0 0.9645 0.264 0 -0.264 0.9645 3030.dat
1 7 -520 -395.68 72.3756 0 1 0 -0.9645 0 0.264 0.264 0 0.9645 4274.dat
1 7 -660 -395.68 72.3756 0 1 0 -0.9645 0 0.264 0.264 0 0.9645 4274.dat
1 14 90 -397 110 0 0 -1 0 1 0 1 0 0 2744.dat
1 0 60 -387 90 -1 0 0 0 0.9921 -0.1252 0 -0.1252 -0.9921 3706.dat
1 7 30 -384.497 109.843 1 0 0 0 0.9921 0.1252 0 -0.1252 0.9921 4273a.dat
1 7 34 -387 90 0 0 -1 0.1252 0.9921 0 0.9921 -0.1252 0 4265a.dat
1 7 70 -387 90 0 0 1 -0.1252 0.9921 0 -0.9921 -0.1252 0 3713.dat
1 7 30 -383.245 119.764 0 0 1 -0.1252 0.9921 0 -0.9921 -0.1252 0 2736.dat
1 14 10 -397 90 0 0 -1 0 1 0 1 0 0 3700.dat
1 7 110 -387 90 0 0 -1 -0.9921 0.1252 0 0.1252 0.9921 0 3712.dat
1 7 140 -387 90 0 0 -1 -0.9921 0.1252 0 0.1252 0.9921 0 3326a.dat
1 7 170 -387 90 0 0 1 -0.1252 0.9921 0 -0.9921 -0.1252 0 3712.dat
1 0 80 -387 130 -1 0 0 0 1 0 0 0 -1 4459.dat
1 14 -90 -397 110 0 0 -1 0 1 0 1 0 0 2744.dat
1 0 -60 -387 90 1 0 0 0 -0.9921 -0.1252 0 0.1252 -0.9921 3706.dat
1 7 -30 -384.497 109.843 -1 0 0 0 -0.9921 0.1252 0 0.1252 0.9921 4273a.dat
1 7 -34 -387 90 0 0 1 0.1252 -0.9921 0 0.9921 0.1252 0 4265a.dat
1 7 -70 -387 90 0 0 -1 -0.1252 -0.9921 0 -0.9921 0.1252 0 3713.dat
1 7 -30 -383.245 119.764 0 0 -1 -0.1252 -0.9921 0 -0.9921 0.1252 0 2736.dat
1 14 -10 -397 90 0 0 1 0 1 0 -1 0 0 3700.dat
1 7 -110 -387 90 0 0 1 0.9921 0.1252 0 -0.1252 0.9921 0 3712.dat
1 7 -140 -387 90 0 0 1 0.9921 0.1252 0 -0.1252 0.9921 0 3326a.dat
1 7 -170 -387 90 0 0 -1 -0.1252 -0.9921 0 -0.9921 0.1252 0 3712.dat
1 0 -80 -387 130 1 0 0 0 -1 0 0 0 -1 4459.dat
1 14 0 -312.251 233.387 -1 0 0 0 1 -0.007 0 -0.007 -1 3020.dat
1 14 -30 -295.386 575.409 0 0 -1 -0.0655 0.9979 0 0.9979 0.0655 0 3701.dat
1 14 30 -295.386 575.409 0 0 -1 -0.0655 0.9979 0 0.9979 0.0655 0 3701.dat
1 14 30 -303.369 574.884 0 0 -1 -0.0655 0.9979 0 0.9979 0.0655 0 3710.dat
1 14 -30 -303.369 574.884 0 0 -1 -0.0655 0.9979 0 0.9979 0.0655 0 3710.dat
1 7 20 -286.718 596.022 -1 0 0 0 0.9979 0.0655 0 0.0655 -0.9979 4274.dat
1 7 -20 -286.718 596.022 1 0 0 0 0.9979 -0.0655 0 0.0655 0.9979 4274.dat
1 14 -140 -312.007 584.338 1 0 0 0 0.9979 -0.0655 0 0.0655 0.9979 3585.dat
1 14 140 -312.007 584.338 1 0 0 0 0.9979 -0.0655 0 0.0655 0.9979 3586.dat
1 14 30 -335.301 572.786 0 0 -1 -0.0655 0.9979 0 0.9979 0.0655 0 3701.dat
1 14 -30 -335.301 572.786 0 0 -1 -0.0655 0.9979 0 0.9979 0.0655 0 3701.dat
1 7 20 -326.633 593.399 -1 0 0 0 0.9979 0.0655 0 0.0655 -0.9979 4274.dat
1 7 -20 -326.633 593.399 1 0 0 0 0.9979 -0.0655 0 0.0655 0.9979 4274.dat
1 7 -20 -324.011 553.485 1 0 0 0 0.9979 -0.0655 0 0.0655 0.9979 3673.dat
1 7 20 -324.011 553.485 1 0 0 0 0.9979 -0.0655 0 0.0655 0.9979 3673.dat
1 14 12 -306.676 594.711 0 1 0 -0.998 0 -0.066 -0.066 0 0.998 3623.dat
1 14 -12 -306.676 594.711 0 -1 0 0.998 0 -0.066 0.066 0 0.998 3623.dat
1 7 0 -252.233 318.226 -1 0 0 0 -0.9912 -0.1328 0 -0.1328 0.9912 4273a.dat
1 7 0 -246.923 278.579 1 0 0 0 -0.9912 0.1328 0 -0.1328 -0.9912 4273a.dat
1 0 0 -237.63 209.196 0 0 -1 0.1328 -0.9912 0 -0.9912 -0.1328 0 3707.dat
1 0 0 -266.837 427.254 0 0 -1 0.1328 -0.9912 0 -0.9912 -0.1328 0 3708.dat
1 7 0 -281.441 536.284 1 0 0 0 -0.9912 0.1328 0 -0.1328 -0.9912 3651.dat
1 0 0 -284.096 556.107 1 0 0 0 -0.9912 0.1328 0 -0.1328 -0.9912 3705.dat
1 7 -15 -284.096 556.107 0 0 -1 0.1328 -0.9912 0 -0.9912 -0.1328 0 4265a.dat
1 7 15 -284.096 556.107 0 0 1 -0.1328 -0.9912 0 0.9912 -0.1328 0 4265a.dat
1 7 10 -249.578 298.402 1 0 0 0 -0.9912 0.1328 0 -0.1328 -0.9912 4274.dat
1 14 0 -366.501 483.779 1 0 0 0 1 0.007 0 -0.007 1 4286.dat
1 14 0 -365.941 563.779 -1 0 0 0 1 -0.007 0 -0.007 -1 4287a.dat
1 14 0 -366.221 523.779 0 0 -1 0.007 1 0 1 -0.007 0 3622.dat
1 4 0 -390.361 503.947 1 0 0 0 1 0.007 0 -0.007 1 3040b.dat
1 14 0 -414.221 524.115 1 0 0 0 1 0.007 0 -0.007 1 3040b.dat
1 14 0 -438.081 544.283 1 0 0 0 1 0.007 0 -0.007 1 3040b.dat
1 14 0 -461.941 564.451 1 0 0 0 1 0.007 0 -0.007 1 3040b.dat
1 14 0 -485.801 584.619 1 0 0 0 1 0.007 0 -0.007 1 3040b.dat
1 14 0 -509.661 604.787 1 0 0 0 1 0.007 0 -0.007 1 3040b.dat
1 4 0 -390.081 543.947 0 0 -1 0.007 1 0 1 -0.007 0 3622.dat
1 14 0 -413.941 564.115 0 0 -1 0.007 1 0 1 -0.007 0 3622.dat
1 14 0 -437.801 584.283 0 0 -1 0.007 1 0 1 -0.007 0 3622.dat
1 14 0 -461.661 604.451 0 0 -1 0.007 1 0 1 -0.007 0 3622.dat
1 14 0 -485.451 634.619 0 0 -1 0.007 1 0 1 -0.007 0 3010.dat
1 14 0 -509.451 634.787 0 0 -1 0.007 1 0 1 -0.007 0 3004.dat
1 4 0 -389.731 593.947 0 0 -1 0.007 1 0 1 -0.007 0 3004.dat
1 14 0 -413.661 604.115 -1 0 0 0 1 -0.007 0 -0.007 -1 3665a.dat
1 14 0 -437.521 624.283 -1 0 0 0 1 -0.007 0 -0.007 -1 3665a.dat
1 14 0 -461.381 644.451 -1 0 0 0 1 -0.007 0 -0.007 -1 3665a.dat
1 14 0 -517.451 634.842 0 0 -1 0.007 1 0 1 -0.007 0 3710.dat
1 36 0 -509.241 664.787 0 0 -1 0.007 1 0 1 -0.007 0 3062b.dat
1 14 -10 -335.971 273.555 0 0 -1 0.007 1 0 1 -0.007 0 3894.dat
1 14 10 -334.291 513.554 0 0 -1 0.007 1 0 1 -0.007 0 3894.dat
1 14 -10 -334.711 453.555 0 0 -1 0.007 1 0 1 -0.007 0 3895.dat
1 14 10 -335.551 333.555 0 0 -1 0.007 1 0 1 -0.007 0 3895.dat
1 0 0 -326.111 253.485 -1 0 0 0 1 -0.007 0 -0.007 -1 4459.dat
1 0 0 -325.691 313.485 -1 0 0 0 1 -0.007 0 -0.007 -1 4459.dat
1 0 0 -325.411 353.485 -1 0 0 0 1 -0.007 0 -0.007 -1 4459.dat
1 0 -20 -325.271 373.485 -1 0 0 0 1 -0.007 0 -0.007 -1 4459.dat
1 0 20 -325.271 373.485 -1 0 0 0 1 -0.007 0 -0.007 -1 4459.dat
1 0 0 -324.851 433.485 -1 0 0 0 1 -0.007 0 -0.007 -1 4459.dat
1 0 0 -324.571 473.485 -1 0 0 0 1 -0.007 0 -0.007 -1 4459.dat
1 0 0 -324.151 533.485 -1 0 0 0 1 -0.007 0 -0.007 -1 4459.dat
1 14 30 -336.251 233.554 0 0 -1 0.007 1 0 1 -0.007 0 3700.dat
1 14 -30 -336.251 233.554 0 0 -1 0.007 1 0 1 -0.007 0 3700.dat
1 14 0 -344.251 233.611 -1 0 0 0 1 -0.007 0 -0.007 -1 3020.dat
1 14 0 -343.061 403.611 0 0 1 -0.007 1 0 -1 -0.007 0 3021.dat
1 14 0 -343.691 313.611 0 0 1 -0.007 1 0 -1 -0.007 0 3795.dat
1 14 0 -342.781 443.611 -1 0 0 0 1 -0.007 0 -0.007 -1 3794a.dat
1 14 0 -342.641 463.611 -1 0 0 0 1 -0.007 0 -0.007 -1 3794a.dat
1 14 0 -342.501 483.611 -1 0 0 0 1 -0.007 0 -0.007 -1 3794a.dat
1 14 0 -342.361 503.611 -1 0 0 0 1 -0.007 0 -0.007 -1 3794a.dat
1 14 0 -342.221 523.611 -1 0 0 0 1 -0.007 0 -0.007 -1 3794a.dat
1 14 0 -342.081 543.611 -1 0 0 0 1 -0.007 0 -0.007 -1 3794a.dat
1 14 0 -341.941 563.611 -1 0 0 0 1 -0.007 0 -0.007 -1 3794a.dat
1 14 0 -277 60 -1 0 0 0 1 0 0 0 -1 3894.dat
1 0 0 -267 50 0 0 1 0 1 0 -1 0 0 3706.dat
1 7 0 -267 75 1 0 0 0 1 0 0 0 1 4265a.dat
1 7 0 -267 40 1 0 0 0 1 0 0 0 1 4019.dat
1 7 0 -267 88 1 0 0 0 0 1 0 -1 0 2712.dat
1 7 34.641 -287 88 0 0.5 0.866 0 0.866 -0.5 -1 0 0 2736.dat
1 7 -34.641 -287 88 0 0.5 -0.866 0 -0.866 -0.5 -1 0 0 2736.dat
1 7 34.641 -287 77 0.866 0.5 0 -0.5 0.866 0 0 0 1 4265a.dat
1 7 -34.641 -287 77 -0.866 0.5 0 -0.5 -0.866 0 0 0 1 4265a.dat
1 0 0 -187 -120 1 0 0 0 0 -1 0 1 0 4519.dat
1 0 0 -187 -80 1 0 0 0 0 -1 0 1 0 4519.dat
1 7 -24 -187 -80 0 0 -1 -1 0 0 0 1 0 4265a.dat
1 7 -24 -187 -120 0 0 -1 -1 0 0 0 1 0 4265a.dat
1 7 -15 -187 -100 0 0 -1 -1 0 0 0 1 0 4185.dat
1 0 0 -187 -100 1 0 0 0 0 -1 0 1 0 3704.dat
1 7 0 -167 -100 1 0 0 0 0 1 0 -1 0 4273a.dat
1 7 0 -207 -100 -1 0 0 0 0 -1 0 -1 0 4273a.dat
1 0 0 -237 -100 0 0 -1 1 0 0 0 -1 0 3705.dat
1 7 0 -187 -140 1 0 0 0 -1 0 0 0 -1 3651.dat
1 7 0 -187 -60 1 0 0 0 1 0 0 0 1 3651.dat
1 7 15 -187 -100 0 0 -1 -1 0 0 0 1 0 4185.dat
1 7 24 -187 -120 0 0 1 1 0 0 0 1 0 4265a.dat
1 7 24 -187 -80 0 0 1 1 0 0 0 1 0 4265a.dat
1 7 24 -187 -120 0 0 1 1 0 0 0 1 0 4265a.dat
1 7 0 -187 -150 0 0 1 0 -1 0 1 0 0 3749.dat
1 14 0 -197 -160 1 0 0 0 1 0 0 0 1 3700.dat
1 14 0 -197 20 1 0 0 0 1 0 0 0 1 3701.dat
1 0 0 -187 -10 0 0 -1 0 1 0 1 0 0 3706.dat
1 14 0 -205 20 1 0 0 0 1 0 0 0 1 3023.dat
1 7 0 -187 40 1 0 0 0 1 0 0 0 1 4019.dat
1 14 0 -197 -40 1 0 0 0 1 0 0 0 1 3701.dat
1 14 -10 -227 0 0 1 0 -1 0 0 0 0 1 3894.dat
1 7 0 -187 -20 0 1 0 1 0 0 0 0 -1 3713.dat
1 14 -189.34 -17.35 -140 0 0 1 0 1 0 -1 0 0 3710.dat
1 14 -189.34 -17.35 130 0 0 1 0 1 0 -1 0 0 3623.dat
1 14 -169.34 -17.35 -80 -1 0 0 0 1 0 0 0 -1 3021.dat
1 14 -169.34 -17.35 -40 -1 0 0 0 1 0 0 0 -1 3021.dat
1 14 -169.34 -17.35 0 -1 0 0 0 1 0 0 0 -1 3021.dat
1 14 -169.34 -17.35 40 -1 0 0 0 1 0 0 0 -1 3021.dat
1 14 -169.34 -17.35 80 -1 0 0 0 1 0 0 0 -1 3021.dat
1 14 169.34 -17.35 -80 -1 0 0 0 1 0 0 0 -1 3021.dat
1 14 169.34 -17.35 -40 -1 0 0 0 1 0 0 0 -1 3021.dat
1 14 169.34 -17.35 0 -1 0 0 0 1 0 0 0 -1 3021.dat
1 14 169.34 -17.35 40 -1 0 0 0 1 0 0 0 -1 3021.dat
1 14 169.34 -17.35 80 -1 0 0 0 1 0 0 0 -1 3021.dat
1 14 149.34 -17.35 130 0 0 1 0 1 0 -1 0 0 3623.dat
1 14 149.34 -17.35 -140 0 0 1 0 1 0 -1 0 0 3710.dat
1 14 -189.34 -41.35 -170 1 0 0 0 1 0 0 0 1 4287a.dat
1 14 149.34 -41.35 -170 1 0 0 0 1 0 0 0 1 4287a.dat
1 14 -189.34 -41.35 0 0 0 -1 0 1 0 1 0 0 3703.dat
1 14 149.34 -41.35 0 0 0 -1 0 1 0 1 0 0 3703.dat
1 0 -179.34 -31.35 -40 1 0 0 0 1 0 0 0 1 4459.dat
1 0 -179.34 -31.35 40 1 0 0 0 1 0 0 0 1 4459.dat
1 0 159.34 -31.35 -40 1 0 0 0 1 0 0 0 1 4459.dat
1 0 159.34 -31.35 40 1 0 0 0 1 0 0 0 1 4459.dat
1 14 -149.34 -41.35 0 0 0 -1 0 1 0 1 0 0 3703.dat
1 14 189.34 -41.35 0 0 0 -1 0 1 0 1 0 0 3703.dat
1 14 -149.34 -17.35 -140 0 0 1 0 1 0 -1 0 0 3710.dat
1 14 189.34 -17.35 -140 0 0 1 0 1 0 -1 0 0 3710.dat
1 14 189.34 -41.35 -170 1 0 0 0 1 0 0 0 1 4287a.dat
1 14 -149.34 -41.35 -170 1 0 0 0 1 0 0 0 1 4287a.dat
1 14 -149.34 -17.35 130 0 0 1 0 1 0 -1 0 0 3623.dat
1 14 189.34 -17.35 130 0 0 1 0 1 0 -1 0 0 3623.dat
1 14 -169.34 -49.35 -20 -1 0 0 0 1 0 0 0 -1 3021.dat
1 14 -169.34 -49.35 20 -1 0 0 0 1 0 0 0 -1 3021.dat
1 14 169.34 -49.35 -20 -1 0 0 0 1 0 0 0 -1 3021.dat
1 14 169.34 -49.35 20 -1 0 0 0 1 0 0 0 -1 3021.dat
1 14 -149.34 -49.35 -140 0 0 1 0 1 0 -1 0 0 3710.dat
1 14 -189.34 -49.35 -140 0 0 1 0 1 0 -1 0 0 3710.dat
1 14 149.34 -49.35 -140 0 0 1 0 1 0 -1 0 0 3710.dat
1 14 189.34 -49.35 -140 0 0 1 0 1 0 -1 0 0 3710.dat
1 14 -149.34 -49.35 130 0 0 1 0 1 0 -1 0 0 3623.dat
1 14 -189.34 -49.35 130 0 0 1 0 1 0 -1 0 0 3623.dat
1 14 149.34 -49.35 130 0 0 1 0 1 0 -1 0 0 3623.dat
1 14 189.34 -49.35 130 0 0 1 0 1 0 -1 0 0 3623.dat
1 14 169.34 -49.35 -90 1 0 0 0 1 0 0 0 1 3623.dat
1 14 -169.34 -49.35 -90 1 0 0 0 1 0 0 0 1 3623.dat
1 14 -169.34 -49.35 90 1 0 0 0 1 0 0 0 1 3623.dat
1 14 169.34 -49.35 90 1 0 0 0 1 0 0 0 1 3623.dat
1 14 -149.34 -49.35 -60 0 0 -1 0 1 0 1 0 0 3023.dat
1 14 -189.34 -49.35 -60 0 0 -1 0 1 0 1 0 0 3023.dat
1 14 -189.34 -49.35 60 0 0 -1 0 1 0 1 0 0 3023.dat
1 14 -149.34 -49.35 60 0 0 -1 0 1 0 1 0 0 3023.dat
1 14 149.34 -49.35 60 0 0 -1 0 1 0 1 0 0 3023.dat
1 14 189.34 -49.35 60 0 0 -1 0 1 0 1 0 0 3023.dat
1 14 149.34 -49.35 -60 0 0 -1 0 1 0 1 0 0 3023.dat
1 14 189.34 -49.35 -60 0 0 -1 0 1 0 1 0 0 3023.dat
1 0 169.34 -31.35 -80 1 0 0 0 1 0 0 0 1 3705.dat
1 0 169.34 -31.35 80 1 0 0 0 1 0 0 0 1 3705.dat
1 0 -169.34 -31.35 80 1 0 0 0 1 0 0 0 1 3705.dat
1 0 -169.34 -31.35 -80 1 0 0 0 1 0 0 0 1 3705.dat
1 7 -134.34 -31.35 -80 0 0 1 0 1 0 -1 0 0 4265a.dat
1 7 -134.34 -31.35 80 0 0 1 0 1 0 -1 0 0 4265a.dat
1 7 204.34 -31.35 -80 0 0 1 0 1 0 -1 0 0 4265a.dat
1 7 204.34 -31.35 80 0 0 1 0 1 0 -1 0 0 4265a.dat
1 7 134.34 -31.35 -80 0 0 -1 0 1 0 1 0 0 4265a.dat
1 7 134.34 -31.35 80 0 0 -1 0 1 0 1 0 0 4265a.dat
1 7 -204.34 -31.35 -80 0 0 -1 0 1 0 1 0 0 4265a.dat
1 7 -204.34 -31.35 80 0 0 -1 0 1 0 1 0 0 4265a.dat
1 0 -129.893 -129.177 -50 0.5635 0.8261 0 -0.8261 0.5635 0 0 0 1 3706.dat
1 0 -129.893 -129.177 50 0.5635 0.8261 0 -0.8261 0.5635 0 0 0 1 3706.dat
1 0 129.893 -129.177 50 0.5635 -0.8261 0 0.8261 0.5635 0 0 0 1 3706.dat
1 0 129.893 -129.177 -50 0.5635 -0.8261 0 0.8261 0.5635 0 0 0 1 3706.dat
1 7 101.717 -170.482 -50 0 -0.8261 0.5635 0 0.5635 0.8261 -1 0 0 3651.dat
1 7 101.717 -170.482 50 0 -0.8261 0.5635 0 0.5635 0.8261 -1 0 0 3651.dat
1 7 -101.717 -170.482 50 0 0.8261 -0.5635 0 0.5635 0.8261 1 0 0 3651.dat
1 7 -101.717 -170.482 -50 0 0.8261 -0.5635 0 0.5635 0.8261 1 0 0 3651.dat
1 14 169.34 -49.35 -200 -1 0 0 0 1 0 0 0 -1 3021.dat
1 14 -169.34 -49.35 -200 -1 0 0 0 1 0 0 0 -1 3021.dat
1 7 169.34 -71.35 -93 -1 0 0 0 -1 0 0 0 1 4265a.dat
1 7 169.34 -71.35 93 -1 0 0 0 1 0 0 0 -1 4265a.dat
1 7 -169.34 -71.35 93 -1 0 0 0 1 0 0 0 -1 4265a.dat
1 7 -169.34 -71.35 -94 -1 0 0 0 -1 0 0 0 1 4265a.dat
1 0 90.45 -187 0 0 0 -1 0 1 0 1 0 0 3708.dat
1 0 -90.45 -187 0 0 0 -1 0 1 0 1 0 0 3708.dat
1 7 70.45 -187 90 0 0 -1 0 -1 0 -1 0 0 3651.dat
1 7 -70.45 -187 90 0 0 1 0 1 0 -1 0 0 3651.dat
1 7 -90.45 -187 35 -1 0 0 0 1 0 0 0 -1 4265a.dat
1 7 90.45 -187 35 -1 0 0 0 1 0 0 0 -1 4265a.dat
1 7 -90.45 -187 110 -1 0 0 0 1 0 0 0 -1 3713.dat
1 7 90.45 -187 110 -1 0 0 0 1 0 0 0 -1 3713.dat
1 7 -90.45 -187 -35 1 0 0 0 1 0 0 0 1 4265a.dat
1 7 90.45 -187 -35 1 0 0 0 1 0 0 0 1 4265a.dat
1 7 -70.45 -187 -90 0 0 1 0 1 0 -1 0 0 3651.dat
1 7 70.45 -187 -90 0 0 -1 0 -1 0 -1 0 0 3651.dat
1 7 -90.45 -187 -110 1 0 0 0 1 0 0 0 1 3713.dat
1 7 90.45 -187 -110 1 0 0 0 1 0 0 0 1 3713.dat
1 14 169.34 -31.35 -140 0 0 -1 0 1 0 1 0 0 3482.dat
1 14 -170.66 -31.35 -140 0 0 -1 0 1 0 1 0 0 3482.dat
1 14 169.34 -31.35 140 0 0 -1 0 1 0 1 0 0 3482.dat
1 14 -170.66 -31.35 140 0 0 -1 0 1 0 1 0 0 3482.dat
1 256 169.34 -31.35 -140 0 0 -1 0 1 0 1 0 0 3483.dat
1 256 169.34 -31.35 140 0 0 -1 0 1 0 1 0 0 3483.dat
1 256 -170.66 -31.35 140 0 0 -1 0 1 0 1 0 0 3483.dat
1 256 -170.66 -31.35 -140 0 0 -1 0 1 0 1 0 0 3483.dat
1 0 169.34 -31.35 -140 1 0 0 0 1 0 0 0 1 4519.dat
1 0 169.34 -31.35 140 1 0 0 0 1 0 0 0 1 4519.dat
1 0 -170.66 -31.35 -140 1 0 0 0 1 0 0 0 1 4519.dat
1 0 -170.66 -31.35 140 1 0 0 0 1 0 0 0 1 4519.dat
1 0 0 -187 90 1 0 0 0 -1 0 0 0 -1 3707.dat
1 0 0 -124.93 -89 -1 0 0 0 0 -1 0 -1 0 4519.dat
1 7 -20 -124.93 -89 0 0 1 0 -1 0 1 0 0 4273a.dat
1 7 20 -124.93 -89 0 0 -1 0 1 0 1 0 0 4273a.dat
1 0 40 -124.93 -80 0 0 -1 0 1 0 1 0 0 4459.dat
1 0 -40 -124.93 -80 0 0 -1 0 1 0 1 0 0 4459.dat
1 0 104.672 -98.1422 -82 0.9239 0 -0.3827 0.3827 0 0.9239 0 -1 0 4442.dat
1 0 -104.672 -98.1422 -82 -0.9239 0 -0.3827 0.3827 0 -0.9239 0 -1 0 4442.dat
1 7 52.6135 -140.451 -70 0 -0.776 0.6307 0 -0.6307 -0.776 1 0 0 3651.dat
1 7 -52.6135 -140.451 -70 0 -0.776 -0.6307 0 0.6307 -0.776 1 0 0 3651.dat
1 0 -65.227 -155.972 -70 -0.6307 -0.776 0 -0.776 0.6307 0 0 0 -1 4519.dat
1 0 65.227 -155.972 -70 0.6307 -0.776 0 -0.776 -0.6307 0 0 0 -1 4519.dat
1 7 77.8405 -171.493 -70 0 0.776 -0.6307 0 0.6307 0.776 1 0 0 3651.dat
1 7 -77.8405 -171.493 -70 0 0.776 0.6307 0 -0.6307 0.776 1 0 0 3651.dat
1 0 0 -124.93 89 1 0 0 0 0 -1 0 1 0 4519.dat
1 7 20 -124.93 89 0 0 -1 0 -1 0 -1 0 0 4273a.dat
1 7 -20 -124.93 89 0 0 1 0 1 0 -1 0 0 4273a.dat
1 0 -40 -124.93 80 0 0 1 0 1 0 -1 0 0 4459.dat
1 0 40 -124.93 80 0 0 1 0 1 0 -1 0 0 4459.dat
1 0 -104.672 -98.1422 82 -0.9239 0 0.3827 0.3827 0 0.9239 0 1 0 4442.dat
1 0 104.672 -98.1422 82 0.9239 0 0.3827 0.3827 0 -0.9239 0 1 0 4442.dat
1 7 -52.6135 -140.451 70 0 0.776 -0.6307 0 -0.6307 -0.776 -1 0 0 3651.dat
1 7 52.6135 -140.451 70 0 0.776 0.6307 0 0.6307 -0.776 -1 0 0 3651.dat
1 0 65.227 -155.972 70 0.6307 0.776 0 -0.776 0.6307 0 0 0 1 4519.dat
1 0 -65.227 -155.972 70 -0.6307 0.776 0 -0.776 -0.6307 0 0 0 1 4519.dat
1 7 -77.8405 -171.493 70 0 -0.776 0.6307 0 0.6307 0.776 -1 0 0 3651.dat
1 7 77.8405 -171.493 70 0 -0.776 -0.6307 0 -0.6307 0.776 -1 0 0 3651.dat
0 // This piece skewed 0.025 due to strain in the physical model
1 7 169.34 -31.35 50 -1 0 0 0 0 -1 0 -1 -0.025 4261.dat
1 0 169.34 -71.35 71 0 1 0 0 0 -1 -1 0 0 4519.dat
1 7 158.07 -87.872 50 0 0.8261 -0.5635 0 -0.5635 -0.8261 -1 0 0 4273a.dat
1 7 169.34 -71.35 65 0 1 0 -1 0 0 0 0 1 4265a.dat
1 7 169.34 -31.35 70 1 0 0 0 0 -1 0 1 0 4261.dat
0 // This piece skewed 0.025 due to strain in the physical model
1 7 -169.34 -31.35 -50 1 0 0 0 0 -1 0 1 0.025 4261.dat
1 0 -169.34 -71.35 -71 0 -1 0 0 0 -1 1 0 0 4519.dat
1 7 -158.07 -87.872 -50 0 -0.8261 0.5635 0 -0.5635 -0.8261 1 0 0 4273a.dat
1 7 -169.34 -71.35 -65 0 -1 0 -1 0 0 0 0 -1 4265a.dat
1 7 -169.34 -31.35 -70 -1 0 0 0 0 -1 0 -1 0 4261.dat
0 // This piece skewed 0.025 due to strain in the physical model
1 7 -169.34 -31.35 50 -1 0 0 0 0 -1 0 -1 -0.025 4261.dat
1 0 -169.34 -71.35 71 0 1 0 0 0 -1 -1 0 0 4519.dat
1 7 -158.07 -87.872 50 0 0.8261 0.5635 0 0.5635 -0.8261 -1 0 0 4273a.dat
1 7 -169.34 -71.35 65 0 1 0 -1 0 0 0 0 1 4265a.dat
1 7 -169.34 -31.35 70 1 0 0 0 0 -1 0 1 0 4261.dat
0 // This piece skewed 0.025 due to strain in the physical model
1 7 169.34 -31.35 -50 1 0 0 0 0 -1 0 1 0.025 4261.dat
1 0 169.34 -71.35 -71 0 -1 0 0 0 -1 1 0 0 4519.dat
1 7 158.07 -87.872 -50 0 -0.8261 -0.5635 0 0.5635 -0.8261 1 0 0 4273a.dat
1 7 169.34 -71.35 -65 0 -1 0 -1 0 0 0 0 -1 4265a.dat
1 7 169.34 -31.35 -70 -1 0 0 0 0 -1 0 -1 0 4261.dat
1 0 10 -187 130 0 1 0 -0.9681 0 -0.2504 -0.2504 0 0.9681 2711.dat
1 0 0 -148.276 140.016 -1 0 0 0 -0.9681 -0.2504 0 -0.2504 0.9681 4519.dat
1 0 0 -225.724 119.984 -1 0 0 0 -0.9681 -0.2504 0 -0.2504 0.9681 4519.dat
1 7 23 -148.276 140.016 0 0 1 -0.2504 -0.9681 0 0.9681 -0.2504 0 4265a.dat
1 7 23 -225.724 119.984 0 0 1 -0.2504 -0.9681 0 0.9681 -0.2504 0 4265a.dat
1 7 0 -149.04 120.031 -1 0 0 0 0.9993 -0.0382 0 -0.0382 -0.9993 3651.dat
1 7 0 -228.377 139.807 -1 0 0 0 -0.9911 -0.1326 0 -0.1326 0.9911 3651.dat
1 0 -10 -187 130 0 -1 0 -0.9681 0 0.2504 -0.2504 0 -0.9681 2711.dat
1 7 -23 -148.276 140.016 0 0 -1 0.2504 -0.9681 0 -0.9681 -0.2504 0 4265a.dat
1 7 -23 -225.724 119.984 0 0 -1 0.2504 -0.9681 0 -0.9681 -0.2504 0 4265a.dat
1 0 0 -145 -100 -1 0 0 0 -0.9935 0.1136 0 0.1136 0.9935 2739a.dat
1 7 0 -157 -100 0 1 0 -1 0 0 0 0 1 2736.dat
1 7 0 -145.639 -0.1891 0 1 0 -0.9993 0 0.0382 0.0382 0 0.9993 2736.dat
1 7 0 -152.869 20.102 0 1 0 -0.9993 0 0.0382 0.0382 0 0.9993 4273a.dat
1 7 0 -157.63 0.2694 0 1 0 0.0382 0 0.9993 0.9993 0 -0.0382 4265a.dat
1 0 0 -150.958 70.0654 0 1 0 0.0382 0 0.9993 0.9993 0 -0.0382 3706.dat
0 // These two pieces scaled 0.9894 in length due to strain in the physical model
1 14 70 -363.423 -145.391 0 0 1 0.5334 0.8423 0 -0.8333 0.5391 0 3702.dat
1 14 -70 -363.423 -145.391 0 0 1 0.5334 0.8423 0 -0.8333 0.5391 0 3702.dat
0 STEP
1 7 0 -197 -130 1 0 0 0 1 0 0 0 1 8855 - 8855+8700 - Engine block.ldr
1 0 40 -213 -40 1 0 0 0 1 0 0 0 1 8855 - 8855+8700 - Pilot.ldr
1 7 0 -289 -140 -1 0 0 0 0 -1 0 -1 0 766c01.dat
1 7 90 -37 350 0 0 1 1 0 0 0 1 0 766c01.dat

1 7 0 -163 110 1 0 0 0 1 0 0 0 1 8855 - 8855+8700 - Cable.ldr

0

0 FILE 8855 - 8855+8700 - Engine block.ldr
0 8855+8700 - Engine block
0 Name: 8855 - 8855+8700 - Engine block.ldr
0 !LICENSE Redistributable under CCAL version 2.0 : see CAreadme.txt

0 Name: 8855+8700 - Engine block.ldr
0 ROTATION CENTER 0 0 0 1 "Custom"
0 ROTATION CONFIG 0 0
1 14 0 -8 -100 1 0 0 0 1 0 0 0 1 3709b.dat
1 14 0 -8 -20 1 0 0 0 1 0 0 0 1 3795.dat
0 STEP
1 14 30 -16 -100 0 0 -1 0 1 0 1 0 0 3023.dat
1 14 -30 -16 -100 0 0 -1 0 1 0 1 0 0 3023.dat
1 14 50 -32 -20 0 0 -1 0 1 0 1 0 0 3700.dat
1 14 -50 -32 -20 0 0 -1 0 1 0 1 0 0 3700.dat
1 14 0 -32 -20 0 0 -1 0 1 0 1 0 0 3003.dat
1 0 60 -22 -20 1 0 0 0 1 0 0 0 1 4459.dat
1 0 -60 -22 -20 1 0 0 0 1 0 0 0 1 4459.dat
0 STEP
1 14 40 -40 -20 0 0 -1 0 1 0 1 0 0 3022.dat
1 14 -20 -40 -20 1 0 0 0 1 0 0 0 1 3020.dat
1 14 30 -40 -100 0 0 -1 0 1 0 1 0 0 3700.dat
1 14 -30 -40 -100 0 0 -1 0 1 0 1 0 0 3700.dat
0 STEP
1 14 20 -48 -20 1 0 0 0 1 0 0 0 1 3020.dat
1 14 -40 -48 -20 1 0 0 0 1 0 0 0 1 3022.dat
1 14 0 -48 -90 1 0 0 0 1 0 0 0 1 3666.dat
1 14 0 -48 -110 1 0 0 0 1 0 0 0 1 3666.dat
0 STEP
1 7 50 -72 -80 0 0 -1 0 1 0 1 0 0 3702.dat
1 7 -50 -72 -80 0 0 -1 0 1 0 1 0 0 3702.dat
1 0 60 -62 -20 1 0 0 0 1 0 0 0 1 4459.dat
1 7 60 -62 -60 1 0 0 0 1 0 0 0 1 3673.dat
1 0 -60 -62 -20 1 0 0 0 1 0 0 0 1 4459.dat
1 7 -60 -62 -60 1 0 0 0 1 0 0 0 1 3673.dat
1 7 0 -104 -60 1 0 0 0 1 0 0 0 1 6216m.dat
0 STEP
1 14 50 -96 -130 -1 0 0 0 1 0 0 0 -1 3040b.dat
1 14 -50 -96 -130 -1 0 0 0 1 0 0 0 -1 3040b.dat
1 14 50 -96 -150 1 0 0 0 1 0 0 0 1 3665a.dat
1 14 -50 -96 -150 1 0 0 0 1 0 0 0 1 3665a.dat
1 14 50 -96 -60 0 0 -1 0 1 0 1 0 0 3004.dat
1 14 -50 -96 -60 0 0 -1 0 1 0 1 0 0 3004.dat
1 4 50 -104 -60 0 0 -1 0 1 0 1 0 0 3023.dat
1 4 -50 -104 -60 0 0 -1 0 1 0 1 0 0 3023.dat
0 STEP
1 7 0 -112 -90 1 0 0 0 1 0 0 0 1 3023.dat
1 4 0 -112 -70 1 0 0 0 1 0 0 0 1 3666.dat
1 4 0 -112 -50 1 0 0 0 1 0 0 0 1 3666.dat
1 7 0 -136 -90 1 0 0 0 1 0 0 0 1 3700.dat
1 0 0 -126 -120 0 0 1 0 1 0 -1 0 0 3705.dat
1 7 0 -126 -105 0 1 0 1 0 0 0 0 -1 4185.dat
1 7 0 -126 -105 1 0 0 0 -1 0 0 0 -1 8855 - 8841+8700 - Band.ldr
0 STEP
1 4 0 -104 -130 1 0 0 0 1 0 0 0 1 3666.dat
1 4 50 -104 -160 0 0 -1 0 1 0 1 0 0 3023.dat
1 4 -50 -104 -160 0 0 -1 0 1 0 1 0 0 3023.dat
1 7 0 -112 -130 1 0 0 0 1 0 0 0 1 3710.dat
1 7 0 -136 -130 1 0 0 0 1 0 0 0 1 3701.dat
1 14 0 -120 -60 1 0 0 0 1 0 0 0 1 3709b.dat
0 STEP
1 4 50 -112 -120 0 0 -1 0 1 0 1 0 0 3710.dat
1 4 -50 -112 -120 0 0 -1 0 1 0 1 0 0 3710.dat
1 4 50 -112 -190 0 0 -1 0 1 0 1 0 0 2420.dat
1 4 -50 -112 -190 1 0 0 0 1 0 0 0 1 2420.dat
1 7 0 -126 -150 0 -1 0 1 0 0 0 0 1 3648a.dat
1 7 0 -142 -160 0 -0.7071 -0.7071 0 0.7071 -0.7071 1 0 0 3749.dat
0 STEP
1 14 50 -136 -120 0 0 -1 0 1 0 1 0 0 3702.dat
1 14 -50 -136 -120 0 0 -1 0 1 0 1 0 0 3702.dat
1 7 60 -126 -160 1 0 0 0 1 0 0 0 1 3673.dat
1 7 -60 -126 -160 1 0 0 0 1 0 0 0 1 3673.dat
0 STEP
1 0 0 -136 -190 1 0 0 0 1 0 0 0 1 8855 - 2742c01.dat
0 STEP
1 14 0 -144 -190 1 0 0 0 1 0 0 0 1 3666.dat
1 14 0 -144 -130 1 0 0 0 1 0 0 0 1 3666.dat
1 14 70 -42 -30 0 0 1 1 0 0 0 1 0 3701.dat
1 14 -70 -42 -30 0 0 1 1 0 0 0 1 0 3701.dat
1 7 0 -112 -190 1 0 0 0 1 0 0 0 1 3023.dat
0 // These two pieces scaled 0.9894 in length due to strain in the physical model
1 14 70 -102.422 -104.61 0 0 -1 0.5334 0.8423 0 0.8333 -0.5391 0 3702.dat
1 14 -70 -102.422 -104.61 0 0 -1 0.5334 0.8423 0 0.8333 -0.5391 0 3702.dat






0 FILE 8855 - 8841+8700 - Band.ldr
0 8841+8700 - Band
0 Name: 8855 - 8841+8700 - Band.ldr
0 Author: Ignacio Fernandez Galvan [jellby]
0 !LDRAW_ORG Unofficial_Model
0 !LICENSE Redistributable under CCAL version 2.0 : see CAreadme.txt

0 Name: 8841+8700 - Band.ldr
0 // Flexible part created with LSynth. LSynth commands commented out
0 // "ifg1.dat" is a custom dummy LSynth part representing the motor axle (the next line in LSynth.mpd)
0 // 1 4 0 0 0 1 0 0 0 1 0 0 0 1 ifg1.dat
0 // RUBBER_BAND_SQUARE_2 is RUBBER_BAND_SQUARE rotated 45 degrees
0 // 0 SYNTH BEGIN RUBBER_BAND_SQUARE_2 256
0 // 0 SYNTH SHOW
0 // 1 7 0 -48 0 1 0 0 0 1 0 0 0 1 ifg1.dat
0 // 1 7 0 0 0 1 0 0 0 1 0 0 0 1 4185.dat
0 // 0 SYNTH SYNTHESIZED BEGIN
0 ROTATION CENTER 0 0 0 1 "Custom" 
0 ROTATION CONFIG 0 0
1 256 -3.4146 -50.0833 0 1.7073 -21.3415 0 1.0417 34.9792 0 0 0 2 box4o8a.dat
1 256 -3.4146 -50.0833 0 -1.5633 1.0292 0 -1.2474 -1.2898 0 0 0 2 box4o8a.dat
1 256 -2.7893 -50.8671 0 -1.204 1.3176 0 -1.597 -0.9933 0 0 0 2 box4o8a.dat
1 256 -1.9886 -51.4706 0 -0.769 1.5232 0 -1.8463 -0.6344 0 0 0 2 box4o8a.dat
1 256 -1.063 -51.8562 0 -0.2857 1.6331 0 -1.9795 -0.2357 0 0 0 2 box4o8a.dat
1 256 -0.0706 -51.9994 0 0.2156 1.6404 0 -1.9883 0.1779 0 0 0 2 box4o8a.dat
1 256 0.9262 -51.8913 0 0.7033 1.5447 0 -1.8723 0.5802 0 0 0 2 box4o8a.dat
1 256 1.8648 -51.5387 0 1.1468 1.3518 0 -1.6385 0.9462 0 0 0 2 box4o8a.dat
1 256 2.6863 -50.9638 0 1.5183 2.4986 0 -1.3019 2.914 0 0 0 2 box4o8a.dat
1 256 24.7561 -15.1042 0 -1.7073 -21.3415 0 1.0417 -34.9792 0 0 0 2 box4o8a.dat
1 256 24.7561 -15.1042 0 1.725 0.5957 0 -1.012 1.0153 0 0 0 2 box4o8a.dat
1 256 25.2627 -14.2407 0 1.7589 0.5603 0 -0.9519 1.0353 0 0 0 2 box4o8a.dat
1 256 25.7392 -13.3602 0 1.7908 0.5242 0 -0.8906 1.054 0 0 0 2 box4o8a.dat
1 256 26.185 -12.4639 0 1.8204 0.4875 0 -0.8283 1.0715 0 0 0 2 box4o8a.dat
1 256 26.5996 -11.5526 0 1.8479 0.4502 0 -0.7649 1.0877 0 0 0 2 box4o8a.dat
1 256 26.9825 -10.6276 0 1.8732 0.4124 0 -0.7007 1.1026 0 0 0 2 box4o8a.dat
1 256 27.3332 -9.69 0 1.8963 0.3741 0 -0.6356 1.1161 0 0 0 2 box4o8a.dat
1 256 27.6514 -8.7408 0 1.9171 0.3354 0 -0.5698 1.1284 0 0 0 2 box4o8a.dat
1 256 27.9366 -7.7811 0 1.9356 0.2962 0 -0.5033 1.1393 0 0 0 2 box4o8a.dat
1 256 28.1885 -6.8122 0 1.9519 0.2567 0 -0.4362 1.1488 0 0 0 2 box4o8a.dat
1 256 28.4069 -5.8352 0 1.9657 0.2169 0 -0.3686 1.157 0 0 0 2 box4o8a.dat
1 256 28.5914 -4.8512 0 1.9773 0.1769 0 -0.3005 1.1638 0 0 0 2 box4o8a.dat
1 256 28.7418 -3.8615 0 1.9865 0.1366 0 -0.2321 1.1692 0 0 0 2 box4o8a.dat
1 256 28.8579 -2.8671 0 1.9933 0.0961 0 -0.1633 1.1732 0 0 0 2 box4o8a.dat
1 256 28.9397 -1.8694 0 1.9978 0.0556 0 -0.0945 1.1758 0 0 0 2 box4o8a.dat
1 256 28.987 -0.8694 0 1.9998 0.015 0 -0.0254 1.1771 0 0 0 2 box4o8a.dat
1 256 28.9997 0.1317 0 1.9995 -0.0257 0 0.0436 1.1769 0 0 0 2 box4o8a.dat
1 256 28.9779 1.1326 0 1.9968 -0.0663 0 0.1126 1.1753 0 0 0 2 box4o8a.dat
1 256 28.9215 2.1321 0 1.9918 -0.1068 0 0.1814 1.1723 0 0 0 2 box4o8a.dat
1 256 28.8307 3.1291 0 1.9843 -0.1472 0 0.2501 1.1679 0 0 0 2 box4o8a.dat
1 256 28.7055 4.1223 0 1.9745 -0.1874 0 0.3184 1.1621 0 0 0 2 box4o8a.dat
1 256 28.5461 5.1107 0 1.9623 -0.2274 0 0.3864 1.155 0 0 0 2 box4o8a.dat
1 256 28.3527 6.0929 0 1.9478 -0.2672 0 0.4539 1.1464 0 0 0 2 box4o8a.dat
1 256 28.1255 7.0679 0 1.931 -0.3066 0 0.5209 1.1365 0 0 0 2 box4o8a.dat
1 256 27.8648 8.0345 0 1.9119 -0.3456 0 0.5872 1.1253 0 0 0 2 box4o8a.dat
1 256 27.5709 8.9915 0 1.8905 -0.3842 0 0.6528 1.1127 0 0 0 2 box4o8a.dat
1 256 27.2441 9.9378 0 1.8668 -0.4224 0 0.7177 1.0988 0 0 0 2 box4o8a.dat
1 256 26.8848 10.8722 0 1.8409 -0.4601 0 0.7817 1.0835 0 0 0 2 box4o8a.dat
1 256 26.4936 11.7937 0 1.8128 -0.4972 0 0.8448 1.067 0 0 0 2 box4o8a.dat
1 256 26.0707 12.7011 0 1.7826 -0.5338 0 0.9068 1.0492 0 0 0 2 box4o8a.dat
1 256 25.6168 13.5934 0 1.7502 -0.5696 0 0.9678 1.0302 0 0 0 2 box4o8a.dat
1 256 25.1323 14.4695 0 1.7158 -0.6049 0 1.0277 1.0099 0 0 0 2 box4o8a.dat
1 256 24.6179 15.3284 0 1.6793 -0.6394 0 1.0863 0.9884 0 0 0 2 box4o8a.dat
1 256 24.0742 16.169 0 1.6408 -0.6731 0 1.1436 0.9657 0 0 0 2 box4o8a.dat
1 256 23.5017 16.9903 0 1.6003 -0.706 0 1.1995 0.9419 0 0 0 2 box4o8a.dat
1 256 22.9013 17.7913 0 1.558 -0.7381 0 1.2541 0.917 0 0 0 2 box4o8a.dat
1 256 22.2735 18.5712 0 1.5138 -0.7693 0 1.3071 0.891 0 0 0 2 box4o8a.dat
1 256 21.6193 19.3289 0 1.4678 -0.7996 0 1.3586 0.8639 0 0 0 2 box4o8a.dat
1 256 20.9392 20.0636 0 1.42 -0.829 0 1.4084 0.8358 0 0 0 2 box4o8a.dat
1 256 20.2342 20.7744 0 1.3705 -0.8573 0 1.4566 0.8067 0 0 0 2 box4o8a.dat
1 256 19.5051 21.4604 0 1.3194 -0.8847 0 1.503 0.7766 0 0 0 2 box4o8a.dat
1 256 18.7528 22.1209 0 1.2668 -0.9109 0 1.5477 0.7456 0 0 0 2 box4o8a.dat
1 256 17.9781 22.755 0 1.2126 -0.9361 0 1.5905 0.7137 0 0 0 2 box4o8a.dat
1 256 17.1819 23.362 0 1.157 -0.9602 0 1.6314 0.681 0 0 0 2 box4o8a.dat
1 256 16.3653 23.9411 0 1.1 -0.9831 0 1.6703 0.6474 0 0 0 2 box4o8a.dat
1 256 15.5292 24.4917 0 1.0417 -1.0049 0 1.7073 0.6131 0 0 0 2 box4o8a.dat
1 256 14.6746 25.0131 0 0.9821 -1.0255 0 1.7423 0.5781 0 0 0 2 box4o8a.dat
1 256 13.8025 25.5047 0 0.9214 -1.0448 0 1.7751 0.5423 0 0 0 2 box4o8a.dat
1 256 12.914 25.9659 0 0.8596 -1.0629 0 1.8059 0.5059 0 0 0 2 box4o8a.dat
1 256 12.01 26.3962 0 0.7967 -1.0797 0 1.8345 0.4689 0 0 0 2 box4o8a.dat
1 256 11.0918 26.795 0 0.7329 -1.0953 0 1.8609 0.4314 0 0 0 2 box4o8a.dat
1 256 10.1603 27.1619 0 0.6683 -1.1095 0 1.885 0.3933 0 0 0 2 box4o8a.dat
1 256 9.2167 27.4964 0 0.6028 -1.1224 0 1.907 0.3548 0 0 0 2 box4o8a.dat
1 256 8.2622 27.7981 0 0.5366 -1.134 0 1.9267 0.3159 0 0 0 2 box4o8a.dat
1 256 7.2978 28.0668 0 0.4698 -1.1442 0 1.944 0.2765 0 0 0 2 box4o8a.dat
1 256 6.3247 28.3019 0 0.4024 -1.1531 0 1.9591 0.2369 0 0 0 2 box4o8a.dat
1 256 5.344 28.5034 0 0.3346 -1.1606 0 1.9718 0.1969 0 0 0 2 box4o8a.dat
1 256 4.357 28.6708 0 0.2663 -1.1667 0 1.9822 0.1567 0 0 0 2 box4o8a.dat
1 256 3.3648 28.8041 0 0.1977 -1.1714 0 1.9902 0.1164 0 0 0 2 box4o8a.dat
1 256 2.3686 28.9031 0 0.1289 -1.1747 0 1.9958 0.0759 0 0 0 2 box4o8a.dat
1 256 1.3696 28.9676 0 0.06 -1.1766 0 1.9991 0.0353 0 0 0 2 box4o8a.dat
1 256 0.3689 28.9977 0 -0.0091 -1.1771 0 2 -0.0053 0 0 0 2 box4o8a.dat
1 256 -0.6322 28.9931 0 -0.0781 -1.1763 0 1.9985 -0.046 0 0 0 2 box4o8a.dat
1 256 -1.6326 28.954 0 -0.147 -1.174 0 1.9946 -0.0865 0 0 0 2 box4o8a.dat
1 256 -2.631 28.8804 0 -0.2158 -1.1703 0 1.9883 -0.127 0 0 0 2 box4o8a.dat
1 256 -3.6263 28.7724 0 -0.2843 -1.1652 0 1.9797 -0.1673 0 0 0 2 box4o8a.dat
1 256 -4.6172 28.6301 0 -0.3525 -1.1587 0 1.9687 -0.2075 0 0 0 2 box4o8a.dat
1 256 -5.6027 28.4537 0 -0.4202 -1.1509 0 1.9554 -0.2473 0 0 0 2 box4o8a.dat
1 256 -6.5814 28.2433 0 -0.4874 -1.1417 0 1.9397 -0.2869 0 0 0 2 box4o8a.dat
1 256 -7.5524 27.9993 0 -0.5541 -1.1311 0 1.9217 -0.3261 0 0 0 2 box4o8a.dat
1 256 -8.5143 27.722 0 -0.6201 -1.1192 0 1.9014 -0.365 0 0 0 2 box4o8a.dat
1 256 -9.4661 27.4116 0 -0.6854 -1.1059 0 1.8789 -0.4034 0 0 0 2 box4o8a.dat
1 256 -10.4066 27.0685 0 -0.7498 -1.0913 0 1.8541 -0.4413 0 0 0 2 box4o8a.dat
