0 FILE 8855 - Prop Plane.ldr
0 Prop Plane
0 Name: 8855 - Prop Plane.ldr
0 Author: Ignacio Fernandez Galvan [jellby]
0 !LDRAW_ORG Model
0 !LICENSE Redistributable under CCAL version 2.0 : see CAreadme.txt

0 !HISTORY 2012-12-15 [jellby] Initial creation
0 !HISTORY 2019-03-09 [technicbasics] Import unofficial files, clean-up and OMRize file

0 !HELP Some pieces needed scaling/skewing due to strain in physical model (marked with comments)

0 !KEYWORDS float plane, pontoon plane, 1988

0 !THEME Technic
0 ROTATION CENTER 0 0 0 1 "Custom"
0 ROTATION CONFIG 0 0
1 14 -50 -197 -10 0 0 -1 0 1 0 1 0 0 3703.dat
1 14 50 -197 -10 0 0 -1 0 1 0 1 0 0 3703.dat
1 0 40 -187 -150 1 0 0 0 1 0 0 0 1 4459.dat
1 0 -40 -187 -150 1 0 0 0 1 0 0 0 1 4459.dat
1 0 60 -187 10 1 0 0 0 1 0 0 0 1 4459.dat
1 0 -60 -187 10 1 0 0 0 1 0 0 0 1 4459.dat
1 14 -30 -197 -190 0 0 -1 0 1 0 1 0 0 3894.dat
1 14 30 -197 -190 0 0 -1 0 1 0 1 0 0 3894.dat
1 7 40 -187 -210 1 0 0 0 1 0 0 0 1 3673.dat
1 7 -40 -187 -210 1 0 0 0 1 0 0 0 1 3673.dat
1 7 60 -187 -90 1 0 0 0 1 0 0 0 1 3749.dat
1 7 -60 -187 -90 -1 0 0 0 1 0 0 0 -1 3749.dat
1 14 -30 -205 -190 0 0 -1 0 1 0 1 0 0 3023.dat
1 14 30 -205 -190 0 0 -1 0 1 0 1 0 0 3023.dat
0 STEP
1 14 0 -205 -230 1 0 0 0 1 0 0 0 1 3020.dat
1 14 0 -205 -150 1 0 0 0 1 0 0 0 1 3795.dat
1 14 0 -205 -40 1 0 0 0 1 0 0 0 1 3666.dat
1 14 -50 -205 20 0 0 1 0 1 0 -1 0 0 2420.dat
1 14 50 -205 20 -1 0 0 0 1 0 0 0 -1 2420.dat
1 14 -50 -221 70 0 0 -1 0 1 0 1 0 0 3700.dat
1 0 0 -211 70 1 0 0 0 0 1 0 -1 0 3706.dat
0 // These two pieces scaled 0.975 in length to avoid overlap (why don't they fit?)
1 7 -30.25 -211 70 0 0 -0.975 0 1 0 1 0 0 3713.dat
1 7 -10.75 -211 70 0 0 0.975 0 1 0 -1 0 0 3713.dat
1 7 20 -211 70 0 0 1 0 1 0 -1 0 0 3713.dat
1 7 0 -191.015 69.2357 -1 0 0 0 0.0382 0.9993 0 0.9993 -0.0382 4273a.dat
1 0 0 -181.022 68.8536 0 0 -1 0.9993 -0.0382 0 -0.0382 -0.9993 0 3704.dat
1 7 0 -171.029 68.4715 0 -1 0 0.0382 0 -0.9993 0.9993 0 0.0382 3651.dat
1 7 35 -211 70 0 0 -1 0 1 0 1 0 0 4265a.dat
0 STEP
1 14 50 -221 70 0 0 -1 0 1 0 1 0 0 3700.dat
1 14 0 -213 20 1 0 0 0 1 0 0 0 1 3666.dat
1 14 0 -213 -40 1 0 0 0 1 0 0 0 1 3710.dat
1 14 -50 -213 -20 0 0 1 0 1 0 -1 0 0 3623.dat
1 14 50 -213 -20 0 0 1 0 1 0 -1 0 0 3623.dat
1 14 0 -229 -230 0 0 1 0 1 0 -1 0 0 3003.dat
1 14 30 -229 -210 0 0 1 0 1 0 -1 0 0 3004.dat
1 14 -30 -229 -210 0 0 1 0 1 0 -1 0 0 3004.dat
1 14 30 -229 -240 1 0 0 0 1 0 0 0 1 3665a.dat
1 14 -30 -229 -240 1 0 0 0 1 0 0 0 1 3665a.dat
1 14 30 -229 -180 -1 0 0 0 1 0 0 0 -1 3040b.dat
1 14 -30 -229 -180 -1 0 0 0 1 0 0 0 -1 3040b.dat
0 STEP
1 7 0 -229 -250 1 0 0 0 1 0 0 0 1 8855 - Engine block.ldr
1 14 50 -237 10 0 0 -1 0 1 0 1 0 0 3700.dat
1 14 -50 -237 10 0 0 -1 0 1 0 1 0 0 3700.dat
1 0 60 -227 10 1 0 0 0 1 0 0 0 1 4459.dat
1 0 -60 -227 10 1 0 0 0 1 0 0 0 1 4459.dat
1 7 0 -293 -320 1 0 0 0 1 0 0 0 1 3701.dat
0 STEP
1 14 0 -237 20 -1 0 0 0 1 0 0 0 -1 3701.dat
1 7 0 -227 30 0 -0.1951 -0.9808 0 0.9808 -0.1951 1 0 0 3749.dat
1 7 0 -227 40 -0.9808 -0.1951 0 -0.1951 0.9808 0 0 0 -1 4019.dat
1 7 -10 -247 -200 0 0 -1 -1 0 0 0 1 0 3702.dat
1 7 10 -247 -200 0 0 -1 -1 0 0 0 1 0 3702.dat
1 0 0 -307 -190 1 0 0 0 1 0 0 0 1 3705.dat
1 0 0 -187 -190 1 0 0 0 1 0 0 0 1 3705.dat
1 14 0 -301 -220 1 0 0 0 1 0 0 0 1 3666.dat
1 14 0 -301 -320 1 0 0 0 1 0 0 0 1 3666.dat
0 STEP
1 7 0 -301 -220 1 0 0 0 1 0 0 0 1 8855 - Piston gear.ldr
1 14 0 -245 20 1 0 0 0 1 0 0 0 1 3023.dat
1 14 50 -245 20 -1 0 0 0 1 0 0 0 -1 2420.dat
1 14 -50 -245 20 0 0 1 0 1 0 -1 0 0 2420.dat
1 14 50 -245 60 -1 0 0 0 1 0 0 0 -1 3040b.dat
1 14 -50 -245 60 -1 0 0 0 1 0 0 0 -1 3040b.dat
0 // These two pieces scaled 0.9833 in length due to strain in the physical model
1 14 50 -210.576 -265.387 0 0 -1 -0.5333 -0.8423 0 -0.8333 0.5391 0 3702.dat
1 14 -50 -210.576 -265.387 0 0 -1 -0.5333 -0.8423 0 -0.8333 0.5391 0 3702.dat
0 STEP
1 14 50 -325 -250 0 0 -1 0 1 0 1 0 0 3702.dat
1 14 -50 -325 -250 0 0 -1 0 1 0 1 0 0 3702.dat
1 0 60 -315 -190 1 0 0 0 1 0 0 0 1 4459.dat
1 0 -60 -315 -190 1 0 0 0 1 0 0 0 1 4459.dat
1 14 0 -253 20 1 0 0 0 1 0 0 0 1 3710.dat
1 14 50 -253 30 0 0 -1 0 1 0 1 0 0 3710.dat
1 14 -50 -253 30 0 0 -1 0 1 0 1 0 0 3710.dat
1 14 0 -277 20 1 0 0 0 1 0 0 0 1 3894.dat
0 STEP
0 // These two pieces scaled 1.0268 in length due to strain in the physical model
1 14 70 -359.141 -145.801 0 0 -1 -0.5999 0.8116 0 0.8333 0.5842 0 3702.dat
1 14 -70 -359.141 -145.801 0 0 -1 -0.5999 0.8116 0 0.8333 0.5842 0 3702.dat
1 14 70 -287 0 0 0 -1 -1 0 0 0 1 0 3895.dat
1 14 -70 -287 0 0 0 -1 -1 0 0 0 1 0 3895.dat
1 0 80 -347 10 1 0 0 0 1 0 0 0 1 4459.dat
1 0 80 -387 10 1 0 0 0 1 0 0 0 1 4459.dat
1 0 -80 -387 10 1 0 0 0 1 0 0 0 1 4459.dat
1 0 -80 -347 10 1 0 0 0 1 0 0 0 1 4459.dat
1 0 80 -387 -90 1 0 0 0 0.8116 -0.5842 0 0.5842 0.8116 4459.dat
1 0 -80 -387 -90 1 0 0 0 0.8116 -0.5842 0 0.5842 0.8116 4459.dat
1 14 40 -333 -190 0 0 1 0 1 0 -1 0 0 3022.dat
1 14 -40 -333 -190 0 0 1 0 1 0 -1 0 0 3022.dat
1 14 0 -333 -220 -1 0 0 0 1 0 0 0 -1 3666.dat
0 STEP
1 14 90 -397 10 0 0 -1 0 1 0 1 0 0 3700.dat
1 14 90 -357 10 0 0 -1 0 1 0 1 0 0 3700.dat
1 14 90 -365 10 0 0 -1 0 1 0 1 0 0 3023.dat
1 14 90 -373 10 0 0 -1 0 1 0 1 0 0 4477.dat
1 14 -90 -373 10 0 0 -1 0 1 0 1 0 0 4477.dat
1 14 -90 -397 10 0 0 -1 0 1 0 1 0 0 3700.dat
1 14 -90 -357 10 0 0 -1 0 1 0 1 0 0 3700.dat
1 14 -90 -365 10 0 0 -1 0 1 0 1 0 0 3023.dat
1 14 90 -397 -90 0 0 1 0 1 0 -1 0 0 2743.dat
1 14 -90 -397 -90 0 0 1 0 1 0 -1 0 0 2743.dat
1 14 0 -341 -210 -1 0 0 0 1 0 0 0 -1 3020.dat
1 14 0 -341 -180 -1 0 0 0 1 0 0 0 -1 3710.dat
0 STEP
1 7 1 -173 -100 1 0 0 0 1 0 0 0 1 8855 - Bottom gear.ldr
0 STEP
1 7 0 -157 -100 -1 0 0 0 -1 0 0 0 1 8855 - Bottom link.ldr
0 STEP
1 14 0 -173 -150 -1 0 0 0 1 0 0 0 -1 3795.dat
1 14 -40 -173 -10 0 0 -1 0 1 0 1 0 0 3020.dat
1 14 40 -173 -10 0 0 -1 0 1 0 1 0 0 3020.dat
1 7 0 -187 130 -1 0 0 0 0.25 -0.968 0 -0.968 -0.25 8855 - Bottom back connector.ldr
0 STEP
1 14 0 -0.35 0 1 0 0 0 1 0 0 0 1 8855 - Pontoons.ldr
0 STEP
1 7 0 -253 60 -1 0 0 0 1 0 0 0 -1 8855 - Triangle joint.ldr
0 STEP
1 14 30 -264.826 246.804 0 0 -1 -0.4938 0.8696 0 0.8696 0.4938 0 3703.dat
1 14 -30 -264.826 246.804 0 0 -1 -0.4938 0.8696 0 0.8696 0.4938 0 3703.dat
1 14 50 -285 40 0 0 -1 0 1 0 1 0 0 3623.dat
1 14 -50 -285 40 0 0 -1 0 1 0 1 0 0 3623.dat
1 0 40 -246.255 234.35 -1 0 0 0 0.8696 0.4938 0 0.4938 -0.8696 4459.dat
1 0 -40 -246.255 234.35 -1 0 0 0 0.8696 0.4938 0 0.4938 -0.8696 4459.dat
1 0 0 -187 130 -1 0 0 0 0.9 0.4359 0 0.4359 -0.9 3707.dat
1 7 70 -187 130 0 0 -1 -0.9 -0.4359 0 -0.4359 0.9 0 3713.dat
1 7 -70 -187 130 0 0 1 0.9 -0.4359 0 0.4359 0.9 0 3713.dat
0 STEP
1 14 0 -304.251 233.331 1 0 0 0 1 0.007 0 -0.007 1 8855 - Tail.ldr
1 14 50 -286.361 243.916 0 0 -1 0.9999 0.0108 0 0.0108 -0.9999 0 3894.dat
1 14 -50 -286.361 243.916 0 0 -1 0.9999 0.0108 0 0.0108 -0.9999 0 3894.dat
1 0 0 -326.25 233.484 -1 0 0 0 0.9999 0.0108 0 0.0108 -0.9999 3737.dat
0 STEP
1 0 40 -213 -40 1 0 0 0 1 0 0 0 1 2717.dat
1 0 0 -235 -30 1 0 0 0 1 0 0 0 1 4459.dat
1 0 -40 -213 -40 1 0 0 0 1 0 0 0 1 2717.dat
1 14 0 -333 -320 1 0 0 0 1 0 0 0 1 3666.dat
1 0 0 -325 -320 1 0 0 0 1 0 0 0 1 8855 - 2742c01.dat
1 14 70 -365.253 186.807 0 0 -1 0.5062 0.8624 0 0.8624 -0.5062 0 3702.dat
1 14 -70 -365.253 186.807 0 0 -1 0.5062 0.8624 0 0.8624 -0.5062 0 3702.dat
1 7 90 -326.25 233.484 0 0 -1 0.9999 0.0108 0 0.0108 -0.9999 0 3713.dat
1 7 -90 -326.25 233.484 0 0 1 -0.9999 0.0108 0 -0.0108 -0.9999 0 3713.dat
0 STEP
1 14 0 -365 10 1 0 0 0 1 0 0 0 1 8855 - Wings.ldr
1 0 34.641 -287 100 -0.999 -0.0143 -0.0427 0.045 -0.3167 -0.9475 0.0001 -0.9483 0.3171 2739a.dat
1 0 -34.641 -287 100 -0.999 0.0143 0.0427 -0.045 -0.3167 -0.9475 -0.0001 -0.9483 0.3171 2739a.dat
1 1 105.5 -9.4 -219.5 0.259 0 -0.966 0 1 0 0.966 0 0.259 8855 - Pilot.ldr







0 FILE 8855 - Engine block.ldr
0 Engine block
0 Name: 8855 - Engine block.ldr
0 Author: Ignacio Fernandez Galvan [jellby]
0 !LDRAW_ORG Model
0 !LICENSE Redistributable under CCAL version 2.0 : see CAreadme.txt
0 !THEME Technic
0 !KEYWORDS float plane, pontoon plane, 1988
0 !HISTORY 2012-12-15 [jellby] Initial creation

0 ROTATION CENTER 0 0 0 1 "Custom"
0 ROTATION CONFIG 0 0
1 7 0 -8 -50 1 0 0 0 1 0 0 0 1 3710.dat
1 7 30 -8 -20 0 0 -1 0 1 0 1 0 0 3023.dat
1 7 -30 -8 -20 0 0 -1 0 1 0 1 0 0 3023.dat
1 7 0 -8 20 1 0 0 0 1 0 0 0 1 3020.dat
1 7 30 -8 60 0 0 -1 0 1 0 1 0 0 3023.dat
1 7 -30 -8 60 0 0 -1 0 1 0 1 0 0 3023.dat
0 STEP
1 7 -30 -32 0 0 0 -1 0 1 0 1 0 0 3702.dat
1 7 30 -32 0 0 0 -1 0 1 0 1 0 0 3702.dat
1 7 0 -32 -50 1 0 0 0 1 0 0 0 1 3660.dat
1 7 0 -32 20 1 0 0 0 1 0 0 0 1 3003.dat
1 7 40 -22 -60 1 0 0 0 1 0 0 0 1 3673.dat
1 7 -40 -22 -60 1 0 0 0 1 0 0 0 1 3673.dat
0 STEP
1 7 0 -40 -60 1 0 0 0 1 0 0 0 1 3020.dat
1 7 0 -40 30 1 0 0 0 1 0 0 0 1 3710.dat
1 7 30 -40 60 0 0 1 0 1 0 -1 0 0 3023.dat
1 7 -30 -40 60 0 0 1 0 1 0 -1 0 0 3023.dat
1 4 0 -40 10 1 0 0 0 1 0 0 0 1 3666.dat
1 4 30 -40 -30 1 0 0 0 1 0 0 0 1 2420.dat
1 4 -30 -40 -30 0 0 -1 0 1 0 1 0 0 2420.dat
0 STEP
1 7 30 -64 50 0 0 -1 0 1 0 1 0 0 3622.dat
1 7 -30 -64 50 0 0 -1 0 1 0 1 0 0 3622.dat
1 4 30 -48 -20 0 0 -1 0 1 0 1 0 0 3710.dat
1 4 -30 -48 -20 0 0 -1 0 1 0 1 0 0 3710.dat
1 4 50 -48 20 0 0 -1 0 1 0 1 0 0 3666.dat
1 4 -50 -48 20 0 0 -1 0 1 0 1 0 0 3666.dat
1 7 0 -64 30 -1 0 0 0 1 0 0 0 -1 3004.dat
0 STEP
1 4 40 -56 -30 -1 0 0 0 1 0 0 0 -1 3023.dat
1 4 -40 -56 -30 -1 0 0 0 1 0 0 0 -1 3023.dat
1 4 -50 -72 10 0 0 -1 0 1 0 1 0 0 3040b.dat
1 4 50 -72 10 0 0 1 0 1 0 -1 0 0 3040b.dat
1 7 30 -88 60 0 0 -1 0 1 0 1 0 0 3700.dat
1 7 -30 -88 60 0 0 -1 0 1 0 1 0 0 3700.dat
1 7 -30 -96 60 0 0 -1 0 1 0 1 0 0 3023.dat
1 7 30 -96 60 0 0 -1 0 1 0 1 0 0 3023.dat





0 FILE 8855 - Piston.ldr
0 Piston
0 Name: 8855 - Piston.ldr
0 Author: Ignacio Fernandez Galvan [jellby]
0 !LDRAW_ORG Model
0 !LICENSE Redistributable under CCAL version 2.0 : see CAreadme.txt
0 !THEME Technic
0 !KEYWORDS float plane, pontoon plane, 1988
0 !HISTORY 2012-12-15 [jellby] Initial creation

0 ROTATION CENTER 0 0 0 1 "Custom"
0 ROTATION CONFIG 0 0
1 0 0 0 30 0 0 -1 0 1 0 1 0 0 3704.dat
1 7 0 0 20 0 -1 0 1 0 0 0 0 1 3651.dat
0 STEP
1 7 0 0 40 -1 0 0 0 1 0 0 0 -1 3651.dat
1 7 0 0 60 1 0 0 0 0 1 0 -1 0 3652.dat





0 FILE 8855 - Piston gear.ldr
0 Piston gear
0 Name: 8855 - Piston gear.ldr
0 Author: Ignacio Fernandez Galvan [jellby]
0 !LDRAW_ORG Model
0 !LICENSE Redistributable under CCAL version 2.0 : see CAreadme.txt
0 !THEME Technic
0 !KEYWORDS float plane, pontoon plane, 1988
0 !HISTORY 2012-12-15 [jellby] Initial creation

0 ROTATION CENTER 0 0 0 1 "Custom"
0 ROTATION CONFIG 0 0
1 7 0 -24 0 1 0 0 0 1 0 0 0 1 3701.dat
1 7 0 -14 -10 0 0 1 0 1 0 -1 0 0 3749.dat
0 STEP
1 7 0 -14 -20 0 -1 0 -1 0 0 0 0 -1 3648a.dat
0 STEP
1 0 0 -30 -50 0 0.7071 0.7071 0 0.7071 -0.7071 -1 0 0 3705.dat
1 7 0 -30 -50 -1 0 0 0 0 1 0 1 0 8855 - Piston.ldr





0 FILE 8855 - Bottom gear.ldr
0 Bottom gear
0 Name: 8855 - Bottom gear.ldr
0 Author: Ignacio Fernandez Galvan [jellby]
0 !LDRAW_ORG Model
0 !LICENSE Redistributable under CCAL version 2.0 : see CAreadme.txt
0 !THEME Technic
0 !KEYWORDS float plane, pontoon plane, 1988
0 !HISTORY 2012-12-15 [jellby] Initial creation

0 ROTATION CENTER 0 0 0 1 "Custom"
0 ROTATION CONFIG 0 0
1 0 -1 -14 -20 1 0 0 0 0 -1 0 1 0 4519.dat
1 0 -1 -14 20 1 0 0 0 0 -1 0 1 0 4519.dat
1 7 -25 -14 20 0 0 -1 -1 0 0 0 1 0 4265a.dat
1 7 -25 -14 -20 0 0 -1 -1 0 0 0 1 0 4265a.dat
0 STEP
1 7 -16 -14 0 0 0 -1 -1 0 0 0 1 0 4185.dat
1 0 -1 -14 0 1 0 0 0 0 -1 0 1 0 3704.dat
1 7 -1 6 0 1 0 0 0 0 1 0 -1 0 4273a.dat
0 STEP
1 7 -1 -34 0 -1 0 0 0 0 -1 0 -1 0 4273a.dat
1 0 -1 -64 0 0 0 -1 1 0 0 0 -1 0 3705.dat
1 7 -1 -14 -40 1 0 0 0 -1 0 0 0 -1 3651.dat
1 7 -1 -14 40 1 0 0 0 1 0 0 0 1 3651.dat
0 STEP
1 7 14 -14 0 0 0 -1 -1 0 0 0 1 0 4185.dat
0 STEP
1 7 23 -14 -20 0 0 1 1 0 0 0 1 0 4265a.dat
1 7 23 -14 20 0 0 1 1 0 0 0 1 0 4265a.dat
1 7 23 -14 -20 0 0 1 1 0 0 0 1 0 4265a.dat
1 7 -1 -14 -50 0 0 1 0 -1 0 1 0 0 3749.dat
0 STEP
1 14 -1 -24 -60 1 0 0 0 1 0 0 0 1 3700.dat
1 14 -1 0 90 1 0 0 0 1 0 0 0 1 8855 - Bottom gear 2.ldr





0 FILE 8855 - Bottom gear 2.ldr
0 Bottom gear 2
0 Name: 8855 - Bottom gear 2.ldr
0 Author: Ignacio Fernandez Galvan [jellby]
0 !LDRAW_ORG Model
0 !LICENSE Redistributable under CCAL version 2.0 : see CAreadme.txt
0 !THEME Technic
0 !KEYWORDS float plane, pontoon plane, 1988
0 !HISTORY 2012-12-15 [jellby] Initial creation

0 ROTATION CENTER 0 0 0 1 "Custom"
0 ROTATION CONFIG 0 0
1 14 0 -24 30 1 0 0 0 1 0 0 0 1 3701.dat
1 0 0 -14 0 0 0 -1 0 1 0 1 0 0 3706.dat
1 14 0 -32 30 1 0 0 0 1 0 0 0 1 3023.dat
0 STEP
1 7 0 -14 50 1 0 0 0 1 0 0 0 1 4019.dat
1 14 0 -24 -30 1 0 0 0 1 0 0 0 1 3701.dat
1 14 -10 -54 10 0 1 0 -1 0 0 0 0 1 3894.dat
1 7 0 -14 -10 0 1 0 1 0 0 0 0 -1 3713.dat





0 FILE 8855 - Bottom link.ldr
0 Bottom link
0 Name: 8855 - Bottom link.ldr
0 Author: Ignacio Fernandez Galvan [jellby]
0 !LDRAW_ORG Model
0 !LICENSE Redistributable under CCAL version 2.0 : see CAreadme.txt
0 !THEME Technic
0 !KEYWORDS float plane, pontoon plane, 1988
0 !HISTORY 2012-12-15 [jellby] Initial creation

0 ROTATION CENTER 0 0 0 1 "Custom"
0 ROTATION CONFIG 0 0
1 0 0 -12 0 1 0 0 0 0.9935 -0.1136 0 0.1136 0.9935 2739a.dat
1 7 0 0 0 0 -1 0 1 0 0 0 0 1 2736.dat
1 7 0 -11.3613 99.8109 0 -1 0 0.9993 0 -0.0382 0.0382 0 0.9993 2736.dat
0 STEP
1 7 0 -4.1314 120.102 0 -1 0 0.9993 0 -0.0382 0.0382 0 0.9993 4273a.dat
1 7 0 0.63 100.269 0 -1 0 -0.0382 0 -0.9993 0.9993 0 -0.0382 4265a.dat
1 0 0 -6.042 170.065 0 -1 0 -0.0382 0 -0.9993 0.9993 0 -0.0382 3706.dat





0 FILE 8855 - Bottom back connector.ldr
0 Bottom back connector
0 Name: 8855 - Bottom back connector.ldr
0 Author: Ignacio Fernandez Galvan [jellby]
0 !LDRAW_ORG Model
0 !LICENSE Redistributable under CCAL version 2.0 : see CAreadme.txt
0 !THEME Technic
0 !KEYWORDS float plane, pontoon plane, 1988
0 !HISTORY 2012-12-15 [jellby] Initial creation

0 ROTATION CENTER 0 0 0 1 "Custom"
0 ROTATION CONFIG 0 0
1 0 -10 0 0 0 -1 0 0 0 -1 1 0 0 2711.dat
1 0 0 0 -40 1 0 0 0 0 -1 0 1 0 4519.dat
1 0 0 0 40 1 0 0 0 0 -1 0 1 0 4519.dat
1 7 -23 0 -40 0 0 -1 -1 0 0 0 1 0 4265a.dat
1 7 -23 0 40 0 0 -1 -1 0 0 0 1 0 4265a.dat
1 7 0 19.1575 -34.2561 1 0 0 0 0.2872 0.9579 0 -0.9579 0.2872 3651.dat
1 7 0 -19.856 37.6042 1 0 0 0 -0.1198 -0.9928 0 0.9928 -0.1198 3651.dat
0 STEP
1 0 10 0 0 0 1 0 0 0 1 1 0 0 2711.dat
1 7 23 0 -40 0 0 1 1 0 0 0 1 0 4265a.dat
1 7 23 0 40 0 0 1 1 0 0 0 1 0 4265a.dat





0 FILE 8855 - Pontoons.ldr
0 Pontoons
0 Name: 8855 - Pontoons.ldr
0 Author: Ignacio Fernandez Galvan [jellby]
0 !LDRAW_ORG Model
0 !LICENSE Redistributable under CCAL version 2.0 : see CAreadme.txt
0 !THEME Technic
0 !KEYWORDS float plane, pontoon plane, 1988
0 !HISTORY 2012-12-15 [jellby] Initial creation

0 ROTATION CENTER 0 0 0 1 "Custom"
0 ROTATION CONFIG 0 0
1 14 -189.34 -17 -140 0 0 1 0 1 0 -1 0 0 3710.dat
1 14 -189.34 -17 130 0 0 1 0 1 0 -1 0 0 3623.dat
1 14 -169.34 -17 -80 -1 0 0 0 1 0 0 0 -1 3021.dat
1 14 -169.34 -17 -40 -1 0 0 0 1 0 0 0 -1 3021.dat
1 14 -169.34 -17 0 -1 0 0 0 1 0 0 0 -1 3021.dat
1 14 -169.34 -17 40 -1 0 0 0 1 0 0 0 -1 3021.dat
1 14 -169.34 -17 80 -1 0 0 0 1 0 0 0 -1 3021.dat
1 14 169.34 -17 -80 -1 0 0 0 1 0 0 0 -1 3021.dat
1 14 169.34 -17 -40 -1 0 0 0 1 0 0 0 -1 3021.dat
1 14 169.34 -17 0 -1 0 0 0 1 0 0 0 -1 3021.dat
1 14 169.34 -17 40 -1 0 0 0 1 0 0 0 -1 3021.dat
1 14 169.34 -17 80 -1 0 0 0 1 0 0 0 -1 3021.dat
1 14 149.34 -17 130 0 0 1 0 1 0 -1 0 0 3623.dat
1 14 149.34 -17 -140 0 0 1 0 1 0 -1 0 0 3710.dat
0 STEP
1 14 -189.34 -41 -170 1 0 0 0 1 0 0 0 1 4287a.dat
1 14 149.34 -41 -170 1 0 0 0 1 0 0 0 1 4287a.dat
1 14 -189.34 -41 0 0 0 -1 0 1 0 1 0 0 3703.dat
1 14 149.34 -41 0 0 0 -1 0 1 0 1 0 0 3703.dat
1 0 -179.34 -31 -40 1 0 0 0 1 0 0 0 1 4459.dat
1 0 -179.34 -31 40 1 0 0 0 1 0 0 0 1 4459.dat
1 0 159.34 -31 -40 1 0 0 0 1 0 0 0 1 4459.dat
1 0 159.34 -31 40 1 0 0 0 1 0 0 0 1 4459.dat
0 STEP
1 14 -149.34 -41 0 0 0 -1 0 1 0 1 0 0 3703.dat
1 14 189.34 -41 0 0 0 -1 0 1 0 1 0 0 3703.dat
1 14 -149.34 -17 -140 0 0 1 0 1 0 -1 0 0 3710.dat
1 14 189.34 -17 -140 0 0 1 0 1 0 -1 0 0 3710.dat
1 14 189.34 -41 -170 1 0 0 0 1 0 0 0 1 4287a.dat
1 14 -149.34 -41 -170 1 0 0 0 1 0 0 0 1 4287a.dat
1 14 -149.34 -17 130 0 0 1 0 1 0 -1 0 0 3623.dat
1 14 189.34 -17 130 0 0 1 0 1 0 -1 0 0 3623.dat
1 7 -169.34 -31 40 1 0 0 0 1 0 0 0 1 8855 - Pontoon joint 1.ldr
1 7 169.34 -31 -40 -1 0 0 0 1 0 0 0 -1 8855 - Pontoon joint 1.ldr
1 7 -169.34 -31 -40 -1 0 0 0 1 0 0 0 -1 8855 - Pontoon joint 2.ldr
1 7 169.34 -31 40 1 0 0 0 1 0 0 0 1 8855 - Pontoon joint 2.ldr
0 STEP
1 14 -169.34 -49 -20 -1 0 0 0 1 0 0 0 -1 3021.dat
1 14 -169.34 -49 20 -1 0 0 0 1 0 0 0 -1 3021.dat
1 14 169.34 -49 -20 -1 0 0 0 1 0 0 0 -1 3021.dat
1 14 169.34 -49 20 -1 0 0 0 1 0 0 0 -1 3021.dat
1 14 -149.34 -49 -140 0 0 1 0 1 0 -1 0 0 3710.dat
1 14 -189.34 -49 -140 0 0 1 0 1 0 -1 0 0 3710.dat
1 14 149.34 -49 -140 0 0 1 0 1 0 -1 0 0 3710.dat
1 14 189.34 -49 -140 0 0 1 0 1 0 -1 0 0 3710.dat
1 14 -149.34 -49 130 0 0 1 0 1 0 -1 0 0 3623.dat
1 14 -189.34 -49 130 0 0 1 0 1 0 -1 0 0 3623.dat
1 14 149.34 -49 130 0 0 1 0 1 0 -1 0 0 3623.dat
1 14 189.34 -49 130 0 0 1 0 1 0 -1 0 0 3623.dat
1 14 169.34 -49 -90 1 0 0 0 1 0 0 0 1 3623.dat
1 14 -169.34 -49 -90 1 0 0 0 1 0 0 0 1 3623.dat
1 14 -169.34 -49 90 1 0 0 0 1 0 0 0 1 3623.dat
1 14 169.34 -49 90 1 0 0 0 1 0 0 0 1 3623.dat
1 14 -149.34 -49 -60 0 0 -1 0 1 0 1 0 0 3023.dat
1 14 -189.34 -49 -60 0 0 -1 0 1 0 1 0 0 3023.dat
1 14 -189.34 -49 60 0 0 -1 0 1 0 1 0 0 3023.dat
1 14 -149.34 -49 60 0 0 -1 0 1 0 1 0 0 3023.dat
1 14 149.34 -49 60 0 0 -1 0 1 0 1 0 0 3023.dat
1 14 189.34 -49 60 0 0 -1 0 1 0 1 0 0 3023.dat
1 14 149.34 -49 -60 0 0 -1 0 1 0 1 0 0 3023.dat
1 14 189.34 -49 -60 0 0 -1 0 1 0 1 0 0 3023.dat
1 0 169.34 -31 -80 1 0 0 0 1 0 0 0 1 3705.dat
1 0 169.34 -31 80 1 0 0 0 1 0 0 0 1 3705.dat
1 0 -169.34 -31 80 1 0 0 0 1 0 0 0 1 3705.dat
1 0 -169.34 -31 -80 1 0 0 0 1 0 0 0 1 3705.dat
1 7 -134.34 -31 -80 0 0 1 0 1 0 -1 0 0 4265a.dat
1 7 -134.34 -31 80 0 0 1 0 1 0 -1 0 0 4265a.dat
1 7 204.34 -31 -80 0 0 1 0 1 0 -1 0 0 4265a.dat
1 7 204.34 -31 80 0 0 1 0 1 0 -1 0 0 4265a.dat
1 7 134.34 -31 -80 0 0 -1 0 1 0 1 0 0 4265a.dat
1 7 134.34 -31 80 0 0 -1 0 1 0 1 0 0 4265a.dat
1 7 -204.34 -31 -80 0 0 -1 0 1 0 1 0 0 4265a.dat
1 7 -204.34 -31 80 0 0 -1 0 1 0 1 0 0 4265a.dat
1 0 -129.893 -128.827 -50 0.5635 0.8261 0 -0.8261 0.5635 0 0 0 1 3706.dat
1 0 -129.893 -128.827 50 0.5635 0.8261 0 -0.8261 0.5635 0 0 0 1 3706.dat
1 0 129.893 -128.827 50 0.5635 -0.8261 0 0.8261 0.5635 0 0 0 1 3706.dat
1 0 129.893 -128.827 -50 0.5635 -0.8261 0 0.8261 0.5635 0 0 0 1 3706.dat
1 7 101.717 -170.132 -50 0 -0.8261 0.5635 0 0.5635 0.8261 -1 0 0 3651.dat
1 7 101.717 -170.132 50 0 -0.8261 0.5635 0 0.5635 0.8261 -1 0 0 3651.dat
1 7 -101.717 -170.132 50 0 0.8261 -0.5635 0 0.5635 0.8261 1 0 0 3651.dat
1 7 -101.717 -170.132 -50 0 0.8261 -0.5635 0 0.5635 0.8261 1 0 0 3651.dat
0 STEP
1 7 0 -71 -89 -1 0 0 0 0 -1 0 -1 0 8855 - Pontoon joint 3.ldr
1 7 0 -71 89 1 0 0 0 0 -1 0 1 0 8855 - Pontoon joint 3.ldr
1 14 169.34 -49 -200 -1 0 0 0 1 0 0 0 -1 3021.dat
1 14 -169.34 -49 -200 -1 0 0 0 1 0 0 0 -1 3021.dat
1 7 169.34 -71 -93 -1 0 0 0 -1 0 0 0 1 4265a.dat
1 7 169.34 -71 93 -1 0 0 0 1 0 0 0 -1 4265a.dat
1 7 -169.34 -71 93 -1 0 0 0 1 0 0 0 -1 4265a.dat
1 7 -169.34 -71 -94 -1 0 0 0 -1 0 0 0 1 4265a.dat
0 STEP
1 0 90.45 -186.65 0 0 0 -1 0 1 0 1 0 0 3708.dat
1 0 -90.45 -186.65 0 0 0 -1 0 1 0 1 0 0 3708.dat
1 7 70.45 -186.65 90 0 0 -1 0 -1 0 -1 0 0 3651.dat
1 7 -70.45 -186.65 90 0 0 1 0 1 0 -1 0 0 3651.dat
1 7 -90.45 -186.65 35 -1 0 0 0 1 0 0 0 -1 4265a.dat
1 7 90.45 -186.65 35 -1 0 0 0 1 0 0 0 -1 4265a.dat
1 7 -90.45 -186.65 110 -1 0 0 0 1 0 0 0 -1 3713.dat
1 7 90.45 -186.65 110 -1 0 0 0 1 0 0 0 -1 3713.dat
1 7 -90.45 -186.65 -35 1 0 0 0 1 0 0 0 1 4265a.dat
1 7 90.45 -186.65 -35 1 0 0 0 1 0 0 0 1 4265a.dat
0 STEP
1 7 -70.45 -186.65 -90 0 0 1 0 1 0 -1 0 0 3651.dat
1 7 70.45 -186.65 -90 0 0 -1 0 -1 0 -1 0 0 3651.dat
1 7 -90.45 -186.65 -110 1 0 0 0 1 0 0 0 1 3713.dat
1 7 90.45 -186.65 -110 1 0 0 0 1 0 0 0 1 3713.dat
0 STEP
1 14 169.34 -31 -140 0 0 -1 0 1 0 1 0 0 3482.dat
1 14 -170.66 -31 -140 0 0 -1 0 1 0 1 0 0 3482.dat
1 14 169.34 -31 140 0 0 -1 0 1 0 1 0 0 3482.dat
1 14 -170.66 -31 140 0 0 -1 0 1 0 1 0 0 3482.dat
1 256 169.34 -31 -140 0 0 -1 0 1 0 1 0 0 3483.dat
1 256 169.34 -31 140 0 0 -1 0 1 0 1 0 0 3483.dat
1 256 -170.66 -31 140 0 0 -1 0 1 0 1 0 0 3483.dat
1 256 -170.66 -31 -140 0 0 -1 0 1 0 1 0 0 3483.dat
1 0 169.34 -31 -140 1 0 0 0 1 0 0 0 1 4519.dat
1 0 169.34 -31 140 1 0 0 0 1 0 0 0 1 4519.dat
1 0 -170.66 -31 -140 1 0 0 0 1 0 0 0 1 4519.dat
1 0 -170.66 -31 140 1 0 0 0 1 0 0 0 1 4519.dat
1 0 0 -186.65 90 1 0 0 0 -1 0 0 0 -1 3707.dat





0 FILE 8855 - Pontoon joint 1.ldr
0 Pontoon joint 1
0 Name: 8855 - Pontoon joint 1.ldr
0 Author: Ignacio Fernandez Galvan [jellby]
0 !LDRAW_ORG Model
0 !LICENSE Redistributable under CCAL version 2.0 : see CAreadme.txt
0 !THEME Technic
0 !KEYWORDS float plane, pontoon plane, 1988
0 !HISTORY 2012-12-15 [jellby] Initial creation

0 // This piece skewed 0.025 due to strain in the physical model
0 ROTATION CENTER 0 0 0 1 "Custom"
0 ROTATION CONFIG 0 0
1 7 0 0 10 -1 0 0 0 0 -1 0 -1 -0.025 4261.dat
1 0 0 -40 31 0 1 0 0 0 -1 -1 0 0 4519.dat
0 STEP
1 7 11.2705 -56.522 10 0 0.8261 0.5635 0 0.5635 -0.8261 -1 0 0 4273a.dat
1 7 0 -40 25 0 1 0 -1 0 0 0 0 1 4265a.dat
0 STEP
1 7 0 0 30 1 0 0 0 0 -1 0 1 0 4261.dat





0 FILE 8855 - Pontoon joint 2.ldr
0 Pontoon joint 2
0 Name: 8855 - Pontoon joint 2.ldr
0 Author: Ignacio Fernandez Galvan [jellby]
0 !LDRAW_ORG Model
0 !LICENSE Redistributable under CCAL version 2.0 : see CAreadme.txt
0 !THEME Technic
0 !KEYWORDS float plane, pontoon plane, 1988
0 !HISTORY 2012-12-15 [jellby] Initial creation

0 // This piece skewed 0.025 due to strain in the physical model
0 ROTATION CENTER 0 0 0 1 "Custom"
0 ROTATION CONFIG 0 0
1 7 0 0 10 -1 0 0 0 0 -1 0 -1 -0.025 4261.dat
1 0 0 -40 31 0 1 0 0 0 -1 -1 0 0 4519.dat
0 STEP
1 7 -11.2705 -56.522 10 0 0.8261 -0.5635 0 -0.5635 -0.8261 -1 0 0 4273a.dat
1 7 0 -40 25 0 1 0 -1 0 0 0 0 1 4265a.dat
0 STEP
1 7 0 0 30 1 0 0 0 0 -1 0 1 0 4261.dat





0 FILE 8855 - Pontoon joint 3.ldr
0 Pontoon joint 3
0 Name: 8855 - Pontoon joint 3.ldr
0 Author: Ignacio Fernandez Galvan [jellby]
0 !LDRAW_ORG Model
0 !LICENSE Redistributable under CCAL version 2.0 : see CAreadme.txt
0 !THEME Technic
0 !KEYWORDS float plane, pontoon plane, 1988
0 !HISTORY 2012-12-15 [jellby] Initial creation

0 ROTATION CENTER 0 0 0 1 "Custom"
0 ROTATION CONFIG 0 0
1 0 0 0 53.58 1 0 0 0 1 0 0 0 1 4519.dat
1 7 20 0 53.58 0 0 -1 -1 0 0 0 1 0 4273a.dat
1 7 -20 0 53.58 0 0 1 -1 0 0 0 -1 0 4273a.dat
0 STEP
1 0 -40 -9 53.58 0 0 1 -1 0 0 0 -1 0 4459.dat
1 0 40 -9 53.58 0 0 1 -1 0 0 0 -1 0 4459.dat
1 0 -104.672 -7 26.7922 -0.9239 0 0.3827 0 1 0 -0.3827 0 -0.9239 4442.dat
1 0 104.672 -7 26.7922 0.9239 0 0.3827 0 1 0 -0.3827 0 0.9239 4442.dat
0 STEP
1 7 -52.6135 -19 69.1009 0 0.776 -0.6307 -1 0 0 0 0.6307 0.776 3651.dat
1 7 52.6135 -19 69.1009 0 0.776 0.6307 -1 0 0 0 -0.6307 0.776 3651.dat
1 0 65.227 -19 84.6219 0.6307 0.776 0 0 0 1 0.776 -0.6307 0 4519.dat
1 0 -65.227 -19 84.6219 -0.6307 0.776 0 0 0 1 0.776 0.6307 0 4519.dat
1 7 -77.8405 -19 100.143 0 -0.776 0.6307 -1 0 0 0 -0.6307 -0.776 3651.dat
1 7 77.8405 -19 100.143 0 -0.776 -0.6307 -1 0 0 0 0.6307 -0.776 3651.dat





0 FILE 8855 - Triangle joint.ldr
0 Triangle joint
0 Name: 8855 - Triangle joint.ldr
0 Author: Ignacio Fernandez Galvan [jellby]
0 !LDRAW_ORG Model
0 !LICENSE Redistributable under CCAL version 2.0 : see CAreadme.txt
0 !THEME Technic
0 !KEYWORDS float plane, pontoon plane, 1988
0 !HISTORY 2012-12-15 [jellby] Initial creation

0 ROTATION CENTER 0 0 0 1 "Custom"
0 ROTATION CONFIG 0 0
1 14 0 -24 0 1 0 0 0 1 0 0 0 1 3894.dat
1 0 0 -14 10 0 0 -1 0 1 0 1 0 0 3706.dat
1 7 0 -14 -15 -1 0 0 0 1 0 0 0 -1 4265a.dat
1 7 0 -14 20 -1 0 0 0 1 0 0 0 -1 4019.dat
0 STEP
1 7 0 -14 -28 -1 0 0 0 0 1 0 1 0 2712.dat
1 7 -34.641 -34 -28 0 -0.5 -0.866 0 0.866 -0.5 1 0 0 2736.dat
1 7 34.641 -34 -28 0 -0.5 0.866 0 -0.866 -0.5 1 0 0 2736.dat
1 7 -34.641 -34 -17 -0.866 -0.5 0 -0.5 0.866 0 0 0 -1 4265a.dat
1 7 34.641 -34 -17 0.866 -0.5 0 -0.5 -0.866 0 0 0 -1 4265a.dat





0 FILE 8855 - Tail.ldr
0 Tail
0 Name: 8855 - Tail.ldr
0 Author: Ignacio Fernandez Galvan [jellby]
0 !LDRAW_ORG Model
0 !LICENSE Redistributable under CCAL version 2.0 : see CAreadme.txt
0 !THEME Technic
0 !KEYWORDS float plane, pontoon plane, 1988
0 !HISTORY 2012-12-15 [jellby] Initial creation

0 ROTATION CENTER 0 0 0 1 "Custom"
0 ROTATION CONFIG 0 0
1 14 -30 6.4701 342.124 0 0 -1 -0.0725 0.9974 0 0.9974 0.0725 0 3701.dat
1 14 30 6.4701 342.124 0 0 -1 -0.0725 0.9974 0 0.9974 0.0725 0 3701.dat
1 14 30 -1.5088 341.543 0 0 -1 -0.0725 0.9974 0 0.9974 0.0725 0 3710.dat
1 14 -30 -1.5088 341.543 0 0 -1 -0.0725 0.9974 0 0.9974 0.0725 0 3710.dat
1 7 20 14.9929 362.796 -1 0 0 0 0.9974 0.0725 0 0.0725 -0.9974 4274.dat
1 7 -20 14.9929 362.796 1 0 0 0 0.9974 -0.0725 0 0.0725 0.9974 4274.dat
0 STEP
1 14 -140 -10.2131 350.937 1 0 0 0 0.9974 -0.0725 0 0.0725 0.9974 3585.dat
1 14 140 -10.2131 350.937 1 0 0 0 0.9974 -0.0725 0 0.0725 0.9974 3586.dat
1 14 30 -33.4245 339.222 0 0 -1 -0.0725 0.9974 0 0.9974 0.0725 0 3701.dat
1 14 -30 -33.4245 339.222 0 0 -1 -0.0725 0.9974 0 0.9974 0.0725 0 3701.dat
1 7 20 -24.9017 359.895 -1 0 0 0 0.9974 0.0725 0 0.0725 -0.9974 4274.dat
1 7 -20 -24.9017 359.895 1 0 0 0 0.9974 -0.0725 0 0.0725 0.9974 4274.dat
1 7 -20 -22 320 1 0 0 0 0.9974 -0.0725 0 0.0725 0.9974 3673.dat
1 7 20 -22 320 1 0 0 0 0.9974 -0.0725 0 0.0725 0.9974 3673.dat
0 STEP
1 14 12 -4.954 361.346 0 1 0 -0.997 0 -0.072 -0.072 0 0.997 3623.dat
1 14 -12 -4.954 361.346 0 -1 0 0.997 0 -0.072 0.072 0 0.997 3623.dat
1 7 0 51.4206 85.2549 -1 0 0 0 -0.9902 -0.1397 0 -0.1397 0.9902 4273a.dat
1 7 0 57.0083 45.6471 1 0 0 0 -0.9902 0.1397 0 -0.1397 -0.9902 4273a.dat
1 0 0 66.7867 -23.6666 0 0 -1 0.1397 -0.9902 0 -0.9902 -0.1397 0 3707.dat
1 0 0 36.0545 194.176 0 0 -1 0.1397 -0.9902 0 -0.9902 -0.1397 0 3708.dat
1 7 0 20.6884 303.098 1 0 0 0 -0.9902 0.1397 0 -0.1397 -0.9902 3651.dat
1 0 0 17.8946 322.902 1 0 0 0 -0.9902 0.1397 0 -0.1397 -0.9902 3705.dat
1 7 -15 17.8946 322.902 0 0 -1 0.1397 -0.9902 0 -0.9902 -0.1397 0 4265a.dat
1 7 15 17.8946 322.902 0 0 1 -0.1397 -0.9902 0 0.9902 -0.1397 0 4265a.dat
1 7 10 54.2144 65.451 1 0 0 0 -0.9902 0.1397 0 -0.1397 -0.9902 4274.dat
0 STEP
1 14 0 0 0 1 0 0 0 1 0 0 0 1 8855 - Tail body.ldr
0 STEP
1 14 0 -64 250 1 0 0 0 1 0 0 0 1 4286.dat
1 14 0 -64 330 -1 0 0 0 1 0 0 0 -1 4287a.dat
1 14 0 -64 290 0 0 -1 0 1 0 1 0 0 3622.dat
1 4 0 -88 270 1 0 0 0 1 0 0 0 1 3040b.dat
1 14 0 -112 290 1 0 0 0 1 0 0 0 1 3040b.dat
1 14 0 -136 310 1 0 0 0 1 0 0 0 1 3040b.dat
1 14 0 -160 330 1 0 0 0 1 0 0 0 1 3040b.dat
1 14 0 -184 350 1 0 0 0 1 0 0 0 1 3040b.dat
1 14 0 -208 370 1 0 0 0 1 0 0 0 1 3040b.dat
1 4 0 -88 310 0 0 -1 0 1 0 1 0 0 3622.dat
1 14 0 -112 330 0 0 -1 0 1 0 1 0 0 3622.dat
1 14 0 -136 350 0 0 -1 0 1 0 1 0 0 3622.dat
1 14 0 -160 370 0 0 -1 0 1 0 1 0 0 3622.dat
1 14 0 -184 400 0 0 -1 0 1 0 1 0 0 3010.dat
1 14 0 -208 400 0 0 -1 0 1 0 1 0 0 3004.dat
1 4 0 -88 360 0 0 -1 0 1 0 1 0 0 3004.dat
1 14 0 -112 370 -1 0 0 0 1 0 0 0 -1 3665a.dat
1 14 0 -136 390 -1 0 0 0 1 0 0 0 -1 3665a.dat
1 14 0 -160 410 -1 0 0 0 1 0 0 0 -1 3665a.dat
1 14 0 -216 400 0 0 -1 0 1 0 1 0 0 3710.dat
1 36 0 -208 430 0 0 -1 0 1 0 1 0 0 3062b.dat





0 FILE 8855 - Tail body.ldr
0 Tail body
0 Name: 8855 - Tail body.ldr
0 Author: Ignacio Fernandez Galvan [jellby]
0 !LDRAW_ORG Model
0 !LICENSE Redistributable under CCAL version 2.0 : see CAreadme.txt
0 !THEME Technic
0 !KEYWORDS float plane, pontoon plane, 1988
0 !HISTORY 2012-12-15 [jellby] Initial creation

0 ROTATION CENTER 0 0 0 1 "Custom"
0 ROTATION CONFIG 0 0
1 14 -10 -32 40 0 0 -1 0 1 0 1 0 0 3894.dat
1 14 10 -32 280 0 0 -1 0 1 0 1 0 0 3894.dat
1 14 -10 -32 220 0 0 -1 0 1 0 1 0 0 3895.dat
1 14 10 -32 100 0 0 -1 0 1 0 1 0 0 3895.dat
1 0 0 -22 20 -1 0 0 0 1 0 0 0 -1 4459.dat
1 0 0 -22 80 -1 0 0 0 1 0 0 0 -1 4459.dat
1 0 0 -22 120 -1 0 0 0 1 0 0 0 -1 4459.dat
1 0 -20 -22 140 -1 0 0 0 1 0 0 0 -1 4459.dat
1 0 20 -22 140 -1 0 0 0 1 0 0 0 -1 4459.dat
1 0 0 -22 200 -1 0 0 0 1 0 0 0 -1 4459.dat
1 0 0 -22 240 -1 0 0 0 1 0 0 0 -1 4459.dat
1 0 0 -22 300 -1 0 0 0 1 0 0 0 -1 4459.dat
0 STEP
1 14 0 -8 0 -1 0 0 0 1 0 0 0 -1 3020.dat
1 14 30 -32 0 0 0 -1 0 1 0 1 0 0 3700.dat
1 14 -30 -32 0 0 0 -1 0 1 0 1 0 0 3700.dat
0 STEP
1 14 0 -40 0 -1 0 0 0 1 0 0 0 -1 3020.dat
1 14 0 -40 170 0 0 1 0 1 0 -1 0 0 3021.dat
1 14 0 -40 80 0 0 1 0 1 0 -1 0 0 3795.dat
1 14 0 -40 210 -1 0 0 0 1 0 0 0 -1 3794a.dat
1 14 0 -40 230 -1 0 0 0 1 0 0 0 -1 3794a.dat
1 14 0 -40 250 -1 0 0 0 1 0 0 0 -1 3794a.dat
1 14 0 -40 270 -1 0 0 0 1 0 0 0 -1 3794a.dat
1 14 0 -40 290 -1 0 0 0 1 0 0 0 -1 3794a.dat
1 14 0 -40 310 -1 0 0 0 1 0 0 0 -1 3794a.dat
1 14 0 -40 330 -1 0 0 0 1 0 0 0 -1 3794a.dat





0 FILE 8855 - Wings.ldr
0 Wings
0 Name: 8855 - Wings.ldr
0 Author: Ignacio Fernandez Galvan [jellby]
0 !LDRAW_ORG Model
0 !LICENSE Redistributable under CCAL version 2.0 : see CAreadme.txt
0 !THEME Technic
0 !KEYWORDS float plane, pontoon plane, 1988
0 !HISTORY 2012-12-15 [jellby] Initial creation

0 ROTATION CENTER 0 0 0 1 "Custom"
0 ROTATION CONFIG 0 0
1 14 0 -32 -50 1 0 0 0 1 0 0 0 1 3703.dat
1 14 240 -32 -30 1 0 0 0 1 0 0 0 1 3703.dat
1 14 560 -32 -30 1 0 0 0 1 0 0 0 1 3703.dat
1 14 -240 -32 -30 1 0 0 0 1 0 0 0 1 3703.dat
1 14 -560 -32 -30 1 0 0 0 1 0 0 0 1 3703.dat
1 14 -240 -32 30 1 0 0 0 1 0 0 0 1 3703.dat
1 14 -560 -32 30 1 0 0 0 1 0 0 0 1 3703.dat
1 14 0 -32 50 1 0 0 0 1 0 0 0 1 3703.dat
1 14 240 -32 30 1 0 0 0 1 0 0 0 1 3703.dat
1 14 560 -32 30 1 0 0 0 1 0 0 0 1 3703.dat
1 7 400 -32 -10 1 0 0 0 1 0 0 0 1 3894.dat
1 7 400 -32 10 1 0 0 0 1 0 0 0 1 3894.dat
1 7 -400 -32 -10 1 0 0 0 1 0 0 0 1 3894.dat
1 7 -400 -32 10 1 0 0 0 1 0 0 0 1 3894.dat
1 0 -140 -22 -40 0 0 -1 0 1 0 1 0 0 4459.dat
1 0 -100 -22 -40 0 0 -1 0 1 0 1 0 0 4459.dat
1 0 100 -22 -40 0 0 -1 0 1 0 1 0 0 4459.dat
1 0 140 -22 -40 0 0 -1 0 1 0 1 0 0 4459.dat
1 0 -140 -22 40 0 0 -1 0 1 0 1 0 0 4459.dat
1 0 -100 -22 40 0 0 -1 0 1 0 1 0 0 4459.dat
1 0 100 -22 40 0 0 -1 0 1 0 1 0 0 4459.dat
1 0 140 -22 40 0 0 -1 0 1 0 1 0 0 4459.dat
1 0 360 -22 -20 0 0 -1 0 1 0 1 0 0 4459.dat
1 0 380 -22 -20 0 0 -1 0 1 0 1 0 0 4459.dat
1 0 420 -22 -20 0 0 -1 0 1 0 1 0 0 4459.dat
1 0 440 -22 -20 0 0 -1 0 1 0 1 0 0 4459.dat
1 0 440 -22 20 0 0 -1 0 1 0 1 0 0 4459.dat
1 0 420 -22 20 0 0 -1 0 1 0 1 0 0 4459.dat
1 0 380 -22 20 0 0 -1 0 1 0 1 0 0 4459.dat
1 0 360 -22 20 0 0 -1 0 1 0 1 0 0 4459.dat
1 0 -360 -22 20 0 0 -1 0 1 0 1 0 0 4459.dat
1 0 -380 -22 20 0 0 -1 0 1 0 1 0 0 4459.dat
1 0 -420 -22 20 0 0 -1 0 1 0 1 0 0 4459.dat
1 0 -440 -22 20 0 0 -1 0 1 0 1 0 0 4459.dat
1 0 -420 -22 -20 0 0 -1 0 1 0 1 0 0 4459.dat
1 0 -440 -22 -20 0 0 -1 0 1 0 1 0 0 4459.dat
1 0 -380 -22 -20 0 0 -1 0 1 0 1 0 0 4459.dat
1 0 -360 -22 -20 0 0 -1 0 1 0 1 0 0 4459.dat
1 0 -400 -22 0 0 0 -1 0 1 0 1 0 0 4459.dat
1 0 400 -22 0 0 0 -1 0 1 0 1 0 0 4459.dat
0 STEP
1 14 710 -8 0 0 0 1 0 1 0 -1 0 0 3460.dat
1 14 710 -32 -80 0 0 1 0 1 0 -1 0 0 2743.dat
1 14 710 -32 80 0 0 -1 0 1 0 1 0 0 2744.dat
1 14 470 -32 80 0 0 -1 0 1 0 1 0 0 2744.dat
1 14 350 -32 80 0 0 -1 0 1 0 1 0 0 2744.dat
1 14 230 -32 80 0 0 -1 0 1 0 1 0 0 2744.dat
1 14 -230 -32 80 0 0 -1 0 1 0 1 0 0 2744.dat
1 14 -350 -32 80 0 0 -1 0 1 0 1 0 0 2744.dat
1 14 -470 -32 80 0 0 -1 0 1 0 1 0 0 2744.dat
1 14 -710 -32 80 0 0 -1 0 1 0 1 0 0 2744.dat
1 14 470 -32 -80 0 0 1 0 1 0 -1 0 0 2743.dat
1 14 350 -32 -80 0 0 1 0 1 0 -1 0 0 2743.dat
1 14 230 -32 -80 0 0 1 0 1 0 -1 0 0 2743.dat
1 14 -230 -32 -80 0 0 1 0 1 0 -1 0 0 2743.dat
1 14 -350 -32 -80 0 0 1 0 1 0 -1 0 0 2743.dat
1 14 -470 -32 -80 0 0 1 0 1 0 -1 0 0 2743.dat
1 14 -710 -32 -80 0 0 1 0 1 0 -1 0 0 2743.dat
1 14 470 -8 0 0 0 1 0 1 0 -1 0 0 3460.dat
1 14 350 -8 0 0 0 1 0 1 0 -1 0 0 3460.dat
1 14 230 -8 0 0 0 1 0 1 0 -1 0 0 3460.dat
1 14 -230 -8 0 0 0 1 0 1 0 -1 0 0 3460.dat
1 14 -350 -8 0 0 0 1 0 1 0 -1 0 0 3460.dat
1 14 -470 -8 0 0 0 1 0 1 0 -1 0 0 3460.dat
1 14 -710 -8 0 0 0 1 0 1 0 -1 0 0 3460.dat
0 STEP
1 14 -590 -32 -80 0 0 1 0 1 0 -1 0 0 2743.dat
1 14 590 -32 -80 0 0 1 0 1 0 -1 0 0 2743.dat
1 14 590 -8 -20 0 0 1 0 1 0 -1 0 0 3666.dat
1 14 -590 -8 -20 0 0 1 0 1 0 -1 0 0 3666.dat
1 14 470 -40 0 0 0 1 0 1 0 -1 0 0 3460.dat
1 14 350 -40 0 0 0 1 0 1 0 -1 0 0 3460.dat
1 14 230 -40 0 0 0 1 0 1 0 -1 0 0 3460.dat
1 14 -230 -40 0 0 0 1 0 1 0 -1 0 0 3460.dat
1 14 -350 -40 0 0 0 1 0 1 0 -1 0 0 3460.dat
1 14 -470 -40 0 0 0 1 0 1 0 -1 0 0 3460.dat
1 36 710 -32 0 0 0 1 0 1 0 -1 0 0 3065.dat
1 34 -710 -32 0 0 0 1 0 1 0 -1 0 0 3065.dat
0 STEP
1 14 0 -8 70 0 0 1 0 1 0 -1 0 0 3021.dat
1 14 590 -40 -20 0 0 1 0 1 0 -1 0 0 3666.dat
1 14 -590 -40 -20 0 0 1 0 1 0 -1 0 0 3666.dat
1 14 710 -40 0 0 0 1 0 1 0 -1 0 0 3460.dat
1 14 -710 -40 0 0 0 1 0 1 0 -1 0 0 3460.dat
1 0 700 -22 60 -1 0 0 0 0.9645 -0.264 0 -0.264 -0.9645 4519.dat
1 0 -700 -22 60 -1 0 0 0 0.9645 -0.264 0 -0.264 -0.9645 4519.dat
1 7 725 -22 60 0 0 1 -0.264 0.9645 0 -0.9645 -0.264 0 4265a.dat
1 7 695 -22 60 0 0 1 -0.264 0.9645 0 -0.9645 -0.264 0 4265a.dat
1 7 -695 -22 60 0 0 -1 0.264 0.9645 0 0.9645 -0.264 0 4265a.dat
1 7 -725 -22 60 0 0 -1 0.264 0.9645 0 0.9645 -0.264 0 4265a.dat
1 0 410 -22 60 -1 0 0 0 0.9645 -0.264 0 -0.264 -0.9645 3737.dat
1 0 260 -22 80 -1 0 0 0 0.9921 -0.1252 0 -0.1252 -0.9921 3737.dat
1 0 -410 -22 60 -1 0 0 0 0.9645 -0.264 0 -0.264 -0.9645 3737.dat
1 0 -260 -22 80 -1 0 0 0 0.9921 -0.1252 0 -0.1252 -0.9921 3737.dat
1 7 -485 -22 60 0 0 1 -0.264 0.9645 0 -0.9645 -0.264 0 4265b.dat
1 7 485 -22 60 0 0 -1 0.264 0.9645 0 0.9645 -0.264 0 4265a.dat
1 7 332 -22 60 0 0 1 -0.264 0.9645 0 -0.9645 -0.264 0 3647.dat
1 7 332 -22 80 0 0 1 -0.1252 0.9921 0 -0.9921 -0.1252 0 3647.dat
1 7 -332 -22 60 0 0 1 -0.264 0.9645 0 -0.9645 -0.264 0 3647.dat
1 7 -332 -22 80 0 0 1 -0.1252 0.9921 0 -0.9921 -0.1252 0 3647.dat
0 STEP
1 14 10 -8 80 -1 0 0 0 1 0 0 0 -1 8855 - Wing joint left.ldr
1 14 -10 -8 80 -1 0 0 0 1 0 0 0 -1 8855 - Wing joint right.ldr
1 7 680 -22 60 0 0 1 -0.9645 -0.264 0 0.264 -0.9645 0 4273a.dat
1 7 500 -22 60 0 0 -1 -0.9645 0.264 0 0.264 0.9645 0 4273a.dat
1 7 -680 -22 60 0 0 -1 -0.9645 0.264 0 0.264 0.9645 0 4273a.dat
1 7 -500 -22 60 0 0 1 -0.9645 -0.264 0 0.264 -0.9645 0 4273a.dat
0 STEP
1 14 590 -13.319 57.624 1 0 0 0 0.965 0.264 0 -0.264 0.965 8855 - Flap.ldr
1 14 -590 -13.319 57.624 1 0 0 0 0.965 0.264 0 -0.264 0.965 8855 - Flap.ldr
1 14 0 -40 70 0 0 1 0 1 0 -1 0 0 3021.dat
1 14 90 -40 0 0 0 1 0 1 0 -1 0 0 4477.dat
1 14 -90 -40 0 0 0 1 0 1 0 -1 0 0 4477.dat





0 FILE 8855 - Wing joint left.ldr
0 Wing joint left
0 Name: 8855 - Wing joint left.ldr
0 Author: Ignacio Fernandez Galvan [jellby]
0 !LDRAW_ORG Model
0 !LICENSE Redistributable under CCAL version 2.0 : see CAreadme.txt
0 !THEME Technic
0 !KEYWORDS float plane, pontoon plane, 1988
0 !HISTORY 2012-12-15 [jellby] Initial creation

0 ROTATION CENTER 0 0 0 1 "Custom"
0 ROTATION CONFIG 0 0
1 0 -50 -14 0 1 0 0 0 0.9921 -0.1252 0 0.1252 0.9921 3706.dat
1 7 -20 -11.4968 -19.8427 -1 0 0 0 0.9921 0.1252 0 0.1252 -0.9921 4273a.dat
1 7 -24 -14 0 0 0 1 0.1252 0.9921 0 -0.9921 0.1252 0 4265a.dat
1 7 -60 -14 0 0 0 -1 -0.1252 0.9921 0 0.9921 0.1252 0 3713.dat
1 7 -20 -10.2452 -29.7641 0 0 -1 -0.1252 0.9921 0 0.9921 0.1252 0 2736.dat
0 STEP
1 14 0 -24 0 0 0 1 0 1 0 -1 0 0 3700.dat
1 14 -80 -24 -20 0 0 1 0 1 0 -1 0 0 2744.dat
1 7 -100 -14 0 0 0 1 -0.9921 0.1252 0 -0.1252 -0.9921 0 3712.dat
1 7 -130 -14 0 0 0 1 -0.9921 0.1252 0 -0.1252 -0.9921 0 3326a.dat
1 7 -160 -14 0 0 0 -1 -0.1252 0.9921 0 0.9921 0.1252 0 3712.dat
1 0 -70 -14 -40 1 0 0 0 1 0 0 0 1 4459.dat





0 FILE 8855 - Wing joint right.ldr
0 Wing joint right
0 Name: 8855 - Wing joint right.ldr
0 Author: Ignacio Fernandez Galvan [jellby]
0 !LDRAW_ORG Model
0 !LICENSE Redistributable under CCAL version 2.0 : see CAreadme.txt
0 !THEME Technic
0 !KEYWORDS float plane, pontoon plane, 1988
0 !HISTORY 2012-12-15 [jellby] Initial creation

0 ROTATION CENTER 0 0 0 1 "Custom"
0 ROTATION CONFIG 0 0
1 0 50 -14 0 -1 0 0 0 -0.9921 -0.1252 0 -0.1252 0.9921 3706.dat
1 7 20 -11.4968 -19.8427 1 0 0 0 -0.9921 0.1252 0 -0.1252 -0.9921 4273a.dat
1 7 24 -14 0 0 0 -1 0.1252 -0.9921 0 -0.9921 -0.1252 0 4265a.dat
1 7 60 -14 0 0 0 1 -0.1252 -0.9921 0 0.9921 -0.1252 0 3713.dat
1 7 20 -10.2452 -29.7641 0 0 1 -0.1252 -0.9921 0 0.9921 -0.1252 0 2736.dat
0 STEP
1 14 0 -24 0 0 0 -1 0 1 0 1 0 0 3700.dat
1 14 80 -24 -20 0 0 1 0 1 0 -1 0 0 2744.dat
1 7 100 -14 0 0 0 -1 0.9921 0.1252 0 0.1252 -0.9921 0 3712.dat
1 7 130 -14 0 0 0 -1 0.9921 0.1252 0 0.1252 -0.9921 0 3326a.dat
1 7 160 -14 0 0 0 1 -0.1252 -0.9921 0 0.9921 -0.1252 0 3712.dat
1 0 70 -14 -40 -1 0 0 0 -1 0 0 0 1 4459.dat





0 FILE 8855 - Flap.ldr
0 Flap
0 Name: 8855 - Flap.ldr
0 Author: Ignacio Fernandez Galvan [jellby]
0 !LDRAW_ORG Model
0 !LICENSE Redistributable under CCAL version 2.0 : see CAreadme.txt
0 !THEME Technic
0 !KEYWORDS float plane, pontoon plane, 1988
0 !HISTORY 2012-12-15 [jellby] Initial creation

0 ROTATION CENTER 0 0 0 1 "Custom"
0 ROTATION CONFIG 0 0
1 14 0 -8 10 1 0 0 0 1 0 0 0 1 3795.dat
0 STEP
1 7 0 -16 0 1 0 0 0 1 0 0 0 1 4442.dat
0 STEP
1 14 0 -16 50 1 0 0 0 1 0 0 0 1 3030.dat
1 7 70 -18 0 0 1 0 -1 0 0 0 0 1 4274.dat
1 7 -70 -18 0 0 1 0 -1 0 0 0 0 1 4274.dat





0 FILE 8855 - Pilot.ldr
0 Pilot
0 Name: 8855 - Pilot.ldr
0 Author: Ignacio Fernandez Galvan [jellby]
0 !LDRAW_ORG Model
0 !LICENSE Redistributable under CCAL version 2.0 : see CAreadme.txt
0 !THEME Technic
0 !KEYWORDS float plane, pontoon plane, 1988
0 !HISTORY 2012-12-15 [jellby] Initial creation

0 ROTATION CENTER 0 0 0 1 "Custom"
0 ROTATION CONFIG 0 0
1 1 0 -115.977 -0.8897 1 0 0 0 0.9986 -0.0523 0 0.0523 0.9986 2699.dat
1 4 0 -115.977 -0.8897 1 0 0 0 0.9986 -0.0523 0 0.0523 0.9986 2698p01.dat
1 1 0 -115.977 -0.8897 1 0 0 0 0.9986 -0.0523 0 0.0523 0.9986 2710.dat
1 1 15 -99 0 0.9659 0.2588 0 0 0 1 0.2588 -0.9659 0 2703.dat
1 1 -15 -99 0 1 0 0 0 0.9659 0.2588 0 -0.2588 0.9659 2709.dat
1 1 -10 -60.363 -10.3528 1 0 0 0 1 0 0 0 1 2704.dat
1 1 20.5231 -99 -39.9311 0.9659 0 -0.2588 0 1 0 0.2588 0 0.9659 2704.dat
1 0 20.5231 -59 -39.9311 0.9659 0 -0.2588 0 1 0 0.2588 0 0.9659 2706.dat
1 0 -10 -20.363 -10.3528 1 0 0 0 0.9205 -0.3907 0 0.3907 0.9205 2706.dat
1 14 0 -169.903 -3.7159 0.866 0 0.5 0.0262 0.9986 -0.0453 -0.4993 0.0523 0.8648 2707p06.dat
1 0 0 -211.845 -5.914 1 0 0 0 0.9986 -0.0523 0 0.0523 0.9986 2708.dat
1 1 26.2 -161.914 -3.2972 0 0 -1 0.951 0.309 0 0.309 -0.951 0 2701.dat
1 1 26.2 -161.914 -3.2972 0 0 -1 0.951 0.309 0 0.309 -0.951 0 2705.dat
1 1 26.2 -161.914 -3.2972 0 0 -1 0.951 0.309 0 0.309 -0.951 0 2700.dat
1 1 57.2 -161.914 -3.2972 0 0 -1 0.951 0.309 0 0.309 -0.951 0 2701.dat
1 1 57.2 -161.914 -3.2972 0 0 -1 0.951 0.309 0 0.309 -0.951 0 2705.dat
1 1 57.2 -161.914 -3.2972 0.9659 0 -0.2588 0.2462 0.309 0.9186 0.08 -0.951 0.2985 2700.dat
1 14 66.1293 -193.607 -13.595 -0.8365 -0.483 -0.2588 -0.0587 -0.3906 0.9186 -0.5448 0.7836 0.2985 2702.dat
1 1 -26.2 -161.914 -3.2972 0 0 1 -0.951 0.309 0 -0.309 -0.951 0 2701.dat
1 1 -26.2 -161.914 -3.2972 0 0 1 -0.951 0.309 0 -0.309 -0.951 0 2705.dat
1 1 -26.2 -161.914 -3.2972 -0.866 0 0.5 -0.4756 0.309 -0.8236 -0.1545 -0.951 -0.2676 2700.dat
1 1 -41.7 -136.381 4.999 -0.433 -0.75 0.5 -0.5054 -0.2573 -0.8236 0.7464 -0.6093 -0.2676 2701.dat
