0 FILE 8880 - main.ldr
0 main
0 Name: 8880 - main.ldr
0 Author: Orion Pobursky [OrionP]
0 !LDRAW_ORG Model
0 !LICENSE Redistributable under CCAL version 2.0 : see CAreadme.txt

0 !THEME Technic

1 0 0 0 -80 1 0 0 0 1 0 0 0 1 3666.dat
1 0 -70 0 -90 0 0 1 0 1 0 -1 0 0 3460.dat
1 0 70 0 -90 0 0 1 0 1 0 -1 0 0 3460.dat
0 STEP
1 0 -50 -24 -80 1 0 0 0 1 0 0 0 1 3622.dat
1 0 60 -24 -80 1 0 0 0 1 0 0 0 1 3700.dat
1 0 60 0 -180 1 0 0 0 1 0 0 0 1 3666.dat
1 0 -60 0 -180 1 0 0 0 1 0 0 0 1 3666.dat
1 0 119.425 0 -150.382 -0.648 0 0.762 0 1 0 -0.762 0 -0.648 2429.dat
1 0 120 0 -150 -1 0 0 0 1 0 0 0 -1 2430.dat
1 0 -120 0 -150 -1 0 0 0 1 0 0 0 -1 2429.dat
1 0 -119.425 0 -150.382 -0.648 0 -0.762 0 1 0 0.762 0 -0.648 2430.dat
1 0 0 0 0 1 0 0 0 1 0 0 0 1 3460.dat
0 STEP
1 0 90 -8 -170 1 0 0 0 1 0 0 0 1 3021.dat
1 0 -90 -8 -170 1 0 0 0 1 0 0 0 1 3021.dat
1 0 -30 -24 -180 1 0 0 0 1 0 0 0 1 6541.dat
1 0 30 -24 -180 1 0 0 0 1 0 0 0 1 6541.dat
1 7 30 -24 0 1 0 0 0 1 0 0 0 1 6541.dat
1 0 30 -14 -90 0 0 1 0 1 0 -1 0 0 3708.dat
1 7 30 -14 -20 1 0 0 0 1 0 0 0 1 4019.dat
1 7 30 -14 -160 1 0 0 0 1 0 0 0 1 3647.dat
0 STEP
1 7 0 -14 -130 1 0 0 0 1 0 0 0 1 8880 - step4.ldr
1 7 50 -24 0 1 0 0 0 1 0 0 0 1 3005.dat
1 0 70 -16 -170 0 0 1 0 1 0 -1 0 0 3023.dat
1 0 -70 -16 -170 0 0 1 0 1 0 -1 0 0 3023.dat
1 14 100 -16 -180 1 0 0 0 1 0 0 0 1 2412b.dat
1 14 -100 -16 -180 1 0 0 0 1 0 0 0 1 2412b.dat
0 STEP
1 0 70 -24 50 1 0 0 0 1 0 0 0 1 8880 - step5sub4.ldr
1 0 -70 -24 50 1 0 0 0 1 0 0 0 1 8880 - step5sub3.ldr
1 0 50 -24 -290 1 0 0 0 1 0 0 0 1 8880 - step5sub1.ldr
1 0 -50 -24 -290 1 0 0 0 1 0 0 0 1 8880 - step5sub1.ldr
1 0 -40 -14 -330 1 0 0 0 1 0 0 0 1 2780.dat
1 0 40 -14 -330 1 0 0 0 1 0 0 0 1 2780.dat
1 0 -70 -24 -180 0 0 -1 0 1 0 1 0 0 3623.dat
1 0 70 -24 -180 0 0 -1 0 1 0 1 0 0 3623.dat
0 STEP
1 0 0 -32 0 1 0 0 0 1 0 0 0 1 3460.dat
1 0 0 -32 -80 1 0 0 0 1 0 0 0 1 3666.dat
1 0 0 -32 -190 1 0 0 0 1 0 0 0 1 3738.dat
1 0 0 -24 -440 1 0 0 0 1 0 0 0 1 8880 - step6sub1.ldr
1 0 0 0 180 1 0 0 0 1 0 0 0 1 8880 - step6sub2.ldr
1 0 146.474 -24 -134.001 0.648 0 -0.762 0 1 0 0.762 0 0.648 6541.dat
1 0 133.521 -24 -149.239 0.648 0 -0.762 0 1 0 0.762 0 0.648 6541.dat
1 0 -133.521 -24 -149.239 0.648 0 0.762 0 1 0 -0.762 0 0.648 6541.dat
1 0 -146.474 -24 -134.001 0.648 0 0.762 0 1 0 -0.762 0 0.648 6541.dat
0 STEP
1 0 -180 0 -110 0 0 1 0 1 0 -1 0 0 8880 - step7sub3.ldr
1 0 180 0 -110 0 0 -1 0 1 0 1 0 0 8880 - step7sub4.ldr
1 0 -41 -14 -130 1 0 0 0 1 0 0 0 1 8880 - step7sub1.ldr
1 0 0 -24 240 1 0 0 0 1 0 0 0 1 8880 - step7sub2.ldr
1 0 70 -32 -90 0 0 1 0 1 0 -1 0 0 3460.dat
1 0 -70 -32 -90 0 0 1 0 1 0 -1 0 0 3460.dat
1 0 0 -32 -240 1 0 0 0 1 0 0 0 1 3666.dat
1 0 0 -32 -300 1 0 0 0 1 0 0 0 1 3460.dat
1 0 -50 -32 -390 0 0 1 0 1 0 -1 0 0 3666.dat
1 0 50 -32 -390 0 0 1 0 1 0 -1 0 0 3666.dat
1 0 -50 -32 -320 1 0 0 0 1 0 0 0 1 3024.dat
1 0 50 -32 -320 1 0 0 0 1 0 0 0 1 3024.dat
1 0 70 -32 -440 1 0 0 0 1 0 0 0 1 2420.dat
1 0 -70 -32 -440 0 0 -1 0 1 0 1 0 0 2420.dat
0 STEP
1 0 -40 -14 -470 0 -1 0 1 0 0 0 0 1 8880 - step8sub1.ldr
1 0 40 -14 -470 0 1 0 1 0 0 0 0 -1 8880 - step8sub1.ldr
1 0 -190 -24 10 1 0 0 0 1 0 0 0 1 8880 - step8sub2.ldr
1 0 190 -24 10 1 0 0 0 1 0 0 0 1 8880 - step8sub3.ldr
1 0 70 -32 110 0 0 1 0 1 0 -1 0 0 4477.dat
1 0 -70 -32 110 0 0 1 0 1 0 -1 0 0 4477.dat
1 0 -70 -24 280 0 0 1 0 1 0 -1 0 0 3005.dat
1 0 70 -24 280 0 0 1 0 1 0 -1 0 0 3005.dat
1 0 0 -32 180 1 0 0 0 1 0 0 0 1 3666.dat
1 7 -20 -14 255 1 0 0 0 1 0 0 0 1 4265b.dat
1 7 -20 -14 263 -1 0 0 0 1 0 0 0 -1 4143.dat
0 STEP
1 15 0 -28 -400 -1 0 0 0 -1 0 0 0 1 3710.dat
1 15 0 -36 -400 -1 0 0 0 -1 0 0 0 1 3710.dat
1 7 139.998 -32 -141.62 0.648 0 -0.762 0 1 0 0.762 0 0.648 3023.dat
1 7 -139.998 -32 -141.62 0.648 0 0.762 0 1 0 -0.762 0 0.648 3023.dat
1 0 140 -32 180 1 0 0 0 1 0 0 0 1 3666.dat
1 0 -140 -32 180 1 0 0 0 1 0 0 0 1 3666.dat
1 0 120 -32 220 1 0 0 0 1 0 0 0 1 3666.dat
1 0 -120 -32 220 1 0 0 0 1 0 0 0 1 3666.dat
1 14 190 -32 -50 0 0 1 0 1 0 -1 0 0 3666.dat
1 14 -190 -32 -50 0 0 1 0 1 0 -1 0 0 3666.dat
1 14 190 -32 90 0 0 1 0 1 0 -1 0 0 3460.dat
1 14 -190 -32 90 0 0 1 0 1 0 -1 0 0 3460.dat
1 0 0 -24 -500 1 0 0 0 1 0 0 0 1 3895.dat
1 0 -60 -24 320 0 0 1 0 1 0 -1 0 0 3002.dat
1 0 60 -24 320 0 0 1 0 1 0 -1 0 0 3002.dat
1 0 60 0 360 0 0 1 0 1 0 -1 0 0 3021.dat
1 0 -60 0 360 0 0 1 0 1 0 -1 0 0 3021.dat
1 0 0 -14 280 1 0 0 0 1 0 0 0 1 8880 - step9.ldr
0 STEP
1 14 148.76 -32 -162.193 0.648 0 -0.762 0 1 0 0.762 0 0.648 3023.dat
1 14 174.666 -32 -131.715 0.648 0 -0.762 0 1 0 0.762 0 0.648 3023.dat
1 14 -174.666 -32 -131.715 0.648 0 0.762 0 1 0 -0.762 0 0.648 3023.dat
1 14 -148.76 -32 -162.193 0.648 0 0.762 0 1 0 -0.762 0 0.648 3023.dat
1 7 0 0 -510 1 0 0 0 1 0 0 0 1 8880 - step10sub1.ldr
1 7 100 -14 310 1 0 0 0 1 0 0 0 1 8880 - step10sub2.ldr
1 7 -100 -14 310 -1 0 0 0 1 0 0 0 -1 8880 - step10sub2.ldr
0 STEP
1 7 0 -24 380 1 0 0 0 1 0 0 0 1 8880 - step11.ldr
1 0 0 -32 -740 1 0 0 0 1 0 0 0 1 3023.dat
1 0 50 -40 -320 0 0 1 0 1 0 -1 0 0 3623.dat
1 0 -50 -40 -320 0 0 1 0 1 0 -1 0 0 3623.dat
1 0 -60 -40 -370 1 0 0 0 1 0 0 0 1 3022.dat
1 0 60 -40 -370 1 0 0 0 1 0 0 0 1 3022.dat
1 7 146.478 -40 -134 0.648 0 -0.762 0 1 0 0.762 0 0.648 3623.dat
1 7 -146.478 -40 -134 0.648 0 0.762 0 1 0 -0.762 0 0.648 3623.dat
1 7 20 -40 -210 0 0 1 0 1 0 -1 0 0 3709b.dat
1 7 -20 -40 -210 0 0 1 0 1 0 -1 0 0 3709b.dat
1 0 60 -32 -500 1 0 0 0 1 0 0 0 1 3710.dat
1 0 -60 -32 -500 1 0 0 0 1 0 0 0 1 3710.dat
1 14 -10 -32 -650 0 0 1 0 1 0 -1 0 0 3460.dat
1 14 10 -32 -650 0 0 1 0 1 0 -1 0 0 3460.dat
1 0 -10 -32 -490 0 0 1 0 1 0 -1 0 0 4162.dat
1 0 10 -32 -490 0 0 1 0 1 0 -1 0 0 4162.dat
1 0 28 -39.266 -713.825 0 -1 0 -0.842 0 -0.539 0.539 0 -0.842 4263.dat
1 0 -28 -39.266 -713.825 0 1 0 -0.842 0 0.539 0.539 0 0.842 4263.dat
1 7 -33 -14 -730 0 0 -1 0 -1 0 -1 0 0 4265b.dat
1 7 33 -14 -730 0 0 1 0 -1 0 1 0 0 4265b.dat
0 STEP
1 0 180 -40 -110 -0.648 0 0.762 0 1 0 -0.762 0 -0.648 2430.dat
1 0 180 -40 -110 0 0 1 0 1 0 -1 0 0 2429.dat
1 0 -180 -40 -110 0 0 -1 0 1 0 1 0 0 2430.dat
1 0 -180 -40 -110 -0.648 0 -0.762 0 1 0 0.762 0 -0.648 2429.dat
1 7 -50 -40 -160 0 0 1 0 1 0 -1 0 0 2420.dat
1 7 50 -40 -160 -1 0 0 0 1 0 0 0 -1 2420.dat
1 0 -60 -32 290 0 0 -1 0 1 0 1 0 0 3020.dat
1 0 60 -32 290 0 0 -1 0 1 0 1 0 0 3020.dat
1 0 -60 -32 360 0 0 -1 0 1 0 1 0 0 3021.dat
1 0 60 -32 360 0 0 -1 0 1 0 1 0 0 3021.dat
1 0 0 -32 240 1 0 0 0 1 0 0 0 1 8880 - step12sub1.ldr
1 0 60 -8 -680 1 0 0 0 1 0 0 0 1 8880 - step12sub2.ldr
1 0 -60 -8 -680 1 0 0 0 1 0 0 0 1 8880 - step12sub3.ldr
0 STEP
1 7 -70 -40 370 0 0 -1 0 1 0 1 0 0 3023.dat
1 7 70 -40 370 0 0 -1 0 1 0 1 0 0 3023.dat
1 7 -50 -40 350 0 0 -1 0 1 0 1 0 0 3710.dat
1 7 -50 -40 270 0 0 -1 0 1 0 1 0 0 3710.dat
1 7 50 -40 350 0 0 -1 0 1 0 1 0 0 3710.dat
1 7 50 -40 270 0 0 -1 0 1 0 1 0 0 3710.dat
1 7 -30 -40 240 1 0 0 0 1 0 0 0 1 3024.dat
1 7 30 -40 240 1 0 0 0 1 0 0 0 1 3024.dat
1 0 0 -40 -720 1 0 0 0 1 0 0 0 1 3023.dat
1 0 148.76 -40 -162.193 0.648 0 -0.762 0 1 0 0.762 0 0.648 3023.dat
1 0 -148.76 -40 -162.193 0.648 0 0.762 0 1 0 -0.762 0 0.648 3023.dat
1 0 50 -40 -500 1 0 0 0 1 0 0 0 1 3623.dat
1 0 -50 -40 -500 1 0 0 0 1 0 0 0 1 3623.dat
1 14 70 -40 -250 0 0 1 0 1 0 -1 0 0 4477.dat
1 14 -70 -40 -250 0 0 1 0 1 0 -1 0 0 4477.dat
1 7 0 -40 -430 1 0 0 0 1 0 0 0 1 3738.dat
1 0 0 -40 -570 0 0 1 0 1 0 -1 0 0 3738.dat
1 0 0 -40 -690 1 0 0 0 1 0 0 0 1 3068b.dat
1 0 0 -40 -660 -1 0 0 0 1 0 0 0 -1 3460.dat
1 0 190 -40 160 0 0 1 0 1 0 -1 0 0 3623.dat
1 0 -190 -40 160 0 0 1 0 1 0 -1 0 0 3623.dat
1 0 -190 -40 30 0 0 1 0 1 0 -1 0 0 4477.dat
1 0 190 -40 30 0 0 1 0 1 0 -1 0 0 4477.dat
1 0 70 -40 -80 0 0 -1 0 1 0 1 0 0 2420.dat
1 0 -70 -40 -80 1 0 0 0 1 0 0 0 1 2420.dat
1 0 0 -40 -80 1 0 0 0 1 0 0 0 1 3710.dat
1 0 70 -40 -10 0 0 1 0 1 0 -1 0 0 3710.dat
1 0 -70 -40 -10 0 0 1 0 1 0 -1 0 0 3710.dat
1 0 0 -40 0 1 0 0 0 1 0 0 0 1 3666.dat
1 0 0 -40 180 1 0 0 0 1 0 0 0 1 4477.dat
1 0 -70 -40 230 0 0 1 0 1 0 -1 0 0 3710.dat
1 0 70 -40 230 0 0 1 0 1 0 -1 0 0 3710.dat
1 7 40 -14 402 0 0 1 -1 0 0 0 -1 0 2536.dat
1 7 -40 -14 402 0 0 1 -1 0 0 0 -1 0 2536.dat
1 7 -33 -14 -550 0 0 -1 0 -1 0 -1 0 0 4265b.dat
1 7 33 -14 -550 0 0 1 0 -1 0 1 0 0 4265b.dat
1 0 28 -62.587 -568.529 0 -1 0 -0.934 0 0.356 -0.356 0 -0.934 4262.dat
1 0 -28 -62.587 -568.529 0 1 0 -0.934 0 -0.356 -0.356 0 0.934 4262.dat
0 STEP
1 7 60 -64 260 1 0 0 0 1 0 0 0 1 8880 - step14sub1.ldr
1 7 -60 -64 260 1 0 0 0 1 0 0 0 1 8880 - step14sub1.ldr
1 7 -60 -64 360 -1 0 0 0 1 0 0 0 -1 8880 - step14sub1.ldr
1 7 60 -64 360 -1 0 0 0 1 0 0 0 -1 8880 - step14sub1.ldr
1 7 0 -40 -470 1 0 0 0 1 0 0 0 1 8880 - step14sub2.ldr
1 15 0 -48 -170 1 0 0 0 1 0 0 0 1 3022.dat
1 15 0 -48 -200 1 0 0 0 1 0 0 0 1 3710.dat
1 0 50 -64 -80 1 0 0 0 1 0 0 0 1 3005.dat
1 7 139.998 -64 -141.62 0.648 0 -0.762 0 1 0 0.762 0 0.648 3700.dat
1 7 159.438 -64 -118.76 0.648 0 -0.762 0 1 0 0.762 0 0.648 6541.dat
1 7 -139.998 -64 -141.62 0.648 0 0.762 0 1 0 -0.762 0 0.648 3700.dat
1 7 -159.438 -64 -118.76 0.648 0 0.762 0 1 0 -0.762 0 0.648 6541.dat
1 7 50 -64 -330 0 0 -1 0 1 0 1 0 0 3700.dat
1 7 -50 -64 -330 0 0 -1 0 1 0 1 0 0 3700.dat
1 7 10 -34 360 0 -1 0 1 0 0 0 0 1 3701.dat
1 0 -190 -64 -90 0 0 -1 0 1 0 1 0 0 3700.dat
1 0 -190 -64 70 0 0 -1 0 1 0 1 0 0 3700.dat
1 0 190 -64 -90 0 0 -1 0 1 0 1 0 0 3700.dat
1 0 190 -64 70 0 0 -1 0 1 0 1 0 0 3700.dat
1 0 100 -14 -470 0 0 -1 0 1 0 1 0 0 3706.dat
1 0 -100 -14 -470 0 0 -1 0 1 0 1 0 0 3706.dat
1 1 150 -14 -470 0 0 -1 0 -1 0 -1 0 0 2738.dat
1 1 -150 -14 -470 0 0 1 0 -1 0 1 0 0 2738.dat
0 STEP
1 0 161.7 -64 -146.96 0.648 0 -0.762 0 1 0 0.762 0 0.648 3701.dat
1 0 -161.7 -64 -146.96 0.648 0 0.762 0 1 0 -0.762 0 0.648 3701.dat
1 7 -50 -64 240 0 0 -1 0 1 0 1 0 0 3040b.dat
1 7 50 -64 240 0 0 1 0 1 0 -1 0 0 3040b.dat
1 7 0 -64 380 1 0 0 0 1 0 0 0 1 3702.dat
1 7 100 -14 -515 -1 0 0 0 1 0 0 0 -1 4265b.dat
1 7 100 -14 -425 1 0 0 0 1 0 0 0 1 4265b.dat
1 7 -100 -14 -425 1 0 0 0 1 0 0 0 1 4265b.dat
1 7 -100 -14 -515 -1 0 0 0 1 0 0 0 -1 4265b.dat
1 0 0 -64 -420 1 0 0 0 1 0 0 0 1 3702.dat
1 0 0 -54 -430 0 0 1 0 1 0 -1 0 0 2780.dat
1 7 0 -64 -440 1 0 0 0 1 0 0 0 1 3701.dat
1 7 70 -64 90 0 0 1 0 1 0 -1 0 0 3703.dat
1 7 -70 -64 90 0 0 1 0 1 0 -1 0 0 3703.dat
1 7 80 -54 -10 1 0 0 0 1 0 0 0 1 8880 - step15sub1.ldr
1 0 -80 -54 -10 -1 0 0 0 1 0 0 0 -1 8880 - step15sub1.ldr
1 0 0 -54 310 1 0 0 0 1 0 0 0 1 8880 - step15sub2.ldr
1 15 0 -64 -240 -1 0 0 0 1 0 0 0 -1 3037.dat
0 STEP
1 15 210 -54 310 0 0 -1 0 -1 0 -1 0 0 6540b.dat
1 15 -210 -54 310 0 0 1 0 1 0 -1 0 0 6540b.dat
1 0 188 -44 240 0 0 1 -1 0 0 0 -1 0 6628.dat
1 0 -188 -44 240 0 0 1 -1 0 0 0 -1 0 6628.dat
1 7 226 -54 310 0 1 0 -1 0 0 0 0 1 2999.dat
1 7 -226 -54 310 0 -1 0 -1 0 0 0 0 -1 2999.dat
1 7 70 -72 380 1 0 0 0 1 0 0 0 1 3024.dat
1 7 -70 -72 380 1 0 0 0 1 0 0 0 1 3024.dat
1 7 50 -72 310 0 0 -1 0 1 0 1 0 0 3460.dat
1 7 -50 -72 310 0 0 -1 0 1 0 1 0 0 3460.dat
1 7 70 -72 230 0 0 -1 0 1 0 1 0 0 3023.dat
1 7 -70 -72 230 0 0 -1 0 1 0 1 0 0 3023.dat
1 7 -70 -72 170 0 0 -1 0 1 0 1 0 0 3023.dat
1 7 70 -72 170 0 0 -1 0 1 0 1 0 0 3023.dat
1 7 70 -72 10 0 0 -1 0 1 0 1 0 0 3023.dat
1 7 -70 -72 10 0 0 -1 0 1 0 1 0 0 3023.dat
1 0 70 -64 -230 0 0 -1 0 1 0 1 0 0 3703.dat
1 0 -70 -64 -230 0 0 -1 0 1 0 1 0 0 3703.dat
1 0 -60 -54 -170 1 0 0 0 1 0 0 0 1 2780.dat
1 0 -60 -54 -190 1 0 0 0 1 0 0 0 1 2780.dat
1 0 60 -54 -170 1 0 0 0 1 0 0 0 1 2780.dat
1 0 60 -54 -190 1 0 0 0 1 0 0 0 1 2780.dat
1 0 -60 -54 -270 1 0 0 0 1 0 0 0 1 2780.dat
1 0 60 -54 -270 1 0 0 0 1 0 0 0 1 2780.dat
1 15 -50 -64 -190 0 0 1 0 1 0 -1 0 0 2743.dat
1 15 50 -64 -190 0 0 1 0 1 0 -1 0 0 2743.dat
1 0 -50 -64 -500 0 0 1 0 1 0 -1 0 0 3040b.dat
1 0 50 -64 -500 0 0 -1 0 1 0 1 0 0 3040b.dat
1 7 0 -64 -500 1 0 0 0 1 0 0 0 1 3701.dat
1 0 -159.42 -54 -118.76 -0.762 0 0.648 0 1 0 -0.648 0 -0.762 6558.dat
1 0 159.42 -54 -118.76 0.762 0 0.648 0 1 0 -0.648 0 0.762 6558.dat
1 0 0 -54 380 0 0 1 0 1 0 -1 0 0 6558.dat
0 STEP
1 0 -10 -64 -530 0 0 -1 0 1 0 1 0 0 3700.dat
1 0 10 -64 -530 0 0 -1 0 1 0 1 0 0 3700.dat
1 7 -50 -80 240 0 0 -1 0 1 0 1 0 0 2420.dat
1 7 50 -80 240 1 0 0 0 1 0 0 0 1 2420.dat
1 7 -50 -80 380 -1 0 0 0 1 0 0 0 -1 2420.dat
1 7 50 -80 380 0 0 1 0 1 0 -1 0 0 2420.dat
1 0 190 -72 70 0 0 1 0 1 0 -1 0 0 3023.dat
1 0 -190 -72 70 0 0 1 0 1 0 -1 0 0 3023.dat
1 7 146.478 -72 -134 0.648 0 -0.762 0 1 0 0.762 0 0.648 3623.dat
1 7 -146.478 -72 -134 0.648 0 0.762 0 1 0 -0.762 0 0.648 3623.dat
1 0 50 -54 -330 1 0 0 0 1 0 0 0 1 6558.dat
1 0 -50 -54 -330 -1 0 0 0 1 0 0 0 -1 6558.dat
1 1 150 -94 310 0 0 -1 0 1 0 1 0 0 2738.dat
1 1 -150 -94 310 0 0 1 0 1 0 -1 0 0 2738.dat
1 0 100 -94 310 0 0 1 0 1 0 -1 0 0 4519.dat
1 0 -100 -94 310 0 0 1 0 1 0 -1 0 0 4519.dat
1 0 -71 -54 -130 1 0 0 0 1 0 0 0 1 4519.dat
1 7 -95 -54 -130 0 0 -1 0 1 0 1 0 0 4265b.dat
1 7 -47 -54 -130 0 0 1 0 1 0 -1 0 0 4265b.dat
0 STEP
1 0 160 -14 310 0 0 1 0 1 0 -1 0 0 3706.dat
1 0 -160 -14 310 0 0 1 0 1 0 -1 0 0 3706.dat
1 7 160 -14 275 0 1 0 1 0 0 0 0 -1 4265b.dat
1 7 160 -14 345 0 -1 0 1 0 0 0 0 1 4265b.dat
1 7 -160 -14 275 0 1 0 1 0 0 0 0 -1 4265b.dat
1 7 -160 -14 345 0 -1 0 1 0 0 0 0 1 4265b.dat
1 1 160 -54 281 0 0 1 1 0 0 0 1 0 2711.dat
1 1 160 -54 339 0 0 -1 1 0 0 0 -1 0 2711.dat
1 1 -160 -54 281 0 0 1 1 0 0 0 1 0 2711.dat
1 1 -160 -54 339 0 0 -1 1 0 0 0 -1 0 2711.dat
1 7 160 -94 341 0 0 1 0 -1 0 1 0 0 4274.dat
1 7 160 -94 279 0 0 -1 0 -1 0 -1 0 0 4274.dat
1 7 -160 -94 341 0 0 1 0 -1 0 1 0 0 4274.dat
1 7 -160 -94 279 0 0 -1 0 -1 0 -1 0 0 4274.dat
1 0 -180 -72 -110 0 0 -1 0 1 0 1 0 0 2430.dat
1 0 -180 -72 -110 -0.648 0 -0.762 0 1 0 0.762 0 -0.648 2429.dat
1 0 180 -72 -110 -0.648 0 0.762 0 1 0 -0.762 0 -0.648 2430.dat
1 0 180 -72 -110 0 0 1 0 1 0 -1 0 0 2429.dat
1 7 0 -104 240 1 0 0 0 1 0 0 0 1 3702.dat
1 7 0 -104 380 1 0 0 0 1 0 0 0 1 3702.dat
1 7 0 -112 240 1 0 0 0 1 0 0 0 1 3666.dat
1 7 0 -120 240 1 0 0 0 1 0 0 0 1 3023.dat
1 7 0 -144 240 1 0 0 0 1 0 0 0 1 3700.dat
1 0 0 -134 230 0 0 -1 0 1 0 1 0 0 2780.dat
1 0 0 -94 390 0 0 -1 0 1 0 1 0 0 2780.dat
1 0 0 -94 230 0 0 -1 0 1 0 1 0 0 2780.dat
1 0 -10 -72 -490 0 0 -1 0 1 0 1 0 0 3666.dat
1 0 10 -72 -490 0 0 -1 0 1 0 1 0 0 3666.dat
1 0 90 -72 -160 1 0 0 0 1 0 0 0 1 3623.dat
1 0 -90 -72 -160 1 0 0 0 1 0 0 0 1 3623.dat
1 0 70 -72 -120 0 0 -1 0 1 0 1 0 0 3623.dat
1 0 -70 -72 -120 0 0 -1 0 1 0 1 0 0 3623.dat
1 0 -70 -72 -40 0 0 -1 0 1 0 1 0 0 3623.dat
1 0 70 -72 -40 0 0 -1 0 1 0 1 0 0 3623.dat
1 0 70 -72 -370 0 0 -1 0 1 0 1 0 0 3023.dat
1 0 -70 -72 -370 0 0 -1 0 1 0 1 0 0 3023.dat
1 0 148.74 -72 -162.2 0.648 0 -0.762 0 1 0 0.762 0 0.648 3023.dat
1 0 -148.74 -72 -162.2 0.648 0 0.762 0 1 0 -0.762 0 0.648 3023.dat
1 15 -50 -72 -170 0 0 -1 0 1 0 1 0 0 3023.dat
1 15 50 -72 -170 0 0 -1 0 1 0 1 0 0 3023.dat
1 0 60 -72 -330 1 0 0 0 1 0 0 0 1 3022.dat
1 0 -60 -72 -330 1 0 0 0 1 0 0 0 1 3022.dat
1 7 -30 -34 -340 0 0 -1 -1 0 0 0 1 0 3701.dat
1 7 30 -34 -340 0 0 -1 -1 0 0 0 1 0 3701.dat
1 0 30 -14 -530 0 -1 0 0 0 -1 1 0 0 2825.dat
1 0 -30 -14 -530 0 1 0 0 0 -1 -1 0 0 2825.dat
0 STEP
1 14 120 -80 -150 -1 0 0 0 1 0 0 0 -1 2430.dat
1 14 119.425 -80 -150.382 -0.648 0 0.762 0 1 0 -0.762 0 -0.648 2429.dat
1 14 -120 -80 -150 -1 0 0 0 1 0 0 0 -1 2429.dat
1 14 -119.425 -80 -150.382 -0.648 0 -0.762 0 1 0 0.762 0 -0.648 2430.dat
1 0 180 -80 -110 0 0 1 0 1 0 -1 0 0 2429.dat
1 0 180 -80 -110 -0.648 0 0.762 0 1 0 -0.762 0 -0.648 2430.dat
1 0 -180 -80 -110 0 0 -1 0 1 0 1 0 0 2430.dat
1 0 -180 -80 -110 -0.648 0 -0.762 0 1 0 0.762 0 -0.648 2429.dat
1 0 -180 -80 90 0 0 -1 0 1 0 1 0 0 2429.dat
1 0 -180 -80 90 0.69 0 -0.724 0 1 0 0.724 0 0.69 2430.dat
1 0 180 -80 90 0.69 0 0.724 0 1 0 -0.724 0 0.69 2429.dat
1 0 180 -80 90 0 0 1 0 1 0 -1 0 0 2430.dat
1 0 70 -80 -360 0 0 -1 0 1 0 1 0 0 3623.dat
1 0 -70 -80 -360 0 0 -1 0 1 0 1 0 0 3623.dat
1 0 148.74 -80 -162.2 0.648 0 -0.762 0 1 0 0.762 0 0.648 3023.dat
1 0 -148.74 -80 -162.2 0.648 0 0.762 0 1 0 -0.762 0 0.648 3023.dat
1 0 -10 -80 -470 0 0 -1 0 1 0 1 0 0 3794a.dat
1 0 10 -80 -470 0 0 -1 0 1 0 1 0 0 3794a.dat
1 7 -10 -74 220 0 1 0 -1 0 0 0 0 1 3702.dat
1 0 0 -74 -530 1 0 0 0 1 0 0 0 1 3705.dat
1 7 35 -74 -530 0 0 1 0 1 0 -1 0 0 4265b.dat
1 7 -35 -74 -530 0 0 -1 0 1 0 1 0 0 4265b.dat
1 0 10 -154 400 0 -1 0 1 0 0 0 0 1 3895.dat
1 36 0 -74 410 0 0 1 1 0 0 0 1 0 3024.dat
1 7 160 -14 260 1 0 0 0 -1 0 0 0 -1 8880 - step19shock.ldr
1 7 160 -14 360 1 0 0 0 -1 0 0 0 -1 8880 - step19shock.ldr
1 7 -160 -14 360 -1 0 0 0 -1 0 0 0 1 8880 - step19shock.ldr
1 7 -160 -14 260 -1 0 0 0 -1 0 0 0 1 8880 - step19shock.ldr
0 STEP
1 0 90 -12 240 0 0 1 0 -1 0 1 0 0 2739a.dat
1 0 -90 -12 240 0 0 -1 0 -1 0 -1 0 0 2739a.dat
1 0 0 -104 -470 1 0 0 0 1 0 0 0 1 3895.dat
1 0 90 -80 -470 1 0 0 0 1 0 0 0 1 3623.dat
1 0 -90 -80 -470 1 0 0 0 1 0 0 0 1 3623.dat
1 7 0 -112 380 1 0 0 0 1 0 0 0 1 3666.dat
1 0 40 -94 -460 0 0 1 0 1 0 -1 0 0 3706.dat
1 0 -40 -94 -460 0 0 1 0 1 0 -1 0 0 3706.dat
1 0 60 -94 310 0 0 1 0 1 0 -1 0 0 3737.dat
1 0 -60 -94 310 0 0 1 0 1 0 -1 0 0 3737.dat
1 7 60 -94 225 -1 0 0 0 1 0 0 0 -1 4265b.dat
1 7 60 -94 395 1 0 0 0 1 0 0 0 1 4265b.dat
1 7 -60 -94 225 -1 0 0 0 1 0 0 0 -1 4265b.dat
1 7 -60 -94 395 1 0 0 0 1 0 0 0 1 4265b.dat
0 STEP
1 7 0 -54 90 1 0 0 0 1 0 0 0 1 8880 - step21.ldr
0 STEP
1 0 132.069 -104 154.827 0.69 0 0.724 0 1 0 -0.724 0 0.69 3702.dat
1 0 -132.069 -104 154.827 -0.69 0 0.724 0 1 0 -0.724 0 -0.69 3702.dat
1 0 90.689 -80 198.276 0.69 0 0.724 0 1 0 -0.724 0 0.69 4263.dat
1 0 -90.689 -80 198.276 -0.69 0 0.724 0 1 0 -0.724 0 -0.69 4263.dat
1 0 100 -94 -470 0 0 1 0 1 0 -1 0 0 4519.dat
1 1 150 -94 -470 0 0 -1 0 1 0 1 0 0 2738.dat
1 0 -100 -94 -470 0 0 1 0 1 0 -1 0 0 4519.dat
1 1 -150 -94 -470 0 0 1 0 1 0 -1 0 0 2738.dat
1 7 100 -94 -495 -1 0 0 0 1 0 0 0 -1 4265b.dat
1 7 -100 -94 -495 -1 0 0 0 1 0 0 0 -1 4265b.dat
1 7 -100 -94 -445 1 0 0 0 1 0 0 0 1 4265b.dat
1 7 100 -94 -445 1 0 0 0 1 0 0 0 1 4265b.dat
1 0 0 -72 -80 1 0 0 0 1 0 0 0 1 3460.dat
1 0 -30 -120 380 1 0 0 0 1 0 0 0 1 2420.dat
1 0 30 -120 380 0 0 -1 0 1 0 1 0 0 2420.dat
1 7 140 -94 -460 1 0 0 0 1 0 0 0 1 8880 - step22.ldr
1 7 -140 -94 -460 1 0 0 0 1 0 0 0 1 8880 - step22.ldr
0 STEP
1 1 140 -54 -478 0 0 1 1 0 0 0 1 0 2711.dat
1 1 -140 -54 -478 0 0 1 1 0 0 0 1 0 2711.dat
1 0 140 -54 -481 0 0 1 0 1 0 -1 0 0 3704.dat
1 7 80 -54 -470 0 0 1 1 0 0 0 1 0 2825.dat
1 0 -140 -54 -481 0 0 1 0 1 0 -1 0 0 3704.dat
1 7 -80 -54 -470 0 0 -1 -1 0 0 0 1 0 2825.dat
1 0 70 -80 -90 0 0 -1 0 1 0 1 0 0 3460.dat
1 0 -70 -80 -90 0 0 -1 0 1 0 1 0 0 3460.dat
1 0 151.8 -14 -112.28 0.762 0 0.648 0 1 0 -0.648 0 0.762 8880 - step23sub2.ldr
1 0 -151.8 -14 -112.28 -0.762 0 0.648 0 1 0 -0.648 0 -0.762 8880 - step23sub1.ldr
0 STEP
1 0 188 -64 -400 0 0 1 1 0 0 0 1 0 6628.dat
1 15 210 -54 -470 0 0 -1 0 1 0 1 0 0 6540b.dat
1 7 226 -54 -470 0 1 0 -1 0 0 0 0 1 2999.dat
1 15 -210 -54 -470 0 0 1 0 -1 0 1 0 0 6540b.dat
1 7 -226 -54 -470 0 -1 0 -1 0 0 0 0 -1 2999.dat
1 0 -188 -64 -400 0 0 1 1 0 0 0 1 0 6628.dat
1 7 202 -54 -470 0 -1 0 0.707 0 0.707 -0.707 0 0.707 2907.dat
1 0 231 -54 -470 -1 0 0 0 0.707 0.707 0 0.707 -0.707 3705.dat
1 0 -231 -54 -470 -1 0 0 0 -0.707 0.707 0 0.707 0.707 3705.dat
1 7 -202 -54 -470 0 -1 0 0.707 0 -0.707 0.707 0 0.707 2907.dat
1 7 -140 -94 -495 -1 0 0 0 1 0 0 0 -1 4265b.dat
1 7 140 -94 -495 -1 0 0 0 1 0 0 0 -1 4265b.dat
1 0 70 -104 -350 0 0 -1 0 1 0 1 0 0 3700.dat
1 0 -70 -104 -350 0 0 -1 0 1 0 1 0 0 3700.dat
1 0 70 -104 -380 0 0 -1 0 1 0 1 0 0 3005.dat
1 0 -70 -104 -380 0 0 -1 0 1 0 1 0 0 3005.dat
1 0 190 -104 -10 0 0 -1 0 1 0 1 0 0 2730.dat
1 0 -190 -104 -10 0 0 -1 0 1 0 1 0 0 2730.dat
1 0 -60 -94 -350 1 0 0 0 1 0 0 0 1 2780.dat
1 0 60 -94 -350 1 0 0 0 1 0 0 0 1 2780.dat
1 0 -180 -94 50 1 0 0 0 1 0 0 0 1 2780.dat
1 0 180 -94 50 1 0 0 0 1 0 0 0 1 2780.dat
1 0 90 -104 -160 -1 0 0 0 1 0 0 0 -1 3622.dat
1 0 -90 -104 -160 -1 0 0 0 1 0 0 0 -1 3622.dat
1 0 161.725 -104 -146.962 0.648 0 -0.762 0 1 0 0.762 0 0.648 8880 - step24sub2.ldr
1 0 -161.7 -104 -146.96 0.648 0 0.762 0 1 0 -0.762 0 0.648 8880 - step24sub1.ldr
1 0 70 -104 -40 0 0 -1 0 1 0 1 0 0 3622.dat
1 0 -70 -104 -40 0 0 -1 0 1 0 1 0 0 3622.dat
0 STEP
1 7 140 -14 -500 1 0 0 0 -1 0 0 0 -1 8880 - step19shock.ldr
1 7 140 -14 -440 1 0 0 0 -1 0 0 0 -1 8880 - step19shock.ldr
1 0 140 -14 -470 0 0.495 0.869 0 -0.869 0.495 1 0 0 3705.dat
1 7 -140 -14 -500 -1 0 0 0 -1 0 0 0 1 8880 - step19shock.ldr
1 7 -140 -14 -440 -1 0 0 0 -1 0 0 0 1 8880 - step19shock.ldr
1 0 -140 -14 -470 0 -0.495 0.869 0 -0.869 -0.495 1 0 0 3705.dat
1 0 170 -54 40 0 0 -1 -1 0 0 0 1 0 3894.dat
1 0 -170 -54 40 0 0 -1 -1 0 0 0 1 0 3894.dat
1 0 180.025 -112 -110.002 0 0 1 0 1 0 -1 0 0 2429.dat
1 0 180.025 -112 89.998 0 0 1 0 1 0 -1 0 0 2430.dat
1 0 180.025 -112 89.998 0.69 0 0.724 0 1 0 -0.724 0 0.69 2429.dat
1 0 180.025 -112 -110.002 -0.648 0 0.762 0 1 0 -0.762 0 -0.648 2430.dat
1 0 -180 -112 90 0 0 -1 0 1 0 1 0 0 2429.dat
1 0 -180 -112 -110 0 0 -1 0 1 0 1 0 0 2430.dat
1 0 -180 -112 -110 -0.648 0 -0.762 0 1 0 0.762 0 -0.648 2429.dat
1 0 -180 -112 90 0.69 0 -0.724 0 1 0 0.724 0 0.69 2430.dat
1 0 -119.975 -112 -149.998 -1 0 0 0 1 0 0 0 -1 2429.dat
1 0 -119.4 -112 -150.38 -0.648 0 -0.762 0 1 0 0.762 0 -0.648 2430.dat
1 0 120 -112 -150 -1 0 0 0 1 0 0 0 -1 2430.dat
1 0 119.425 -112 -150.382 -0.648 0 0.762 0 1 0 -0.762 0 -0.648 2429.dat
1 0 148.765 -112 -162.202 0.648 0 -0.762 0 1 0 0.762 0 0.648 3023.dat
1 0 -148.74 -112 -162.2 0.648 0 0.762 0 1 0 -0.762 0 0.648 3023.dat
1 0 70 -112 -90 0 0 -1 0 1 0 1 0 0 3460.dat
1 0 -70 -112 -90 0 0 -1 0 1 0 1 0 0 3460.dat
1 0 -50 -94 -130 1 0 0 0 1 0 0 0 1 8880 - step25.ldr
1 0 70 -112 -360 0 0 -1 0 1 0 1 0 0 3623.dat
1 0 -70 -112 -360 0 0 -1 0 1 0 1 0 0 3623.dat
0 STEP
1 7 40 -94 -515 -1 0 0 0 1 0 0 0 -1 4265b.dat
1 7 -40 -94 -515 -1 0 0 0 1 0 0 0 -1 4265b.dat
1 0 0 -94 -430 1 0 0 0 1 0 0 0 1 8880 - step26sub1.ldr
1 0 70 -120 -160 1 0 0 0 1 0 0 0 1 2420.dat
1 0 -70 -120 -160 0 0 -1 0 1 0 1 0 0 2420.dat
1 0 70 -120 -90 0 0 -1 0 1 0 1 0 0 3710.dat
1 0 -70 -120 -90 0 0 -1 0 1 0 1 0 0 3710.dat
1 8 2 -52 -400 -1 0 0 0 1 0 0 0 -1 8880 - step26sub2.ldr
1 0 -60 -120 -10 0 0 -1 0 1 0 1 0 0 2429.dat
1 0 -60 -120 -10 0.166 0 -0.986 0 1 0 0.986 0 0.166 2430.dat
1 0 60 -120 -10 0.166 0 0.986 0 1 0 -0.986 0 0.166 2429.dat
1 0 60 -120 -10 0 0 1 0 1 0 -1 0 0 2430.dat
1 0 40 -120 230 -0.166 0 -0.986 0 1 0 0.986 0 -0.166 2429.dat
1 0 40 -120 230 0 0 -1 0 1 0 1 0 0 2430.dat
1 0 -40 -120 230 0 0 1 0 1 0 -1 0 0 2429.dat
1 0 -40 -120 230 -0.166 0 0.986 0 1 0 -0.986 0 -0.166 2430.dat
1 0 70 -144 -20 0 0 -1 0 1 0 1 0 0 6541.dat
1 0 -70 -144 -20 0 0 -1 0 1 0 1 0 0 6541.dat
1 0 50 -144 110 -0.166 0 -0.986 0 1 0 0.986 0 -0.166 3895.dat
1 0 -50 -144 110 0.166 0 -0.986 0 1 0 0.986 0 0.166 3895.dat
1 0 -70 -120 -350 0 0 -1 0 1 0 1 0 0 3710.dat
1 0 70 -120 -350 0 0 -1 0 1 0 1 0 0 3710.dat
0 STEP
1 0 70 -144 -190 0 0 1 0 1 0 -1 0 0 3703.dat
1 0 -70 -144 -190 0 0 1 0 1 0 -1 0 0 3703.dat
1 0 -50 -134 -330 1 0 0 0 1 0 0 0 1 6558.dat
1 0 50 -134 -330 -1 0 0 0 1 0 0 0 -1 6558.dat
1 0 -50 -134 -50 -1 0 0 0 1 0 0 0 -1 6558.dat
1 0 50 -134 -50 1 0 0 0 1 0 0 0 1 6558.dat
1 0 60 -134 -110 1 0 0 0 1 0 0 0 1 2780.dat
1 0 -60 -134 -110 1 0 0 0 1 0 0 0 1 2780.dat
1 7 -60 -134 -210 1 0 0 0 1 0 0 0 1 3749.dat
1 0 -70 -152 -210 0 0 1 0 1 0 -1 0 0 3069b.dat
1 0 -70 -152 -210 -1 0 0 0 1 0 0 0 -1 168315f.dat
1 0 -50 -114 -340 0 0 -1 -0.6 0.8 0 0.8 0.6 0 3894.dat
1 0 50 -114 -340 0 0 -1 -0.6 0.8 0 0.8 0.6 0 3894.dat
1 0 -30 -144 330 0 0 1 0 1 0 -1 0 0 2730.dat
1 0 -40 -152 230 0 0 1 0 1 0 -1 0 0 2429.dat
1 0 -40 -152 230 -0.166 0 0.986 0 1 0 -0.986 0 -0.166 2430.dat
1 7 -40 -94 -405 1 0 0 0 1 0 0 0 1 4265b.dat
1 7 40 -94 -405 1 0 0 0 1 0 0 0 1 4265b.dat
1 7 0 -94 -350 1 0 0 0 1 0 0 0 1 8880 - step27.ldr
1 7 0 -94 -485 -1 0 0 0 1 0 0 0 -1 8880 - 6577.dat
0 STEP
1 7 -45 -134 -210 0 0 1 0 1 0 -1 0 0 4265b.dat
1 0 70 -144 -360 1 0 0 0 1 0 0 0 1 3040b.dat
1 0 -70 -144 -360 1 0 0 0 1 0 0 0 1 3040b.dat
1 0 60 -152 -10 0 0 1 0 1 0 -1 0 0 2430.dat
1 0 -60 -152 -10 0 0 -1 0 1 0 1 0 0 2429.dat
1 0 -60 -152 -10 0.166 0 -0.986 0 1 0 0.986 0 0.166 2430.dat
1 0 60 -152 -10 0.166 0 0.986 0 1 0 -0.986 0 0.166 2429.dat
1 0 -50 -174.831 -104.273 0 0 -1 -0.927 0.375 0 0.375 0.927 0 3894.dat
1 0 50 -156.29 -111.772 0 0 -1 -0.927 0.375 0 0.375 0.927 0 3702.dat
1 0 -40 -208.164 -80.006 1 0 0 0 0.927 0.375 0 -0.375 0.927 2780.dat
1 0 40 -208.164 -80.006 1 0 0 0 0.927 0.375 0 -0.375 0.927 2780.dat
1 0 -40 -54 -270 1 0 0 0 0.6 0.8 0 -0.8 0.6 8880 - step28sub1.ldr
1 7 20 -134 350 1 0 0 0 0.965 0.262 0 -0.262 0.965 8880 - step28sub2.ldr
0 STEP
1 0 40 -54 -270 1 0 0 0 0.6 0.8 0 -0.8 0.6 8880 - step29sub1.ldr
1 0 30 -144 330 0 0 1 0 1 0 -1 0 0 2730.dat
1 0 -30 -193.372 -63.225 0 0 1 -0.927 0.375 0 -0.375 -0.927 0 3702.dat
1 7 -20 -245.246 -94.992 1 0 0 0 1 0 0 0 1 3673.dat
1 0 -10 -255.246 -74.992 0 0 -1 0 1 0 1 0 0 3701.dat
1 7 -20 -245.246 -54.992 1 0 0 0 1 0 0 0 1 3673.dat
0 STEP
1 0 30 -193.372 -63.225 0 0 1 -0.927 0.375 0 -0.375 -0.927 0 3702.dat
1 7 20 -245.246 -94.992 1 0 0 0 1 0 0 0 1 3673.dat
1 0 10 -255.246 -74.992 0 0 -1 0 1 0 1 0 0 3701.dat
1 7 20 -245.246 -54.992 1 0 0 0 1 0 0 0 1 3673.dat
1 0 40 -152 230 0 0 -1 0 1 0 1 0 0 2430.dat
1 0 40 -152 230 -0.166 0 -0.986 0 1 0 0.986 0 -0.166 2429.dat
1 0 0 -124 -310 1 0 0 0 0.6 0.8 0 -0.8 0.6 8880 - step30.ldr
1 7 -50 -146.748 -141.52 0 0 -1 -0.927 0.375 0 0.375 0.927 0 3048b.dat
1 7 50 -146.748 -141.52 0 0 1 0.927 0.375 0 -0.375 0.927 0 3048b.dat
0 STEP
1 0 0 -263.246 -74.992 1 0 0 0 1 0 0 0 1 3022.dat
1 0 0 -124.8 -285.6 0 0 -1 -0.6 0.8 0 0.8 0.6 0 8880 - step31sub3.ldr
1 0 0 -126.202 -550 1 0 0 0 0.923 -0.386 0 0.386 0.923 8880 - step31sub1.ldr
1 0 0 -120 0 1 0 0 0 1 0 0 0 1 8880 - step31sub2.ldr
0 STEP
1 0 30 -217.035 82.409 0 0 1 -0.262 0.965 0 -0.965 -0.262 0 3703.dat
1 0 -30 -217.035 82.409 0 0 1 -0.262 0.965 0 -0.965 -0.262 0 3703.dat
1 0 0 -152 430 1 0 0 0 1 0 0 0 1 8880 - step32.ldr
1 0 0 -150.4 -304.8 0 0 -1 -0.6 0.8 0 0.8 0.6 0 8880 - step32sub1.ldr
0 STEP
1 0 50 -166 -354 1 0 0 0 0.98 -0.199 0 0.199 0.98 8880 - step33sub1.ldr
1 0 -50 -166 -354 1 0 0 0 0.98 -0.199 0 0.199 0.98 8880 - step33sub2.ldr
1 15 0 -48 -140 1 0 0 0 1 0 0 0 1 8880 - step33sub3.ldr
1 0 0 -184.8 -345.6 -1 0 0 0 0.6 -0.8 0 -0.8 -0.6 3710.dat
1 7 0 -149.2 -276.4 -1 0 0 0 0.6 -0.8 0 -0.8 -0.6 2741.dat
1 0 0 -254 400 0 0 -1 0 1 0 1 0 0 3705.dat
1 7 0 -254 435 1 0 0 0 1 0 0 0 1 8880 - 6577.dat
1 7 0 -254 365 -1 0 0 0 1 0 0 0 -1 8880 - 6577.dat
0 STEP
1 15 251 -54 310 0 0 -1 1 0 0 0 -1 0 2998.dat
1 15 251 -54 -470 0 0 -1 1 0 0 0 -1 0 2998.dat
1 15 -251 -54 310 0 0 1 1 0 0 0 1 0 2998.dat
1 15 -251 -54 -470 0 0 1 1 0 0 0 1 0 2998.dat
1 256 -251 -54 310 0 0 1 1 0 0 0 1 0 2997.dat
1 256 -251 -54 -470 0 0 1 1 0 0 0 1 0 2997.dat
1 256 251 -54 310 0 0 1 1 0 0 0 1 0 2997.dat
1 256 251 -54 -470 0 0 1 1 0 0 0 1 0 2997.dat
1 0 0 -272 430 1 0 0 0 1 0 0 0 1 4282.dat
1 7 261 -54 -470 0 0 -1 0.707 -0.707 0 -0.707 -0.707 0 3713.dat
1 7 -261 -54 -470 0 0 1 0.707 -0.707 0 0.707 0.707 0 3713.dat







0 FILE 8880 - step4.ldr
0 step4
0 Author: Orion Pobursky [OrionP]
0 !LDRAW_ORG Model
0 !LICENSE Redistributable under CCAL version 2.0 : see CAreadme.txt
0 !THEME Technic
0 Name: 8880 - step4.ldr
1 7 0 0 0 1 0 0 0 1 0 0 0 1 6538a.dat
1 0 0 0 -30 0 0 -1 0 1 0 1 0 0 4519.dat
1 0 0 0 40 0 0 -1 0 1 0 1 0 0 3705.dat
0 STEP
1 7 0 0 0 1 0 0 0 1 0 0 0 1 6539.dat
0 STEP
1 0 0 0 30 -1 0 0 0 1 0 0 0 -1 6542a.dat
1 0 0 0 -30 1 0 0 0 1 0 0 0 1 6542a.dat
0 STEP
1 7 0 -10 -50 1 0 0 0 1 0 0 0 1 3700.dat
1 7 0 -10 50 1 0 0 0 1 0 0 0 1 3700.dat
0 STEP
1 7 0 0 80 1 0 0 0 1 0 0 0 1 6538a.dat
1 0 0 0 140 0 0 -1 0 1 0 1 0 0 3706.dat
1 7 -20 -10 130 1 0 0 0 1 0 0 0 1 3701.dat
1 7 0 0 150 1 0 0 0 1 0 0 0 1 3647.dat




0 FILE 8880 - step5sub1.ldr
0 step5sub1
0 Author: Orion Pobursky [OrionP]
0 !LDRAW_ORG Model
0 !LICENSE Redistributable under CCAL version 2.0 : see CAreadme.txt
0 !THEME Technic
0 Name: 8880 - step5sub1.ldr
1 0 0 0 0 0 0 -1 0 1 0 1 0 0 3895.dat
1 0 0 24 -120 0 0 -1 0 1 0 1 0 0 4477.dat




0 FILE 8880 - step5sub2.ldr
0 step5sub2
0 Author: Orion Pobursky [OrionP]
0 !LDRAW_ORG Model
0 !LICENSE Redistributable under CCAL version 2.0 : see CAreadme.txt
0 !THEME Technic
0 Name: 8880 - step5sub2.ldr
1 0 0 0 0 0 0 -1 0 1 0 1 0 0 3737.dat
1 7 0 0 -90 0 1 0 0 0 1 1 0 0 6553.dat
1 7 0 0 -70 0 1 0 -1 0 0 0 0 1 3713.dat
1 7 0 0 -50 0 1 0 0 0 1 1 0 0 6553.dat
1 7 0 0 -30 0 1 0 -1 0 0 0 0 1 3713.dat
1 7 0 0 -10 0 1 0 0 0 1 1 0 0 6553.dat
1 7 0 0 10 0 1 0 -1 0 0 0 0 1 3713.dat
1 7 0 0 30 0 1 0 0 0 1 1 0 0 6553.dat
1 7 0 0 45 0 1 0 -1 0 0 0 0 1 4265b.dat
1 7 45 0 -90 0 0 1 -1 0 0 0 -1 0 4265b.dat




0 FILE 8880 - step5sub3.ldr
0 step5sub3
0 Author: Orion Pobursky [OrionP]
0 !LDRAW_ORG Model
0 !LICENSE Redistributable under CCAL version 2.0 : see CAreadme.txt
0 !THEME Technic
0 Name: 8880 - step5sub3.ldr
1 0 0 0 0 0 0 -1 0 1 0 1 0 0 3895.dat
1 0 10 24 180 0 0 -1 0 1 0 1 0 0 3832.dat
1 0 10 10 -100 1 0 0 0 1 0 0 0 1 2780.dat
0 STEP
1 0 -30 10 70 1 0 0 0 1 0 0 0 1 8880 - step5sub2.ldr
1 0 20 -50 -110 0 0 -1 -1 0 0 0 1 0 3702.dat




0 FILE 8880 - step5sub4.ldr
0 step5sub4
0 Author: Orion Pobursky [OrionP]
0 !LDRAW_ORG Model
0 !LICENSE Redistributable under CCAL version 2.0 : see CAreadme.txt
0 !THEME Technic
0 Name: 8880 - step5sub4.ldr
1 0 0 0 0 0 0 1 0 1 0 -1 0 0 3895.dat
1 0 -10 24 180 0 0 1 0 1 0 -1 0 0 3832.dat
1 0 -10 10 -100 1 0 0 0 1 0 0 0 1 2780.dat
0 STEP
1 0 30 10 70 -1 0 0 0 -1 0 0 0 1 8880 - step5sub2.ldr
1 0 -20 -50 -110 0 0 1 1 0 0 0 1 0 3702.dat




0 FILE 8880 - step6sub1.ldr
0 step6sub1
0 Author: Orion Pobursky [OrionP]
0 !LDRAW_ORG Model
0 !LICENSE Redistributable under CCAL version 2.0 : see CAreadme.txt
0 !THEME Technic
0 Name: 8880 - step6sub1.ldr
1 0 0 0 0 1 0 0 0 1 0 0 0 1 3895.dat
1 0 -20 10 20 0 0 -1 0 1 0 1 0 0 6558.dat
1 0 20 10 20 0 0 -1 0 1 0 1 0 0 6558.dat
1 0 0 0 20 1 0 0 0 1 0 0 0 1 3702.dat
1 15 0 20 40 -1 0 0 0 -1 0 0 0 1 3701.dat




0 FILE 8880 - step6sub2.ldr
0 step6sub2
0 Author: Orion Pobursky [OrionP]
0 !LDRAW_ORG Model
0 !LICENSE Redistributable under CCAL version 2.0 : see CAreadme.txt
0 !THEME Technic
0 Name: 8880 - step6sub2.ldr
1 0 0 0 0 1 0 0 0 1 0 0 0 1 3710.dat
1 0 -170 0 0 0 0 1 0 1 0 -1 0 0 2420.dat
1 0 170 0 0 -1 0 0 0 1 0 0 0 -1 2420.dat
0 STEP
1 0 -80 -24 0 1 0 0 0 1 0 0 0 1 3702.dat
1 0 80 -24 0 1 0 0 0 1 0 0 0 1 3702.dat
1 0 60 -24 30 0 0 1 0 1 0 -1 0 0 4730.dat
1 0 -60 -24 30 0 0 1 0 1 0 -1 0 0 4730.dat
1 0 -20 -14 10 0 0 1 0 1 0 -1 0 0 3707.dat
1 7 -20 -14 -70 1 0 0 0 1 0 0 0 1 6538a.dat
1 0 -20 -14 -130 0 0 1 0 1 0 -1 0 0 3706.dat
1 7 -20 -14 -160 1 0 0 0 1 0 0 0 1 3647.dat




0 FILE 8880 - step7sub1.ldr
0 step7sub1
0 Author: Orion Pobursky [OrionP]
0 !LDRAW_ORG Model
0 !LICENSE Redistributable under CCAL version 2.0 : see CAreadme.txt
0 !THEME Technic
0 Name: 8880 - step7sub1.ldr
1 0 0 0 0 0 1 0 -1 0 0 0 0 1 6549.dat
1 1 -11 -40 0 0 -1 0 -1 0 0 0 0 -1 2711.dat
1 7 -49 0 0 0 1 0 0 0 -1 -1 0 0 2825.dat




0 FILE 8880 - step7sub2.ldr
0 step7sub2
0 Author: Orion Pobursky [OrionP]
0 !LDRAW_ORG Model
0 !LICENSE Redistributable under CCAL version 2.0 : see CAreadme.txt
0 !THEME Technic
0 Name: 8880 - step7sub2.ldr
1 0 0 0 0 1 0 0 0 1 0 0 0 1 3702.dat
1 0 0 10 -10 0 0 -1 0 1 0 1 0 0 2780.dat
1 0 -60 10 10 0 0 -1 0 1 0 1 0 0 2780.dat
1 0 60 10 10 0 0 -1 0 1 0 1 0 0 2780.dat
1 0 -80 0 20 1 0 0 0 1 0 0 0 1 3701.dat
1 0 80 0 20 1 0 0 0 1 0 0 0 1 3701.dat




0 FILE 8880 - step7sub3.ldr
0 step7sub3
0 Author: Orion Pobursky [OrionP]
0 !LDRAW_ORG Model
0 !LICENSE Redistributable under CCAL version 2.0 : see CAreadme.txt
0 !THEME Technic
0 Name: 8880 - step7sub3.ldr
1 0 0 0 0 -0.762 0 0.648 0 1 0 -0.648 0 -0.762 2429.dat
1 0 0 0 0 -1 0 0 0 1 0 0 0 -1 2430.dat
1 0 36.954 -24 18.287 -0.762 0 0.648 0 1 0 -0.648 0 -0.762 3701.dat
1 0 52.193 0 31.24 -0.762 0 0.648 0 1 0 -0.648 0 -0.762 3023.dat
1 0 8.762 -14 20.572 -0.648 0 -0.762 0 1 0 0.762 0 -0.648 6558.dat
1 0 30.477 -14 25.906 -0.648 0 -0.762 0 1 0 0.762 0 -0.648 2780.dat
1 0 45.716 -14 38.859 -0.648 0 -0.762 0 1 0 0.762 0 -0.648 2780.dat




0 FILE 8880 - step7sub4.ldr
0 step7sub4
0 Author: Orion Pobursky [OrionP]
0 !LDRAW_ORG Model
0 !LICENSE Redistributable under CCAL version 2.0 : see CAreadme.txt
0 !THEME Technic
0 Name: 8880 - step7sub4.ldr
1 0 -36.954 -24 18.287 -0.762 0 -0.648 0 1 0 0.648 0 -0.762 3701.dat
1 0 -52.193 0 31.24 -0.762 0 -0.648 0 1 0 0.648 0 -0.762 3023.dat
1 0 -8.762 -14 20.572 0.648 0 -0.762 0 1 0 0.762 0 0.648 6558.dat
1 0 -30.477 -14 25.906 -0.648 0 0.762 0 1 0 -0.762 0 -0.648 2780.dat
1 0 -45.716 -14 38.859 -0.648 0 0.762 0 1 0 -0.762 0 -0.648 2780.dat
1 0 0 0 0 -1 0 0 0 1 0 0 0 -1 2429.dat
1 0 0 0 0 -0.762 0 -0.648 0 1 0 0.648 0 -0.762 2430.dat




0 FILE 8880 - step8sub1.ldr
0 step8sub1
0 Author: Orion Pobursky [OrionP]
0 !LDRAW_ORG Model
0 !LICENSE Redistributable under CCAL version 2.0 : see CAreadme.txt
0 !THEME Technic
0 Name: 8880 - step8sub1.ldr
1 0 0 0 0 0 0 -1 0 1 0 1 0 0 3705.dat
1 1 -40 0 -15 -1 0 0 0 0 1 0 1 0 2905.dat
1 1 -40 0 15 -1 0 0 0 0 1 0 1 0 2905.dat




0 FILE 8880 - step8sub2.ldr
0 step8sub2
0 Author: Orion Pobursky [OrionP]
0 !LDRAW_ORG Model
0 !LICENSE Redistributable under CCAL version 2.0 : see CAreadme.txt
0 !THEME Technic
0 Name: 8880 - step8sub2.ldr
1 0 0 0 0 0 0 -1 0 1 0 1 0 0 3895.dat
1 0 10 10 100 1 0 0 0 1 0 0 0 1 2780.dat
1 0 10 10 80 1 0 0 0 1 0 0 0 1 2780.dat
1 0 10 10 40 1 0 0 0 1 0 0 0 1 2780.dat
1 0 20 0 140 0 0 -1 0 1 0 1 0 0 3702.dat
0 STEP
1 0 10 24 110 0 0 -1 0 1 0 1 0 0 3021.dat
0 STEP
1 0 0 0 130 -1 0 0 0 1 0 0 0 -1 4287a.dat




0 FILE 8880 - step8sub3.ldr
0 step8sub3
0 Author: Orion Pobursky [OrionP]
0 !LDRAW_ORG Model
0 !LICENSE Redistributable under CCAL version 2.0 : see CAreadme.txt
0 !THEME Technic
0 Name: 8880 - step8sub3.ldr
1 0 0 0 0 0 0 1 0 1 0 -1 0 0 3895.dat
1 0 -10 10 100 1 0 0 0 1 0 0 0 1 2780.dat
1 0 -10 10 80 1 0 0 0 1 0 0 0 1 2780.dat
1 0 -10 10 40 1 0 0 0 1 0 0 0 1 2780.dat
1 0 -20 0 140 0 0 1 0 1 0 -1 0 0 3702.dat
0 STEP
1 0 -10 24 110 0 0 1 0 1 0 -1 0 0 3021.dat
0 STEP
1 0 0 0 130 -1 0 0 0 1 0 0 0 -1 4287a.dat




0 FILE 8880 - step9.ldr
0 step9
0 Author: Orion Pobursky [OrionP]
0 !LDRAW_ORG Model
0 !LICENSE Redistributable under CCAL version 2.0 : see CAreadme.txt
0 !THEME Technic
0 Name: 8880 - step9.ldr
1 0 0 0 0 1 0 0 0 1 0 0 0 1 3706.dat
1 7 30 0 0 0 0 1 0 1 0 -1 0 0 4019.dat
1 0 50 -10 0 0 0 1 0 1 0 -1 0 0 6541.dat
1 0 -50 -10 0 0 0 1 0 1 0 -1 0 0 6541.dat
1 7 -37 0 0 0 0 -1 0 1 0 1 0 0 4143.dat




0 FILE 8880 - step10sub1.ldr
0 step10sub1
0 Author: Orion Pobursky [OrionP]
0 !LDRAW_ORG Model
0 !LICENSE Redistributable under CCAL version 2.0 : see CAreadme.txt
0 !THEME Technic
0 Name: 8880 - step10sub1.ldr
1 0 0 0 0 0 0 -1 0 1 0 1 0 0 3832.dat
1 15 0 -24 30 1 0 0 0 1 0 0 0 1 3700.dat
1 15 0 -24 50 1 0 0 0 1 0 0 0 1 3700.dat
1 0 0 0 -120 1 0 0 0 1 0 0 0 1 3022.dat
1 0 0 0 -160 1 0 0 0 1 0 0 0 1 3795.dat
0 STEP
1 0 -10 -24 -120 0 0 -1 0 1 0 1 0 0 3895.dat
1 0 0 -14 -200 1 0 0 0 1 0 0 0 1 2780.dat
1 0 0 -14 -60 1 0 0 0 1 0 0 0 1 2780.dat
1 0 10 -24 -120 0 0 -1 0 1 0 1 0 0 3895.dat
1 7 20 -14 -220 1 0 0 0 1 0 0 0 1 3749.dat
1 7 20 -14 -40 1 0 0 0 1 0 0 0 1 3749.dat
1 7 20 -14 -20 1 0 0 0 1 0 0 0 1 3749.dat
1 7 -20 -14 -20 -1 0 0 0 1 0 0 0 -1 3749.dat
1 7 -20 -14 -40 -1 0 0 0 1 0 0 0 -1 3749.dat
1 7 -20 -14 -220 -1 0 0 0 1 0 0 0 -1 3749.dat




0 FILE 8880 - step10sub2.ldr
0 step10sub2
0 Author: Orion Pobursky [OrionP]
0 !LDRAW_ORG Model
0 !LICENSE Redistributable under CCAL version 2.0 : see CAreadme.txt
0 !THEME Technic
0 Name: 8880 - step10sub2.ldr
1 0 0 0 0 0 0 -1 0 1 0 1 0 0 3706.dat
1 1 50 0 0 0 0 -1 0 -1 0 -1 0 0 2738.dat
0 STEP
1 1 0 -40 -25 0 0 -1 1 0 0 0 -1 0 2905.dat
1 1 0 -40 25 0 0 -1 1 0 0 0 -1 0 2905.dat
1 7 0 -60 20 1 0 0 0 0 1 0 -1 0 2420.dat
1 7 0 -60 -20 0 0 1 1 0 0 0 1 0 2420.dat
0 STEP
1 7 0 0 -35 0 1 0 1 0 0 0 0 -1 4265b.dat
1 7 0 0 35 0 -1 0 1 0 0 0 0 1 4265b.dat




0 FILE 8880 - step11.ldr
0 step11
0 Author: Orion Pobursky [OrionP]
0 !LDRAW_ORG Model
0 !LICENSE Redistributable under CCAL version 2.0 : see CAreadme.txt
0 !THEME Technic
0 Name: 8880 - step11.ldr
1 0 0 0 0 1 0 0 0 1 0 0 0 1 3702.dat
1 0 0 10 -10 0 0 -1 0 1 0 1 0 0 2780.dat
1 0 -60 10 -10 0 0 -1 0 1 0 1 0 0 2780.dat
1 0 60 10 -10 0 0 -1 0 1 0 1 0 0 2780.dat
1 0 -80 0 -20 1 0 0 0 1 0 0 0 1 3701.dat
1 0 80 0 -20 1 0 0 0 1 0 0 0 1 3701.dat
1 7 -40 10 10 0 0 -1 0 1 0 1 0 0 3749.dat
1 7 40 10 10 0 0 -1 0 1 0 1 0 0 3749.dat




0 FILE 8880 - step12sub1.ldr
0 step12sub1
0 Author: Orion Pobursky [OrionP]
0 !LDRAW_ORG Model
0 !LICENSE Redistributable under CCAL version 2.0 : see CAreadme.txt
0 !THEME Technic
0 Name: 8880 - step12sub1.ldr
1 7 0 0 0 1 0 0 0 1 0 0 0 1 2719.dat
1 7 -90 8 0 0 1 0 -1 0 0 0 0 1 2736.dat
1 7 90 8 0 0 1 0 -1 0 0 0 0 1 2736.dat
1 7 -90 -5 0 0 1 0 0 0 -1 -1 0 0 4265b.dat
1 7 90 -5 0 0 1 0 0 0 -1 -1 0 0 4265b.dat




0 FILE 8880 - step12sub2.ldr
0 step12sub2
0 Author: Orion Pobursky [OrionP]
0 !LDRAW_ORG Model
0 !LICENSE Redistributable under CCAL version 2.0 : see CAreadme.txt
0 !THEME Technic
0 Name: 8880 - step12sub2.ldr
1 0 0 0 0 0 0 -1 0 1 0 1 0 0 3021.dat
0 STEP
1 0 60 -8 -30 1 0 0 0 1 0 0 0 1 3738.dat
1 0 60 -8 10 1 0 0 0 1 0 0 0 1 3738.dat
0 STEP
1 0 -20 -16 10 -1 0 0 0 1 0 0 0 -1 2444.dat
1 0 -40 -6 10 -1 0 0 0 1 0 0 0 -1 2780.dat
1 0 10 -16 -20 0 0 -1 0 1 0 1 0 0 2420.dat
1 14 130 -16 -10 0 0 -1 0 1 0 1 0 0 3666.dat
0 STEP
1 0 -10 -24 0 1 0 0 0 1 0 0 0 1 3623.dat
1 0 60 -24 50 0 0 1 0 1 0 -1 0 0 3934.dat
0 STEP
1 0 130 -48 10 0 0 1 0 1 0 -1 0 0 2744.dat
1 0 130 -48 60 -1 0 0 0 1 0 0 0 -1 3665a.dat
1 0 130 -56 50 0 0 -1 0 1 0 1 0 0 2431.dat




0 FILE 8880 - step12sub3.ldr
0 step12sub3
0 Author: Orion Pobursky [OrionP]
0 !LDRAW_ORG Model
0 !LICENSE Redistributable under CCAL version 2.0 : see CAreadme.txt
0 !THEME Technic
0 Name: 8880 - step12sub3.ldr
1 0 0 0 0 0 0 1 0 1 0 -1 0 0 3021.dat
0 STEP
1 0 -60 -8 -30 1 0 0 0 1 0 0 0 1 3738.dat
1 0 -60 -8 10 1 0 0 0 1 0 0 0 1 3738.dat
0 STEP
1 0 20 -16 10 -1 0 0 0 1 0 0 0 -1 2444.dat
1 0 40 -6 10 -1 0 0 0 1 0 0 0 -1 2780.dat
1 0 -10 -16 -20 1 0 0 0 1 0 0 0 1 2420.dat
1 14 -130 -16 -10 0 0 1 0 1 0 -1 0 0 3666.dat
0 STEP
1 0 10 -24 0 1 0 0 0 1 0 0 0 1 3623.dat
1 0 -60 -24 50 0 0 -1 0 1 0 1 0 0 3933.dat
0 STEP
1 0 -130 -48 10 0 0 1 0 1 0 -1 0 0 2744.dat
1 0 -130 -48 60 -1 0 0 0 1 0 0 0 -1 3665a.dat
1 0 -130 -56 50 0 0 1 0 1 0 -1 0 0 2431.dat




0 FILE 8880 - step14sub1.ldr
0 step14sub1
0 Author: Orion Pobursky [OrionP]
0 !LDRAW_ORG Model
0 !LICENSE Redistributable under CCAL version 2.0 : see CAreadme.txt
0 !THEME Technic
0 Name: 8880 - step14sub1.ldr
1 7 0 0 0 1 0 0 0 1 0 0 0 1 3700.dat
1 0 0 10 10 0 0 -1 0 1 0 1 0 0 2780.dat




0 FILE 8880 - step14sub2.ldr
0 step14sub2
0 Author: Orion Pobursky [OrionP]
0 !LDRAW_ORG Model
0 !LICENSE Redistributable under CCAL version 2.0 : see CAreadme.txt
0 !THEME Technic
0 Name: 8880 - step14sub2.ldr
1 0 -60 0 0 1 0 0 0 1 0 0 0 1 3666.dat
1 0 60 0 0 1 0 0 0 1 0 0 0 1 3666.dat
0 STEP
1 0 0 -8 0 1 0 0 0 1 0 0 0 1 3666.dat
1 0 0 -16 0 1 0 0 0 1 0 0 0 1 3666.dat
0 STEP
1 7 0 -24 0 1 0 0 0 1 0 0 0 1 2431.dat
0 STEP
1 0 -100 8 0 1 0 0 0 1 0 0 0 1 3023.dat
1 0 100 8 0 1 0 0 0 1 0 0 0 1 3023.dat
1 7 -100 16 0 1 0 0 0 1 0 0 0 1 3700.dat
1 7 100 16 0 1 0 0 0 1 0 0 0 1 3700.dat




0 FILE 8880 - step15sub1.ldr
0 step15sub1
0 Author: Orion Pobursky [OrionP]
0 !LDRAW_ORG Model
0 !LICENSE Redistributable under CCAL version 2.0 : see CAreadme.txt
0 !THEME Technic
0 Name: 8880 - step15sub1.ldr
1 7 0 0 0 1 0 0 0 1 0 0 0 1 3749.dat
