0 FILE 9390 - Main.ldr
0 Main
0 Name: 9390 - Main.ldr
0 Author: Oh-Seong KWON
0 !LDRAW_ORG Model
0 !LICENSE Redistributable under CCAL version 2.0 : see CAreadme.txt

0 !HISTORY 2019-03-09 [technicbasics] Build .mpd and OMRize file

0 ROTATION CENTER 0 0 0 1 "Custom"
0 ROTATION CONFIG 0 0
1 0 0 0 0 1 0 0 0 1 0 0 0 1 9390 - 9390-1.L3B.ldr




0 FILE 9390 - 9390-1.L3B.ldr
0 9390-1.L3B
0 Name: 9390 - 9390-1.L3B.ldr
0 Author: Oh-Seong KWON
0 !LDRAW_ORG Model
0 !LICENSE Redistributable under CCAL version 2.0 : see CAreadme.txt

0 ROTATION CENTER 0 0 0 1 "Custom"
0 ROTATION CONFIG 0 0
1 0 0 0 0 1 0 0 0 1 0 0 0 1 3705.dat
1 0 -30 0 0 1 0 0 0 0 -1 0 1 0 32291.dat
0 STEP
1 71 -15 0 0 0 1 0 0 0 -1 -1 0 0 41677.dat
0 STEP
1 0 -5 0 40 0 1 0 0 0 -1 -1 0 0 32056.dat
1 0 5 0 40 0 1 0 0 0 -1 -1 0 0 32056.dat
0 STEP
1 71 0 0 40 1 0 0 0 1 0 0 0 1 4519.dat
0 STEP
1 71 15 0 0 0 1 0 0 0 -1 -1 0 0 41677.dat
1 0 30 0 0 1 0 0 0 0 -1 0 1 0 32291.dat
0 STEP
1 0 -15 0 80 0 -1 0 0 0 -1 1 0 0 2905.dat
1 71 0 0 80 1 0 0 0 1 0 0 0 1 87082.dat
1 71 0 -40 80 1 0 0 0 1 0 0 0 1 87082.dat
0 STEP
1 72 0 -27 80 0 -1 0 -1 0 0 0 0 -1 32209.dat
1 71 0 -55 80 0 -1 0 0 0 -1 1 0 0 32123a.dat
0 STEP
1 0 0 -70 80 0 -1 0 0 0 -1 1 0 0 32270.dat
0 STEP
1 71 0 -40 40 1 0 0 0 1 0 0 0 1 32073.dat
1 0 0 -20 0 1 0 0 0 1 0 0 0 1 3706.dat
0 STEP
1 71 -30 -20 0 0 0 -1 0 1 0 1 0 0 3713.dat
1 71 30 -20 0 0 0 1 0 1 0 -1 0 0 3713.dat
0 STEP
1 1 -15 -40 40 0 1 0 0 0 -1 -1 0 0 41677.dat
1 1 15 -40 40 0 1 0 0 0 -1 -1 0 0 41677.dat
1 25 -45 -20 0 0 1 0 1 0 0 0 0 -1 6632.dat
0 STEP
1 25 -55 -20 40 0 1 0 1 0 0 0 0 -1 6632.dat
1 0 0 -20 40 1 0 0 0 1 0 0 0 1 3706.dat
0 STEP
1 25 -40 -20 40 0 1 0 0 0 -1 -1 0 0 32140.dat
0 STEP
1 1 -25 -20 40 0 1 0 0 0 -1 -1 0 0 6632.dat
1 0 -30 -80 40 1 0 0 0 1 0 0 0 1 3673.dat
1 0 -30 -80 20 1 0 0 0 1 0 0 0 1 3673.dat
0 STEP
1 25 -20 -80 20 0 -1 0 1 0 0 0 0 1 32523.dat
0 STEP
1 71 0 -20 -40 1 0 0 0 1 0 0 0 1 32073.dat
1 0 -10 0 -40 1 0 0 0 1 0 0 0 1 32184.dat
1 0 10 0 -40 1 0 0 0 1 0 0 0 1 32184.dat
0 STEP
1 71 0 20 -40 -1 0 0 0 1 0 0 0 -1 32073.dat
0 STEP
1 71 -25 20 -40 0 0 1 0 1 0 -1 0 0 32123a.dat
1 71 25 20 -40 0 0 1 0 1 0 -1 0 0 32123a.dat
0 STEP
1 0 -40 20 -40 1 0 0 0 -1 0 0 0 -1 32291.dat
1 0 40 20 -40 1 0 0 0 -1 0 0 0 -1 32291.dat
0 STEP
1 25 -30 -30.1961 -22.7942 0 -1 0 -0.860288 0 0.509808 -0.509808 0 -0.860288 32523.dat
1 25 30 -30.1961 -22.7942 0 -1 0 -0.860288 0 0.509808 -0.509808 0 -0.860288 32523.dat
1 0 20 -30.1961 -22.7942 1 0 0 0 0.509808 0.860288 0 -0.860288 0.509808 3673.dat
1 0 -20 -30.1961 -22.7942 1 0 0 0 0.509808 0.860288 0 -0.860288 0.509808 3673.dat
1 25 0 -30.1961 -22.7942 1 0 0 0 -0.509808 -0.860288 0 0.860288 -0.509808 62462.dat
0 STEP
1 71 -50 0 -50 0 0 1 0 1 0 -1 0 0 4274.dat
1 71 -30 0 -50 0 0 1 0 1 0 -1 0 0 4274.dat
1 71 -10 0 -50 0 0 1 0 1 0 -1 0 0 4274.dat
1 71 10 0 -50 0 0 1 0 1 0 -1 0 0 4274.dat
1 71 30 0 -50 0 0 1 0 1 0 -1 0 0 4274.dat
1 71 50 0 -50 0 0 1 0 1 0 -1 0 0 4274.dat
0 STEP
1 25 0 0 -58 1 0 0 0 0 -1 0 1 0 2412b.dat
1 47 -40 0 -58 1 0 0 0 0 -1 0 1 0 3023.dat
1 47 40 0 -58 1 0 0 0 0 -1 0 1 0 3023.dat
0 STEP
1 71 0 -80 0 1 0 0 0 0.990192 0.139712 0 -0.139712 0.990192 32073.dat
1 25 -45 -40.3923 -5.58846 0 1 0 -0.139712 0 -0.990192 -0.990192 0 0.139712 6632.dat
1 71 0 -40.3923 -5.58846 1 0 0 0 0.990192 0.139712 0 -0.139712 0.990192 32073.dat
1 71 -35 -80 0 0 0 -1 0.139712 0.990192 0 0.990192 -0.139712 0 32123a.dat
0 STEP
1 25 45 -20 0 0 1 0 1 0 0 0 0 -1 6632.dat
1 1 25 -20 40 0 1 0 0 0 -1 -1 0 0 6632.dat
1 0 0 -80 0 1 0 0 0 0.139712 -0.990192 0 0.990192 0.139712 6536.dat
0 STEP
1 71 0 0 120 1 0 0 0 1 0 0 0 1 32073.dat
1 0 -40 0 120 1 0 0 0 0 1 0 -1 0 6536.dat
1 71 -25 0 120 0 0 -1 0 1 0 1 0 0 32123a.dat
0 STEP
1 0 -5 0 160 0 -1 0 0 0 1 -1 0 0 2905.dat
1 0 5 0 160 0 -1 0 0 0 1 -1 0 0 2905.dat
0 STEP
1 0 15 0 80 0 -1 0 0 0 -1 1 0 0 2905.dat
0 STEP
1 25 20 -80 20 0 -1 0 1 0 0 0 0 1 32523.dat
1 0 30 -80 40 1 0 0 0 1 0 0 0 1 3673.dat
1 0 30 -80 20 1 0 0 0 1 0 0 0 1 3673.dat
1 25 40 -20 40 0 1 0 0 0 -1 -1 0 0 32140.dat
1 25 55 -20 40 0 1 0 1 0 0 0 0 -1 6632.dat
0 STEP
1 71 35 -80 0 0 0 -1 0.139712 0.990192 0 0.990192 -0.139712 0 32123a.dat
1 25 45 -40.3923 -5.58846 0 1 0 -0.139712 0 -0.990192 -0.990192 0 0.139712 6632.dat
0 STEP
1 71 25 0 120 0 0 -1 0 1 0 1 0 0 32123a.dat
1 0 40 0 120 1 0 0 0 0 1 0 -1 0 6536.dat
0 STEP
1 71 0 0 200 1 0 0 0 1 0 0 0 1 4519.dat
1 0 -40 0 200 0 0 -1 -1 0 0 0 1 0 32013.dat
1 0 40 0 200 0 0 1 1 0 0 0 1 0 32013.dat
0 STEP
1 0 40 -10 200 0 0 1 1 0 0 0 1 0 3673.dat
1 0 -40 -10 200 0 0 1 1 0 0 0 1 0 3673.dat
1 0 -40 -10 100 0 0 1 1 0 0 0 1 0 3673.dat
1 0 40 -10 100 0 0 1 1 0 0 0 1 0 3673.dat
0 STEP
1 4 20 -60 180 0 -1 0 0 0 1 -1 0 0 32140.dat
1 71 0 -60 180 1 0 0 0 1 0 0 0 1 4519.dat
1 0 10 0 160 1 0 0 0 1 0 0 0 1 3673.dat
1 1 0 0 180 -1 0 0 0 1 0 0 0 -1 32556.dat
0 STEP
1 4 0 -20 180 0 -1 0 0 0 -1 1 0 0 32348.dat
1 71 0 -20 180 1 0 0 0 1 0 0 0 1 4519.dat
0 STEP
1 4 -20 20 180 0 1 0 0 0 -1 -1 0 0 32526.dat
0 STEP
1 71 40 -20 140 1 0 0 0 1 0 0 0 1 32524.dat
1 71 -40 -20 140 1 0 0 0 1 0 0 0 1 32524.dat
0 STEP
1 1 -30 -60 160 -1 0 0 0 1 0 0 0 -1 3749.dat
1 72 -40 -60 160 0 0 1 0 1 0 -1 0 0 3647.dat
1 72 7 -60 140 1 0 0 0 1 0 0 0 1 32209.dat
1 72 -40 -60 140 0 0 1 0 1 0 -1 0 0 3647.dat
0 STEP
1 71 0 -60 140 1 0 0 0 1 0 0 0 1 61510.dat
0 STEP
1 71 20 -60 140 0 0 1 0 1 0 -1 0 0 3713.dat
1 0 40 -60 140 0 0 1 0 1 0 -1 0 0 32270.dat
0 STEP
1 4 0 -116 228 1 0 0 0 0.8 -0.6 0 0.6 0.8 32062.dat
1 0 0 -112 256 1 0 0 0 0.6 0.8 0 -0.8 0.6 92907.dat
0 STEP
1 72 0 -56 257 0 0 1 0 1 0 -1 0 0 30395.dat
1 0 -7 -70.918 141.998 1 0 0 0 -0.9992 0.082 0 0.041 1.9983 9390 - LS60.dat
1 0 -7 -70.6272 144.024 1 0.004 0 0.004 -0.9895 0.1444 -0.0006 0.1444 0.9895 9390 - LS60.dat
1 0 -7 -70.0407 145.92 1 0.008 0 0.0076 -0.9557 0.2944 -0.0023 0.2944 0.9557 9390 - LS60.dat
1 0 -7 -69.0205 147.72 1 0.0121 0 0.0105 -0.8662 0.4996 -0.006 0.4996 0.8662 9390 - LS60.dat
1 0 -7 -67.5646 149.139 1 0.0161 0 0.0112 -0.6945 0.7194 -0.0116 0.7193 0.6946 9390 - LS60.dat
1 0 -7 -65.7912 150.095 1 0.0201 0 0.0095 -0.4724 0.8813 -0.0177 0.8811 0.4725 9390 - LS60.dat
1 0 -7 -63.8307 150.667 1 0.0241 0 0.0067 -0.276 0.9611 -0.0232 0.9609 0.2761 9390 - LS60.dat
1 0 -7 -61.8603 150.927 0.9996 0.028 0 0.0037 -0.1313 0.9913 -0.0278 0.9909 0.1314 9390 - LS60.dat
1 0 -7 -59.775 151.001 0.9995 0.0322 0 0.001 -0.0314 0.9995 -0.0321 0.999 0.0314 9390 - LS60.dat
1 0 -7 -57.8186 150.901 0.9994 0.036 0 -0.0018 0.0491 0.9988 -0.036 0.9981 -0.0491 9390 - LS60.dat
1 0 -7 -55.7933 150.58 0.9992 0.0401 0 -0.0064 0.1593 0.9872 -0.0396 0.9864 -0.1594 9390 - LS60.dat
1 0 -7 -53.8165 149.937 0.999 0.0442 0 -0.0139 0.3147 0.9491 -0.0419 0.9482 -0.315 9390 - LS60.dat
1 0 -7 -52.1326 148.905 0.9988 0.0481 0 -0.025 0.5194 0.8541 -0.0411 0.8531 -0.52 9390 - LS60.dat
1 0 -7 -50.7553 147.414 0.9986 0.0521 0 -0.0384 0.7364 0.6754 -0.0352 0.6745 -0.7374 9390 - LS60.dat
1 0 -7 -49.8396 145.619 0.9984 0.0561 0 -0.05 0.8903 0.4525 -0.0254 0.4518 -0.8917 9390 - LS60.dat
1 0 -7 -49.3047 143.644 0.9982 0.0601 0 -0.0581 0.9647 0.2567 -0.0154 0.2563 -0.9665 9390 - LS60.dat
1 0 -7 -49.0479 141.576 0.9979 0.0642 0 -0.0638 0.991 0.1175 -0.0076 0.1173 -0.9931 9390 - LS60.dat
1 0 -7 -49.0049 139.586 0.9977 0.0682 0 -0.0682 0.9974 0.0221 -0.0015 0.022 -1 9390 - LS60.dat
1 0 -7 -49.1273 137.543 0.9974 0.0722 0 -0.0721 0.9955 -0.0617 0.0045 -0.0616 -0.9981 9390 - LS60.dat
1 0 -7 -49.4801 135.517 0.9971 0.0763 0 -0.0751 0.9818 -0.1746 0.0133 -0.1741 -0.9846 9390 - LS60.dat
1 0 -7 -50.1514 133.648 0.9968 0.0802 0 -0.0755 0.9385 -0.3369 0.027 -0.3358 -0.9416 9390 - LS60.dat
1 0 -7 -51.2747 131.918 0.9964 0.0842 0 -0.0703 0.8316 -0.5508 0.0464 -0.5489 -0.8346 9390 - LS60.dat
1 0 -7 -52.8161 130.604 0.9961 0.0882 0 -0.057 0.6434 -0.7634 0.0674 -0.7604 -0.6459 9390 - LS60.dat
1 0 -7 -54.6417 129.747 0.9957 0.0922 0 -0.039 0.4212 -0.9061 0.0836 -0.9023 -0.423 9390 - LS60.dat
1 0 -7 -56.6328 129.249 0.9954 0.0963 0 -0.0229 0.2366 -0.9713 0.0935 -0.9668 -0.2377 9390 - LS60.dat
1 0 -7 -58.6136 129.036 0.995 0.1002 0 -0.0107 0.1065 -0.9943 0.0996 -0.9893 -0.1071 9390 - LS60.dat
1 0 -6.9954 -60.6018 129.008 0.9946 0.1042 0.0023 0.0007 0.0148 -1 0.1042 -0.9944 -0.0147 9390 - LS60.dat
1 0 -6.917 -62.6461 129.146 0.9932 0.1099 0.0391 0.0464 -0.0644 -0.9968 0.107 -0.9919 0.0691 9390 - LS60.dat
1 0 -6.7313 -64.6849 129.52 0.9884 0.1211 0.0913 0.1115 -0.1727 -0.9786 0.1028 -0.9775 0.1842 9390 - LS60.dat
1 0 -6.4432 -66.5457 130.208 0.9791 0.1438 0.1438 0.1839 -0.324 -0.928 0.0868 -0.9351 0.3437 9390 - LS60.dat
1 0 -6.0751 -68.1618 131.304 0.9652 0.1849 0.185 0.2559 -0.521 -0.8143 0.0542 -0.8333 0.5502 9390 - LS60.dat
1 0 -5.6823 -69.4457 132.845 0.9513 0.2409 0.1922 0.308 -0.7187 -0.6234 0.0121 -0.6523 0.7579 9390 - LS60.dat
1 0 -5.3563 -70.2818 134.674 0.9435 0.2907 0.1592 0.331 -0.8519 -0.4058 -0.0177 -0.4355 0.9 9390 - LS60.dat
1 0 -5.1302 -70.7647 136.678 0.9409 0.3212 0.1071 0.3376 -0.9137 -0.2264 -0.0252 -0.2492 0.9681 9390 - LS60.dat
1 0 -5.0198 -70.9671 138.675 0.9402 0.3362 0.0546 0.3401 -0.935 -0.1 -0.0175 -0.1126 0.9935 9390 - LS60.dat
1 0 -5.0005 -70.9893 140.682 0.9393 0.3431 0.0094 0.3432 -0.9392 -0.0107 -0.0052 -0.0133 1 9390 - LS60.dat
1 0 -5 -70.8398 142.733 0.9378 0.3473 0 0.3463 -0.9351 0.0751 -0.0261 0.0704 0.9972 9390 - LS60.dat
1 0 -5 -70.447 144.757 0.9363 0.3511 0 0.3444 -0.9185 0.1941 -0.0681 0.1817 0.981 9390 - LS60.dat
1 0 -5 -69.7223 146.606 0.9349 0.3548 0 0.3305 -0.8709 0.3637 -0.129 0.34 0.9315 9390 - LS60.dat
1 0 -5 -68.5374 148.289 0.9335 0.3586 0 0.2917 -0.7593 0.5817 -0.2086 0.543 0.8134 9390 - LS60.dat
1 0 -5 -66.9485 149.538 0.932 0.3623 0 0.2231 -0.5739 0.7879 -0.2855 0.7344 0.6158 9390 - LS60.dat
1 0 -5 -65.0983 150.349 0.9306 0.3661 0 0.146 -0.3711 0.917 -0.3357 0.8534 0.3988 9390 - LS60.dat
1 0 -5 -63.1791 150.774 0.9292 0.3697 0 0.0813 -0.2043 0.9755 -0.3606 0.9064 0.2198 9390 - LS60.dat
1 0 -5 -61.1015 150.978 0.9276 0.3735 0 0.0344 -0.0853 0.9958 -0.3719 0.9237 0.092 9390 - LS60.dat
1 0 -5 -59.1166 150.984 0.9262 0.3771 0 0.0014 -0.0035 1 -0.3771 0.9261 0.0037 9390 - LS60.dat
1 0 -5 -57.0831 150.815 0.9246 0.3809 0 -0.0321 0.078 0.9964 -0.3795 0.9213 -0.0844 9390 - LS60.dat
1 0 -5 -55.0612 150.395 0.9231 0.3846 0 -0.0798 0.1916 0.9782 -0.3763 0.903 -0.2076 9390 - LS60.dat
1 0 -5 -53.2268 149.633 0.9215 0.3883 0 -0.1483 0.3521 0.9241 -0.3588 0.8516 -0.3821 9390 - LS60.dat
1 0 -5 -51.5782 148.408 0.92 0.392 0 -0.236 0.5539 0.7984 -0.313 0.7345 -0.6021 9390 - LS60.dat
1 0 -5 -50.3714 146.789 0.9184 0.3957 0 -0.3179 0.7379 0.5954 -0.2356 0.5468 -0.8034 9390 - LS60.dat
1 0 -5 -49.6067 144.917 0.9168 0.3994 0 -0.3701 0.8497 0.3756 -0.15 0.3443 -0.9268 9390 - LS60.dat
1 0 -5 -49.1784 142.9 0.9152 0.4031 0 -0.3948 0.8962 0.2022 -0.0815 0.1851 -0.9793 9390 - LS60.dat
1 0 -5 -49.0191 140.911 0.9136 0.4067 0 -0.4054 0.9106 0.0802 -0.0326 0.0733 -0.9968 9390 - LS60.dat
1 0 -5 -49.0273 138.836 0.9119 0.4104 0 -0.4104 0.9119 -0.0071 0.0029 -0.0065 -1 9390 - LS60.dat
1 0 -5 -49.2201 136.806 0.9102 0.4141 0 -0.4122 0.906 -0.0963 0.0399 -0.0876 -0.9954 9390 - LS60.dat
1 0 -5 -49.6683 134.882 0.9086 0.4177 0 -0.4069 0.8852 -0.2253 0.0941 -0.2047 -0.9743 9390 - LS60.dat
1 0 -5 -50.507 132.981 0.9069 0.4214 0 -0.3843 0.827 -0.4104 0.1729 -0.3722 -0.9119 9390 - LS60.dat
1 0 -5 -51.7927 131.386 0.9052 0.4251 0 -0.3292 0.7011 -0.6325 0.2689 -0.5725 -0.7746 9390 - LS60.dat
1 0 -5 -53.4545 130.243 0.9035 0.4287 0 -0.242 0.5101 -0.8254 0.3538 -0.7457 -0.5646 9390 - LS60.dat
1 0 -5 -55.3485 129.523 0.9017 0.4323 0 -0.1524 0.3179 -0.9358 0.4046 -0.8438 -0.3525 9390 - LS60.dat
1 0 -5 -57.2896 129.16 0.9 0.4358 0 -0.081 0.1672 -0.9826 0.4282 -0.8844 -0.1858 9390 - LS60.dat
1 0 -5 -59.3732 129.006 0.8982 0.4395 0 -0.0302 0.0616 -0.9976 0.4385 -0.8961 -0.0686 9390 - LS60.dat
1 0 -4.9785 -61.3502 129.036 0.8963 0.4434 0.0108 0.0159 -0.0079 -1 0.4433 -0.8963 0.0141 9390 - LS60.dat
1 0 -4.8646 -63.3901 129.245 0.8917 0.4491 0.0567 0.0973 -0.0679 -0.9929 0.4421 -0.8909 0.1043 9390 - LS60.dat
1 0 -4.644 -65.319 129.716 0.8808 0.4605 0.1103 0.2049 -0.1604 -0.9656 0.427 -0.873 0.2357 9390 - LS60.dat
1 0 -4.3097 -67.2015 130.573 0.8599 0.4842 0.1618 0.335 -0.2961 -0.8945 0.3851 -0.8234 0.4168 9390 - LS60.dat
1 0 -3.9287 -68.6826 131.822 0.8297 0.5239 0.1926 0.4676 -0.464 -0.7524 0.3048 -0.7143 0.6299 9390 - LS60.dat
1 0 -3.5532 -69.7979 133.483 0.7989 0.5726 0.1841 0.5681 -0.618 -0.5435 0.1974 -0.5388 0.819 9390 - LS60.dat
1 0 -3.2599 -70.4995 135.385 0.779 0.6107 0.1421 0.6182 -0.7099 -0.3375 0.1052 -0.3507 0.9305 9390 - LS60.dat
1 0 -3.0823 -70.8556 137.339 0.7693 0.6326 0.0893 0.6372 -0.7496 -0.1791 0.0464 -0.1947 0.9798 9390 - LS60.dat
1 0 -3.0069 -70.9884 139.346 0.7646 0.6434 0.0371 0.6443 -0.762 -0.0652 0.0137 -0.0737 0.9972 9390 - LS60.dat
1 0 -3 -70.9582 141.437 0.7614 0.6483 0.0017 0.6481 -0.7613 0.0181 -0.013 0.0127 1 9390 - LS60.dat
1 0 -3 -70.7344 143.471 0.7587 0.6514 0 0.6473 -0.754 0.1115 -0.0726 0.0846 0.9938 9390 - LS60.dat
1 0 -3 -70.2422 145.388 0.7562 0.6544 0 0.634 -0.7327 0.2473 -0.1618 0.187 0.9689 9390 - LS60.dat
1 0 -3 -69.3441 147.259 0.7535 0.6575 0 0.5905 -0.6768 0.4395 -0.289 0.3312 0.8982 9390 - LS60.dat
1 0 -3 -67.9996 148.798 0.7508 0.6605 0 0.4949 -0.5625 0.6623 -0.4375 0.4973 0.7492 9390 - LS60.dat
1 0 -3 -66.298 149.877 0.7482 0.6635 0 0.3541 -0.3993 0.8457 -0.5611 0.6327 0.5337 9390 - LS60.dat
1 0 -3 -64.3801 150.546 0.7455 0.6665 0 0.2173 -0.243 0.9454 -0.6301 0.7048 0.326 9390 - LS60.dat
1 0 -3 -62.4278 150.873 0.7429 0.6694 0 0.1116 -0.1239 0.986 -0.66 0.7325 0.1667 9390 - LS60.dat
1 0 -3 -60.3424 150.999 0.7401 0.6725 0 0.0374 -0.0411 0.9985 -0.6714 0.739 0.0555 9390 - LS60.dat
1 0 -3 -58.3711 150.946 0.7375 0.6753 0 -0.0173 0.0189 1 -0.6751 0.7373 -0.0256 9390 - LS60.dat
1 0 -3 -56.3455 150.695 0.7348 0.6783 0 -0.0848 0.0918 0.9922 -0.673 0.729 -0.125 9390 - LS60.dat
1 0 -3 -54.3425 150.154 0.732 0.6813 0 -0.1813 0.1948 0.9639 -0.6567 0.7056 -0.2662 9390 - LS60.dat
1 0 -3 -52.5842 149.24 0.7293 0.6842 0 -0.3143 0.335 0.8883 -0.6077 0.6478 -0.4593 9390 - LS60.dat
1 0 -3 -51.0842 147.857 0.7265 0.6871 0 -0.4685 0.4953 0.7316 -0.5027 0.5315 -0.6818 9390 - LS60.dat
1 0 -3 -50.047 146.131 0.7238 0.69 0 -0.5922 0.6212 0.5132 -0.3541 0.3714 -0.8583 9390 - LS60.dat
1 0 -3 -49.4188 144.195 0.721 0.6929 0 -0.6599 0.6867 0.3049 -0.2113 0.2199 -0.9524 9390 - LS60.dat
1 0 -3 -49.0927 142.145 0.7182 0.6959 0 -0.6879 0.7099 0.1513 -0.1053 0.1087 -0.9885 9390 - LS60.dat
1 0 -3 -49.0029 140.153 0.7154 0.6987 0 -0.698 0.7147 0.0453 -0.0317 0.0324 -0.999 9390 - LS60.dat
1 0 -3 -49.0701 138.094 0.7126 0.7016 0 -0.7012 0.7121 -0.035 0.0246 -0.0249 -0.9994 9390 - LS60.dat
1 0 -3 -49.3405 136.161 0.7098 0.7044 0 -0.6978 0.7032 -0.136 0.0958 -0.0966 -0.9907 9390 - LS60.dat
1 0 -3 -49.9235 134.168 0.7069 0.7073 0 -0.6777 0.6774 -0.2862 0.2025 -0.2024 -0.9582 9390 - LS60.dat
1 0 -3 -50.9128 132.349 0.704 0.7102 0 -0.6213 0.616 -0.4842 0.3439 -0.3409 -0.8749 9390 - LS60.dat
1 0 -3 -52.297 130.98 0.7013 0.7129 0 -0.5052 0.497 -0.7055 0.5029 -0.4948 -0.7087 9390 - LS60.dat
1 0 -3 -54.1179 129.93 0.6983 0.7158 0 -0.349 0.3405 -0.8731 0.6249 -0.6097 -0.4875 9390 - LS60.dat
1 0 -3 -55.9876 129.378 0.6956 0.7185 0 -0.2072 0.2006 -0.9575 0.6879 -0.666 -0.2884 9390 - LS60.dat
1 0 -3 -58.0443 129.076 0.6926 0.7213 0 -0.1008 0.0967 -0.9902 0.7142 -0.6858 -0.1397 9390 - LS60.dat
1 0 -3 -60.0363 129.002 0.6898 0.724 0 -0.027 0.0258 -0.9993 0.7235 -0.6893 -0.0373 9390 - LS60.dat
1 0 -2.9485 -62.0902 129.088 0.6858 0.7273 0.0257 0.0497 -0.0116 -0.9987 0.7261 -0.6862 0.044 9390 - LS60.dat
1 0 -2.7943 -64.1324 129.386 0.6772 0.7319 0.0762 0.1598 -0.0452 -0.9861 0.7183 -0.68 0.1475 9390 - LS60.dat
1 0 -2.5355 -66.0308 129.973 0.6591 0.7409 0.1293 0.3029 -0.1042 -0.9473 0.6884 -0.6635 0.2931 9390 - LS60.dat
1 0 -2.1842 -67.7332 130.952 0.626 0.7597 0.176 0.4813 -0.1988 -0.8537 0.6136 -0.6191 0.4901 9390 - LS60.dat
1 0 -1.7854 -69.142 132.39 0.5799 0.7911 0.1946 0.6602 -0.3164 -0.6812 0.4774 -0.5235 0.7057 9390 - LS60.dat
1 0 -1.4358 -70.0938 134.154 0.5378 0.8255 0.1713 0.7833 -0.4141 -0.4636 0.3118 -0.3835 0.8693 9390 - LS60.dat
1 0 -1.1803 -70.6655 136.118 0.5119 0.8503 0.1224 0.8414 -0.4674 -0.2713 0.1735 -0.2418 0.9547 9390 - LS60.dat
1 0 -1.0412 -70.93 138.101 0.4992 0.8637 0.0692 0.8628 -0.4881 -0.1315 0.0798 -0.1254 0.9889 9390 - LS60.dat
1 0 -1.0014 -70.997 140.111 0.493 0.8698 0.0195 0.8698 -0.4923 -0.0328 0.0189 -0.0331 0.9993 9390 - LS60.dat
1 0 -1 -70.9056 142.182 0.4888 0.8724 0 0.8714 -0.4883 0.0469 -0.0409 0.0229 0.9989 9390 - LS60.dat
1 0 -1 -70.6008 144.115 0.4855 0.8743 0 0.8639 -0.4797 0.1534 -0.1341 0.0745 0.9882 9390 - LS60.dat
1 0 -1 -69.9754 146.097 0.4819 0.8763 0 0.8341 -0.4586 0.3066 -0.2687 0.1477 0.9518 9390 - LS60.dat
1 0 -1 -68.9633 147.794 0.4784 0.8781 0 0.7554 -0.4116 0.5098 -0.4477 0.2439 0.8603 9390 - LS60.dat
1 0 -1 -67.4808 149.183 0.4749 0.88 0 0.5987 -0.3231 0.7329 -0.645 0.3481 0.6803 9390 - LS60.dat
1 0 -1 -65.624 150.17 0.4712 0.882 0 0.4034 -0.2155 0.8893 -0.7844 0.4191 0.4573 9390 - LS60.dat
1 0 -1 -63.7363 150.678 0.4678 0.8838 0 0.2338 -0.1237 0.9644 -0.8524 0.4512 0.2645 9390 - LS60.dat
1 0 -1 -61.6712 150.946 0.4642 0.8857 0 0.1089 -0.0571 0.9924 -0.879 0.4606 0.1229 9390 - LS60.dat
1 0 -1 -59.6806 150.996 0.4607 0.8876 0 0.0229 -0.0119 1 -0.8873 0.4605 0.0258 9390 - LS60.dat
1 0 -1 -57.6351 150.883 0.4571 0.8894 0 -0.0511 0.0263 0.9983 -0.888 0.4563 -0.0574 9390 - LS60.dat
1 0 -1 -55.6088 150.543 0.4535 0.8913 0 -0.1501 0.0764 0.9857 -0.8786 0.447 -0.1684 9390 - LS60.dat
1 0 -1 -53.7334 149.889 0.45 0.8931 0 -0.293 0.1476 0.9446 -0.8436 0.425 -0.3281 9390 - LS60.dat
1 0 -1 -51.9887 148.786 0.4463 0.8949 0 -0.4837 0.2413 0.8413 -0.7529 0.3755 -0.5406 9390 - LS60.dat
1 0 -1 -50.6535 147.261 0.4427 0.8967 0 -0.6769 0.3342 0.6559 -0.5881 0.2904 -0.7549 9390 - LS60.dat
1 0 -1 -49.7768 145.446 0.4391 0.8984 0 -0.8099 0.3959 0.4328 -0.3888 0.1901 -0.9015 9390 - LS60.dat
1 0 -1 -49.2643 143.46 0.4355 0.9002 0 -0.8727 0.4222 0.2451 -0.2207 0.1068 -0.9695 9390 - LS60.dat
1 0 -1 -49.0468 141.481 0.4319 0.9019 0 -0.8964 0.4293 0.1098 -0.0991 0.0474 -0.994 9390 - LS60.dat
1 0 -1 -49.0048 139.398 0.4282 0.9037 0 -0.9036 0.4282 0.0164 -0.0149 0.007 -1 9390 - LS60.dat
1 0 -1 -49.1378 137.451 0.4247 0.9053 0 -0.9033 0.4238 -0.0661 0.0598 -0.0281 -0.9978 9390 - LS60.dat
1 0 -1 -49.5106 135.427 0.421 0.907 0 -0.8915 0.4138 -0.1844 0.1673 -0.0777 -0.9828 9390 - LS60.dat
1 0 -1 -50.2252 133.474 0.4173 0.9088 0 -0.8513 0.3909 -0.3499 0.318 -0.146 -0.9368 9390 - LS60.dat
1 0 -1 -51.3365 131.848 0.4138 0.9104 0 -0.7536 0.3425 -0.5611 0.5108 -0.2322 -0.8277 9390 - LS60.dat
1 0 -1 -52.894 130.556 0.4101 0.912 0 -0.58 0.2608 -0.7717 0.7038 -0.3165 -0.636 9390 - LS60.dat
1 0 -1 -54.7294 129.717 0.4065 0.9137 0 -0.3777 0.168 -0.9106 0.8319 -0.3701 -0.4134 9390 - LS60.dat
1 0 -1 -56.7276 129.24 0.4027 0.9153 0 -0.2078 0.0914 -0.9739 0.8914 -0.3922 -0.227 9390 - LS60.dat
1 0 -1 -58.8035 129.027 0.399 0.917 0 -0.0889 0.0387 -0.9953 0.9126 -0.3971 -0.0969 9390 - LS60.dat
1 0 -0.9924 -60.7896 129.013 0.3952 0.9186 0.0038 -0.0053 0.0064 -1 0.9186 -0.3952 -0.0074 9390 - LS60.dat
1 0 -0.9071 -62.8323 129.164 0.3893 0.9201 0.0426 0.0862 0.0096 -0.9962 0.917 -0.3915 0.0756 9390 - LS60.dat
1 0 -0.7174 -64.7749 129.551 0.3767 0.9214 0.0951 0.2158 0.0125 -0.9764 0.9009 -0.3883 0.1941 9390 - LS60.dat
1 0 -0.4108 -66.7133 130.294 0.3504 0.9248 0.1485 0.3907 0 -0.9205 0.8512 -0.3806 0.3614 9390 - LS60.dat
1 0 -0.0385 -68.2976 131.428 0.306 0.9334 0.1874 0.5992 -0.0359 -0.7998 0.7398 -0.3571 0.5703 9390 - LS60.dat
1 0 0.351 -69.5393 133.001 0.2503 0.9492 0.1907 0.7924 -0.0877 -0.6037 0.5563 -0.3022 0.7741 9390 - LS60.dat
1 0 0.6708 -70.3473 134.847 0.2053 0.9662 0.156 0.9109 -0.1303 -0.3915 0.358 -0.2225 0.9068 9390 - LS60.dat
1 0 0.8774 -70.7793 136.772 0.1792 0.9782 0.1046 0.9636 -0.1531 -0.2193 0.1985 -0.1401 0.97 9390 - LS60.dat
1 0 0.9807 -70.9674 138.772 0.1661 0.9848 0.0511 0.9826 -0.161 -0.0928 0.0831 -0.0656 0.9944 9390 - LS60.dat
1 0 1.0003 -70.9874 140.872 0.1597 0.9871 0.0072 0.9872 -0.1597 -0.0053 0.0041 -0.008 1 9390 - LS60.dat
1 0 1 -70.8278 142.825 0.1556 0.9878 0 0.9847 -0.1551 0.0797 -0.0787 0.0124 0.9968 9390 - LS60.dat
1 0 1 -70.414 144.846 0.1516 0.9884 0 0.9676 -0.1484 0.2043 -0.202 0.031 0.9789 9390 - LS60.dat
1 0 1 -69.6432 146.777 0.1475 0.9891 0 0.916 -0.1366 0.3772 -0.3731 0.0556 0.9261 9390 - LS60.dat
1 0 1 -68.473 148.356 0.1437 0.9896 0 0.7976 -0.1158 0.5919 -0.5858 0.085 0.806 9390 - LS60.dat
1 0 1 -66.8689 149.584 0.1397 0.9902 0 0.5997 -0.0846 0.7958 -0.788 0.1112 0.6056 9390 - LS60.dat
1 0 1 -65.0058 150.367 0.1357 0.9907 0 0.3813 -0.0522 0.923 -0.9144 0.1253 0.3849 9390 - LS60.dat
1 0 1 -62.9934 150.809 0.1317 0.9913 0 0.2073 -0.0275 0.9779 -0.9694 0.1288 0.2091 9390 - LS60.dat
1 0 1 -61.0061 150.977 0.1278 0.9918 0 0.0842 -0.0109 0.9964 -0.9882 0.1273 0.0849 9390 - LS60.dat
1 0 1 -58.9295 150.977 0.1237 0.9923 0 -0.0035 0.0004 1 -0.9923 0.1237 -0.0035 9390 - LS60.dat
1 0 1 -56.8983 150.794 0.1197 0.9928 0 -0.0907 0.0109 0.9958 -0.9887 0.1192 -0.0914 9390 - LS60.dat
1 0 1 -54.9722 150.36 0.1158 0.9933 0 -0.2167 0.0253 0.9759 -0.9693 0.1131 -0.2182 9390 - LS60.dat
1 0 1 -53.0623 149.541 0.1118 0.9937 0 -0.3984 0.0448 0.9161 -0.9104 0.1024 -0.4009 9390 - LS60.dat
1 0 1 -51.4489 148.275 0.1077 0.9942 0 -0.6188 0.0671 0.7827 -0.7781 0.0843 -0.6224 9390 - LS60.dat
1 0 1 -50.2849 146.627 0.1038 0.9946 0 -0.8138 0.0849 0.5749 -0.5718 0.0596 -0.8182 9390 - LS60.dat
1 0 1 -49.547 144.741 0.0998 0.995 0 -0.9277 0.093 0.3616 -0.3598 0.0361 -0.9323 9390 - LS60.dat
1 0 1 -49.1722 142.804 0.0959 0.9954 0 -0.9768 0.0941 0.1924 -0.1915 0.0184 -0.9813 9390 - LS60.dat
1 0 1 -49.0087 140.722 0.0918 0.9958 0 -0.9931 0.0915 0.0731 -0.0728 0.0067 -0.9973 9390 - LS60.dat
1 0 1 -49.0318 138.743 0.0879 0.9961 0 -0.9961 0.0879 -0.0108 0.0107 -0.0009 -1 9390 - LS60.dat
1 0 1 -49.2401 136.714 0.0839 0.9965 0 -0.9911 0.0834 -0.1039 0.1036 -0.0087 -0.9946 9390 - LS60.dat
1 0 1 -49.7193 134.7 0.0798 0.9968 0 -0.9687 0.0775 -0.2359 0.2352 -0.0188 -0.9718 9390 - LS60.dat
1 0 1 -50.5557 132.9 0.0759 0.9971 0 -0.9049 0.0688 -0.42 0.4188 -0.0319 -0.9075 9390 - LS60.dat
1 0 1 -51.8612 131.323 0.0718 0.9974 0 -0.7643 0.055 -0.6425 0.6408 -0.0461 -0.7663 9390 - LS60.dat
1 0 1 -53.5365 130.202 0.0678 0.9977 0 -0.553 0.0376 -0.8323 0.8304 -0.0565 -0.5543 9390 - LS60.dat
1 0 1 -55.4418 129.507 0.0638 0.998 0 -0.3387 0.0217 -0.9407 0.9387 -0.0601 -0.3394 9390 - LS60.dat
1 0 1 -57.4769 129.132 0.0598 0.9982 0 -0.1756 0.0105 -0.9844 0.9826 -0.0588 -0.1759 9390 - LS60.dat
1 0 1 -59.4683 129.008 0.0558 0.9984 0 -0.0621 0.0035 -0.9981 0.9965 -0.0557 -0.0622 9390 - LS60.dat
1 0 1.0278 -61.536 129.047 0.0512 0.9986 0.0139 0.022 0.0128 -1 0.9984 -0.0514 0.0214 9390 - LS60.dat
1 0 1.1515 -63.576 129.277 0.0435 0.9972 0.0615 0.1173 0.056 -0.9915 0.9921 -0.0503 0.1145 9390 - LS60.dat
1 0 1.3798 -65.5006 129.77 0.0275 0.9931 0.1142 0.251 0.1037 -0.9624 0.9676 -0.0551 0.2465 9390 - LS60.dat
1 0 1.7096 -67.2754 130.633 -0.0045 0.9863 0.1648 0.4367 0.1502 -0.887 0.8996 -0.068 0.4314 9390 - LS60.dat
1 0 2.1076 -68.8033 131.959 -0.0564 0.9794 0.1937 0.6525 0.183 -0.7354 0.7557 -0.0849 0.6494 9390 - LS60.dat
1 0 2.4789 -69.8868 133.642 -0.1123 0.9768 0.1821 0.8267 0.1936 -0.5282 0.5513 -0.0912 0.8293 9390 - LS60.dat
1 0 2.7484 -70.5144 135.479 -0.1538 0.9783 0.1385 0.9262 0.1916 -0.3247 0.3442 -0.0783 0.9356 9390 - LS60.dat
1 0 2.9294 -70.877 137.529 -0.177 0.9806 0.0842 0.9677 0.189 -0.1666 0.1793 -0.052 0.9824 9390 - LS60.dat
1 0 2.9978 -70.9965 139.538 -0.1878 0.9816 0.0336 0.9801 0.1895 -0.0586 0.0639 -0.022 0.9977 9390 - LS60.dat
1 0 3 -70.9526 141.531 -0.1932 0.9812 0.0012 0.9809 0.1931 0.0218 -0.0212 -0.0054 1 9390 - LS60.dat
1 0 3 -70.7124 143.562 -0.1972 0.9804 0 0.9733 0.1958 0.1196 -0.1172 -0.0236 0.9928 9390 - LS60.dat
1 0 3 -70.1866 145.569 -0.2012 0.9795 0 0.9463 0.1944 0.2584 -0.2531 -0.052 0.966 9390 - LS60.dat
1 0 3 -69.2925 147.338 -0.205 0.9788 0 0.8744 0.1832 0.4494 -0.4398 -0.0921 0.8933 9390 - LS60.dat
1 0 3 -67.9289 148.857 -0.209 0.9779 0 0.7241 0.1548 0.6721 -0.6572 -0.1405 0.7405 9390 - LS60.dat
1 0 3 -66.2146 149.916 -0.2129 0.9771 0 0.5114 0.1114 0.8521 -0.8325 -0.1814 0.5234 9390 - LS60.dat
1 0 3 -64.2864 150.56 -0.2168 0.9762 0 0.3059 0.0679 0.9496 -0.927 -0.2059 0.3134 9390 - LS60.dat
1 0 3 -62.2398 150.898 -0.2208 0.9753 0 0.1535 0.0347 0.9875 -0.9632 -0.2181 0.1573 9390 - LS60.dat
1 0 3 -60.2475 150.996 -0.2247 0.9744 0 0.0482 0.0111 0.9988 -0.9732 -0.2244 0.0494 9390 - LS60.dat
1 0 3 -58.1861 150.933 -0.2286 0.9735 0 -0.0323 -0.0076 0.9994 -0.973 -0.2285 -0.0332 9390 - LS60.dat
1 0 3 -56.1604 150.666 -0.2326 0.9726 0 -0.1294 -0.0309 0.9911 -0.9639 -0.2305 -0.133 9390 - LS60.dat
1 0 3 -54.2564 150.111 -0.2364 0.9717 0 -0.2703 -0.0658 0.9605 -0.9333 -0.2271 -0.2782 9390 - LS60.dat
1 0 3 -52.4305 149.132 -0.2404 0.9707 0 -0.4653 -0.1152 0.8776 -0.8519 -0.211 -0.4794 9390 - LS60.dat
1 0 3 -50.9706 147.712 -0.2443 0.9697 0 -0.6796 -0.1712 0.7134 -0.6917 -0.1743 -0.7008 9390 - LS60.dat
1 0 3 -49.9746 145.962 -0.2481 0.9687 0 -0.8429 -0.2159 0.4928 -0.4774 -0.1223 -0.8702 9390 - LS60.dat
1 0 3 -49.3706 144.015 -0.252 0.9677 0 -0.9255 -0.241 0.2923 -0.2828 -0.0737 -0.9563 9390 - LS60.dat
1 0 3 -49.0841 142.051 -0.2558 0.9667 0 -0.9564 -0.2531 0.1455 -0.1406 -0.0372 -0.9894 9390 - LS60.dat
1 0 3 -49.0024 140.058 -0.2597 0.9657 0 -0.9649 -0.2594 0.0413 -0.0399 -0.0107 -0.9991 9390 - LS60.dat
1 0 3 -49.082 138.002 -0.2636 0.9646 0 -0.9638 -0.2634 -0.041 0.0396 0.0108 -0.9992 9390 - LS60.dat
1 0 3 -49.379 135.977 -0.2675 0.9636 0 -0.953 -0.2646 -0.1475 0.1421 0.0395 -0.9891 9390 - LS60.dat
1 0 3 -49.9871 133.99 -0.2714 0.9625 0 -0.9186 -0.2591 -0.2983 0.2871 0.081 -0.9545 9390 - LS60.dat
1 0 3 -50.9795 132.28 -0.2752 0.9614 0 -0.8328 -0.2384 -0.4996 0.4803 0.1375 -0.8662 9390 - LS60.dat
1 0 3 -52.4354 130.861 -0.2791 0.9603 0 -0.667 -0.1938 -0.7194 0.6908 0.2008 -0.6946 9390 - LS60.dat
1 0 3 -54.2088 129.905 -0.2829 0.9592 0 -0.4533 -0.1337 -0.8813 0.8453 0.2493 -0.4726 9390 - LS60.dat
1 0 3 -56.1693 129.333 -0.2868 0.958 0 -0.2645 -0.0792 -0.9611 0.9208 0.2756 -0.2761 9390 - LS60.dat
1 0 3 -58.1397 129.074 -0.2905 0.9569 0 -0.1257 -0.0382 -0.9913 0.9486 0.288 -0.1314 9390 - LS60.dat
1 0 3.0008 -60.2251 129.003 -0.2945 0.9557 0.0004 -0.0284 -0.0083 -0.9996 0.9552 0.2944 -0.0296 9390 - LS60.dat
1 0 3.0588 -62.2756 129.101 -0.2994 0.9537 0.029 0.039 0.0425 -0.9983 0.9533 0.2977 0.0499 9390 - LS60.dat
1 0 3.2156 -64.2248 129.407 -0.3076 0.9482 0.0787 0.1223 0.1214 -0.985 0.9436 0.2934 0.1534 9390 - LS60.dat
1 0 3.4818 -66.1146 130.019 -0.3254 0.9362 0.1329 0.2497 0.2207 -0.9428 0.912 0.2736 0.3056 9390 - LS60.dat
1 0 3.852 -67.8795 131.065 -0.3603 0.9154 0.1793 0.4263 0.3326 -0.8413 0.8297 0.2267 0.51 9390 - LS60.dat
1 0 4.25 -69.2565 132.53 -0.4101 0.8911 0.1944 0.6108 0.4266 -0.667 0.6773 0.1548 0.7192 9390 - LS60.dat
1 0 4.578 -70.1271 134.24 -0.459 0.8721 0.1694 0.7492 0.4824 -0.4538 0.4775 0.0814 0.8749 9390 - LS60.dat
1 0 4.8287 -70.6835 136.211 -0.4925 0.862 0.1199 0.8214 0.5059 -0.2635 0.2878 0.0313 0.9572 9390 - LS60.dat
1 0 4.9605 -70.9322 138.197 -0.51 0.8577 0.0655 0.8488 0.5141 -0.1235 0.1396 0.0073 0.9902 9390 - LS60.dat
1 0 5.0004 -70.9993 140.302 -0.518 0.8552 0.0165 0.8548 0.5182 -0.027 0.0316 0 0.9995 9390 - LS60.dat
1 0 5 -70.8922 142.273 -0.5219 0.853 0 0.8518 0.5212 0.0532 -0.0454 -0.0278 0.9986 9390 - LS60.dat
1 0 5 -70.5649 144.299 -0.5254 0.8509 0 0.8396 0.5184 0.1622 -0.138 -0.0852 0.9868 9390 - LS60.dat
1 0 5 -69.9282 146.18 -0.5287 0.8488 0 0.8043 0.501 0.3195 -0.2712 -0.1689 0.9476 9390 - LS60.dat
1 0 5 -68.8461 147.94 -0.5322 0.8466 0 0.7178 0.4512 0.5303 -0.4489 -0.2822 0.8478 9390 - LS60.dat
1 0 5 -67.3381 149.296 -0.5356 0.8445 0 0.5622 0.3565 0.7462 -0.6302 -0.3997 0.6657 9390 - LS60.dat
1 0 5 -65.5325 150.192 -0.539 0.8423 0 0.3728 0.2386 0.8967 -0.7553 -0.4833 0.4426 9390 - LS60.dat
1 0 5 -63.5531 150.719 -0.5424 0.8401 0 0.2123 0.1371 0.9675 -0.8129 -0.5248 0.2527 9390 - LS60.dat
1 0 5 -61.5757 150.947 -0.5457 0.838 0 0.0964 0.0628 0.9934 -0.8324 -0.5421 0.1151 9390 - LS60.dat
1 0 5 -59.4922 150.994 -0.5491 0.8357 0 0.0154 0.0101 1 -0.8356 -0.549 0.0184 9390 - LS60.dat
1 0 5 -57.451 150.867 -0.5525 0.8335 0 -0.0531 -0.0352 0.998 -0.8318 -0.5514 -0.0638 9390 - LS60.dat
1 0 5 -55.5183 150.513 -0.5557 0.8314 0 -0.148 -0.0989 0.984 -0.8181 -0.5469 -0.178 9390 - LS60.dat
1 0 5 -53.5591 149.817 -0.5592 0.8291 0 -0.2827 -0.1907 0.9401 -0.7794 -0.5256 -0.341 9390 - LS60.dat
1 0 5 -51.918 148.725 -0.5624 0.8269 0 -0.4555 -0.3098 0.8346 -0.6901 -0.4694 -0.5508 9390 - LS60.dat
1 0 5 -50.6139 147.176 -0.5657 0.8246 0 -0.6329 -0.4342 0.641 -0.5286 -0.3626 -0.7675 9390 - LS60.dat
1 0 5 -49.7079 145.275 -0.5691 0.8223 0 -0.747 -0.517 0.418 -0.3437 -0.2379 -0.9085 9390 - LS60.dat
1 0 5 -49.2555 143.366 -0.5723 0.82 0 -0.7972 -0.5564 0.2343 -0.1921 -0.1341 -0.9722 9390 - LS60.dat
1 0 5 -49.0313 141.292 -0.5757 0.8177 0 -0.8134 -0.5727 0.102 -0.0834 -0.0587 -0.9948 9390 - LS60.dat
1 0 5 -49.0106 139.304 -0.5789 0.8154 0 -0.8154 -0.5789 0.011 -0.009 -0.0064 -1 9390 - LS60.dat
1 0 5 -49.1602 137.267 -0.5822 0.8131 0 -0.8108 -0.5805 -0.0751 0.061 0.0437 -0.9972 9390 - LS60.dat
1 0 5 -49.553 135.243 -0.5855 0.8107 0 -0.7953 -0.5744 -0.194 0.1573 0.1136 -0.981 9390 - LS60.dat
1 0 5 -50.2777 133.394 -0.5887 0.8084 0 -0.753 -0.5484 -0.3637 0.294 0.2141 -0.9315 9390 - LS60.dat
1 0 5 -51.4626 131.711 -0.592 0.806 0 -0.6556 -0.4815 -0.5817 0.4688 0.3443 -0.8134 9390 - LS60.dat
1 0 5 -53.0515 130.462 -0.5952 0.8036 0 -0.4948 -0.3665 -0.7879 0.6332 0.469 -0.6158 9390 - LS60.dat
1 0 5 -54.9056 129.66 -0.5984 0.8012 0 -0.3159 -0.2359 -0.919 0.7363 0.5499 -0.3943 9390 - LS60.dat
1 0 5 -56.9129 129.205 -0.6016 0.7988 0 -0.1726 -0.13 -0.9764 0.7799 0.5874 -0.2161 9390 - LS60.dat
1 0 5 -58.8989 129.027 -0.6048 0.7964 0 -0.0715 -0.0543 -0.996 0.7932 0.6023 -0.0897 9390 - LS60.dat
1 0 5.0099 -60.977 129.016 -0.6082 0.7938 0.0049 -0.0046 0.0027 -1 0.7938 0.6082 -0.002 9390 - LS60.dat
1 0 5.1018 -62.9248 129.181 -0.6124 0.7892 0.0461 0.0372 0.087 -0.9955 0.7897 0.6079 0.0827 9390 - LS60.dat
1 0 5.3036 -64.959 129.596 -0.6202 0.7781 0.0989 0.0999 0.2034 -0.974 0.778 0.5942 0.2039 9390 - LS60.dat
1 0 5.6078 -66.7919 130.347 -0.6367 0.756 0.1519 0.1998 0.352 -0.9144 0.7448 0.5519 0.3752 9390 - LS60.dat
1 0 5.9974 -68.4375 131.546 -0.667 0.7207 0.1891 0.3342 0.5162 -0.7885 0.6659 0.4628 0.5852 9390 - LS60.dat
1 0 6.3674 -69.5847 133.08 -0.7074 0.6808 0.1898 0.4696 0.6535 -0.5937 0.5282 0.3309 0.782 9390 - LS60.dat
1 0 6.6806 -70.3657 134.94 -0.7443 0.6501 0.1526 0.5639 0.7343 -0.3779 0.3577 0.1952 0.9132 9390 - LS60.dat
1 0 6.8917 -70.8068 136.96 -0.7671 0.6338 0.0995 0.6074 0.7674 -0.2054 0.2065 0.0972 0.9736 9390 - LS60.dat
1 0 6.988 -70.9803 138.963 -0.7782 0.6262 0.0475 0.6214 0.7788 -0.0854 0.0905 0.037 0.9952 9390 - LS60.dat
1 0 7 -70.9805 140.966 -0.783 0.622 0.0058 0.622 0.783 0 0.0045 -0.0036 1 9390 - LS60.dat
1 0 7 -70.8023 143.009 -0.7857 0.6186 0 0.6161 0.7826 0.0891 -0.0551 -0.07 0.996 9390 - LS60.dat
1 0 7 -70.3674 145.03 -0.7882 0.6154 0 0.6011 0.7699 0.2145 -0.132 -0.169 0.9767 9390 - LS60.dat
1 0 7 -69.5876 146.856 -0.7906 0.6123 0 0.5634 0.7276 0.3914 -0.2397 -0.3095 0.9202 9390 - LS60.dat
1 0 7 -68.3418 148.487 -0.7931 0.6091 0 0.4816 0.6271 0.6123 -0.3729 -0.4856 0.7906 9390 - LS60.dat
1 0 7 -66.7083 149.672 -0.7955 0.6059 0 0.3545 0.4655 0.8109 -0.4913 -0.6451 0.5851 9390 - LS60.dat
1 0 7 -64.8276 150.419 -0.798 0.6027 0 0.2208 0.2923 0.9305 -0.5608 -0.7425 0.3664 9390 - LS60.dat
1 0 7 -62.8056 150.834 -0.8004 0.5994 0 0.1172 0.1565 0.9807 -0.5879 -0.785 0.1955 9390 - LS60.dat
1 0 7 -60.8163 150.984 -0.8028 0.5963 0 0.0451 0.0607 0.9971 -0.5946 -0.8005 0.0756 9390 - LS60.dat
1 0 7 -58.7428 150.972 -0.8052 0.593 0 -0.0053 -0.0072 1 -0.593 -0.8052 -0.0089 9390 - LS60.dat
1 0 7 -56.8066 150.775 -0.8075 0.5899 0 -0.0583 -0.0799 0.9951 -0.587 -0.8035 -0.0989 9390 - LS60.dat
1 0 7 -54.7917 150.303 -0.8099 0.5866 0 -0.1364 -0.1883 0.9726 -0.5705 -0.7877 -0.2325 9390 - LS60.dat
1 0 7 -52.8956 149.454 -0.8123 0.5832 0 -0.242 -0.3371 0.9098 -0.5306 -0.7391 -0.415 9390 - LS60.dat
1 0 7 -51.3856 148.207 -0.8146 0.5801 0 -0.3669 -0.5152 0.7746 -0.4493 -0.6309 -0.6325 9390 - LS60.dat
1 0 7 -50.243 146.546 -0.8169 0.5768 0 -0.4761 -0.6742 0.5646 -0.3257 -0.4612 -0.8254 9390 - LS60.dat
1 0 7 -49.5312 144.648 -0.8192 0.5736 0 -0.5377 -0.7679 0.3483 -0.1998 -0.2853 -0.9374 9390 - LS60.dat
1 0 7 -49.1426 142.617 -0.8215 0.5702 0 -0.5606 -0.8077 0.1823 -0.104 -0.1498 -0.9832 9390 - LS60.dat
1 0 7 -49.0103 140.626 -0.8237 0.567 0 -0.5657 -0.8219 0.0666 -0.0377 -0.0548 -0.9978 9390 - LS60.dat
1 0 7 -49.0419 138.557 -0.8261 0.5636 0 -0.5635 -0.8259 -0.0181 0.0102 0.015 -1 9390 - LS60.dat
1 0 7 -49.2655 136.529 -0.8283 0.5602 0 -0.5568 -0.8232 -0.1115 0.0624 0.0923 -0.9938 9390 - LS60.dat
1 0 7 -49.7578 134.612 -0.8305 0.557 0 -0.5397 -0.8047 -0.2473 0.1377 0.2054 -0.9689 9390 - LS60.dat
1 0 7 -50.6559 132.741 -0.8328 0.5536 0 -0.4972 -0.748 -0.4395 0.2433 0.366 -0.8982 9390 - LS60.dat
1 0 7 -52.0004 131.202 -0.835 0.5502 0 -0.4122 -0.6256 -0.6623 0.3644 0.553 -0.7492 9390 - LS60.dat
1 0 7 -53.702 130.123 -0.8372 0.5469 0 -0.2919 -0.4468 -0.8457 0.4625 0.708 -0.5337 9390 - LS60.dat
1 0 7 -55.6199 129.454 -0.8394 0.5435 0 -0.1772 -0.2737 -0.9454 0.5138 0.7935 -0.326 9390 - LS60.dat
1 0 7 -57.5722 129.127 -0.8415 0.5402 0 -0.0901 -0.1403 -0.986 0.5327 0.8297 -0.1667 9390 - LS60.dat
1 0 7 -59.6576 129.001 -0.8438 0.5367 0 -0.0298 -0.0469 -0.9985 0.5359 0.8424 -0.0556 9390 - LS60.dat
1 0 6.9819 -61.5606 129.523 -0.845 0.5346 -0.009 0.1465 0.2152 -0.9655 0.5143 0.8172 0.2601 9390 - LS60.dat
1 0 6.941 -63.309 130.712 -0.8444 0.5354 -0.0199 0.3236 0.48 -0.8154 0.427 0.6949 0.5786 9390 - LS60.dat
1 0 6.8896 -64.9968 132.205 -0.8453 0.5338 -0.0231 0.3738 0.5599 -0.7395 0.3818 0.6337 0.6728 9390 - LS60.dat
1 0 6.8292 -66.7633 133.963 -0.8472 0.5307 -0.0245 0.3932 0.5953 -0.7008 0.3574 0.6033 0.713 9390 - LS60.dat
1 0 6.7861 -67.9168 135.222 -0.8486 0.5285 -0.0251 0.4024 0.6139 -0.6791 0.3435 0.5864 0.7336 9390 - LS60.dat
1 0 6.7419 -69.0376 136.512 -0.85 0.5262 -0.0257 0.4102 0.6304 -0.659 0.3306 0.5707 0.7517 9390 - LS60.dat
1 0 6.676 -70.6748 138.442 -0.8523 0.5224 -0.0261 0.4143 0.6437 -0.6434 0.3193 0.5592 0.7651 9390 - LS60.dat
1 0 6.6322 -71.7144 139.727 -0.8538 0.5199 -0.0264 0.4175 0.6535 -0.6313 0.311 0.5501 0.7751 9390 - LS60.dat
1 0 6.5678 -73.2209 141.617 -0.8561 0.5161 -0.0267 0.4186 0.6623 -0.6214 0.3031 0.5431 0.7831 9390 - LS60.dat
1 0 6.5257 -74.1791 142.858 -0.8575 0.5137 -0.0268 0.42 0.669 -0.6132 0.2971 0.5371 0.7895 9390 - LS60.dat
1 0 6.4639 -75.5649 144.677 -0.8597 0.5101 -0.027 0.4203 0.6763 -0.6049 0.2903 0.5314 0.7958 9390 - LS60.dat
1 0 6.404 -76.8909 146.445 -0.8618 0.5065 -0.0271 0.4196 0.682 -0.599 0.2849 0.5276 0.8003 9390 - LS60.dat
1 0 6.3649 -77.7398 147.601 -0.8632 0.5042 -0.0272 0.4197 0.6864 -0.5939 0.2808 0.5241 0.8041 9390 - LS60.dat
1 0 6.3077 -78.9734 149.294 -0.8652 0.5008 -0.0273 0.4188 0.6916 -0.5885 0.2758 0.5206 0.808 9390 - LS60.dat
1 0 6.252 -80.1601 150.943 -0.8671 0.4974 -0.0274 0.4178 0.6962 -0.5837 0.2713 0.5176 0.8115 9390 - LS60.dat
1 0 6.1978 -81.3032 152.553 -0.8689 0.4942 -0.0274 0.4169 0.7009 -0.5788 0.2668 0.5144 0.815 9390 - LS60.dat
1 0 6.1277 -82.7717 154.64 -0.8713 0.4899 -0.0275 0.4149 0.7056 -0.5744 0.262 0.5119 0.8181 9390 - LS60.dat
1 0 6.0765 -83.8329 156.166 -0.8731 0.4868 -0.0275 0.4134 0.7092 -0.5711 0.2585 0.51 0.8204 9390 - LS60.dat
1 0 6.0264 -84.8631 157.661 -0.8748 0.4838 -0.0276 0.4121 0.7129 -0.5675 0.2549 0.5078 0.8229 9390 - LS60.dat
1 0 5.9612 -86.1973 159.611 -0.877 0.4798 -0.0276 0.4099 0.7167 -0.5642 0.2509 0.5061 0.8252 9390 - LS60.dat
1 0 5.9134 -87.1682 161.044 -0.8786 0.4768 -0.0276 0.4084 0.72 -0.5611 0.2477 0.5043 0.8273 9390 - LS60.dat
1 0 5.851 -88.4315 162.919 -0.8806 0.473 -0.0276 0.4061 0.7235 -0.5583 0.2441 0.5029 0.8292 9390 - LS60.dat
1 0 5.805 -89.3554 164.303 -0.8821 0.4702 -0.0276 0.4045 0.7263 -0.5557 0.2412 0.5014 0.8309 9390 - LS60.dat
1 0 5.7447 -90.5618 166.119 -0.8841 0.4664 -0.0276 0.4023 0.7298 -0.5528 0.2377 0.4999 0.8328 9390 - LS60.dat
1 0 5.6855 -91.7416 167.909 -0.886 0.4628 -0.0276 0.4 0.733 -0.5502 0.2344 0.4985 0.8346 9390 - LS60.dat
1 0 5.6272 -92.8981 169.674 -0.8879 0.4591 -0.0276 0.3977 0.7362 -0.5476 0.2311 0.4972 0.8363 9390 - LS60.dat
1 0 5.5697 -94.0346 171.421 -0.8898 0.4555 -0.0276 0.3954 0.7392 -0.5452 0.228 0.496 0.8378 9390 - LS60.dat
1 0 5.5129 -95.1537 173.151 -0.8916 0.452 -0.0276 0.393 0.7422 -0.5429 0.2249 0.4949 0.8394 9390 - LS60.dat
1 0 5.4566 -96.2583 174.869 -0.8934 0.4484 -0.0275 0.3906 0.745 -0.5406 0.2219 0.4938 0.8408 9390 - LS60.dat
1 0 5.4008 -97.3507 176.577 -0.8951 0.4449 -0.0275 0.3883 0.7479 -0.5385 0.219 0.4927 0.8422 9390 - LS60.dat
1 0 5.3454 -98.4332 178.28 -0.8969 0.4414 -0.0275 0.3859 0.7506 -0.5364 0.2161 0.4916 0.8435 9390 - LS60.dat
1 0 5.2901 -99.508 179.98 -0.8986 0.4379 -0.0274 0.3834 0.7534 -0.5342 0.2133 0.4906 0.8449 9390 - LS60.dat
1 0 5.2351 -100.577 181.68 -0.9003 0.4344 -0.0274 0.381 0.7561 -0.5322 0.2105 0.4895 0.8462 9390 - LS60.dat
1 0 5.1801 -101.643 183.383 -0.902 0.4309 -0.0273 0.3785 0.7588 -0.5301 0.2077 0.4885 0.8475 9390 - LS60.dat
1 0 5.1251 -102.707 185.094 -0.9037 0.4273 -0.0273 0.376 0.7614 -0.528 0.2049 0.4874 0.8488 9390 - LS60.dat
1 0 5.07 -103.771 186.814 -0.9054 0.4238 -0.0272 0.3735 0.7641 -0.526 0.2021 0.4863 0.8501 9390 - LS60.dat
1 0 5.0147 -104.838 188.547 -0.907 0.4202 -0.0272 0.3709 0.7668 -0.5239 0.1993 0.4852 0.8514 9390 - LS60.dat
1 0 4.9592 -105.909 190.297 -0.9087 0.4166 -0.0271 0.3683 0.7695 -0.5217 0.1965 0.4841 0.8527 9390 - LS60.dat
1 0 4.9032 -106.986 192.068 -0.9104 0.4129 -0.027 0.3657 0.7723 -0.5195 0.1937 0.4828 0.854 9390 - LS60.dat
1 0 4.8467 -108.073 193.862 -0.9121 0.4092 -0.0269 0.3629 0.7749 -0.5175 0.1909 0.4818 0.8552 9390 - LS60.dat
1 0 4.804 -108.893 195.227 -0.9133 0.4064 -0.0268 0.3609 0.7772 -0.5155 0.1886 0.4805 0.8565 9390 - LS60.dat
1 0 4.7465 -109.999 197.075 -0.915 0.4025 -0.0267 0.3581 0.7801 -0.513 0.1857 0.479 0.858 9390 - LS60.dat
1 0 4.6883 -111.119 198.96 -0.9167 0.3986 -0.0265 0.3553 0.7831 -0.5104 0.1827 0.4773 0.8595 9390 - LS60.dat
1 0 4.6291 -112.257 200.887 -0.9185 0.3946 -0.0264 0.3524 0.786 -0.5079 0.1797 0.4758 0.861 9390 - LS60.dat
1 0 4.5843 -113.121 202.363 -0.9198 0.3916 -0.0262 0.3502 0.7887 -0.5053 0.1772 0.4739 0.8626 9390 - LS60.dat
1 0 4.5235 -114.294 204.378 -0.9215 0.3874 -0.026 0.3471 0.7919 -0.5024 0.174 0.472 0.8642 9390 - LS60.dat
1 0 4.4772 -115.188 205.927 -0.9229 0.3843 -0.0259 0.3448 0.7946 -0.4997 0.1715 0.4701 0.8658 9390 - LS60.dat
1 0 4.4304 -116.095 207.514 -0.9242 0.381 -0.0256 0.3426 0.7977 -0.4962 0.1686 0.4674 0.8678 9390 - LS60.dat
1 0 4.367 -117.329 209.69 -0.926 0.3766 -0.0253 0.3394 0.8016 -0.4922 0.1651 0.4644 0.8701 9390 - LS60.dat
1 0 4.3188 -118.271 211.373 -0.9274 0.3731 -0.025 0.337 0.805 -0.4882 0.1621 0.4612 0.8724 9390 - LS60.dat
1 0 4.2703 -119.227 213.103 -0.9289 0.3696 -0.0246 0.3346 0.8088 -0.4835 0.1589 0.4574 0.875 9390 - LS60.dat
1 0 4.2215 -120.196 214.882 -0.9303 0.3661 -0.0241 0.3323 0.8131 -0.4779 0.1554 0.4526 0.8781 9390 - LS60.dat
1 0 4.1729 -121.174 216.712 -0.9317 0.3624 -0.0234 0.3301 0.8182 -0.4708 0.1515 0.4464 0.8819 9390 - LS60.dat
1 0 4.1251 -122.153 218.591 -0.9332 0.3587 -0.0225 0.328 0.8243 -0.4614 0.147 0.438 0.8869 9390 - LS60.dat
1 0 4.0788 -123.126 220.51 -0.9346 0.355 -0.0214 0.326 0.8309 -0.4509 0.1423 0.4284 0.8923 9390 - LS60.dat
