0 FILE 9391 - Main.ldr
0 Main
0 Name: 9391 - Main.ldr
0 Author: Oh-Seong KWON
0 !LDRAW_ORG Model
0 !LICENSE Redistributable under CCAL version 2.0 : see CAreadme.txt

0 !HISTORY 2019-03-09 [technicbasics] Build .mpd, import unofficial parts, OMRize file

0 ROTATION CENTER 0 0 0 1 "Custom"
0 ROTATION CONFIG 0 0
1 0 0 0 0 1 0 0 0 1 0 0 0 1 9391 - 9391-1.L3B.ldr




0 FILE 9391 - 9391-1.L3B.ldr
0 9391-1.L3B
0 Name: 9391 - 9391-1.L3B.ldr
0 Author: Oh-Seong KWON
0 !LDRAW_ORG Model
0 !LICENSE Redistributable under CCAL version 2.0 : see CAreadme.txt

0 ROTATION CENTER 0 0 0 1 "Custom"
0 ROTATION CONFIG 0 0
1 0 0 16 0 0 0 -1 -1 0 0 0 1 0 32525.dat
1 1 -20 16 -20 0 0 1 0 1 0 -1 0 0 32556.dat
1 1 20 16 -20 0 0 1 0 1 0 -1 0 0 32556.dat
0 STEP
1 71 0 -4 -20 1 0 0 0 1 0 0 0 1 99009.dat
1 0 0 -4 -20 0 0 1 0 1 0 -1 0 0 99010.dat
0 STEP
1 0 80 36 -20 0 -1 0 -1 0 0 0 0 -1 32525.dat
1 19 90 36 80 1 0 0 0 1 0 0 0 1 3749.dat
1 19 90 36 -120 1 0 0 0 1 0 0 0 1 3749.dat
0 STEP
1 1 80 36 0 -1 0 0 0 1 0 0 0 -1 32556.dat
1 1 80 36 -40 -1 0 0 0 1 0 0 0 -1 32556.dat
1 71 60 16 -20 0 0 -1 0 1 0 1 0 0 63869.dat
1 71 100 16 -20 0 0 -1 0 1 0 1 0 0 63869.dat
0 STEP
1 71 60 16 -20 0 0 -1 0 1 0 1 0 0 4519.dat
1 71 100 16 -20 0 0 -1 0 1 0 1 0 0 4519.dat
1 71 -100 16 -20 0 0 1 0 1 0 -1 0 0 4519.dat
1 71 -100 16 -20 0 0 1 0 1 0 -1 0 0 63869.dat
1 0 -80 36 -20 0 1 0 -1 0 0 0 0 1 32525.dat
1 1 -80 36 -40 1 0 0 0 1 0 0 0 1 32556.dat
1 1 -80 36 0 1 0 0 0 1 0 0 0 1 32556.dat
1 19 -90 36 80 -1 0 0 0 1 0 0 0 -1 3749.dat
1 19 -90 36 -120 -1 0 0 0 1 0 0 0 -1 3749.dat
1 71 -60 16 -20 0 0 1 0 1 0 -1 0 0 63869.dat
1 71 -60 16 -20 0 0 1 0 1 0 -1 0 0 4519.dat
0 STEP
1 0 0 16 -40 0 0 -1 -1 0 0 0 1 0 32525.dat
1 72 0 16 8 0 0 1 0 1 0 -1 0 0 55013.dat
1 0 0 16 -60 1 0 0 0 1 0 0 0 1 32270.dat
0 STEP
1 71 0 16 20 -1 0 0 0 1 0 0 0 -1 3713.dat
1 71 0 16 40 -1 0 0 0 1 0 0 0 -1 3713.dat
1 71 0 16 60 -1 0 0 0 1 0 0 0 -1 3713.dat
0 STEP
1 14 0 16 90 -1 0 0 0 1 0 0 0 -1 59443.dat
1 4 0 16 110 0 0 1 0 1 0 -1 0 0 32062.dat
1 0 0 16 120 1 0 0 0 1 0 0 0 1 32270.dat
1 14 -20 -24 0 0 1 0 -1 0 0 0 0 1 32524.dat
1 1 0 -24 -40 1 0 0 0 1 0 0 0 1 32556.dat
0 STEP
1 14 0 -44 -60 1 0 0 0 -1 0 0 0 -1 42003.dat
1 0 0 -44 -50 0 0 -1 0 1 0 1 0 0 3673.dat
1 71 0 -64 -40 -1 0 0 0 1 0 0 0 -1 42003.dat
1 72 0 -64 10 0 -0.669131 -0.743144 0 -0.743144 0.669131 -1 0 0 55013.dat
1 71 0 -64 -10 0.743144 -0.669131 0 -0.669131 -0.743144 0 0 0 -1 4716.dat
1 71 0 -64 20 0.743144 -0.669131 0 -0.669131 -0.743144 0 0 0 -1 3713.dat
1 71 0 -64 40 -1 0 0 0 1 0 0 0 -1 42003.dat
1 0 0 -44 50 0 0 -1 0 1 0 1 0 0 3673.dat
0 STEP
1 14 0 -44 60 1 0 0 0 -1 0 0 0 -1 42003.dat
1 14 0 -64 90 0.743144 -0.669131 0 -0.669131 -0.743144 0 0 0 -1 59443.dat
1 4 0 -64 110 0 -0.669131 -0.743144 0 -0.743144 0.669131 -1 0 0 32062.dat
1 0 0 -64 120 -0.743144 -0.669131 0 0.669131 -0.743144 0 0 0 1 32270.dat
1 71 0 -84 40 -1 0 0 0 1 0 0 0 -1 4519.dat
1 71 0 -84 -40 -1 0 0 0 1 0 0 0 -1 4519.dat
1 14 -15 -84 -40 0 0 1 0 1 0 -1 0 0 32123a.dat
1 14 15 -84 -40 0 0 1 0 1 0 -1 0 0 32123a.dat
1 14 -15 -84 40 0 0 1 0 1 0 -1 0 0 32123a.dat
1 14 15 -84 40 0 0 1 0 1 0 -1 0 0 32123a.dat
1 71 0 -24 -60 -1 0 0 0 1 0 0 0 -1 60485.dat
1 71 0 -24 60 -1 0 0 0 1 0 0 0 -1 60485.dat
0 STEP
1 14 -25 -84 0 0 -1 0 0 0 -1 1 0 0 2905.dat
0 STEP
1 14 20 -24 0 0 1 0 -1 0 0 0 0 1 32524.dat
1 0 0 -84 -20 1 0 0 0 0 -1 0 1 0 3706.dat
1 72 0 -84 -20 0 0 -1 -1 0 0 0 1 0 3647.dat
1 14 -15 -84 -20 0 0 -1 -1 0 0 0 1 0 32123a.dat
1 14 15 -84 -20 0 0 -1 -1 0 0 0 1 0 32123a.dat
0 STEP
1 14 25 -84 0 0 -1 0 0 0 -1 1 0 0 2905.dat
1 14 -35 -84 -20 0 0 -1 -1 0 0 0 1 0 32123a.dat
1 14 35 -84 -20 0 0 -1 -1 0 0 0 1 0 32123a.dat
0 STEP
1 14 40 -104 0 0 -1 0 0 0 1 -1 0 0 32526.dat
1 72 30 -104 0 -1 0 0 0 1 0 0 0 -1 32002.dat
1 0 40 -24 -20 -1 0 0 0 1 0 0 0 -1 32054.dat
1 1 70 -24 -20 -1 0 0 0 1 0 0 0 -1 3749.dat
0 STEP
1 14 -40 -104 0 0 -1 0 0 0 1 -1 0 0 32526.dat
1 72 -30 -104 0 1 0 0 0 1 0 0 0 1 32002.dat
1 0 -40 -24 -20 1 0 0 0 1 0 0 0 1 32054.dat
1 1 -70 -24 -20 1 0 0 0 1 0 0 0 1 3749.dat
1 71 -40 -24 -60 0 0 1 0 1 0 -1 0 0 3713.dat
1 0 -60 -24 -60 0 -1 0 0 0 -1 1 0 0 33299.dat
0 STEP
1 14 -60 -24 60 0 -1 0 0 0 -1 1 0 0 32140.dat
1 1 -60 -44 60 -1 0 0 0 1 0 0 0 -1 32556.dat
1 1 -50 -84 60 1 0 0 0 0.923879 -0.382683 0 0.382683 0.923879 3749.dat
1 14 -40 -34 70 0 0 -1 1 0 0 0 -1 0 32000.dat
1 72 -40 -84 60 0 0 -1 -0.382683 0.923879 0 0.923879 0.382683 0 3647.dat
1 14 -80 -24 0 0 1 0 -1 0 0 0 0 1 32140.dat
1 71 0 -24 0 1 0 0 0 1 0 0 0 1 60485.dat
1 71 -60 -24 0 0 0 1 0 1 0 -1 0 0 3713.dat
1 71 60 -24 0 0 0 1 0 1 0 -1 0 0 3713.dat
0 STEP
1 14 -80 -24 -40 0 1 0 -1 0 0 0 0 1 32523.dat
1 0 -60 -64 0 1 0 0 0 1 0 0 0 1 87082.dat
0 STEP
1 1 -70 -64 60 -1 0 0 0 1 0 0 0 -1 3749.dat
1 14 -80 -64 60 0 1 0 1 0 0 0 0 -1 32271.dat
0 STEP
1 71 20 -84 80 -1 0 0 0 1 0 0 0 -1 60485.dat
1 72 -40 -84 80 0 0 1 0 1 0 -1 0 0 3647.dat
1 14 -25 -84 80 0 0 1 0 1 0 -1 0 0 32123a.dat
1 71 -3 -84 80 1 0 0 0 1 0 0 0 1 2585.dat
1 14 19 -84 80 0 0 1 0 1 0 -1 0 0 32123a.dat
1 71 40 -84 80 0 0 1 0 1 0 -1 0 0 3713.dat
0 STEP
1 14 60 -24 60 0 -1 0 0 0 -1 1 0 0 32140.dat
1 1 60 -44 60 1 0 0 0 1 0 0 0 1 32556.dat
1 14 40 -34 70 0 0 -1 1 0 0 0 -1 0 32000.dat
1 0 70 -64 60 1 0 0 0 1 0 0 0 1 3673.dat
1 0 -50 -84 -20 0 1 0 0 0 1 1 0 0 33299.dat
0 STEP
1 14 -30 -108.173 -96.6928 0 -1 0 -0.766928 0 -0.641733 0.641733 0 -0.766928 32525.dat
1 0 -20 -121.008 -112.031 1 0 0 0 0.766928 0.641733 0 -0.641733 0.766928 3673.dat
1 72 -20 -172.346 -173.386 1 0 0 0 0.766928 0.641733 0 -0.641733 0.766928 32002.dat
1 0 0 -121.008 -112.031 1 0 0 0 0.766928 0.641733 0 -0.641733 0.766928 62462.dat
1 0 20 -121.008 -112.031 1 0 0 0 0.766928 0.641733 0 -0.641733 0.766928 3673.dat
0 STEP
1 14 0 -178.941 -130.021 0 0 1 -0.268592 0.963254 0 -0.963254 -0.268592 0 57779.dat
1 72 20 -172.347 -173.386 -1 0 0 0 0.766928 -0.641733 0 -0.641733 -0.766928 32002.dat
1 14 30 -108.173 -96.6928 0 -1 0 -0.766928 0 -0.641733 0.641733 0 -0.766928 32525.dat
0 STEP
1 0 50 -84 -20 0 -1 0 0 0 1 -1 0 0 33299.dat
1 71 0 -124 0 1 0 0 0 0.963254 0.268592 0 -0.268592 0.963254 4519.dat
1 14 35 -24 -60 0 -1 0 -1 0 0 0 0 -1 41677.dat
1 14 45 -24 -60 0 -1 0 -1 0 0 0 0 -1 41677.dat
1 0 60 -24 -60 0 1 0 0 0 -1 -1 0 0 33299.dat
0 STEP
1 14 80 -24 0 0 1 0 -1 0 0 0 0 1 32140.dat
1 14 80 -24 -40 0 1 0 -1 0 0 0 0 1 32523.dat
1 0 60 -64 0 1 0 0 0 0 -1 0 1 0 87082.dat
0 STEP
1 14 80 -64 0 0 1 0 -1 0 0 0 0 1 32524.dat
1 0 0 -144.025 -4.79789 1 0 0 0 0.963253 0.268592 0 -0.268592 0.963254 32530.dat
1 0 0 -180.365 -202.14 0 1 0 -0.963254 0 0.268592 0.268592 0 0.963254 32278.dat
1 4 0 -212.595 -317.731 1 0 0 0 0.963254 0.268592 0 -0.268592 0.963254 32062.dat
1 4 0 -217.967 -336.996 1 0 0 0 0.963254 0.268592 0 -0.268592 0.963254 32062.dat
1 0 0 -237.232 -331.624 -1 0 0 0 0.963254 -0.268592 0 -0.268592 -0.963254 92907.dat
0 STEP
1 71 80 -84 80 0 0 1 0 1 0 -1 0 0 3713.dat
1 0 100 -84 80 0 0 -1 0 1 0 1 0 0 32270.dat
1 72 0 -152 -347 0 0 1 0 1 0 -1 0 0 30395.dat
1 0 -10 -90.9698 81.6536 0 1 0 -0.1732 0 -0.9849 0.9849 0 -0.1732 9391 - LS60.dat
1 0 -10 -91.906 80.3397 0 1 0 -0.7002 0 -0.714 0.714 0 -0.7002 9391 - LS60.dat
1 0 -10 -92.0418 78.7513 0 1 0 -0.9692 0 -0.2463 0.2463 0 -0.9692 9391 - LS60.dat
1 0 -10 -92.0222 77.2383 0 1 0 -0.9987 0 -0.0517 0.0517 0 -0.9987 9391 - LS60.dat
1 0 -10 -91.8795 75.741 0 1 0 -0.9983 0 0.0584 -0.0584 0 -0.9983 9391 - LS60.dat
1 0 -10 -91.4809 74.2851 0 1 0 -0.9769 0 0.2139 -0.2139 0 -0.9769 9391 - LS60.dat
1 0 -10 -90.7089 72.9766 0 1 0 -0.8983 0 0.4394 -0.4394 0 -0.8983 9391 - LS60.dat
1 0 -10 -89.5328 71.9922 0 1 0 -0.7164 0 0.6977 -0.6977 0 -0.7164 9391 - LS60.dat
1 0 -10 -88.1171 71.4088 0 1 0 -0.4708 0 0.8822 -0.8822 0 -0.4708 9391 - LS60.dat
1 0 -10 -86.6289 71.1144 0 1 0 -0.2647 0 0.9643 -0.9643 0 -0.2647 9391 - LS60.dat
1 0 -10 -85.1259 70.9936 0 1 0 -0.1264 0 0.992 -0.992 0 -0.1264 9391 - LS60.dat
1 0 -10 -83.6218 70.9815 0 1 0 -0.0375 0 0.9993 -0.9993 0 -0.0375 9391 - LS60.dat
1 0 -10 -82.1222 71.0706 0 1 0 0.0352 0 0.9994 -0.9994 0 0.0352 9391 - LS60.dat
1 0 -10 -80.6364 71.2991 0 1 0 0.123 0 0.9924 -0.9924 0 0.123 9391 - LS60.dat
1 0 -10 -79.1924 71.7285 0 1 0 0.2453 0 0.9694 -0.9694 0 0.2453 9391 - LS60.dat
1 0 -10 -77.8524 72.4279 0 1 0 0.4109 0 0.9117 -0.9117 0 0.4109 9391 - LS60.dat
1 0 -10 -76.7224 73.4412 0 1 0 0.6094 0 0.7929 -0.7929 0 0.6094 9391 - LS60.dat
1 0 -10 -75.8982 74.7225 0 1 0 0.7926 0 0.6098 -0.6098 0 0.7926 9391 - LS60.dat
1 0 -10 -75.3823 76.1516 0 1 0 0.9121 0 0.41 -0.41 0 0.9121 9391 - LS60.dat
1 0 -10 -75.102 77.6358 0 1 0 0.9701 0 0.2426 -0.2426 0 0.9701 9391 - LS60.dat
1 0 -10 -74.9855 79.1379 0 1 0 0.9929 0 0.1187 -0.1187 0 0.9929 9391 - LS60.dat
1 0 -10 -75.0949 80.6414 0 1 0 1 0 -0.025 0.025 0 1 9391 - LS60.dat
1 0 -10 -75.2566 82.1339 0 1 0 0.9962 0 -0.0871 0.0871 0 0.9962 9391 - LS60.dat
1 0 -10 -75.56 83.6063 0 1 0 0.9848 0 -0.1734 0.1734 0 0.9848 9391 - LS60.dat
1 0 -10 -76.0601 85.0273 0 1 0 0.956 0 -0.2933 0.2933 0 0.956 9391 - LS60.dat
1 0 -10 -76.8205 86.3318 0 1 0 0.8912 0 -0.4535 0.4535 0 0.8912 9391 - LS60.dat
1 0 -10 -77.8774 87.4212 0 1 0 0.767 0 -0.6416 0.6416 0 0.767 9391 - LS60.dat
1 0 -10 -79.1807 88.2069 0 1 0 0.5841 0 -0.8117 0.8117 0 0.5841 9391 - LS60.dat
1 0 -10 -80.6192 88.6912 0 1 0 0.3879 0 -0.9217 0.9217 0 0.3879 9391 - LS60.dat
1 0 -10 -82.1085 88.9425 0 1 0 0.2225 0 -0.9749 0.9749 0 0.2225 9391 - LS60.dat
1 0 -10 -83.6131 89.0284 0 1 0 0.0984 0 -0.9951 0.9951 0 0.0984 9391 - LS60.dat
1 0 -9.9489 -85.1139 88.9084 0.0009 1 0.0256 -0.0354 0.0256 -0.999 0.9994 0 -0.0354 9391 - LS60.dat
1 0 -9.7998 -86.5934 88.6771 0.0101 0.9967 0.0809 -0.124 0.0815 -0.9889 0.9922 0 -0.1245 9391 - LS60.dat
1 0 -9.5586 -88.0159 88.2423 0.0181 0.9899 0.1408 -0.2485 0.1409 -0.9583 0.9685 0.0176 -0.2485 9391 - LS60.dat
1 0 -9.2335 -89.3147 87.5377 0.0309 0.9798 0.1977 -0.4168 0.1924 -0.8884 0.9085 0.055 -0.4143 9391 - LS60.dat
1 0 -8.864 -90.3886 86.5284 0.0489 0.971 0.2341 -0.6154 0.2139 -0.7586 0.7867 0.1069 -0.608 9391 - LS60.dat
1 0 -8.5182 -91.1602 85.2632 0.0606 0.971 0.2314 -0.7963 0.1868 -0.5753 0.6019 0.1494 -0.7845 9391 - LS60.dat
1 0 -8.2506 -91.6424 83.8489 0.0524 0.9801 0.1916 -0.9147 0.1241 -0.3847 0.4008 0.1551 -0.9029 9391 - LS60.dat
1 0 -8.0775 -91.905 82.3698 0.0315 0.9904 0.1343 -0.9719 0.0617 -0.2272 0.2333 0.1234 -0.9646 9391 - LS60.dat
1 0 -7.994 -92.0135 80.8688 0.0126 0.9971 0.0752 -0.9936 0.021 -0.1109 0.1121 0.0734 -0.991 9391 - LS60.dat
1 0 -8.0308 -91.92 79.3636 0 1 0.0004 -1 0 0.0191 -0.0191 0.0004 -1 9391 - LS60.dat
1 0 -8.0287 -91.7918 77.8668 0 1 0.0011 -0.9976 0 0.0688 -0.0688 0.0011 -0.9976 9391 - LS60.dat
1 0 -8.0254 -91.5418 76.3841 0 1 0.0019 -0.9898 0 0.1421 -0.1421 0.0019 -0.9898 9391 - LS60.dat
1 0 -8.0209 -91.1121 74.942 0 1 0.0027 -0.9682 -0.0007 0.2503 -0.2504 0.0026 -0.9682 9391 - LS60.dat
1 0 -8.0154 -90.4248 73.5967 0 1 0.0034 -0.9139 -0.0013 0.406 -0.406 0.0031 -0.9139 9391 - LS60.dat
1 0 -8.0097 -89.4162 72.4617 0 1 0.0037 -0.7957 -0.0021 0.6057 -0.6057 0.0031 -0.7957 9391 - LS60.dat
1 0 -8.0048 -88.1189 71.6574 0.0005 1 0.0034 -0.6005 -0.0024 0.7996 -0.7996 0.0024 -0.6005 9391 - LS60.dat
1 0 -8.0016 -86.668 71.1982 0.0005 1 0.0025 -0.3795 -0.0021 0.9252 -0.9252 0.0014 -0.3795 9391 - LS60.dat
1 0 -8 -85.1676 70.9965 0.0003 1 0.0014 -0.1954 -0.0013 0.9807 -0.9807 0.0006 -0.1954 9391 - LS60.dat
1 0 -8 -83.6603 70.9698 0 1 0.0005 -0.0621 -0.0005 0.9981 -0.9981 0 -0.0621 9391 - LS60.dat
1 0 -8 -82.1597 71.0705 0 1 0 0.0349 0 0.9994 -0.9994 0 0.0349 9391 - LS60.dat
1 0 -8 -80.6725 71.2969 0 1 0 0.1219 0 0.9925 -0.9925 0 0.1219 9391 - LS60.dat
1 0 -8 -79.228 71.7218 0 1 0 0.2429 0 0.9701 -0.9701 0 0.2429 9391 - LS60.dat
1 0 -8 -77.8851 72.4143 0 1 0 0.4069 0 0.9135 -0.9135 0 0.4069 9391 - LS60.dat
1 0 -8 -76.7485 73.4198 0 1 0 0.6045 0 0.7966 -0.7966 0 0.6045 9391 - LS60.dat
1 0 -8 -75.9154 74.6953 0 1 0 0.7884 0 0.6151 -0.6151 0 0.7884 9391 - LS60.dat
1 0 -8 -75.3923 76.1209 0 1 0 0.9097 0 0.4152 -0.4152 0 0.9097 9391 - LS60.dat
1 0 -8 -75.1064 77.6048 0 1 0 0.9691 0 0.2466 -0.2466 0 0.9691 9391 - LS60.dat
1 0 -8 -74.9866 79.1058 0 1 0 0.9926 0 0.1215 -0.1215 0 0.9926 9391 - LS60.dat
1 0 -8 -75.0969 80.6091 0 1 0 1 0 -0.0248 0.0248 0 1 9391 - LS60.dat
1 0 -8 -75.2572 82.1023 0 1 0 0.9963 0 -0.0863 0.0863 0 0.9963 9391 - LS60.dat
1 0 -8 -75.5578 83.5756 0 1 0 0.9851 0 -0.1719 0.1719 0 0.9851 9391 - LS60.dat
1 0 -8 -76.0538 84.9986 0 1 0 0.9568 0 -0.2908 0.2908 0 0.9568 9391 - LS60.dat
1 0 -8 -76.8086 86.3072 0 1 0 0.893 0 -0.45 0.45 0 0.893 9391 - LS60.dat
1 0 -8 -77.8587 87.4017 0 1 0 0.7704 0 -0.6375 0.6375 0 0.7704 9391 - LS60.dat
1 0 -8 -79.157 88.1938 0 1 0 0.5886 0 -0.8084 0.8084 0 0.5886 9391 - LS60.dat
1 0 -8 -80.5938 88.6842 0 1 0 0.392 0 -0.92 0.92 0 0.392 9391 - LS60.dat
1 0 -8 -82.0825 88.9397 0 1 0 0.2257 0 -0.9742 0.9742 0 0.2257 9391 - LS60.dat
1 0 -8 -83.5854 89.0281 0 1 0 0.1006 0 -0.9949 0.9949 0 0.1006 9391 - LS60.dat
1 0 -7.949 -85.0872 88.9075 0.0009 1 0.0255 -0.0352 0.0255 -0.9991 0.9994 0 -0.0352 9391 - LS60.dat
1 0 -7.8005 -86.5672 88.6779 0.01 0.9967 0.0806 -0.1232 0.0812 -0.9891 0.9923 0 -0.1236 9391 - LS60.dat
1 0 -7.5602 -87.9909 88.246 0.0178 0.99 0.1403 -0.2468 0.1403 -0.9589 0.9689 0.0175 -0.2468 9391 - LS60.dat
1 0 -7.2362 -89.2926 87.5459 0.0302 0.9799 0.197 -0.4141 0.1916 -0.8898 0.9097 0.0547 -0.4116 9391 - LS60.dat
1 0 -6.8672 -90.3717 86.5412 0.0478 0.9712 0.2336 -0.6123 0.2132 -0.7613 0.7891 0.1066 -0.6049 9391 - LS60.dat
1 0 -6.5212 -91.1494 85.2794 0.0595 0.9711 0.2313 -0.7938 0.1865 -0.5789 0.6053 0.1492 -0.7819 9391 - LS60.dat
1 0 -6.2528 -91.6365 83.8667 0.0517 0.98 0.1919 -0.9132 0.1242 -0.388 0.4041 0.1552 -0.9014 9391 - LS60.dat
1 0 -6.0789 -91.9024 82.3884 0.0312 0.9904 0.1348 -0.9713 0.0619 -0.2297 0.2358 0.1238 -0.9639 9391 - LS60.dat
1 0 -5.9945 -92.0129 80.8875 0.0126 0.997 0.0758 -0.9934 0.0211 -0.1125 0.1138 0.0739 -0.9908 9391 - LS60.dat
1 0 -6.0315 -91.9189 79.3819 0 1 0.0004 -1 0 0.0189 -0.0189 0.0004 -1 9391 - LS60.dat
1 0 -6.0294 -91.7916 77.8853 0 1 0.0012 -0.9977 0 0.0683 -0.0683 0.0012 -0.9977 9391 - LS60.dat
1 0 -6.026 -91.5434 76.4027 0 1 0.002 -0.99 0 0.1412 -0.1412 0.002 -0.99 9391 - LS60.dat
1 0 -6.0214 -91.1165 74.9601 0 1 0.0028 -0.9686 -0.0007 0.2487 -0.2487 0.0027 -0.9686 9391 - LS60.dat
1 0 -6.0159 -90.4331 73.613 0 1 0.0035 -0.9149 -0.0014 0.4036 -0.4036 0.0032 -0.9149 9391 - LS60.dat
1 0 -6.01 -89.4289 72.4742 0 1 0.0038 -0.7978 -0.0021 0.6029 -0.6029 0.0032 -0.7978 9391 - LS60.dat
1 0 -6.005 -88.1347 71.665 0.0005 1 0.0034 -0.6035 -0.0025 0.7974 -0.7974 0.0025 -0.6035 9391 - LS60.dat
1 0 -6.0017 -86.6853 71.202 0.0005 1 0.0025 -0.3824 -0.0021 0.924 -0.924 0.0014 -0.3824 9391 - LS60.dat
1 0 -6 -85.1859 70.9978 0.0003 1 0.0015 -0.1975 -0.0014 0.9803 -0.9803 0.0006 -0.1975 9391 - LS60.dat
1 0 -6 -83.6789 70.9692 0 1 0.0005 -0.0635 -0.0005 0.998 -0.998 0 -0.0635 9391 - LS60.dat
1 0 -6 -82.1781 71.0704 0 1 0 0.0347 0 0.9994 -0.9994 0 0.0347 9391 - LS60.dat
1 0 -6 -80.6911 71.2955 0 1 0 0.1212 0 0.9926 -0.9926 0 0.1212 9391 - LS60.dat
1 0 -6 -79.2463 71.7182 0 1 0 0.2416 0 0.9704 -0.9704 0 0.2416 9391 - LS60.dat
1 0 -6 -77.9019 72.4072 0 1 0 0.4048 0 0.9144 -0.9144 0 0.4048 9391 - LS60.dat
1 0 -6 -76.7619 73.4087 0 1 0 0.6019 0 0.7985 -0.7985 0 0.6019 9391 - LS60.dat
1 0 -6 -75.9246 74.6812 0 1 0 0.7864 0 0.6178 -0.6178 0 0.7864 9391 - LS60.dat
1 0 -6 -75.3972 76.1067 0 1 0 0.9086 0 0.4176 -0.4176 0 0.9086 9391 - LS60.dat
1 0 -6 -75.1085 77.5913 0 1 0 0.9687 0 0.2484 -0.2484 0 0.9687 9391 - LS60.dat
1 0 -6 -74.9871 79.0937 0 1 0 0.9925 0 0.1226 -0.1226 0 0.9925 9391 - LS60.dat
1 0 -6 -75.0976 80.5986 0 1 0 1 0 -0.0247 0.0247 0 1 9391 - LS60.dat
1 0 -6 -75.2575 82.0926 0 1 0 0.9963 0 -0.0861 0.0861 0 0.9963 9391 - LS60.dat
1 0 -6 -75.5569 83.565 0 1 0 0.9852 0 -0.1713 0.1713 0 0.9852 9391 - LS60.dat
1 0 -6 -76.051 84.9874 0 1 0 0.9571 0 -0.2898 0.2898 0 0.9571 9391 - LS60.dat
1 0 -6 -76.8041 86.2979 0 1 0 0.8937 0 -0.4487 0.4487 0 0.8937 9391 - LS60.dat
1 0 -6 -77.8527 87.3951 0 1 0 0.7715 0 -0.6362 0.6362 0 0.7715 9391 - LS60.dat
1 0 -6 -79.1502 88.1901 0 1 0 0.59 0 -0.8074 0.8074 0 0.59 9391 - LS60.dat
1 0 -6 -80.5853 88.6817 0 1 0 0.3933 0 -0.9194 0.9194 0 0.3933 9391 - LS60.dat
1 0 -6 -82.0745 88.9387 0 1 0 0.2266 0 -0.974 0.974 0 0.2266 9391 - LS60.dat
1 0 -6 -83.5782 89.028 0 1 0 0.1012 0 -0.9949 0.9949 0 0.1012 9391 - LS60.dat
1 0 -5.9491 -85.079 88.9073 0.0009 1 0.0254 -0.0351 0.0255 -0.9991 0.9994 0 -0.0351 9391 - LS60.dat
1 0 -5.8008 -86.5579 88.6783 0.01 0.9967 0.0805 -0.1229 0.0811 -0.9891 0.9924 0 -0.1233 9391 - LS60.dat
1 0 -5.5609 -87.9826 88.2475 0.0177 0.99 0.14 -0.2461 0.1401 -0.9591 0.9691 0.0175 -0.2461 9391 - LS60.dat
1 0 -5.2375 -89.2843 87.5496 0.0298 0.98 0.1967 -0.413 0.1913 -0.8904 0.9103 0.0547 -0.4104 9391 - LS60.dat
1 0 -4.869 -90.3644 86.5475 0.0474 0.9712 0.2334 -0.611 0.213 -0.7624 0.7902 0.1065 -0.6035 9391 - LS60.dat
1 0 -4.5226 -91.1449 85.2866 0.0591 0.9711 0.2314 -0.7928 0.1865 -0.5803 0.6066 0.1492 -0.7809 9391 - LS60.dat
1 0 -4.2537 -91.6343 83.8743 0.0514 0.98 0.1921 -0.9127 0.1242 -0.3894 0.4055 0.1553 -0.9008 9391 - LS60.dat
1 0 -4.0795 -91.9013 82.3975 0.0311 0.9903 0.1351 -0.971 0.062 -0.2308 0.237 0.124 -0.9636 9391 - LS60.dat
1 0 -3.9948 -92.0126 80.898 0.0126 0.997 0.0762 -0.9933 0.0212 -0.1134 0.1146 0.0742 -0.9906 9391 - LS60.dat
1 0 -4.032 -91.9183 79.3934 0 1 0.0004 -1 0 0.0188 -0.0188 0.0004 -1 9391 - LS60.dat
1 0 -4.0299 -91.7917 77.8976 0 1 0.0012 -0.9977 0 0.068 -0.068 0.0012 -0.9977 9391 - LS60.dat
1 0 -4.0265 -91.5446 76.4158 0 1 0.002 -0.9901 0 0.1405 -0.1405 0.002 -0.9901 9391 - LS60.dat
1 0 -4.0218 -91.1194 74.9718 0 1 0.0028 -0.9688 -0.0007 0.2477 -0.2477 0.0027 -0.9688 9391 - LS60.dat
1 0 -4.0162 -90.439 73.6241 0 1 0.0035 -0.9156 -0.0014 0.402 -0.402 0.0032 -0.9156 9391 - LS60.dat
1 0 -4.0102 -89.4383 72.4832 0 1 0.0039 -0.7994 -0.0021 0.6009 -0.6009 0.0032 -0.7993 9391 - LS60.dat
1 0 -4.0051 -88.1467 71.671 0.0005 1 0.0035 -0.6056 -0.0025 0.7958 -0.7958 0.0025 -0.6056 9391 - LS60.dat
1 0 -4.0017 -86.6974 71.2048 0.0005 1 0.0026 -0.3842 -0.0022 0.9232 -0.9232 0.0015 -0.3842 9391 - LS60.dat
1 0 -4 -85.1975 70.9985 0.0003 1 0.0015 -0.1989 -0.0014 0.98 -0.98 0.0006 -0.1989 9391 - LS60.dat
1 0 -4 -83.6914 70.9689 0 1 0.0005 -0.0645 -0.0005 0.9979 -0.9979 0 -0.0645 9391 - LS60.dat
1 0 -4 -82.1911 71.0702 0 1 0 0.0346 0 0.9994 -0.9994 0 0.0346 9391 - LS60.dat
1 0 -4 -80.7048 71.2946 0 1 0 0.1208 0 0.9927 -0.9927 0 0.1208 9391 - LS60.dat
1 0 -4 -79.2586 71.7158 0 1 0 0.2407 0 0.9706 -0.9706 0 0.2407 9391 - LS60.dat
1 0 -4 -77.9137 72.4024 0 1 0 0.4035 0 0.915 -0.915 0 0.4035 9391 - LS60.dat
1 0 -4 -76.7704 73.4018 0 1 0 0.6003 0 0.7998 -0.7998 0 0.6003 9391 - LS60.dat
1 0 -4 -75.9305 74.6719 0 1 0 0.7849 0 0.6196 -0.6196 0 0.7849 9391 - LS60.dat
1 0 -4 -75.4006 76.0957 0 1 0 0.9077 0 0.4195 -0.4195 0 0.9077 9391 - LS60.dat
1 0 -4 -75.1102 77.579 0 1 0 0.9683 0 0.2499 -0.2499 0 0.9683 9391 - LS60.dat
1 0 -4 -74.9876 79.0803 0 1 0 0.9923 0 0.1237 -0.1237 0 0.9923 9391 - LS60.dat
1 0 -4 -75.0984 80.5848 0 1 0 1 0 -0.0246 0.0246 0 1 9391 - LS60.dat
1 0 -4 -75.2576 82.078 0 1 0 0.9963 0 -0.0857 0.0857 0 0.9963 9391 - LS60.dat
1 0 -4 -75.556 83.5516 0 1 0 0.9853 0 -0.1706 0.1706 0 0.9853 9391 - LS60.dat
1 0 -4 -76.0485 84.9756 0 1 0 0.9574 0 -0.2887 0.2887 0 0.9574 9391 - LS60.dat
1 0 -4 -76.7986 86.2869 0 1 0 0.8945 0 -0.4471 0.4471 0 0.8945 9391 - LS60.dat
1 0 -4 -77.844 87.3862 0 1 0 0.773 0 -0.6344 0.6344 0 0.773 9391 - LS60.dat
1 0 -4 -79.139 88.1839 0 1 0 0.592 0 -0.806 0.806 0 0.592 9391 - LS60.dat
1 0 -4 -80.5741 88.6785 0 1 0 0.395 0 -0.9187 0.9187 0 0.395 9391 - LS60.dat
1 0 -4 -82.0638 88.9373 0 1 0 0.2278 0 -0.9737 0.9737 0 0.2278 9391 - LS60.dat
1 0 -4 -83.5684 89.0278 0 1 0 0.102 0 -0.9948 0.9948 0 0.102 9391 - LS60.dat
1 0 -3.9491 -85.0704 88.9069 0.0009 1 0.0254 -0.035 0.0254 -0.9991 0.9994 0 -0.035 9391 - LS60.dat
1 0 -3.801 -86.55 88.6783 0.01 0.9967 0.0804 -0.1226 0.081 -0.9891 0.9924 0 -0.123 9391 - LS60.dat
1 0 -3.5612 -87.9755 88.2482 0.0176 0.99 0.1399 -0.2457 0.1399 -0.9592 0.9692 0.0175 -0.2457 9391 - LS60.dat
1 0 -3.2379 -89.2785 87.5512 0.0297 0.98 0.1965 -0.4124 0.1911 -0.8907 0.9105 0.0546 -0.4098 9391 - LS60.dat
1 0 -2.8695 -90.3605 86.55 0.047 0.9713 0.2332 -0.6103 0.2128 -0.7631 0.7908 0.1064 -0.6027 9391 - LS60.dat
1 0 -2.5233 -91.1419 85.291 0.0587 0.9711 0.2313 -0.792 0.1863 -0.5813 0.6076 0.1491 -0.7801 9391 - LS60.dat
1 0 -2.2545 -91.6323 83.8802 0.0512 0.98 0.1922 -0.9122 0.1243 -0.3904 0.4065 0.1554 -0.9003 9391 - LS60.dat
1 0 -2.08 -91.9004 82.4031 0.031 0.9903 0.1353 -0.9708 0.0621 -0.2316 0.2377 0.1241 -0.9634 9391 - LS60.dat
1 0 -1.9949 -92.0124 80.903 0.0126 0.997 0.0763 -0.9933 0.0212 -0.1138 0.1151 0.0743 -0.9906 9391 - LS60.dat
1 0 -2.0322 -91.918 79.3977 0 1 0.0004 -1 0 0.0188 -0.0188 0.0004 -1 9391 - LS60.dat
1 0 -2.03 -91.7916 77.9016 0 1 0.0012 -0.9977 0 0.0679 -0.0679 0.0012 -0.9977 9391 - LS60.dat
1 0 -2.0266 -91.5448 76.4194 0 1 0.002 -0.9901 0 0.1403 -0.1403 0.002 -0.9901 9391 - LS60.dat
1 0 -2.0219 -91.1199 74.9749 0 1 0.0028 -0.9689 -0.0007 0.2474 -0.2474 0.0028 -0.9689 9391 - LS60.dat
1 0 -2.0163 -90.44 73.6266 0 1 0.0035 -0.9158 -0.0014 0.4017 -0.4017 0.0033 -0.9158 9391 - LS60.dat
1 0 -2.0103 -89.4395 72.4848 0 1 0.0039 -0.7996 -0.0022 0.6005 -0.6005 0.0032 -0.7996 9391 - LS60.dat
1 0 -2.0052 -88.148 71.6719 0.0005 1 0.0035 -0.6059 -0.0025 0.7955 -0.7955 0.0025 -0.6059 9391 - LS60.dat
1 0 -2.0017 -86.6987 71.2049 0.0005 1 0.0026 -0.3846 -0.0022 0.9231 -0.9231 0.0015 -0.3846 9391 - LS60.dat
1 0 -2 -85.2002 70.9987 0.0003 1 0.0015 -0.1992 -0.0014 0.98 -0.98 0.0006 -0.1992 9391 - LS60.dat
1 0 -1.9997 -83.6937 70.9688 0 1 0.0005 -0.0647 -0.0005 0.9979 -0.9979 0 -0.0647 9391 - LS60.dat
1 0 -2 -82.1931 71.0702 0 1 0 0.0346 0 0.9994 -0.9994 0 0.0346 9391 - LS60.dat
1 0 -2 -80.7066 71.2945 0 1 0 0.1208 0 0.9927 -0.9927 0 0.1208 9391 - LS60.dat
1 0 -2 -79.2602 71.7156 0 1 0 0.2406 0 0.9706 -0.9706 0 0.2406 9391 - LS60.dat
1 0 -2 -77.915 72.402 0 1 0 0.4033 0 0.9151 -0.9151 0 0.4033 9391 - LS60.dat
1 0 -2 -76.7714 73.4012 0 1 0 0.6001 0 0.7999 -0.7999 0 0.6001 9391 - LS60.dat
1 0 -2 -75.9311 74.6713 0 1 0 0.7848 0 0.6198 -0.6198 0 0.7848 9391 - LS60.dat
1 0 -2 -75.4009 76.0951 0 1 0 0.9077 0 0.4197 -0.4197 0 0.9077 9391 - LS60.dat
1 0 -2 -75.1104 77.5785 0 1 0 0.9682 0 0.25 -0.25 0 0.9682 9391 - LS60.dat
1 0 -2 -74.9876 79.0799 0 1 0 0.9923 0 0.1238 -0.1238 0 0.9923 9391 - LS60.dat
1 0 -2 -75.0985 80.5845 0 1 0 1 0 -0.0246 0.0246 0 1 9391 - LS60.dat
1 0 -2 -75.2576 82.0777 0 1 0 0.9963 0 -0.0857 0.0857 0 0.9963 9391 - LS60.dat
1 0 -2 -75.556 83.5514 0 1 0 0.9853 0 -0.1706 0.1706 0 0.9853 9391 - LS60.dat
1 0 -2 -76.0485 84.9754 0 1 0 0.9574 0 -0.2887 0.2887 0 0.9574 9391 - LS60.dat
1 0 -2 -76.7986 86.2867 0 1 0 0.8945 0 -0.4471 0.4471 0 0.8945 9391 - LS60.dat
1 0 -2 -77.844 87.3861 0 1 0 0.7731 0 -0.6343 0.6343 0 0.7731 9391 - LS60.dat
1 0 -2 -79.1389 88.1838 0 1 0 0.592 0 -0.806 0.806 0 0.592 9391 - LS60.dat
1 0 -2 -80.5741 88.6785 0 1 0 0.395 0 -0.9187 0.9187 0 0.395 9391 - LS60.dat
1 0 -2 -82.0637 88.9375 0 1 0 0.2279 0 -0.9737 0.9737 0 0.2279 9391 - LS60.dat
1 0 -2 -83.5664 89.0278 0 1 0 0.1021 0 -0.9948 0.9948 0 0.1021 9391 - LS60.dat
1 0 -1.9491 -85.0686 88.9069 0.0009 1 0.0254 -0.035 0.0254 -0.9991 0.9994 0 -0.035 9391 - LS60.dat
1 0 -1.8011 -86.5483 88.6785 0.01 0.9967 0.0804 -0.1225 0.081 -0.9892 0.9924 0 -0.1229 9391 - LS60.dat
1 0 -1.5616 -87.9723 88.249 0.0176 0.99 0.1398 -0.2454 0.1398 -0.9593 0.9693 0.0175 -0.2454 9391 - LS60.dat
1 0 -1.2384 -89.2758 87.5525 0.0296 0.9801 0.1964 -0.412 0.191 -0.8909 0.9107 0.0546 -0.4095 9391 - LS60.dat
1 0 -0.87 -90.3585 86.5519 0.0469 0.9713 0.2332 -0.6099 0.2127 -0.7634 0.7911 0.1064 -0.6024 9391 - LS60.dat
1 0 -0.5238 -91.1407 85.2931 0.0586 0.9711 0.2314 -0.7918 0.1863 -0.5817 0.608 0.1491 -0.7798 9391 - LS60.dat
1 0 -0.2548 -91.6316 83.8824 0.0512 0.98 0.1923 -0.9121 0.1243 -0.3908 0.4069 0.1554 -0.9002 9391 - LS60.dat
1 0 -0.0801 -91.9001 82.4053 0.031 0.9903 0.1353 -0.9708 0.0621 -0.2318 0.238 0.1242 -0.9633 9391 - LS60.dat
1 0 0.005 -92.0123 80.9051 0.0126 0.997 0.0763 -0.9933 0.0213 -0.114 0.1153 0.0744 -0.9905 9391 - LS60.dat
1 0 -0.0323 -91.9179 79.3996 0 1 0.0004 -1 0 0.0188 -0.0188 0.0004 -1 9391 - LS60.dat
1 0 -0.0301 -91.7915 77.9033 0 1 0.0012 -0.9977 0 0.0679 -0.0679 0.0012 -0.9977 9391 - LS60.dat
1 0 -0.0267 -91.545 76.4209 0 1 0.002 -0.9901 0 0.1402 -0.1402 0.002 -0.9901 9391 - LS60.dat
1 0 -0.022 -91.1208 74.978 0 1 0.0028 -0.969 -0.0007 0.2471 -0.2471 0.0028 -0.969 9391 - LS60.dat
1 0 -0.0163 -90.4414 73.6292 0 1 0.0036 -0.9159 -0.0014 0.4013 -0.4013 0.0033 -0.9159 9391 - LS60.dat
1 0 -0.0103 -89.4414 72.4866 0 1 0.0039 -0.7999 -0.0022 0.6001 -0.6001 0.0032 -0.7999 9391 - LS60.dat
1 0 -0.0052 -88.1502 71.6729 0.0005 1 0.0035 -0.6063 -0.0025 0.7953 -0.7953 0.0025 -0.6063 9391 - LS60.dat
1 0 -0.0018 -86.7008 71.2054 0.0005 1 0.0026 -0.3849 -0.0022 0.9229 -0.9229 0.0015 -0.3849 9391 - LS60.dat
1 0 0 -85.2022 70.9989 0.0003 1 0.0015 -0.1994 -0.0014 0.9799 -0.9799 0.0006 -0.1994 9391 - LS60.dat
1 0 0.0003 -83.6955 70.9688 0 1 0.0005 -0.0648 -0.0005 0.9979 -0.9979 0 -0.0648 9391 - LS60.dat
1 0 0 -82.1946 71.0702 0 1 0 0.0345 0 0.9994 -0.9994 0 0.0345 9391 - LS60.dat
1 0 0 -80.708 71.2944 0 1 0 0.1207 0 0.9927 -0.9927 0 0.1207 9391 - LS60.dat
1 0 0 -79.2614 71.7154 0 1 0 0.2406 0 0.9706 -0.9706 0 0.2406 9391 - LS60.dat
1 0 0 -77.9161 72.4017 0 1 0 0.4032 0 0.9151 -0.9151 0 0.4032 9391 - LS60.dat
1 0 0 -76.7721 73.4008 0 1 0 0.6 0 0.8 -0.8 0 0.6 9391 - LS60.dat
1 0 0 -75.9315 74.6708 0 1 0 0.7847 0 0.6199 -0.6199 0 0.7847 9391 - LS60.dat
1 0 0 -75.4011 76.0947 0 1 0 0.9076 0 0.4198 -0.4198 0 0.9076 9391 - LS60.dat
1 0 0 -75.1104 77.5781 0 1 0 0.9682 0 0.2501 -0.2501 0 0.9682 9391 - LS60.dat
1 0 0 -74.9876 79.0798 0 1 0 0.9923 0 0.1238 -0.1238 0 0.9923 9391 - LS60.dat
1 0 0 -75.0985 80.5844 0 1 0 1 0 -0.0246 0.0246 0 1 9391 - LS60.dat
1 0 0 -75.2576 82.0777 0 1 0 0.9963 0 -0.0857 0.0857 0 0.9963 9391 - LS60.dat
1 0 0 -75.556 83.5513 0 1 0 0.9853 0 -0.1706 0.1706 0 0.9853 9391 - LS60.dat
1 0 0 -76.0484 84.9753 0 1 0 0.9574 0 -0.2887 0.2887 0 0.9574 9391 - LS60.dat
1 0 0 -76.7986 86.2867 0 1 0 0.8945 0 -0.4471 0.4471 0 0.8945 9391 - LS60.dat
1 0 0 -77.844 87.3861 0 1 0 0.7731 0 -0.6343 0.6343 0 0.7731 9391 - LS60.dat
1 0 0 -79.1389 88.1838 0 1 0 0.592 0 -0.806 0.806 0 0.592 9391 - LS60.dat
1 0 0 -80.5741 88.6785 0 1 0 0.395 0 -0.9187 0.9187 0 0.395 9391 - LS60.dat
1 0 0 -82.0637 88.9375 0 1 0 0.2279 0 -0.9737 0.9737 0 0.2279 9391 - LS60.dat
1 0 0 -83.5664 89.0278 0 1 0 0.1021 0 -0.9948 0.9948 0 0.1021 9391 - LS60.dat
1 0 0.0509 -85.0685 88.9069 0.0009 1 0.0254 -0.035 0.0254 -0.9991 0.9994 0 -0.035 9391 - LS60.dat
1 0 0.1989 -86.5483 88.6785 0.01 0.9967 0.0804 -0.1225 0.081 -0.9892 0.9924 0 -0.1229 9391 - LS60.dat
1 0 0.4384 -87.9723 88.249 0.0176 0.99 0.1398 -0.2454 0.1398 -0.9593 0.9693 0.0175 -0.2454 9391 - LS60.dat
1 0 0.7616 -89.2758 87.5525 0.0296 0.9801 0.1964 -0.412 0.191 -0.8909 0.9107 0.0546 -0.4095 9391 - LS60.dat
1 0 1.13 -90.3585 86.5519 0.0469 0.9713 0.2332 -0.6099 0.2127 -0.7634 0.7911 0.1064 -0.6024 9391 - LS60.dat
1 0 1.4762 -91.1407 85.2931 0.0586 0.9711 0.2314 -0.7918 0.1863 -0.5817 0.608 0.1491 -0.7798 9391 - LS60.dat
1 0 1.7452 -91.6316 83.8824 0.0512 0.98 0.1923 -0.9121 0.1243 -0.3908 0.4069 0.1554 -0.9002 9391 - LS60.dat
1 0 1.9199 -91.9001 82.4053 0.031 0.9903 0.1353 -0.9708 0.0621 -0.2318 0.238 0.1242 -0.9633 9391 - LS60.dat
1 0 2.005 -92.0123 80.9051 0.0126 0.997 0.0763 -0.9933 0.0213 -0.114 0.1153 0.0744 -0.9905 9391 - LS60.dat
1 0 1.9677 -91.9179 79.3996 0 1 0.0004 -1 0 0.0188 -0.0188 0.0004 -1 9391 - LS60.dat
1 0 1.9699 -91.7915 77.9033 0 1 0.0012 -0.9977 0 0.0679 -0.0679 0.0012 -0.9977 9391 - LS60.dat
1 0 1.9733 -91.5449 76.4209 0 1 0.002 -0.9901 0 0.1402 -0.1402 0.002 -0.9901 9391 - LS60.dat
1 0 1.978 -91.1208 74.978 0 1 0.0028 -0.969 -0.0007 0.2471 -0.2471 0.0028 -0.969 9391 - LS60.dat
1 0 1.9837 -90.4414 73.6292 0 1 0.0036 -0.9159 -0.0014 0.4013 -0.4013 0.0033 -0.9159 9391 - LS60.dat
1 0 1.9897 -89.4414 72.4866 0 1 0.0039 -0.7999 -0.0022 0.6001 -0.6001 0.0032 -0.7999 9391 - LS60.dat
1 0 1.9948 -88.1501 71.6729 0.0005 1 0.0035 -0.6063 -0.0025 0.7953 -0.7953 0.0025 -0.6063 9391 - LS60.dat
1 0 1.9982 -86.7008 71.2054 0.0005 1 0.0026 -0.3849 -0.0022 0.9229 -0.9229 0.0015 -0.3849 9391 - LS60.dat
1 0 2 -85.2022 70.9989 0.0003 1 0.0015 -0.1994 -0.0014 0.9799 -0.9799 0.0006 -0.1994 9391 - LS60.dat
1 0 2 -83.6956 70.9688 0 1 0.0005 -0.0648 -0.0005 0.9979 -0.9979 0 -0.0648 9391 - LS60.dat
1 0 2 -82.1946 71.0702 0 1 0 0.0345 0 0.9994 -0.9994 0 0.0345 9391 - LS60.dat
1 0 2 -80.708 71.2944 0 1 0 0.1207 0 0.9927 -0.9927 0 0.1207 9391 - LS60.dat
1 0 2 -79.2614 71.7154 0 1 0 0.2406 0 0.9706 -0.9706 0 0.2406 9391 - LS60.dat
1 0 2 -77.9161 72.4017 0 1 0 0.4032 0 0.9151 -0.9151 0 0.4032 9391 - LS60.dat
1 0 2 -76.7721 73.4008 0 1 0 0.6 0 0.8 -0.8 0 0.6 9391 - LS60.dat
1 0 2 -75.9315 74.6708 0 1 0 0.7847 0 0.6199 -0.6199 0 0.7847 9391 - LS60.dat
1 0 2 -75.4011 76.0947 0 1 0 0.9076 0 0.4198 -0.4198 0 0.9076 9391 - LS60.dat
1 0 2 -75.1104 77.5781 0 1 0 0.9682 0 0.2501 -0.2501 0 0.9682 9391 - LS60.dat
1 0 2 -74.9876 79.0798 0 1 0 0.9923 0 0.1238 -0.1238 0 0.9923 9391 - LS60.dat
1 0 2 -75.0985 80.5844 0 1 0 1 0 -0.0246 0.0246 0 1 9391 - LS60.dat
1 0 2 -75.2576 82.0776 0 1 0 0.9963 0 -0.0857 0.0857 0 0.9963 9391 - LS60.dat
1 0 2 -75.556 83.5513 0 1 0 0.9853 0 -0.1706 0.1706 0 0.9853 9391 - LS60.dat
1 0 2 -76.0484 84.9753 0 1 0 0.9574 0 -0.2887 0.2887 0 0.9574 9391 - LS60.dat
1 0 2 -76.7986 86.2867 0 1 0 0.8945 0 -0.4471 0.4471 0 0.8945 9391 - LS60.dat
1 0 2 -77.8439 87.3861 0 1 0 0.7731 0 -0.6343 0.6343 0 0.7731 9391 - LS60.dat
1 0 2 -79.1389 88.1838 0 1 0 0.592 0 -0.806 0.806 0 0.592 9391 - LS60.dat
1 0 2 -80.574 88.6785 0 1 0 0.3951 0 -0.9187 0.9187 0 0.3951 9391 - LS60.dat
1 0 2 -82.0637 88.9375 0 1 0 0.2279 0 -0.9737 0.9737 0 0.2279 9391 - LS60.dat
1 0 2 -83.5664 89.0278 0 1 0 0.1021 0 -0.9948 0.9948 0 0.1021 9391 - LS60.dat
1 0 2.0509 -85.0685 88.9069 0.0009 1 0.0254 -0.035 0.0254 -0.9991 0.9994 0 -0.035 9391 - LS60.dat
1 0 2.1989 -86.5483 88.6785 0.01 0.9967 0.0804 -0.1225 0.081 -0.9892 0.9924 0 -0.1229 9391 - LS60.dat
1 0 2.4384 -87.9723 88.249 0.0176 0.99 0.1398 -0.2454 0.1398 -0.9593 0.9693 0.0175 -0.2455 9391 - LS60.dat
1 0 2.7616 -89.2758 87.5525 0.0296 0.9801 0.1964 -0.412 0.191 -0.8909 0.9107 0.0546 -0.4095 9391 - LS60.dat
1 0 3.13 -90.3585 86.5519 0.0469 0.9713 0.2332 -0.6099 0.2127 -0.7634 0.7911 0.1064 -0.6024 9391 - LS60.dat
1 0 3.4762 -91.1407 85.2931 0.0586 0.9711 0.2314 -0.7918 0.1863 -0.5817 0.608 0.1491 -0.7798 9391 - LS60.dat
1 0 3.7452 -91.6316 83.8824 0.0512 0.98 0.1923 -0.9121 0.1243 -0.3908 0.4069 0.1554 -0.9002 9391 - LS60.dat
1 0 3.9199 -91.9001 82.4053 0.031 0.9903 0.1353 -0.9708 0.0621 -0.2318 0.238 0.1242 -0.9633 9391 - LS60.dat
1 0 4.005 -92.0123 80.9052 0.0126 0.997 0.0763 -0.9933 0.0213 -0.114 0.1153 0.0744 -0.9905 9391 - LS60.dat
1 0 3.9677 -91.9179 79.3996 0 1 0.0004 -1 0 0.0188 -0.0188 0.0004 -1 9391 - LS60.dat
1 0 3.9699 -91.7915 77.9034 0 1 0.0012 -0.9977 0 0.0679 -0.0679 0.0012 -0.9977 9391 - LS60.dat
1 0 3.9733 -91.545 76.4209 0 1 0.002 -0.9901 0 0.1402 -0.1402 0.002 -0.9901 9391 - LS60.dat
1 0 3.978 -91.1208 74.978 0 1 0.0028 -0.969 -0.0007 0.2471 -0.2471 0.0028 -0.969 9391 - LS60.dat
1 0 3.9837 -90.4414 73.6292 0 1 0.0036 -0.9159 -0.0014 0.4013 -0.4013 0.0033 -0.9159 9391 - LS60.dat
1 0 3.9897 -89.4414 72.4866 0 1 0.0039 -0.7999 -0.0022 0.6001 -0.6001 0.0032 -0.7999 9391 - LS60.dat
1 0 3.9948 -88.1502 71.6729 0.0005 1 0.0035 -0.6063 -0.0025 0.7953 -0.7953 0.0025 -0.6063 9391 - LS60.dat
1 0 3.9982 -86.7008 71.2054 0.0005 1 0.0026 -0.3849 -0.0022 0.9229 -0.9229 0.0015 -0.3849 9391 - LS60.dat
1 0 4 -85.2023 70.9989 0.0003 1 0.0015 -0.1994 -0.0014 0.9799 -0.9799 0.0006 -0.1994 9391 - LS60.dat
1 0 4 -83.6956 70.9688 0 1 0.0005 -0.0648 -0.0005 0.9979 -0.9979 0 -0.0648 9391 - LS60.dat
1 0 4 -82.1946 71.0702 0 1 0 0.0345 0 0.9994 -0.9994 0 0.0345 9391 - LS60.dat
1 0 4 -80.708 71.2944 0 1 0 0.1207 0 0.9927 -0.9927 0 0.1207 9391 - LS60.dat
1 0 4 -79.2614 71.7154 0 1 0 0.2406 0 0.9706 -0.9706 0 0.2406 9391 - LS60.dat
1 0 4 -77.9161 72.4017 0 1 0 0.4032 0 0.9151 -0.9151 0 0.4032 9391 - LS60.dat
1 0 4 -76.7721 73.4008 0 1 0 0.6 0 0.8 -0.8 0 0.6 9391 - LS60.dat
1 0 4 -75.9315 74.6708 0 1 0 0.7847 0 0.6199 -0.6199 0 0.7847 9391 - LS60.dat
1 0 4 -75.4011 76.0947 0 1 0 0.9076 0 0.4198 -0.4198 0 0.9076 9391 - LS60.dat
1 0 4 -75.1104 77.5781 0 1 0 0.9682 0 0.2501 -0.2501 0 0.9682 9391 - LS60.dat
1 0 4 -74.9876 79.0798 0 1 0 0.9923 0 0.1238 -0.1238 0 0.9923 9391 - LS60.dat
1 0 4 -75.0985 80.5844 0 1 0 1 0 -0.0246 0.0246 0 1 9391 - LS60.dat
1 0 4 -75.2576 82.0776 0 1 0 0.9963 0 -0.0857 0.0857 0 0.9963 9391 - LS60.dat
1 0 4 -75.556 83.5513 0 1 0 0.9853 0 -0.1706 0.1706 0 0.9853 9391 - LS60.dat
1 0 4 -76.0484 84.9753 0 1 0 0.9574 0 -0.2887 0.2887 0 0.9574 9391 - LS60.dat
1 0 4 -76.7986 86.2867 0 1 0 0.8945 0 -0.4471 0.4471 0 0.8945 9391 - LS60.dat
1 0 4 -77.8439 87.3861 0 1 0 0.7731 0 -0.6343 0.6343 0 0.7731 9391 - LS60.dat
1 0 4 -79.1389 88.1838 0 1 0 0.592 0 -0.8059 0.8059 0 0.592 9391 - LS60.dat
1 0 4 -80.574 88.6785 0 1 0 0.395 0 -0.9187 0.9187 0 0.395 9391 - LS60.dat
1 0 4 -82.0637 88.9375 0 1 0 0.2279 0 -0.9737 0.9737 0 0.2279 9391 - LS60.dat
1 0 4 -83.5664 89.0278 0 1 0 0.1021 0 -0.9948 0.9948 0 0.1021 9391 - LS60.dat
1 0 4 -85.0701 88.9448 0 1 0 -0.016 0 -1 1 0 -0.016 9391 - LS60.dat
1 0 4 -86.5635 88.78 0 1 0 -0.0864 0 -0.9963 0.9963 0 -0.0864 9391 - LS60.dat
1 0 4 -87.9946 88.2954 0 1 0 -0.2639 0 -0.9646 0.9646 0 -0.2639 9391 - LS60.dat
1 0 4 -89.1814 87.3247 0 1 0 -0.5513 0 -0.8343 0.8343 0 -0.5513 9391 - LS60.dat
1 0 4 -90.0722 86.0868 0 1 0 -0.7566 0 -0.6538 0.6538 0 -0.7566 9391 - LS60.dat
1 0 4 -90.8368 84.788 0 1 0 -0.8382 0 -0.5454 0.5454 0 -0.8382 9391 - LS60.dat
1 0 3.9758 -91.6769 83.5451 0.0008 1 -0.0121 -0.8309 -0.0061 -0.5563 0.5564 -0.0105 -0.8309 9391 - LS60.dat
1 0 3.9345 -92.6179 82.3679 0.0031 1 -0.0236 -0.794 -0.0119 -0.6078 0.6079 -0.0206 -0.7937 9391 - LS60.dat
1 0 3.8885 -93.5822 81.2012 0.0047 0.9996 -0.0288 -0.7766 -0.0145 -0.6299 0.63 -0.0253 -0.7762 9391 - LS60.dat
1 0 3.839 -94.5566 80.0534 0.0059 0.9995 -0.0318 -0.766 -0.016 -0.6427 0.6428 -0.0281 -0.7655 9391 - LS60.dat
1 0 3.787 -95.5407 78.9164 0.0068 0.9994 -0.0339 -0.7587 -0.017 -0.6512 0.6514 -0.0301 -0.7581 9391 - LS60.dat
1 0 3.7328 -96.5355 77.7836 0.0075 0.9993 -0.0354 -0.7533 -0.0176 -0.6574 0.6576 -0.0316 -0.7527 9391 - LS60.dat
1 0 3.6768 -97.54 76.6527 0.0082 0.9993 -0.0366 -0.7492 -0.0182 -0.6621 0.6623 -0.0328 -0.7485 9391 - LS60.dat
1 0 3.6196 -98.5474 75.5289 0.0087 0.9993 -0.0376 -0.7459 -0.0185 -0.6658 0.666 -0.0338 -0.7452 9391 - LS60.dat
1 0 3.5616 -99.5533 74.4152 0.0092 0.9992 -0.0383 -0.7432 -0.0188 -0.6688 0.669 -0.0346 -0.7425 9391 - LS60.dat
1 0 3.5026 -100.564 73.3026 0.0096 0.9992 -0.039 -0.741 -0.019 -0.6712 0.6714 -0.0354 -0.7402 9391 - LS60.dat
1 0 3.4429 -101.578 72.1924 0.0101 0.9992 -0.0395 -0.7392 -0.0192 -0.6732 0.6734 -0.036 -0.7384 9391 - LS60.dat
1 0 3.3825 -102.594 71.0853 0.0104 0.9991 -0.04 -0.7376 -0.0193 -0.6749 0.6751 -0.0366 -0.7368 9391 - LS60.dat
1 0 3.3216 -103.61 69.9818 0.0108 0.9991 -0.0404 -0.7363 -0.0194 -0.6764 0.6766 -0.0371 -0.7355 9391 - LS60.dat
1 0 3.2598 -104.635 68.8721 0.0111 0.9991 -0.0408 -0.7352 -0.0195 -0.6776 0.6778 -0.0375 -0.7343 9391 - LS60.dat
1 0 3.1976 -105.66 67.7662 0.0114 0.9991 -0.0411 -0.7342 -0.0195 -0.6787 0.6788 -0.0379 -0.7333 9391 - LS60.dat
1 0 3.1352 -106.684 66.6636 0.0117 0.9991 -0.0414 -0.7334 -0.0195 -0.6795 0.6797 -0.0383 -0.7325 9391 - LS60.dat
1 0 3.0724 -107.707 65.5638 0.012 0.9991 -0.0416 -0.7327 -0.0195 -0.6803 0.6805 -0.0387 -0.7317 9391 - LS60.dat
1 0 3.0095 -108.73 64.4663 0.0123 0.999 -0.0419 -0.7321 -0.0195 -0.681 0.6811 -0.039 -0.7311 9391 - LS60.dat
1 0 2.9463 -109.752 63.3704 0.0126 0.999 -0.0421 -0.7316 -0.0195 -0.6815 0.6817 -0.0393 -0.7306 9391 - LS60.dat
1 0 2.8829 -110.775 62.2753 0.0128 0.999 -0.0422 -0.7311 -0.0194 -0.6819 0.6821 -0.0396 -0.7302 9391 - LS60.dat
1 0 2.8192 -111.8 61.1803 0.0131 0.999 -0.0424 -0.7308 -0.0194 -0.6823 0.6825 -0.0399 -0.7298 9391 - LS60.dat
1 0 2.7552 -112.825 60.0846 0.0133 0.999 -0.0425 -0.7305 -0.0193 -0.6826 0.6828 -0.0402 -0.7295 9391 - LS60.dat
1 0 2.6909 -113.853 58.9873 0.0135 0.999 -0.0427 -0.7303 -0.0193 -0.6829 0.683 -0.0404 -0.7293 9391 - LS60.dat
1 0 2.6263 -114.883 57.8874 0.0138 0.999 -0.0428 -0.7301 -0.0192 -0.683 0.6832 -0.0406 -0.7291 9391 - LS60.dat
1 0 2.5618 -115.909 56.7923 0.014 0.999 -0.0429 -0.7301 -0.0191 -0.6831 0.6833 -0.0409 -0.729 9391 - LS60.dat
1 0 2.4969 -116.94 55.6926 0.0142 0.999 -0.043 -0.73 -0.019 -0.6832 0.6833 -0.0411 -0.729 9391 - LS60.dat
1 0 2.4321 -117.969 54.5952 0.0144 0.999 -0.0431 -0.73 -0.0189 -0.6832 0.6833 -0.0413 -0.729 9391 - LS60.dat
1 0 2.3672 -118.996 53.4989 0.0146 0.999 -0.0431 -0.7301 -0.0188 -0.6831 0.6832 -0.0415 -0.729 9391 - LS60.dat
1 0 2.3022 -120.023 52.4025 0.0148 0.999 -0.0432 -0.7302 -0.0187 -0.683 0.6831 -0.0416 -0.7291 9391 - LS60.dat
1 0 2.2371 -121.05 51.3048 0.015 0.999 -0.0432 -0.7303 -0.0186 -0.6828 0.6829 -0.0418 -0.7293 9391 - LS60.dat
1 0 2.1718 -122.08 50.2045 0.0152 0.9989 -0.0433 -0.7305 -0.0185 -0.6826 0.6827 -0.042 -0.7295 9391 - LS60.dat
1 0 2.1067 -123.105 49.1081 0.0153 0.9989 -0.0433 -0.7308 -0.0184 -0.6824 0.6825 -0.0421 -0.7297 9391 - LS60.dat
1 0 2.0412 -124.134 48.0064 0.0155 0.9989 -0.0433 -0.7311 -0.0182 -0.6821 0.6821 -0.0423 -0.73 9391 - LS60.dat
1 0 1.9759 -125.161 46.9059 0.0157 0.9989 -0.0434 -0.7314 -0.0181 -0.6817 0.6818 -0.0424 -0.7303 9391 - LS60.dat
1 0 1.9106 -126.187 45.8053 0.0158 0.9989 -0.0434 -0.7318 -0.018 -0.6813 0.6814 -0.0425 -0.7307 9391 - LS60.dat
1 0 1.8452 -127.212 44.7032 0.016 0.9989 -0.0434 -0.7322 -0.0178 -0.6808 0.6809 -0.0427 -0.7311 9391 - LS60.dat
1 0 1.7797 -128.239 43.5982 0.0162 0.9989 -0.0434 -0.7327 -0.0177 -0.6803 0.6804 -0.0428 -0.7316 9391 - LS60.dat
1 0 1.7145 -129.262 42.4967 0.0163 0.9989 -0.0433 -0.7332 -0.0175 -0.6798 0.6798 -0.0429 -0.7322 9391 - LS60.dat
1 0 1.6491 -130.287 41.3897 0.0164 0.9989 -0.0433 -0.7338 -0.0174 -0.6791 0.6791 -0.0429 -0.7327 9391 - LS60.dat
1 0 1.5839 -131.31 40.2835 0.0166 0.9989 -0.0433 -0.7345 -0.0172 -0.6784 0.6784 -0.043 -0.7334 9391 - LS60.dat
1 0 1.5187 -132.33 39.177 0.0167 0.9989 -0.0432 -0.7352 -0.0171 -0.6777 0.6777 -0.0431 -0.7341 9391 - LS60.dat
1 0 1.4536 -133.35 38.0688 0.0168 0.9989 -0.0432 -0.736 -0.0169 -0.6768 0.6768 -0.0431 -0.7349 9391 - LS60.dat
1 0 1.3885 -134.37 36.9577 0.0169 0.9989 -0.0431 -0.7368 -0.0167 -0.6759 0.6759 -0.0432 -0.7357 9391 - LS60.dat
1 0 1.3239 -135.384 35.8506 0.017 0.9989 -0.0431 -0.7377 -0.0166 -0.6749 0.6749 -0.0432 -0.7366 9391 - LS60.dat
1 0 1.2592 -136.399 34.738 0.0171 0.9989 -0.043 -0.7387 -0.0164 -0.6738 0.6738 -0.0432 -0.7376 9391 - LS60.dat
1 0 1.1948 -137.41 33.6272 0.0171 0.9989 -0.0429 -0.7398 -0.0162 -0.6727 0.6726 -0.0432 -0.7387 9391 - LS60.dat
1 0 1.1302 -138.423 32.5087 0.0172 0.9989 -0.0428 -0.741 -0.016 -0.6714 0.6713 -0.0432 -0.7399 9391 - LS60.dat
1 0 1.066 -139.433 31.3896 0.0172 0.9989 -0.0426 -0.7422 -0.0158 -0.6699 0.6699 -0.0432 -0.7412 9391 - LS60.dat
1 0 1.002 -140.441 30.2692 0.0172 0.9989 -0.0425 -0.7436 -0.0156 -0.6684 0.6684 -0.0431 -0.7426 9391 - LS60.dat
1 0 0.9382 -141.445 29.1463 0.0173 0.999 -0.0423 -0.7452 -0.0154 -0.6667 0.6666 -0.043 -0.7441 9391 - LS60.dat
1 0 0.8747 -142.447 28.0202 0.0172 0.999 -0.0421 -0.7469 -0.0152 -0.6648 0.6648 -0.0429 -0.7458 9391 - LS60.dat
