0 FILE 9393 - main.ldr
0 main
0 Name: 9393 - main.ldr
0 Author: Tomas Kralicek [RabbiT_CZ]
0 !LDRAW_ORG Model
0 !LICENSE Redistributable under CCAL version 2.0 : see CAreadme.txt

1 71 0 -70 -165 1 0 0 0 1 0.017 0 -0.017 1 9393 - vehicle.ldr
1 71 0 -83.611 296.209 1 0 0 0 0.997 -0.081 0 0.081 0.997 9393 - attachment.ldr



0 FILE 9393 - vehicle.ldr
0 vehicle
0 Name: 9393 - vehicle.ldr
0 Author: Tomas Kralicek [RabbiT_CZ]
0 !LDRAW_ORG Model
0 !LICENSE Redistributable under CCAL version 2.0 : see CAreadme.txt

1 0 -20 0 40 0 1 0 -1 0 0 0 0 1 32009.dat
1 71 0 0 -120 1 0 0 0 1 0 0 0 1 4519.dat
0 STEP
1 71 0 0 -120 1 0 0 0 0 1 0 -1 0 63869.dat
0 STEP
1 0 -20 0 0 -1 0 0 0 0 -1 0 -1 0 32054.dat
1 1 0 0 -100 1 0 0 0 0 1 0 -1 0 6558.dat
1 0 -30 0 -40 1 0 0 0 0 1 0 -1 0 2780.dat
0 STEP
1 71 0 0 -80 1 0 0 0 -1 0 0 0 -1 4519.dat
1 71 0 -20 -80 1 0 0 0 -1 0 0 0 -1 42003.dat
1 0 0 -40 -90 0 0 -1 0 -1 0 -1 0 0 3705.dat
1 71 0 -40 -50 -1 0 0 0 -1 0 0 0 1 59443.dat
1 0 0 -40 10 0 0 1 0 -1 0 1 0 0 3706.dat
1 71 0 -40 70 1 0 0 0 -1 0 0 0 -1 59443.dat
1 0 0 -40 -100 -1 0 0 0 -1 0 0 0 1 32270.dat
0 STEP
1 71 0 -80 40 -1 0 0 0 -1 0 0 0 1 32073.dat
1 71 0 -80 40 0 -1 0 -1 0 0 0 0 -1 32140.dat
1 1 0 -80 0 1 0 0 0 0 1 0 -1 0 6558.dat
0 STEP
1 0 20 0 40 0 1 0 -1 0 0 0 0 1 32009.dat
1 0 30 0 0 1 0 0 0 1 0 0 0 1 2780.dat
1 0 30 -60 40 1 0 0 0 1 0 0 0 1 2780.dat
1 0 30 0 -40 1 0 0 0 1 0 0 0 1 2780.dat
0 STEP
1 1 -20 0 -140 0 0 -1 1 0 0 0 -1 0 6558.dat
1 1 20 0 -140 0 0 -1 1 0 0 0 -1 0 6558.dat
0 STEP
1 0 0 -20 -140 1 0 0 0 1 0 0 0 1 9393 - steering.ldr
0 STEP
1 0 -40 20 -140 0 0 1 0 -1 0 1 0 0 32523.dat
1 0 40 20 -140 0 0 1 0 -1 0 1 0 0 32523.dat
1 0 -40 10 -140 0 0 1 1 0 0 0 1 0 6628.dat
1 0 40 10 -140 0 0 1 1 0 0 0 1 0 6628.dat
1 0 0 10 -140 0 0 1 -1 0 0 0 -1 0 2780.dat
0 STEP
1 0 0 20 -160 -1 0 0 0 0 1 0 1 0 6536.dat
1 0 -40 0 80 0 1 0 1 0 0 0 0 -1 41239.dat
0 STEP
1 0 -40 -120 40 0 1 0 1 0 0 0 0 -1 32009.dat
1 0 -30 -60 40 1 0 0 0 1 0 0 0 1 2780.dat
1 0 -50 -120 180 1 0 0 0 1 0 0 0 1 2780.dat
1 0 -50 -120 120 1 0 0 0 1 0 0 0 1 2780.dat
1 0 -30 -120 140 1 0 0 0 1 0 0 0 1 2780.dat
0 STEP
1 28 0 -40 100 0 0 -1 0 1 0 1 0 0 6587.dat
1 14 0 -40 100 1 0 0 0 1 0 0 0 1 32072.dat
1 0 0 -40 120 0 0 1 0 1 0 -1 0 0 32034.dat
1 1 -30 -40 120 1 0 0 0 1 0 0 0 1 43093.dat
1 1 30 -40 120 -1 0 0 0 -1 0 0 0 1 43093.dat
0 STEP
1 0 -20 -140 140 0 -1 0 0 0 1 -1 0 0 32524.dat
1 0 -30 -80 140 1 0 0 0 1 0 0 0 1 2780.dat
1 0 -30 -160 140 1 0 0 0 1 0 0 0 1 2780.dat
1 0 -40 -160 140 0 1 0 0 0 -1 -1 0 0 32526.dat
1 0 -20 -200 140 -1 0 0 0 0 -1 0 -1 0 32054.dat
0 STEP
1 71 -40 -100 140 0 -1 0 0 0 1 -1 0 0 32140.dat
0 STEP
1 0 -50 -60 140 1 0 0 0 1 0 0 0 1 2780.dat
1 1 -60 -40 140 -1 0 0 0 0 1 0 1 0 6558.dat
1 0 -60 -40 140 0 -1 0 0 0 -1 1 0 0 32523.dat
1 1 -60 0 140 -1 0 0 0 0 1 0 1 0 6558.dat
1 71 -60 0 140 0 0 -1 -1 0 0 0 1 0 48989.dat
1 71 -80 -40 140 0 -1 0 0 0 1 -1 0 0 60484.dat
0 STEP
1 1 -30 -240 120 1 0 0 0 0 1 0 -1 0 43093.dat
1 0 0 -240 120 0 0 -1 -1 0 0 0 1 0 32034.dat
1 1 30 -240 120 -1 0 0 0 0 1 0 1 0 43093.dat
1 0 0 -250 120 0 0 -1 1 0 0 0 -1 0 3705.dat
1 71 0 -210 120 -1 0 0 0 0 -1 0 -1 0 59443.dat
1 0 0 -130 120 0 0 -1 -1 0 0 0 1 0 3707.dat
1 14 0 -60 120 0 -1 0 0 0 1 -1 0 0 32072.dat
1 0 0 -100 140 -1 0 0 0 0 -1 0 -1 0 6536.dat
1 71 0 -80 120 -1 0 0 0 0 -1 0 -1 0 3713.dat
1 71 0 -100 140 -1 0 0 0 0 -1 0 -1 0 32073.dat
1 71 0 -255 120 -1 0 0 0 0 -1 0 -1 0 32123b.dat
1 0 0 -270 120 -1 0 0 0 0 -1 0 -1 0 32270.dat
0 STEP
1 1 -40 -120 80 -1 0 0 0 0 1 0 1 0 6558.dat
1 72 -20 -180 80 0 -1 0 0 0 1 -1 0 0 32526.dat
1 1 0 -100 40 1 0 0 0 0 1 0 -1 0 6558.dat
1 1 0 -180 80 1 0 0 0 0 1 0 -1 0 6558.dat
1 71 0 -180 80 0 -1 0 0 0 1 -1 0 0 32526.dat
1 72 20 -180 80 0 -1 0 0 0 1 -1 0 0 32526.dat
1 1 40 -120 80 1 0 0 0 0 1 0 -1 0 6558.dat
0 STEP
1 0 20 -140 140 0 1 0 0 0 1 1 0 0 32524.dat
1 0 40 -160 140 0 1 0 0 0 -1 -1 0 0 32526.dat
1 0 30 -160 140 1 0 0 0 1 0 0 0 1 2780.dat
1 0 30 -120 140 1 0 0 0 1 0 0 0 1 2780.dat
1 0 30 -80 140 1 0 0 0 1 0 0 0 1 2780.dat
1 0 30 -200 140 1 0 0 0 1 0 0 0 1 2780.dat
0 STEP
1 1 -30 0 180 1 0 0 0 1 0 0 0 1 43093.dat
1 0 -20 0 180 0 1 0 -1 0 0 0 0 1 32140.dat
1 0 -30 0 220 1 0 0 0 1 0 0 0 1 2780.dat
1 0 -40 -60 220 0 1 0 0 0 1 1 0 0 32524.dat
1 0 -50 -120 220 1 0 0 0 1 0 0 0 1 2780.dat
1 71 -60 -120 200 0 -1 0 1 0 0 0 0 1 60483.dat
1 71 -30 -20 240 1 0 0 0 1 0 0 0 1 3673.dat
1 27 -40 -5.977 301.671 0 -1 0 -0.995 0 0.098 -0.098 0 -0.995 32140.dat
0 STEP
1 14 0 -20 190 1 0 0 0 1 0 0 0 1 9393 - pto.ldr
0 STEP
1 71 40 -100 140 0 -1 0 0 0 1 -1 0 0 32140.dat
1 0 50 -220 140 1 0 0 0 1 0 0 0 1 2780.dat
1 0 -50 -220 140 1 0 0 0 1 0 0 0 1 2780.dat
0 STEP
1 71 0 -40 180 1 0 0 0 1 0 0 0 1 9393 - subModel-1.ldr
0 STEP
1 0 50 -120 200 1 0 0 0 1 0 0 0 1 3705.dat
1 0 -50 -120 200 1 0 0 0 1 0 0 0 1 3705.dat
1 0 40 -120 40 0 1 0 1 0 0 0 0 -1 32009.dat
0 STEP
1 0 20 0 180 0 1 0 -1 0 0 0 0 1 32140.dat
1 71 30 -20 240 1 0 0 0 1 0 0 0 1 3673.dat
1 27 40 -5.977 301.671 0 -1 0 -0.995 0 0.098 -0.098 0 -0.995 32140.dat
1 1 30 0 180 -1 0 0 0 1 0 0 0 -1 43093.dat
1 0 30 0 220 1 0 0 0 1 0 0 0 1 2780.dat
0 STEP
1 71 0 -100 220 1 0 0 0 1 0 0 0 1 32073.dat
1 71 -25 -100 220 0 -1 0 1 0 0 0 0 1 6632.dat
1 71 25 -100 220 0 -1 0 1 0 0 0 0 1 6632.dat
1 0 0 -100 240 -1 0 0 0 0 1 0 1 0 3705.dat
1 71 30 -100 260 -1 0 0 0 0 1 0 1 0 2736.dat
1 71 -30 -100 260 1 0 0 0 0 -1 0 1 0 2736.dat
1 4 -15 -100 220 0 -1 0 1 0 0 0 0 1 41677.dat
1 71 15 -100 220 0 0 -1 -1 0 0 0 1 0 32123b.dat
1 72 0 -100 220 0 0 -1 -1 0 0 0 1 0 3647.dat
0 STEP
1 0 40 0 80 0 1 0 1 0 0 0 0 -1 41239.dat
1 0 40 -60 220 0 1 0 0 0 1 1 0 0 32524.dat
1 0 50 -4.017 281.768 -1 0 0 0 -0.098 0.995 0 0.995 0.098 6628.dat
1 0 -50 -4.017 281.768 1 0 0 0 0.098 0.995 0 -0.995 0.098 6628.dat
0 STEP
1 0 50 -120 220 1 0 0 0 1 0 0 0 1 2780.dat
1 0 50 -120 180 1 0 0 0 1 0 0 0 1 2780.dat
1 0 50 -120 120 1 0 0 0 1 0 0 0 1 2780.dat
1 71 60 -120 200 0 -1 0 1 0 0 0 0 1 60483.dat
0 STEP
1 16 80 -40 140 1 0 0 0 1 0 0 0 1 9393 - hubRearLeft.ldr
0 STEP
1 0 42 -100 260 -0.038 0.983 0.177 -0.214 -0.181 0.96 0.976 -0.001 0.218 32005.dat
1 0 -42 -100 260 -0.038 -0.983 -0.177 0.214 -0.181 0.96 -0.976 -0.001 0.218 32005.dat
0 STEP
1 0 -60 10 160 0 -1 0 1 0 0 0 0 1 2780.dat
1 0 60 10 160 0 -1 0 1 0 0 0 0 1 2780.dat
1 0 0 20 160 0 0 -1 0 1 0 1 0 0 32524.dat
0 STEP
1 0 0 -40 -160 1 0 0 0 1 0 0 0 1 9393 - frontWeight.ldr
0 STEP
1 71 0 20 -160 1 0 0 0 1 0 0 0 1 4519.dat
0 STEP
1 0 20 -60 0 1 0 0 0 1 0 0 0 1 9393 - stepsLeft.ldr
0 STEP
1 0 -20 -60 0 -1 0 0 0 1 0 0 0 -1 9393 - stepsRight.ldr
0 STEP
1 47 0 -163.072 -15.318 1 0 0 0 0.969 -0.245 0 0.245 0.969 9393 - subModel-2.ldr
1 0 15 -96.749 -147.08 0 1 0 0.386 0 0.923 0.923 0 -0.386 6632.dat
1 47 30 -96.749 -147.08 0 -1 0 -0.386 0 0.923 -0.923 0 -0.386 41669.dat
0 STEP
1 71 0 -100 -20 -1 0 0 0 0.141 0.99 0 0.99 -0.141 44294.dat
1 71 40 -100 -20 0 0 1 -1 0 0 0 -1 0 3713.dat
1 4 -35 -100 -20 0 -1 0 -0.141 0 0.99 -0.99 0 -0.141 41677.dat
1 4 -45 -100 -20 0 -1 0 -0.141 0 0.99 -0.99 0 -0.141 41677.dat
1 4 -50 -80.201 -22.828 -1 0 0 0 0.141 0.99 0 0.99 -0.141 32062.dat
0 STEP
1 19 0 -148.559 -1.685 0 1 0 -0.488 0 0.873 0.873 0 0.488 3749.dat
1 71 0 -159.289 17.521 -1 0 0 0 0.488 -0.873 0 -0.873 -0.488 2819.dat
0 STEP
1 27 40 -122.519 -21.623 -1 0 0 0 0.94 0.342 0 0.342 -0.94 64391.dat
1 0 40 -85.761 -93.378 0 -1 0 -0.94 0 0.342 -0.342 0 -0.94 2780.dat
1 0 40 -99.442 -55.791 0 -1 0 -0.94 0 0.342 -0.342 0 -0.94 2780.dat
1 0 40 -76.364 -89.958 1 0 0 0 -0.94 0.342 0 -0.342 -0.94 32316.dat
1 71 40 -40 40 -1 0 0 0 -1 0 0 0 1 4519.dat
0 STEP
1 71 -40 -40 40 -1 0 0 0 -1 0 0 0 1 4519.dat
1 27 -40 -122.519 -21.623 -1 0 0 0 0.94 0.342 0 0.342 -0.94 64683.dat
1 0 -40 -85.761 -93.378 0 1 0 0.94 0 0.342 0.342 0 -0.94 2780.dat
1 0 -40 -76.364 -89.958 1 0 0 0 -0.94 0.342 0 -0.342 -0.94 32316.dat
0 STEP
1 0 -60 -80.201 -22.828 -1 0 0 0 -0.141 -0.99 0 -0.99 0.141 6536.dat
1 1 -60 -92.929 -41.213 0 0 1 -0.99 -0.141 0 0.141 -0.99 0 43093.dat
1 0 -60 -112.728 -38.385 -1 0 0 0 -0.141 -0.99 0 -0.99 0.141 59443.dat
1 4 -60 -132.527 -35.556 0 0 -1 0.99 -0.141 0 -0.141 -0.99 0 32062.dat
1 0 -60 -152.326 -32.728 -1 0 0 0 -0.141 -0.99 0 -0.99 0.141 59443.dat
1 4 -60 -172.125 -29.899 0 0 -1 0.99 -0.141 0 -0.141 -0.99 0 32062.dat
1 0 -60 -191.924 -27.071 -1 0 0 0 -0.141 -0.99 0 -0.99 0.141 59443.dat
0 STEP
1 0 -50 -240 140 1 0 0 0 1 0 0 0 1 2780.dat
1 0 -50 -240 100 1 0 0 0 1 0 0 0 1 2780.dat
1 27 -60 -240 80 0 1 0 -1 0 0 0 0 1 32524.dat
1 0 -50 -240 40 1 0 0 0 1 0 0 0 1 2780.dat
1 0 -60 -240 20 1 0 0 0 1 0 0 0 1 32054.dat
1 0 -40 -240 20 0 1 0 -1 0 0 0 0 1 32523.dat
0 STEP
1 71 0 -240 0 -1 0 0 0 -1 0 0 0 1 4519.dat
1 0 -40 -240 0 -1 0 0 0 -1 0 0 0 1 32054.dat
1 0 40 -240 0 1 0 0 0 1 0 0 0 1 32054.dat
0 STEP
1 0 40 -240 20 0 1 0 -1 0 0 0 0 1 32523.dat
1 27 60 -240 80 0 1 0 -1 0 0 0 0 1 32524.dat
1 0 50 -240 40 1 0 0 0 1 0 0 0 1 2780.dat
1 0 50 -240 100 1 0 0 0 1 0 0 0 1 2780.dat
1 0 50 -240 140 1 0 0 0 1 0 0 0 1 2780.dat
1 0 60 -240 20 -1 0 0 0 -1 0 0 0 1 32054.dat
0 STEP
1 0 60 -240 0 1 0 0 0 0.141 -0.99 0 0.99 0.141 32013.dat
1 0 60 -170.704 -9.899 0 0 1 0.99 0.141 0 -0.141 0.99 0 3706.dat
1 0 60 -119.799 -17.172 1 0 0 0 0.141 -0.99 0 0.99 0.141 32039.dat
1 0 -60 -119.799 -17.172 1 0 0 0 0.141 -0.99 0 0.99 0.141 32039.dat
1 0 -60 -170.704 -9.899 0 0 1 0.99 0.141 0 -0.141 0.99 0 3706.dat
1 0 -60 -240 0 1 0 0 0 0.141 -0.99 0 0.99 0.141 32013.dat
0 STEP
1 0 60 -120 180 -1 0 0 0 -0.192 0.981 0 0.981 0.192 32013.dat
1 0 60 -188.693 166.536 0 0 -1 -0.981 -0.192 0 -0.192 0.981 0 3706.dat
1 0 60 -223.749 159.666 0 0 1 -0.981 0.192 0 -0.192 -0.981 0 6536.dat
1 0 -60 -120.098 179.961 -1 0 0 0 -0.192 0.981 0 0.981 0.192 32013.dat
1 0 -60 -188.791 166.497 0 0 -1 -0.981 -0.192 0 -0.192 0.981 0 3706.dat
1 0 -60 -223.847 159.627 0 0 1 -0.981 0.192 0 -0.192 -0.981 0 6536.dat
0 STEP
1 0 80 -120 200 -1 0 0 0 -1 0 0 0 1 32291.dat
1 0 -80 -120 200 -1 0 0 0 -1 0 0 0 1 32291.dat
1 36 70 -140 210 -1 0 0 0 0 1 0 1 0 6141.dat
1 36 -70 -140 210 -1 0 0 0 0 1 0 1 0 6141.dat
1 57 90 -140 210 -1 0 0 0 0 1 0 1 0 6141.dat
1 57 -90 -140 210 -1 0 0 0 0 1 0 1 0 6141.dat
0 STEP
1 27 60 -120 100 1 0 0 0 1 0 0 0 1 61071.dat
1 27 -60 -120 100 1 0 0 0 1 0 0 0 1 61070.dat
0 STEP
1 0 120 -240 20 0 -1 0 1 0 0 0 0 1 6553.dat
1 0 -120 -240 20 0 1 0 1 0 0 0 0 -1 6553.dat
1 1 120 -230 20 0 1 0 -1 0 0 0 0 1 43093.dat
1 1 -120 -230 20 0 1 0 -1 0 0 0 0 1 43093.dat
1 0 -115 -210 28.66 0 -0.5 0.866 -1 0 0 0 -0.866 -0.5 2444.dat
1 0 115 -210 28.66 0 0.5 0.866 -1 0 0 0 -0.866 0.5 2444.dat
1 0 -111 -210 35.588 0 -0.5 0.866 -1 0 0 0 -0.866 -0.5 3068b.dat
1 0 111 -210 35.588 0 0.5 0.866 -1 0 0 0 -0.866 0.5 3068b.dat
0 STEP
1 71 -110 -20 140 0 0 -1 1 0 0 0 -1 0 56908.dat
1 256 -110 -20 140 0 0 -1 1 0 0 0 -1 0 61480.dat
1 71 110 -20 140 0 0 1 1 0 0 0 1 0 56908.dat
1 256 110 -20 140 0 0 1 1 0 0 0 1 0 61480.dat
1 71 110 0 -140 0 0 1 1 0 0 0 1 0 56145.dat
1 256 110 0 -140 0 0 1 1 0 0 0 1 0 55976.dat
1 71 -110 0 -140 0 0 -1 -1 0 0 0 1 0 56145.dat
1 256 -110 0 -140 0 0 -1 -1 0 0 0 1 0 55976.dat



0 FILE 9393 - steering.ldr
0 steering
0 Name: 9393 - steering.ldr
0 Author: Tomas Kralicek [RabbiT_CZ]
0 !LDRAW_ORG Model
0 !LICENSE Redistributable under CCAL version 2.0 : see CAreadme.txt

1 0 0 0 0 0 0 1 0 1 0 -1 0 0 32524.dat
1 0 -40 -10 0 0 0 -1 -1 0 0 0 1 0 2780.dat
1 0 40 -10 0 0 0 -1 -1 0 0 0 1 0 2780.dat
0 STEP
1 71 60 20 20 1 0 0 0 0 -1 0 1 0 48989.dat
1 71 -60 20 20 1 0 0 0 0 -1 0 1 0 48989.dat
1 72 -90 20 0 1 0 0 0 0 -1 0 1 0 87083.dat
1 72 90 20 0 -1 0 0 0 0 -1 0 -1 0 87083.dat
1 71 -80 20 0 0 0 1 -1 0 0 0 -1 0 3713.dat
1 71 80 20 0 0 0 -1 -1 0 0 0 1 0 3713.dat
0 STEP
1 0 0 0 40 -1 0 0 0 1 0 0 0 -1 87761.dat



0 FILE 9393 - pto.ldr
0 pto
0 Name: 9393 - pto.ldr
0 Author: Tomas Kralicek [RabbiT_CZ]
0 !LDRAW_ORG Model
0 !LICENSE Redistributable under CCAL version 2.0 : see CAreadme.txt

1 0 0 0 0 0 0 1 1 0 0 0 1 0 87408.dat
1 1 20 0 0 0 0 1 0 1 0 -1 0 0 43093.dat
1 1 -20 0 0 0 0 1 0 1 0 -1 0 0 43093.dat
0 STEP
1 71 0 20 10 1 0 0 0 -1 0 0 0 -1 63869.dat
1 71 0 20 10 1 0 0 0 -1 0 0 0 -1 32073.dat
0 STEP
1 72 0 0 -2 0 0 -1 0 -1 0 -1 0 0 87083.dat
1 19 0 0 -33 -1 0 0 0 1 0 0 0 -1 6589.dat
1 71 0 0 -25 -1 0 0 0 1 0 0 0 -1 32123b.dat
0 STEP
0 STEP
1 72 -50 0 -50 1 0 0 0 -1 0 0 0 -1 55013.dat
1 19 -17 0 -50 0 0 1 0 -1 0 1 0 0 6589.dat
1 71 -40 0 -50 0 0 1 0 -1 0 1 0 0 3713.dat
0 STEP
1 0 0 -4.901 99.759 0 0 1 -0.098 -0.995 0 0.995 -0.098 0 3705.dat
1 71 0 -3.43 84.831 -1 0 0 0 0.995 0.098 0 0.098 -0.995 32123b.dat
1 71 0 -4.41 94.783 -1 0 0 0 0.995 0.098 0 0.098 -0.995 32123b.dat
0 STEP
1 0 0 14.023 111.671 1 0 0 0 -0.995 0.098 0 -0.098 -0.995 6536.dat
1 71 0 14.023 111.671 1 0 0 0 -0.995 0.098 0 -0.098 -0.995 32073.dat
1 0 20 12.063 131.575 1 0 0 0 0.995 -0.098 0 0.098 0.995 32039.dat
1 0 -20 12.063 131.575 1 0 0 0 0.995 -0.098 0 0.098 0.995 32039.dat
0 STEP
1 14 0 -8.821 139.567 1 0 0 0 0.995 -0.098 0 0.098 0.995 59443.dat
1 71 0 0 50 1 0 0 0 0.995 -0.098 0 0.098 0.995 62520.dat
1 71 0 0 50 0 1 0 1 0 0 0 0 -1 62520.dat
1 71 0 0 50 0 1 0 1 0 0 0 0 -1 62519.dat



0 FILE 9393 - subModel-1.ldr
0 subModel-1
0 Name: 9393 - subModel-1.ldr
0 Author: Tomas Kralicek [RabbiT_CZ]
0 !LDRAW_ORG Model
0 !LICENSE Redistributable under CCAL version 2.0 : see CAreadme.txt

1 71 0 0 0 -1 0 0 0 1 0 0 0 -1 4519.dat
1 71 -20 0 20 1 0 0 0 0 -1 0 1 0 32184.dat
0 STEP
1 71 0 0 0 0 0 1 1 0 0 0 1 0 3713.dat
1 71 20 0 20 1 0 0 0 0 -1 0 1 0 32184.dat
0 STEP
1 1 30 0 40 -1 0 0 0 0 1 0 1 0 43093.dat
1 1 -30 0 40 1 0 0 0 0 -1 0 1 0 43093.dat
0 STEP
1 1 -20 -10 20 0 0 -1 -1 0 0 0 1 0 43093.dat
1 1 20 -10 20 0 0 -1 -1 0 0 0 1 0 43093.dat
1 0 20 -15 20 0 0 -1 0 1 0 1 0 0 6632.dat
1 71 20 -25 20 0 0 -1 0 1 0 1 0 0 6632.dat
1 72 0 -55 20 0 1 0 -1 0 0 0 0 1 59426.dat
0 STEP
1 71 0 -50 20 0 -1 0 0 0 -1 1 0 0 4716.dat
1 0 0 -80 20 0 0 -1 1 0 0 0 -1 0 32034.dat
1 71 0 -110 20 -1 0 0 0 0 -1 0 -1 0 59443.dat



0 FILE 9393 - hubRearLeft.ldr
0 hubRearLeft
0 Name: 9393 - hubRearLeft.ldr
0 Author: Tomas Kralicek [RabbiT_CZ]
0 !LDRAW_ORG Model
0 !LICENSE Redistributable under CCAL version 2.0 : see CAreadme.txt

1 71 0 0 0 0 1 0 0 0 1 1 0 0 60484.dat
1 1 -20 0 0 1 0 0 0 0 1 0 -1 0 6558.dat
1 1 -20 40 0 1 0 0 0 0 1 0 -1 0 6558.dat
0 STEP
1 71 -20 40 0 0 0 1 -1 0 0 0 -1 0 48989.dat
0 STEP
1 0 -20 0 0 0 1 0 0 0 -1 -1 0 0 32523.dat
1 0 -30 -20 0 -1 0 0 0 1 0 0 0 -1 2780.dat
0 STEP
1 72 7 20 0 1 0 0 0 0 1 0 -1 0 59426.dat
1 71 -40 20 0 0 0 1 0 1 0 -1 0 0 3713.dat



0 FILE 9393 - frontWeight.ldr
0 frontWeight
0 Name: 9393 - frontWeight.ldr
0 Author: Tomas Kralicek [RabbiT_CZ]
0 !LDRAW_ORG Model
0 !LICENSE Redistributable under CCAL version 2.0 : see CAreadme.txt

1 27 -20 60 0 0 -1 0 0 0 -1 1 0 0 32140.dat
1 1 0 0 0 1 0 0 0 1 0 0 0 1 6558.dat
1 1 0 20 0 1 0 0 0 1 0 0 0 1 6558.dat
1 1 0 40 0 1 0 0 0 1 0 0 0 1 6558.dat
0 STEP
1 0 0 20 -60 0 -1 0 1 0 0 0 0 1 32140.dat
1 0 0 -9.921 -1.252 0 -1 0 -0.125 0 -0.992 0.992 0 -0.125 43857.dat
0 STEP
1 27 20 60 0 0 -1 0 0 0 -1 1 0 0 32140.dat
0 STEP
1 71 0 20 -60 1 0 0 0 0 -1 0 1 0 4519.dat
1 71 -40 0 20 1 0 0 0 -1 0 0 0 -1 87082.dat
1 71 40 0 20 1 0 0 0 -1 0 0 0 -1 87082.dat
0 STEP
1 0 -20 20 -60 0 1 0 -1 0 0 0 0 1 58177.dat
1 0 20 20 -60 0 1 0 -1 0 0 0 0 1 58177.dat



0 FILE 9393 - stepsLeft.ldr
0 stepsLeft
0 Name: 9393 - stepsLeft.ldr
0 Author: Tomas Kralicek [RabbiT_CZ]
0 !LDRAW_ORG Model
0 !LICENSE Redistributable under CCAL version 2.0 : see CAreadme.txt

1 71 0 0 0 0 0 1 0 1 0 -1 0 0 4519.dat
1 0 0 0 20 0 0 1 1 0 0 0 1 0 32348.dat
1 71 96 48 0 0 0.6 0.8 0 0.8 -0.6 -1 0 0 4519.dat
1 0 40 0 30 0 0.6 0.8 0 0.8 -0.6 -1 0 0 2780.dat
0 STEP
1 71 72 16 10 0 0.6 0.8 0 0.8 -0.6 -1 0 0 3673.dat
1 71 96 48 0 0.8 -0.6 0 -0.6 -0.8 0 0 0 -1 3713.dat
1 0 40 20 40 -1 0 0 0 -1 0 0 0 1 6536.dat
1 0 0 0 0 0 0 -1 0 -1 0 -1 0 0 6536.dat
0 STEP
1 0 0 0 -20 0 0 1 1 0 0 0 1 0 32348.dat



0 FILE 9393 - stepsRight.ldr
0 stepsRight
0 Name: 9393 - stepsRight.ldr
0 Author: Tomas Kralicek [RabbiT_CZ]
0 !LDRAW_ORG Model
0 !LICENSE Redistributable under CCAL version 2.0 : see CAreadme.txt

1 71 0 0 0 0 0 1 0 1 0 -1 0 0 4519.dat
1 0 0 0 -20 0 0 1 1 0 0 0 1 0 32348.dat
1 0 40 0 -30 0 1 0 0 0 1 1 0 0 2780.dat
1 71 96 48 0 0 0.6 0.8 0 0.8 -0.6 -1 0 0 4519.dat
0 STEP
1 0 40 20 -40 -1 0 0 0 -1 0 0 0 1 6536.dat
1 0 0 0 0 0 0 1 0 -1 0 1 0 0 6536.dat
1 71 72 16 -10 0 0 1 0 -1 0 1 0 0 3673.dat
1 71 96 48 0 0.8 -0.6 0 -0.6 -0.8 0 0 0 -1 3713.dat
0 STEP
1 0 0 0 20 0 0 1 1 0 0 0 1 0 32348.dat



0 FILE 9393 - subModel-2.ldr
0 subModel-2
0 Name: 9393 - subModel-2.ldr
0 Author: Tomas Kralicek [RabbiT_CZ]
0 !LDRAW_ORG Model
0 !LICENSE Redistributable under CCAL version 2.0 : see CAreadme.txt

1 71 0 0 0 1 0 0 0 1 0 0 0 1 4519.dat
1 0 -20 0 0 0 -1 0 0 0 1 -1 0 0 32140.dat
1 71 0 20 0 1 0 0 0 0.259 0.966 0 -0.966 0.259 87082.dat
0 STEP
1 0 20 0 0 0 -1 0 0 0 1 -1 0 0 32140.dat
1 0 0 0 0 0 1 0 1 0 0 0 0 -1 32271.dat
0 STEP
1 0 0 32 -144 1 0 0 0 0.8 0.6 0 -0.6 0.8 3705.dat
1 0 -15 32 -144 0 1 0 0.6 0 0.8 0.8 0 -0.6 6632.dat
1 4 0 64 -168 1 0 0 0 -0.6 0.8 0 -0.8 -0.6 32062.dat
1 47 -30 32 -144 0 1 0 0.6 0 0.8 0.8 0 -0.6 41669.dat
1 1 0 0 -40 1 0 0 0 1 0 0 0 1 6558.dat



0 FILE 9393 - attachment.ldr
0 attachment
0 Name: 9393 - attachment.ldr
0 Author: Tomas Kralicek [RabbiT_CZ]
0 !LDRAW_ORG Model
0 !LICENSE Redistributable under CCAL version 2.0 : see CAreadme.txt

1 71 0 0 0 0 0 1 0 1 0 -1 0 0 4519.dat
1 71 0 0 -25 -1 0 0 0 1 0 0 0 -1 32123b.dat
0 STEP
1 0 0 0 0 0 -1 0 0 0 1 -1 0 0 41678.dat
1 4 0 0 0 0 0 1 1 0 0 0 1 0 32316.dat
0 STEP
1 71 0 -20 10 -1 0 0 0 0 1 0 1 0 32073.dat
1 71 -40 -20 10 0 1 0 1 0 0 0 0 -1 60483.dat
1 71 -20 -20 10 0 0 1 1 0 0 0 1 0 3713.dat
0 STEP
1 71 20 -20 10 0 0 -1 -1 0 0 0 1 0 3713.dat
1 71 40 -20 10 0 -1 0 -1 0 0 0 0 -1 60483.dat
0 STEP
1 72 -80 0 -20 1 0 0 0 1 0 0 0 1 9393 - subModel-3.ldr
0 STEP
1 16 60 -20 -20 1 0 0 0 1 0 0 0 1 9393 - subModel-4.ldr
0 STEP
1 71 40 0 -75 1 0 0 0 1 0 0 0 1 32123b.dat
1 71 -40 0 -75 1 0 0 0 1 0 0 0 1 32123b.dat
1 4 40 0 -85 0 0 -1 -1 0 0 0 1 0 41677.dat
1 4 -40 0 -85 0 0 1 1 0 0 0 1 0 41677.dat
0 STEP
1 72 20 0 -70 0 0 1 0 -1 0 1 0 0 55013.dat
1 72 -20 0 -70 0 0 1 0 -1 0 1 0 0 55013.dat
0 STEP
1 71 0 -20 -90 1 0 0 0 1 0 0 0 1 9393 - subModel-5.ldr
0 STEP
1 71 20 0 -115 1 0 0 0 -1 0 0 0 -1 32123b.dat
1 71 20 0 -125 1 0 0 0 -1 0 0 0 -1 32123b.dat
1 71 -20 0 -115 1 0 0 0 -1 0 0 0 -1 32123b.dat
1 71 -20 0 -125 1 0 0 0 -1 0 0 0 -1 32123b.dat
0 STEP
1 72 0 20 -40 1 0 0 0 0 -1 0 1 0 3648b.dat
0 STEP
1 16 100 45 -40 1 0 0 0 1 0 0 0 1 9393 - subModel-6.ldr
1 71 -100 43 -40 -1 0 0 0 1 0 0 0 -1 9393 - subModel-6.ldr



0 FILE 9393 - subModel-3.ldr
0 subModel-3
0 Name: 9393 - subModel-3.ldr
0 Author: Tomas Kralicek [RabbiT_CZ]
0 !LDRAW_ORG Model
0 !LICENSE Redistributable under CCAL version 2.0 : see CAreadme.txt

1 71 20 -20 0 1 0 0 0 1 0 0 0 1 63869.dat
1 0 40 0 0 0 0 1 0 -1 0 1 0 0 32054.dat
0 STEP
1 71 0 0 -20 0 1 0 -1 0 0 0 0 1 48989.dat
1 0 40 0 -50 0 1 0 0 0 -1 -1 0 0 3705.dat
0 STEP
1 28 -20 20 -20 0 0 -1 -1 0 0 0 1 0 6587.dat
1 71 -20 35 -20 0 1 0 0 0 -1 -1 0 0 32123b.dat
1 72 -20 20 -20 0 1 0 0 0 -1 -1 0 0 3647.dat
0 STEP
1 4 0 0 -40 0 0 -1 1 0 0 0 -1 0 32316.dat
0 STEP
1 72 20 20 -20 0 1 0 0 0 -1 -1 0 0 3648b.dat
1 19 20 10 -20 0 1 0 1 0 0 0 0 -1 3749.dat



0 FILE 9393 - subModel-4.ldr
0 subModel-4
0 Name: 9393 - subModel-4.ldr
0 Author: Tomas Kralicek [RabbiT_CZ]
0 !LDRAW_ORG Model
0 !LICENSE Redistributable under CCAL version 2.0 : see CAreadme.txt

1 71 0 0 0 1 0 0 0 1 0 0 0 1 63869.dat
1 0 -20 20 0 0 0 1 0 -1 0 1 0 0 32054.dat
1 71 20 20 -20 0 -1 0 1 0 0 0 0 1 48989.dat
1 0 -20 20 -50 0 -1 0 0 0 -1 1 0 0 3705.dat
1 28 40 40 -20 0 0 -1 -1 0 0 0 1 0 6587.dat
1 71 40 55 -20 0 -1 0 0 0 -1 1 0 0 32123b.dat
1 72 40 40 -20 0 -1 0 0 0 -1 1 0 0 3647.dat
1 4 20 20 -40 0 0 1 -1 0 0 0 -1 0 32316.dat
1 72 0 40 -20 0 -1 0 0 0 -1 1 0 0 3648b.dat
1 19 0 30 -20 0 -1 0 1 0 0 0 0 1 3749.dat



0 FILE 9393 - subModel-5.ldr
0 subModel-5
0 Name: 9393 - subModel-5.ldr
0 Author: Tomas Kralicek [RabbiT_CZ]
0 !LDRAW_ORG Model
0 !LICENSE Redistributable under CCAL version 2.0 : see CAreadme.txt

1 0 0 0 0 1 0 0 0 0 1 0 -1 0 87408.dat
1 1 0 20 0 0 1 0 0 0 1 1 0 0 43093.dat
1 1 0 -20 0 0 1 0 0 0 1 1 0 0 43093.dat
0 STEP
1 72 0 0 2 0 1 0 0 0 1 1 0 0 87083.dat
1 71 0 0 25 0 -1 0 1 0 0 0 0 1 32123b.dat
1 19 0 0 33 0 -1 0 1 0 0 0 0 1 6589.dat
0 STEP
1 72 0 10 50 0 1 0 -1 0 0 0 0 1 87083.dat
1 19 0 -17 50 -1 0 0 0 0 1 0 1 0 6589.dat
0 STEP
1 71 0 20 -5 -1 0 0 0 0 -1 0 -1 0 99773.dat
1 71 0 20 -15 -1 0 0 0 0 -1 0 -1 0 99773.dat



0 FILE 9393 - subModel-6.ldr
0 subModel-6
0 Name: 9393 - subModel-6.ldr
0 Author: Tomas Kralicek [RabbiT_CZ]
0 !LDRAW_ORG Model
0 !LICENSE Redistributable under CCAL version 2.0 : see CAreadme.txt

1 71 0 20 0 1 0 0 0 0 -1 0 1 0 4185.dat
1 72 0 15 -20 0 -1 0 1 0 0 0 0 1 32002.dat
1 72 17.321 15 10 0 -1 0 1 0 0 0 0 1 32002.dat
1 72 -17.321 15 10 0 -1 0 1 0 0 0 0 1 32002.dat
0 STEP
1 71 0 10 -60 1 0 0 0 -1 0 0 0 -1 32017.dat
1 71 51.962 10 30 0.5 0 -0.866 0 -1 0 -0.866 0 -0.5 32017.dat
1 71 -51.962 10 30 -0.5 0 -0.866 0 -1 0 -0.866 0 0.5 32017.dat
0 STEP
1 71 0 0 0 1 0 0 0 0 -1 0 1 0 4185.dat






