0 FILE 9394 - Main.ldr
0 Main
0 Name: 9394 - Main.ldr
0 Author: Oh-Seong KWON
0 !LDRAW_ORG Model
0 !LICENSE Redistributable under CCAL version 2.0 : see CAreadme.txt

0 !HISTORY 2019-03-10 [technicbasics] Import unofficial parts, build .mpd, OMRize file

0 ROTATION CENTER 0 0 0 1 "Custom"
0 ROTATION CONFIG 0 0
1 0 0 0 0 1 0 0 0 1 0 0 0 1 9394 - 9394-2.ldr






0 FILE 9394 - 9394-2.ldr
0 9394-2
0 Name: 9394 - 9394-2.ldr
0 Author: Oh-Seong KWON
0 !LDRAW_ORG Model
0 !LICENSE Redistributable under CCAL version 2.0 : see CAreadme.txt
0 ROTATION CENTER 0 0 0 1 "Custom"
0 ROTATION CONFIG 0 0
1 4 -20 40 -260 0 -1 0 -1 0 0 0 0 -1 32525.dat
1 0 -30 40 -160 1 0 0 0 1 0 0 0 1 3673.dat
1 0 -30 40 -180 1 0 0 0 1 0 0 0 1 3673.dat
1 0 -30 40 -260 1 0 0 0 1 0 0 0 1 3673.dat
1 0 -30 40 -320 1 0 0 0 1 0 0 0 1 3673.dat
0 STEP
1 1 0 40 -360 1 0 0 0 1 0 0 0 1 32556.dat
1 1 0 40 -340 1 0 0 0 1 0 0 0 1 32556.dat
1 71 0 40 -200 1 0 0 0 0 1 0 -1 0 87082.dat
1 4 0 40 -320 0 -1 0 -1 0 0 0 0 -1 32348.dat
1 4 20 40 -260 0 -1 0 -1 0 0 0 0 -1 32525.dat
1 1 0 40 -380 1 0 0 0 1 0 0 0 1 32556.dat
1 1 0 8 -404 1 0 0 0 1 0 0 0 1 32556.dat
0 STEP
1 4 20 24 -392 0 -1 0 0.6 0 0.799999 -0.799999 0 0.6 32523.dat
1 4 -20 24 -392 0 -1 0 0.6 0 0.799999 -0.799999 0 0.6 32523.dat
1 0 30 40 -160 1 0 0 0 1 0 0 0 1 3673.dat
1 0 30 40 -180 1 0 0 0 1 0 0 0 1 3673.dat
1 0 30 40 -260 1 0 0 0 1 0 0 0 1 3673.dat
1 0 30 40 -320 1 0 0 0 1 0 0 0 1 3673.dat
1 4 -40 40 -40 0 -1 0 -1 0 0 0 0 -1 32278.dat
1 4 -60 40 120 0 -1 0 -1 0 0 0 0 -1 32524.dat
1 0 -50 40 60 1 0 0 0 1 0 0 0 1 3673.dat
1 0 -50 40 140 1 0 0 0 1 0 0 0 1 3673.dat
1 0 -50 40 180 1 0 0 0 1 0 0 0 1 3673.dat
1 0 -60 40 100 1 0 0 0 1 0 0 0 1 32054.dat
1 1 -90 40 100 1 0 0 0 1 0 0 0 1 3749.dat
0 STEP
1 71 0 40 -40 -1 0 0 0 1 0 0 0 -1 32073.dat
1 4 -15 40 -40 0 1 0 0 0 -1 -1 0 0 41677.dat
1 4 0 40 -40 -1 0 0 0 1 0 0 0 -1 6536.dat
1 4 0 20 -40 -1 0 0 0 1 0 0 0 -1 32062.dat
1 4 0 0 -40 -1 0 0 0 -1 0 0 0 1 42003.dat
1 4 15 40 -40 0 1 0 0 0 -1 -1 0 0 41677.dat
1 0 -20 40 20 0 -1 0 -1 0 0 0 0 -1 2825.dat
0 STEP
1 0 0 60 -10 0 0 1 0 1 0 -1 0 0 3707.dat
1 71 0 60 40 -1 0 0 0 1 0 0 0 -1 3713.dat
1 71 0 60 80 -1 0 0 0 1 0 0 0 -1 32034.dat
1 4 0 40 20 -1 0 0 0 1 0 0 0 -1 6536.dat
1 71 0 60 -10 -1 0 0 0 1 0 0 0 -1 4716.dat
1 71 0 60 -60 -1 0 0 0 1 0 0 0 -1 3713.dat
1 71 0 40 20 -1 0 0 0 1 0 0 0 -1 32073.dat
1 71 0 40 0 -1 0 0 0 0.707107 0.707107 0 0.707107 -0.707107 44294.dat
1 72 0 40 0 0 0 1 0.707107 0.707107 0 -0.707107 0.707107 0 3647.dat
1 71 -15 40 0 0 0 1 0.707107 0.707107 0 -0.707107 0.707107 0 32123a.dat
1 71 15 40 0 0 0 1 0.707107 0.707107 0 -0.707107 0.707107 0 32123a.dat
0 STEP
1 0 20 40 20 0 1 0 1 0 0 0 0 -1 2825.dat
0 STEP
1 71 -70 40 0 0 0 -1 -0.707106 0.707106 0 0.707107 0.707106 0 59443.DAT
0 STEP
1 71 0 40 120 -1 0 0 0 1 0 0 0 -1 4519.dat
1 0 40 40 120 1 0 0 0 1 0 0 0 1 32054.dat
1 0 -40 40 120 -1 0 0 0 1 0 0 0 -1 32054.dat
1 4 0 40 120 -1 0 0 0 1 0 0 0 -1 6536.dat
1 4 -40 0 120 0 1 0 0 0 -1 -1 0 0 32316.dat
0 STEP
1 0 0 60 130 0 0 1 0 1 0 -1 0 0 3705.dat
1 0 0 60 140 -1 0 0 0 1 0 0 0 -1 32270.dat
1 71 0 60 155 -1 0 0 0 1 0 0 0 -1 32123a.dat
0 STEP
1 4 40 40 -40 0 -1 0 -1 0 0 0 0 -1 32278.dat
1 71 70 40 0 0 0 -1 -0.707106 0.707106 0 0.707107 0.707106 0 59443.DAT
1 0 50 40 60 1 0 0 0 1 0 0 0 1 3673.dat
1 4 -20 40 400 0 -1 0 -1 0 0 0 0 -1 32525.dat
1 0 -30 40 300 1 0 0 0 1 0 0 0 1 3673.dat
1 0 -30 40 340 1 0 0 0 1 0 0 0 1 3673.dat
1 0 -10 40 500 1 0 0 0 1 0 0 0 1 3673.dat
1 1 0 40 480 1 0 0 0 1 0 0 0 1 32556.dat
1 4 0 40 560 0 -1 0 -1 0 0 0 0 -1 40490.dat
1 1 0 40 460 1 0 0 0 1 0 0 0 1 32556.dat
1 1 0 40 420 1 0 0 0 1 0 0 0 1 32556.dat
1 1 0 40 360 1 0 0 0 1 0 0 0 1 32556.dat
1 1 0 40 320 1 0 0 0 1 0 0 0 1 32556.dat
1 4 -40 40 240 0 -1 0 -1 0 0 0 0 -1 32525.dat
1 0 -10 40 520 1 0 0 0 1 0 0 0 1 3673.dat
1 0 10 40 540 1 0 0 0 1 0 0 0 1 3673.dat
1 0 -10 40 580 1 0 0 0 1 0 0 0 1 3673.dat
1 4 0 -40 320 0 1 0 0 0 1 1 0 0 32526.dat
1 4 0 -40 460 0 -1 0 0 0 1 -1 0 0 32526.dat
1 4 20 40 420 0 -1 0 -1 0 0 0 0 -1 41239.dat
1 71 0 40 200 0 0 -1 0 1 0 1 0 0 32034.dat
1 1 30 40 200 -1 0 0 0 1 0 0 0 -1 3749.dat
1 1 -30 40 200 1 0 0 0 1 0 0 0 1 3749.dat
0 STEP
1 0 30 40 300 1 0 0 0 1 0 0 0 1 3673.dat
1 0 30 40 340 1 0 0 0 1 0 0 0 1 3673.dat
1 4 40 40 240 0 -1 0 -1 0 0 0 0 -1 32525.dat
0 STEP
1 0 50 40 140 1 0 0 0 1 0 0 0 1 3673.dat
1 0 50 40 180 1 0 0 0 1 0 0 0 1 3673.dat
0 STEP
1 0 -15 0 0 0 -1 0 0 0 -1 1 0 0 6632.dat
1 4 0 -40 0 -1 0 0 0 1 0 0 0 -1 32062.dat
1 4 0 0 0 -1 0 0 0 1 0 0 0 -1 32062.dat
1 0 0 -40 0 -1 0 0 0 -1 0 0 0 1 6553.dat
1 0 0 -20 0 -1 0 0 0 1 0 0 0 -1 3705.dat
1 71 -25 -20 0 0 0 1 0 1 0 -1 0 0 32123a.dat
0 STEP
1 71 0 -20 0 1 0 0 0 1 0 0 0 1 32034.dat
1 0 0 0 140 0 1 0 -1 0 0 0 0 1 32278.dat
1 0 15 0 0 0 -1 0 0 0 -1 1 0 0 6632.dat
1 71 25 -20 0 0 0 1 0 1 0 -1 0 0 32123a.dat
0 STEP
1 1 0 -20 -30 0 0 -1 0 1 0 1 0 0 3749.dat
0 STEP
1 71 0 -20 60 -1 0 0 0 1 0 0 0 -1 32034.dat
1 4 0 -20 30 0 0 1 0 1 0 -1 0 0 32062.dat
1 4 0 -20 90 0 0 1 0 1 0 -1 0 0 32062.dat
1 4 0 -20 100 -1 0 0 0 1 0 0 0 -1 32039.dat
1 71 0 -20 120 -1 0 0 0 1 0 0 0 -1 32073.dat
1 71 -20 -20 120 0 0 1 0 1 0 -1 0 0 3713.dat
1 71 20 -20 120 0 0 1 0 1 0 -1 0 0 3713.dat
0 STEP
1 1 -30 -20 40 -1 0 0 0 1 0 0 0 -1 3749.dat
1 71 -40 -20 40 0 0 1 0 1 0 -1 0 0 3713.dat
1 1 -20 -80 60 0 -1 0 0 0 1 -1 0 0 32140.dat
1 1 0 -20 60 1 0 0 0 1 0 0 0 1 32556.dat
1 71 0 -80 60 1 0 0 0 1 0 0 0 1 4519.dat
1 0 0 -80 60 0 1 0 0 0 -1 -1 0 0 60483.dat
0 STEP
1 1 20 -80 60 0 -1 0 0 0 1 -1 0 0 32140.dat
1 1 30 -20 40 1 0 0 0 1 0 0 0 1 3749.dat
1 71 40 -20 40 0 0 -1 0 1 0 1 0 0 3713.dat
0 STEP
1 0 -20 0 380 0 1 0 1 0 0 0 0 -1 32140.dat
1 0 -10 0 320 1 0 0 0 1 0 0 0 1 3673.dat
1 0 -10 20 320 1 0 0 0 1 0 0 0 1 3673.dat
1 1 -10 0 380 -1 0 0 0 1 0 0 0 -1 3749.dat
1 4 0 0 380 0 -1 0 0 0 1 -1 0 0 32523.dat
1 71 10 -20 380 1 0 0 0 1 0 0 0 1 3673.dat
0 STEP
1 0 20 20 380 0 -1 0 -1 0 0 0 0 -1 32140.dat
1 19 10 20 380 1 0 0 0 1 0 0 0 1 3749.dat
1 0 30 20 320 1 0 0 0 1 0 0 0 1 3673.dat
1 0 30 0 320 1 0 0 0 1 0 0 0 1 3673.dat
1 0 40 0 260 0 -1 0 1 0 0 0 0 1 32140.dat
1 71 20 0 260 1 0 0 0 1 0 0 0 1 4519.dat
1 1 20 0 280 -1 0 0 0 1 0 0 0 -1 32556.dat
1 0 20 0 260 0 1 0 -1 0 0 0 0 1 60483.dat
0 STEP
1 4 -20 -40 200 0 -1 0 -1 0 0 0 0 -1 32526.dat
1 0 -30 -40 120 1 0 0 0 1 0 0 0 1 3673.dat
1 0 -30 -60 120 1 0 0 0 1 0 0 0 1 3673.dat
0 STEP
1 1 0 -80 120 1 0 0 0 1 0 0 0 1 32556.dat
1 1 0 -40 180 1 0 0 0 1 0 0 0 1 32556.dat
1 1 0 -40 200 1 0 0 0 1 0 0 0 1 32556.dat
0 STEP
1 0 0 -40 240 0 -1 0 -1 0 0 0 0 -1 32140.dat
1 0 0 -96 132 0 -1 0 -0.6 0 0.8 -0.8 0 -0.6 60483.dat
0 STEP
1 4 20 -40 200 0 -1 0 -1 0 0 0 0 -1 32526.dat
1 71 0 -96 132 1 0 0 0 0.8 0.6 0 -0.6 0.8 4519.dat
1 0 30 -40 120 1 0 0 0 1 0 0 0 1 3673.dat
1 0 30 -60 120 1 0 0 0 1 0 0 0 1 3673.dat
1 1 -20 -60 180 -1 0 0 0 1 0 0 0 -1 32556.dat
0 STEP
1 4 -20 -60 180 0 1 0 0.8 0 -0.6 -0.6 0 -0.8 32526.dat
1 71 0 -72 164 1 0 0 0 -0.6 0.8 0 -0.8 -0.6 87082.dat
1 0 0 -78 156 0 0 -1 0.6 0.8 0 0.8 -0.6 0 3673.dat
1 71 0 -84 148 1 0 0 0 -0.6 0.8 0 -0.8 -0.6 87082.dat
1 71 0 -108 116 1 0 0 0 0.923879 0.382683 0 -0.382683 0.923879 32073.dat
1 71 0 -108 116 0 0 -1 0.382683 0.923879 0 0.923879 -0.382683 0 3713.dat
0 STEP
1 4 20 -60 180 0 1 0 0.8 0 -0.6 -0.6 0 -0.8 32526.dat
1 0 30 -60 180 1 0 0 0 1 0 0 0 1 3673.dat
1 71 0 -40 240 1 0 0 0 1 0 0 0 1 32073.dat
0 STEP
1 4 60 40 120 0 -1 0 -1 0 0 0 0 -1 32524.dat
1 4 40 0 120 0 1 0 0 0 -1 -1 0 0 32316.dat
0 STEP
1 0 60 40 100 -1 0 0 0 1 0 0 0 -1 32054.dat
1 1 90 40 100 -1 0 0 0 1 0 0 0 -1 3749.dat
0 STEP
1 4 -20 -40 520 0 -1 0 1 0 0 0 0 1 32140.dat
1 1 0 -40 540 1 0 0 0 1 0 0 0 1 32556.dat
1 71 0 -40 520 1 0 0 0 1 0 0 0 1 4519.dat
0 STEP
1 4 0 -40 480 0 1 0 -1 0 0 0 0 1 32348.dat
1 1 0 -40 500 1 0 0 0 1 0 0 0 1 32556.dat
1 71 0 -40 480 1 0 0 0 1 0 0 0 1 4519.dat
1 4 -20 -40 360 0 -1 0 1 0 0 0 0 1 32278.dat
0 STEP
1 1 0 -40 460 1 0 0 0 1 0 0 0 1 32556.dat
1 1 0 -40 220 1 0 0 0 1 0 0 0 1 32556.dat
0 STEP
1 1 0 -40 320 -1 0 0 0 1 0 0 0 -1 32556.dat
0 STEP
1 4 20 -40 360 0 -1 0 1 0 0 0 0 1 32278.dat
1 4 40 -40 240 1 0 0 0 1 0 0 0 1 6536.dat
1 4 -40 -40 240 1 0 0 0 1 0 0 0 1 6536.dat
1 0 20 -10.0126 479.5 0 1 0 -0.995 0 0.0998746 0.0998746 0 0.995 32525.dat
1 0 0 -20 580 1 0 0 0 0.998749 0.050007 0 -0.050007 0.998749 3708.dat
1 0 0 -20 580 0 1 0 0.050007 0 0.998749 0.998749 0 -0.050007 60483.dat
1 71 10 -0.0250225 579 1 0 0 0 1 0 0 0 1 3673.dat
0 STEP
1 4 20 -40 520 0 -1 0 1 0 0 0 0 1 32140.dat
1 71 -35 -20 580 0 0 1 -0.050007 0.998749 0 -0.998749 -0.050007 0 32123a.dat
1 71 35 -20 580 0 0 1 -0.050007 0.998749 0 -0.998749 -0.050007 0 32123a.dat
0 STEP
1 4 60 -20 160 1 0 0 0 1 0 0 0 1 64681.dat
1 0 60 -20 150 0 0 -1 0 1 0 1 0 0 3673.dat
1 0 40 -60 150 0 0 -1 0 1 0 1 0 0 3673.dat
0 STEP
1 4 60 -20 140 -1 0 0 0 1 0 0 0 -1 87086.dat
1 0 60 -10 100 0 0 -1 1 0 0 0 -1 0 3673.dat
1 0 60 -10 80 0 0 -1 1 0 0 0 -1 0 3673.dat
0 STEP
1 4 60 0 60 1 0 0 0 1 0 0 0 1 32316.dat
1 0 60 -10 40 0 0 -1 1 0 0 0 -1 0 3673.dat
1 0 60 -10 20 0 0 -1 1 0 0 0 -1 0 3673.dat
1 4 60 -20 -100 1 0 0 0 1 0 0 0 1 32278.dat
0 STEP
1 1 60 -10 -40 0 -1 0 1 0 0 0 0 1 3749.dat
1 4 80 0 -40 0 1 0 1 0 0 0 0 -1 42003.dat
1 0 80 0 -50 0 0 1 0 1 0 -1 0 0 3673.dat
1 0 100 0 -50 0 0 1 0 1 0 -1 0 0 3673.dat
1 4 80 -20 -60 0 -1 0 1 0 0 0 0 1 64393.dat
1 0 60 -10 -240 0 0 -1 1 0 0 0 -1 0 3673.dat
1 0 60 -10 -200 0 0 -1 1 0 0 0 -1 0 3673.dat
1 0 60 -30 -120 0 0 -1 1 0 0 0 -1 0 3673.dat
1 4 60 0 -280 -1 0 0 0 -1 0 0 0 1 64391.dat
1 0 40 40 -290 0 0 1 0 1 0 -1 0 0 3673.dat
1 0 60 0 -290 0 0 1 0 1 0 -1 0 0 3673.dat
1 4 60 0 -300 1 0 0 0 -1 0 0 0 -1 64683.dat
1 0 60 -10 -340 0 0 -1 1 0 0 0 -1 0 3673.dat
1 1 60 -20 -380 0 0 1 -1 0 0 0 -1 0 32556.dat
1 4 60 -20 -340 -1 0 0 0 1 0 0 0 -1 32526.dat
0 STEP
1 4 -60 -20 160 1 0 0 0 1 0 0 0 1 64393.dat
1 0 -60 -20 150 0 0 1 0 1 0 -1 0 0 3673.dat
1 0 -40 -60 150 0 0 1 0 1 0 -1 0 0 3673.dat
1 4 -60 -20 140 -1 0 0 0 1 0 0 0 -1 87080.dat
1 0 -60 -10 100 0 0 1 -1 0 0 0 -1 0 3673.dat
1 0 -60 -10 80 0 0 1 -1 0 0 0 -1 0 3673.dat
0 STEP
1 4 -60 0 60 1 0 0 0 1 0 0 0 1 32316.dat
1 0 -60 -10 40 0 0 1 -1 0 0 0 -1 0 3673.dat
1 0 -60 -10 20 0 0 1 -1 0 0 0 -1 0 3673.dat
1 4 -60 -20 -100 1 0 0 0 1 0 0 0 1 32278.dat
1 0 -60 -10 -240 0 0 1 -1 0 0 0 -1 0 3673.dat
1 0 -60 -10 -200 0 0 1 -1 0 0 0 -1 0 3673.dat
1 0 -60 -30 -120 0 0 1 -1 0 0 0 -1 0 3673.dat
0 STEP
1 1 -60 -10 -40 0 1 0 1 0 0 0 0 -1 3749.dat
1 4 -80 0 -40 0 -1 0 1 0 0 0 0 1 42003.dat
1 0 -80 0 -50 0 0 -1 0 1 0 1 0 0 3673.dat
1 0 -100 0 -50 0 0 -1 0 1 0 1 0 0 3673.dat
1 4 -80 -20 -60 0 1 0 -1 0 0 0 0 1 64681.dat
1 4 -60 0 -300 1 0 0 0 -1 0 0 0 -1 64391.dat
1 4 -60 0 -280 -1 0 0 0 -1 0 0 0 1 64683.dat
1 0 -60 0 -290 0 0 -1 0 1 0 1 0 0 3673.dat
1 0 -40 40 -290 0 0 -1 0 1 0 1 0 0 3673.dat
1 0 -60 -10 -340 0 0 -1 1 0 0 0 -1 0 3673.dat
1 1 -60 -20 -380 0 0 1 -1 0 0 0 -1 0 32556.dat
1 4 -60 -20 -340 1 0 0 0 -1 0 0 0 -1 32526.dat
0 STEP
1 71 0 -40 -140 0 0 -1 0 1 0 1 0 0 32034.dat
1 71 -40 -40 -140 1 0 0 0 1 0 0 0 1 4519.dat
1 71 40 -40 -140 1 0 0 0 1 0 0 0 1 4519.dat
1 71 -35 -40 -140 0 0 -1 0 1 0 1 0 0 32123a.dat
1 71 35 -40 -140 0 0 -1 0 1 0 1 0 0 32123a.dat
1 4 45 -60 -140 0 1 0 0 0 1 1 0 0 41677.dat
1 4 -45 -60 -140 0 1 0 0 0 1 1 0 0 41677.dat
1 71 0 -40 -140 0 0 -1 0 1 0 1 0 0 4519.dat
1 0 0 -40 -170 1 0 0 0 1 0 0 0 1 59443.DAT
1 72 0 -40 -120 1 0 0 0 1 0 0 0 1 3648b.dat
1 1 -50 -60 -140 1 0 0 0 1 0 0 0 1 3749.dat
1 1 50 -60 -140 -1 0 0 0 1 0 0 0 -1 3749.dat
0 STEP
1 71 -60 -40 -120 -1 0 0 0 0 1 0 1 0 32184.dat
1 71 60 -40 -120 -1 0 0 0 0 1 0 1 0 32184.dat
1 1 -50 -40 -100 -1 0 0 0 1 0 0 0 -1 3749.dat
1 1 50 -40 -100 1 0 0 0 1 0 0 0 1 3749.dat
0 STEP
1 4 -40 -40 -100 -1 0 0 0 0.707107 0.707107 0 0.707107 -0.707107 32013.dat
1 1 -40 -61.2132 -78.7868 0 0 1 0.707107 0.707107 0 -0.707107 0.707107 0 3749.dat
1 4 40 -40 -100 -1 0 0 0 0.707107 0.707107 0 0.707107 -0.707107 32013.dat
1 1 40 -61.2132 -78.7868 0 0 1 0.707107 0.707107 0 -0.707107 0.707107 0 3749.dat
1 4 0 -54.1421 -85.8579 0 0 -1 0.707107 0.707107 0 0.707107 -0.707107 0 32523.dat
1 0 -20 -61.2132 -78.7868 0 0 -1 -0.707107 0.707107 0 0.707107 0.707107 0 3673.dat
1 0 20 -61.2132 -78.7868 0 0 -1 -0.707107 0.707107 0 0.707107 0.707107 0 3673.dat
1 4 0 -68.2843 -71.7157 0 0 -1 0.707107 0.707107 0 0.707107 -0.707107 0 32316.dat
0 STEP
1 0 0 -40 -270 0 0 -1 0 1 0 1 0 0 3737.dat
1 0 0 -40 -370 1 0 0 0 1 0 0 0 1 59443.DAT
1 0 0 -40 -410 0 0 -1 0 1 0 1 0 0 3705.dat
1 71 0 -40 -400 1 0 0 0 1 0 0 0 1 3713.dat
1 71 0 -40 -420 0 -1 0 1 0 0 0 0 1 32184.dat
1 1 -20 -30 -420 0 0 -1 -1 0 0 0 1 0 3749.dat
1 1 20 -30 -420 0 0 -1 -1 0 0 0 1 0 3749.dat
1 0 0 -40 -460 0 0 1 0 1 0 -1 0 0 32054.dat
0 STEP
1 4 -20 -60 -340 0 1 0 -1 0 0 0 0 1 64681.dat
1 0 -60 -40 -350 0 0 -1 0 1 0 1 0 0 3673.dat
1 0 -20 -60 -350 0 0 -1 0 1 0 1 0 0 3673.dat
1 4 -20 -60 -360 0 1 0 1 0 0 0 0 -1 87086.dat
1 1 0 -60 -260 1 0 0 0 1 0 0 0 1 32556.dat
1 1 0 -60 -420 1 0 0 0 1 0 0 0 1 32556.dat
1 4 0 -60 -300 0 1 0 -1 0 0 0 0 1 41239.dat
0 STEP
1 4 20 -60 -340 0 -1 0 1 0 0 0 0 1 64393.dat
1 0 20 -60 -350 0 0 1 0 1 0 -1 0 0 3673.dat
1 0 60 -40 -350 0 0 1 0 1 0 -1 0 0 3673.dat
1 4 20 -60 -360 0 -1 0 -1 0 0 0 0 -1 87080.dat
1 1 60 -30 -320 0 -0.67559 0.737277 1 0 0 0 0.737277 0.67559 3749.dat
1 1 -60 -30 -320 0 -0.737277 0.67559 1 0 0 0 0.67559 0.737277 3749.dat
0 STEP
1 0 40.3492 -20 -283.753 0.737277 0 -0.67559 0 1 0 0.67559 0 0.737277 3705.dat
1 71 47.7219 -20 -276.997 -0.67559 0 -0.737277 0 1 0 0.737277 0 -0.67559 3713.dat
1 71 69.8403 -20 -256.729 -0.67559 0 -0.737277 0 1 0 0.737277 0 -0.67559 59443.DAT
1 4 46.4882 -20 -305.255 0 -0.67559 -0.737277 -1 0 0 0 0.737277 -0.67559 42003.dat
1 71 18.2309 -20 -304.021 -0.67559 0 -0.737277 0 1 0 0.737277 0 -0.67559 3713.dat
1 1 53.861 -20 -298.499 0.737277 0 -0.67559 0 1 0 0.67559 0 0.737277 3749.dat
1 71 68.6065 -20 -284.987 -0.67559 0 -0.737277 0 1 0 0.737277 0 -0.67559 59443.DAT
1 4 -46.4882 -20 -305.255 0 0.67559 0.737277 1 0 0 0 0.737277 -0.67559 42003.dat
1 1 -53.861 -20 -298.499 -0.737277 0 0.67559 0 -1 0 0.67559 0 0.737277 3749.dat
1 71 -68.6065 -20 -284.987 0.67559 0 0.737277 0 -1 0 0.737277 0 -0.67559 59443.DAT
1 0 -40.3492 -20 -283.753 -0.737277 0 0.67559 0 -1 0 0.67559 0 0.737277 3705.dat
1 71 -69.8403 -20 -256.729 0.67559 0 0.737277 0 -1 0 0.737277 0 -0.67559 59443.DAT
1 71 -47.7219 -20 -276.997 0.67559 0 0.737277 0 -1 0 0.737277 0 -0.67559 3713.dat
1 71 -18.2309 -20 -304.021 0.67559 0 0.737277 0 -1 0 0.737277 0 -0.67559 3713.dat
0 STEP
1 4 60 -60 -140 -1 0 0 0 0.5 0.866025 0 0.866025 -0.5 32013.dat
1 4 40 -115.654 97.5225 -1 0 0 0 0.92388 -0.382684 0 -0.382684 -0.92388 32039.dat
1 0 60 -72.9904 -132.5 1 0 0 0 -17.3205 0.5 0 10 0.866 9394 - LS50.dat
1 0 60 -85.9808 -125 1 -0.0152 0 -0.0037 -2.9749 0.5212 0.0022 1.817 0.8534 9394 - LS51.dat
1 0 59.9875 -88.4405 -123.498 1 -0.0464 -0.0013 -0.01 -2.9472 0.5629 0.0084 2.0071 0.8265 9394 - LS51.dat
1 0 59.9489 -90.8862 -121.832 1 -0.0789 -0.0023 -0.0159 -2.9046 0.6034 0.0149 2.1977 0.7974 9394 - LS51.dat
1 0 59.8832 -93.3074 -120 0.9995 -0.1125 -0.0029 -0.0212 -2.8605 0.6424 0.0216 2.3976 0.7663 9394 - LS51.dat
1 0 59.7888 -95.7059 -117.99 0.9993 -0.1476 -0.0031 -0.0261 -2.816 0.6797 0.0284 2.6088 0.7335 9394 - LS51.dat
1 0 59.6643 -98.0819 -115.789 0.9989 -0.1861 -0.0031 -0.0303 -2.7948 0.7151 0.0354 2.8584 0.699 9394 - LS51.dat
1 0 59.5062 -100.456 -113.361 0.9985 -0.2314 -0.0027 -0.034 -2.8156 0.749 0.0425 3.1817 0.6626 9394 - LS51.dat
1 0 59.3077 -102.871 -110.631 0.9981 -0.2785 -0.002 -0.0372 -2.7975 0.7811 0.0497 3.4983 0.6244 9394 - LS51.dat
1 0 59.0664 -105.294 -107.602 0.9976 -0.3321 -0.0012 -0.0396 -2.7938 0.8111 0.057 3.8734 0.5849 9394 - LS51.dat
1 0 58.776 -107.737 -104.215 0.9971 -0.3982 0 -0.0414 -2.8275 0.8391 0.0642 4.3621 0.5439 9394 - LS51.dat
1 0 58.4239 -110.237 -100.358 0.9965 -0.4755 0.0009 -0.0424 -2.8616 0.8652 0.0714 4.9395 0.5013 9394 - LS51.dat
1 0 57.9984 -112.798 -95.9371 0.996 -0.5636 0.002 -0.0426 -2.8802 0.8892 0.0784 5.5994 0.4576 9394 - LS51.dat
1 0 57.4886 -115.404 -90.8717 0.9955 -0.6831 0.0031 -0.0419 -2.958 0.9109 0.0851 6.5374 0.4125 9394 - LS51.dat
1 0 56.8627 -118.114 -84.8816 0.995 -0.8218 0.0038 -0.0401 -3.0016 0.9305 0.0914 7.6344 0.3663 9394 - LS51.dat
1 0 56.101 -120.896 -77.8063 0.9946 -1.018 0.0042 -0.037 -3.1105 0.9478 0.0969 9.2565 0.3189 9394 - LS51.dat
1 0 55.1456 -123.815 -69.1192 0.9943 -1.2753 0.0038 -0.0324 -3.2221 0.9627 0.1014 11.48 0.2706 9394 - LS51.dat
1 0 53.9348 -126.875 -58.2193 0.9943 -1.7071 0.0021 -0.0256 -3.5163 0.9752 0.1036 15.5182 0.2212 9394 - LS51.dat
1 0 52.2984 -130.245 -43.3439 0.9951 -3.2658 -0.0018 -0.0147 -5.5127 0.986 0.0974 32.5281 0.1669 9394 - LS51.dat
1 0 49.2295 -135.426 -12.7768 0.9955 -1.0187 0.0021 -0.0139 -1.3383 0.9927 0.0937 10.6207 0.1253 9394 - LS51.dat
1 0 48.2677 -136.69 -2.7496 0.9942 -1.0154 -0.0005 -0.0078 -0.7178 0.9977 0.1076 9.3326 0.0767 9394 - LS51.dat
1 0 47.3177 -137.361 5.9816 0.9931 -1.0043 -0.0014 -0.0017 -0.2276 1.0003 0.1172 8.5065 0.0266 9394 - LS51.dat
1 0 46.3848 -137.572 13.8835 0.9924 -0.9794 -0.0011 0.0041 0.1906 1.0003 0.1227 7.9131 -0.0242 9394 - LS51.dat
1 0 45.48 -137.396 21.1931 0.9922 -0.9588 -0.0003 0.0097 0.5733 0.9978 0.1242 7.6137 -0.0752 9394 - LS51.dat
1 0 44.5976 -136.869 28.2003 0.9925 -0.9516 0.0008 0.0147 0.974 0.9926 0.1216 7.6517 -0.1262 9394 - LS51.dat
1 0 43.721 -135.972 35.2483 0.9932 -0.9156 0.0016 0.019 1.3848 0.9849 0.1145 7.7112 -0.1767 9394 - LS51.dat
1 0 42.8756 -134.693 42.3681 0.9944 -0.8779 0.0017 0.0221 1.8689 0.9749 0.1029 8.0824 -0.2253 9394 - LS51.dat
1 0 42.0615 -132.96 49.8633 0.996 -0.8877 0.0007 0.0236 2.6957 0.9629 0.086 9.5413 -0.272 9394 - LS51.dat
1 0 41.2733 -130.566 58.3343 0.9992 -1.2941 -0.0007 0.0146 11.2666 0.9384 0.0371 30.4389 -0.3474 9394 - LS51.dat
1 0 40 -111.827 106.761 1 0 0 0 -7.6552 0.9239 0 -18.4814 -0.3827 9394 - LS50.dat
1 4 -60 -60 -140 -1 0 0 0 0.5 0.866025 0 0.866025 -0.5 32013.dat
1 4 -40 -115.654 97.5224 -1 0 0 0 0.92388 -0.382684 0 -0.382684 -0.92388 32039.dat
1 0 -60 -72.9904 -132.5 1 0 0 0 -17.3205 0.5 0 10 0.866 9394 - LS50.dat
1 0 -60 -85.9808 -125 1 0.0151 0 0.0037 -2.9951 0.5213 -0.0022 1.8298 0.8534 9394 - LS51.dat
1 0 -59.9874 -88.4624 -123.484 1 0.0455 0.0013 0.0099 -2.9262 0.5629 -0.0083 1.9927 0.8265 9394 - LS51.dat
1 0 -59.9497 -90.891 -121.83 1 0.0775 0.0023 0.0156 -2.8978 0.6031 -0.0147 2.1907 0.7977 9394 - LS51.dat
1 0 -59.885 -93.3087 -120.002 0.9996 0.11 0.0029 0.0208 -2.8445 0.6419 -0.0213 2.3806 0.7668 9394 - LS51.dat
1 0 -59.7928 -95.6924 -118.007 0.9993 0.1456 0.0032 0.0256 -2.8252 0.679 -0.028 2.6125 0.7341 9394 - LS51.dat
1 0 -59.6699 -98.0775 -115.802 0.9989 0.1829 0.0032 0.0298 -2.7913 0.7145 -0.0349 2.8496 0.6997 9394 - LS51.dat
1 0 -59.5145 -100.449 -113.381 0.9986 0.2267 0.0028 0.0334 -2.804 0.7482 -0.042 3.1615 0.6634 9394 - LS51.dat
1 0 -59.3201 -102.853 -110.671 0.9981 0.275 0.0022 0.0365 -2.8074 0.7804 -0.0491 3.5024 0.6253 9394 - LS51.dat
1 0 -59.0819 -105.284 -107.637 0.9977 0.3269 0.0014 0.0389 -2.7925 0.8105 -0.0563 3.8628 0.5858 9394 - LS51.dat
1 0 -58.796 -107.727 -104.259 0.9972 0.3895 0.0005 0.0407 -2.8093 0.8385 -0.0634 4.3226 0.5449 9394 - LS51.dat
1 0 -58.4518 -110.21 -100.438 0.9966 0.4644 -0.0006 0.0417 -2.841 0.8645 -0.0705 4.8873 0.5026 9394 - LS51.dat
1 0 -58.0367 -112.749 -96.0694 0.9961 0.5567 -0.0017 0.0419 -2.8911 0.8885 -0.0774 5.6005 0.4588 9394 - LS51.dat
1 0 -57.533 -115.365 -91.0031 0.9956 0.6674 -0.0027 0.0412 -2.9364 0.9104 -0.0841 6.465 0.4138 9394 - LS51.dat
1 0 -56.9219 -118.053 -85.0835 0.9951 0.8043 -0.0034 0.0394 -2.9857 0.9299 -0.0903 7.5586 0.3677 9394 - LS51.dat
1 0 -56.1769 -120.819 -78.0818 0.9947 0.9921 -0.0038 0.0364 -3.0824 0.9472 -0.0959 9.1199 0.3206 9394 - LS51.dat
1 0 -55.2466 -123.709 -69.5307 0.9944 1.2504 -0.0034 0.0319 -3.2123 0.9622 -0.1004 11.3666 0.2723 9394 - LS51.dat
1 0 -54.0599 -126.758 -58.7424 0.9944 1.6561 -0.0017 0.0253 -3.4682 0.9748 -0.1028 15.1696 0.2231 9394 - LS51.dat
1 0 -52.4753 -130.077 -44.2282 0.9952 3.1682 0.0019 0.0146 -5.3888 0.9858 -0.0971 31.6538 0.1676 9394 - LS51.dat
1 0 -49.3504 -135.392 -13.0067 0.9955 1.0043 -0.002 0.0139 -1.3223 0.9927 -0.0938 10.4602 0.1257 9394 - LS51.dat
1 0 -48.4025 -136.64 -3.1347 0.9941 1.0223 -0.0004 0.0088 -0.729 0.9976 -0.1079 9.3621 0.0777 9394 - LS51.dat
1 0 -47.4459 -137.322 5.6264 0.993 1.0172 -0.0003 0.0035 -0.238 1 -0.1179 8.5605 0.0278 9394 - LS51.dat
1 0 -46.5005 -137.543 13.5825 0.9923 0.9944 -0.0012 -0.0017 0.1832 1.0003 -0.1238 7.9656 -0.0229 9394 - LS51.dat
1 0 -45.5813 -137.374 20.9456 0.992 0.9733 -0.0027 -0.0067 0.5671 0.9979 -0.1257 7.6508 -0.0736 9394 - LS51.dat
1 0 -44.6846 -136.852 27.9936 0.9923 0.9613 -0.0044 -0.0111 0.9611 0.9928 -0.1235 7.6402 -0.1243 9394 - LS51.dat
1 0 -43.7989 -135.966 35.0332 0.993 0.9329 -0.0058 -0.0148 1.3788 0.9853 -0.1168 7.754 -0.1745 9394 - LS51.dat
1 0 -42.9372 -134.692 42.1955 0.9943 0.8957 -0.0066 -0.0174 1.865 0.9754 -0.1056 8.1276 -0.2231 9394 - LS51.dat
1 0 -42.1064 -132.963 49.7342 0.9959 0.8595 -0.0063 -0.0185 2.553 0.9635 -0.089 9.0906 -0.27 9394 - LS51.dat
1 0 -41.3024 -130.574 58.2387 0.9977 0.7669 -0.0042 -0.0175 3.5304 0.95 -0.0659 10.6677 -0.3141 9394 - LS51.dat
1 0 -40.5886 -127.288 68.168 0.9996 0.603 0.0003 -0.0102 7.9986 0.9328 -0.0253 20.6087 -0.362 9394 - LS51.dat
1 0 -40 -111.827 106.761 1 0 0 0 -7.6552 0.9239 0 -18.4814 -0.3827 9394 - LS50.dat
1 4 -100 20 100 0 0 1 0 1 0 -1 0 0 6536.dat
1 4 100 20 100 0 0 -1 0 1 0 1 0 0 6536.dat
0 STEP
1 4 0 20 60 0 0 -1 -1 0 0 0 1 0 32525.dat
1 0 -60 20 70 0 0 -1 0 1 0 1 0 0 3673.dat
1 0 -20 20 70 0 0 -1 0 1 0 1 0 0 3673.dat
1 0 20 20 70 0 0 -1 0 1 0 1 0 0 3673.dat
1 0 60 20 70 0 0 -1 0 1 0 1 0 0 3673.dat
1 1 80 20 50 0 0 1 0 1 0 -1 0 0 3749.dat
1 4 -160 20 80 0 0 -1 -1 0 0 0 1 0 32278.dat
1 4 160 20 80 0 0 -1 -1 0 0 0 1 0 32278.dat
0 STEP
1 0 260 20 70 0 0 -1 0 1 0 1 0 0 3673.dat
1 0 220 20 70 0 0 -1 0 1 0 1 0 0 3673.dat
1 0 -260 20 70 0 0 -1 0 1 0 1 0 0 3673.dat
1 0 -220 20 70 0 0 -1 0 1 0 1 0 0 3673.dat
1 4 80 20 40 0 0 1 1 0 0 0 1 0 32140.dat
1 0 120 20 50 0 0 1 0 1 0 -1 0 0 6628.dat
0 STEP
1 4 -80 20 40 0 0 -1 1 0 0 0 -1 0 32140.dat
1 1 -80 20 50 0 0 1 0 1 0 -1 0 0 3749.dat
1 0 -120 20 50 0 0 1 0 1 0 -1 0 0 6628.dat
0 STEP
1 71 -100 20 40 0 0 1 0 1 0 -1 0 0 44294.dat
1 71 -100 20 20 1 0 0 0 1 0 0 0 1 3713.dat
1 4 -100 20 0 0 0 -1 0 1 0 1 0 0 6536.dat
1 0 -100 20 -40 0 0 1 0 1 0 -1 0 0 32054.dat
1 71 100 20 40 0 0 1 0 1 0 -1 0 0 44294.dat
1 71 100 20 20 1 0 0 0 1 0 0 0 1 3713.dat
1 4 100 20 0 0 0 -1 0 1 0 1 0 0 6536.dat
1 0 100 20 -40 0 0 1 0 1 0 -1 0 0 32054.dat
1 71 -100 40 0 -1 0 0 0 0.707106 0.707107 0 0.707106 -0.707107 4519.dat
1 0 -120 40 0 0 0 1 0.707107 0.707106 0 -0.707107 0.707106 0 32072.dat
1 71 100 40 0 1 0 0 0 0.707106 -0.707107 0 0.707106 0.707107 4519.dat
1 0 120 40 0 0 0 -1 -0.707107 0.707106 0 0.707107 0.707106 0 32072.dat
0 STEP
1 0 0 20 -60 0 0 -1 1 0 0 0 -1 0 32524.dat
1 0 40 20 -50 0 0 -1 0 -1 0 -1 0 0 3673.dat
1 0 -40 20 -50 0 0 -1 0 -1 0 -1 0 0 3673.dat
1 1 -60 20 -60 0 0 -1 0 -1 0 -1 0 0 32556.dat
1 1 60 20 -60 0 0 -1 0 -1 0 -1 0 0 32556.dat
1 4 80 20 -40 0 0 -1 1 0 0 0 -1 0 32316.dat
1 4 -80 20 -40 0 0 -1 1 0 0 0 -1 0 32316.dat
0 STEP
1 4 -60 40 -80 -1 0 0 0 -1 0 0 0 1 6536.dat
1 4 60 40 -80 -1 0 0 0 -1 0 0 0 1 6536.dat
1 71 0 40 -80 1 0 0 0 1 0 0 0 1 44294.dat
0 STEP
1 71 -140 40 40 0 1 0 0 0 1 1 0 0 4519.dat
1 71 -140 40 10 0 1 0 1 0 0 0 0 -1 59443.DAT
1 71 -140 40 -40 0 1 0 0 0 -1 -1 0 0 32073.dat
1 0 -140 40 -20 0 1 0 1 0 0 0 0 -1 32072.dat
1 71 140 40 40 0 -1 0 0 0 -1 1 0 0 4519.dat
1 71 140 40 -40 0 -1 0 0 0 1 -1 0 0 32073.dat
1 71 140 40 10 0 -1 0 -1 0 0 0 0 -1 59443.DAT
1 0 140 40 -20 0 -1 0 -1 0 0 0 0 -1 32072.dat
1 4 140 40 60 0 1 0 0 0 1 1 0 0 6536.dat
1 4 -140 40 60 0 -1 0 0 0 -1 1 0 0 6536.dat
1 71 -160 30 60 0 -1 0 -1 0 0 0 0 -1 4274.dat
1 71 160 30 60 0 1 0 -1 0 0 0 0 1 4274.dat
0 STEP
1 71 100 40 -40 1 0 0 0 0 1 0 -1 0 4519.dat
1 0 60 40 -40 0 0 -1 1 0 0 0 -1 0 32013.dat
1 4 120 40 -40 0 0 -1 0 1 0 1 0 0 32039.dat
1 71 60 50 -40 0 0 -1 1 0 0 0 -1 0 3673.dat
1 71 60 60 -40 -1 0 0 0 0 -1 0 -1 0 42610.dat
1 256 60 60 -40 -1 0 0 0 0 -1 0 -1 0 51011.dat
1 4 -120 40 -40 0 0 1 0 1 0 -1 0 0 32039.dat
1 71 -100 40 -40 -1 0 0 0 0 1 0 1 0 4519.dat
1 0 -60 40 -40 0 0 1 1 0 0 0 1 0 32013.dat
1 71 -60 50 -40 0 0 1 1 0 0 0 1 0 3673.dat
1 71 -60 60 -40 1 0 0 0 0 -1 0 1 0 42610.dat
1 256 -60 60 -40 1 0 0 0 0 -1 0 1 0 51011.dat
0 STEP
1 4 80 20 -60 0 0 1 1 0 0 0 1 0 32140.dat
1 1 80 20 -50 0 0 1 0 1 0 -1 0 0 3749.dat
1 4 -80 20 -60 0 0 -1 1 0 0 0 -1 0 32140.dat
1 1 -80 20 -50 0 0 1 0 1 0 -1 0 0 3749.dat
0 STEP
1 0 -140 20 -70 0 0 -1 0 1 0 1 0 0 3673.dat
1 0 140 20 -70 0 0 -1 0 1 0 1 0 0 3673.dat
1 1 -120 20 -60 0 0 1 0 -1 0 1 0 0 32556.dat
1 1 120 20 -60 0 0 1 0 -1 0 1 0 0 32556.dat
0 STEP
1 0 140 40 -80 -1 0 0 0 0 1 0 1 0 60483.dat
1 0 -140 40 -80 -1 0 0 0 0 1 0 1 0 60483.dat
0 STEP
1 4 -300 20 60 0 0 1 1 0 0 0 1 0 64680.dat
1 0 -310 20 60 -1 0 0 0 -1 0 0 0 1 3673.dat
1 0 -310 40 20 -1 0 0 0 -1 0 0 0 1 3673.dat
1 0 -310 40 -20 -1 0 0 0 -1 0 0 0 1 3673.dat
1 4 -320 20 60 0 0 -1 -1 0 0 0 1 0 64392.dat
0 STEP
1 0 -360 20 70 0 0 -1 0 -1 0 -1 0 0 3673.dat
1 0 -400 20 70 0 0 -1 0 -1 0 -1 0 0 3673.dat
1 4 -440 20 80 0 0 -1 -1 0 0 0 1 0 32525.dat
0 STEP
1 4 320 20 60 0 0 1 1 0 0 0 1 0 64682.dat
1 0 310 20 60 -1 0 0 0 1 0 0 0 -1 3673.dat
1 0 310 40 20 -1 0 0 0 1 0 0 0 -1 3673.dat
1 0 310 40 -20 -1 0 0 0 1 0 0 0 -1 3673.dat
1 4 300 20 60 0 0 -1 -1 0 0 0 1 0 64394.dat
1 0 400 20 70 0 0 -1 0 1 0 1 0 0 3673.dat
1 0 360 20 70 0 0 -1 0 1 0 1 0 0 3673.dat
1 4 440 20 80 0 0 -1 -1 0 0 0 1 0 32525.dat
1 4 -80 20 -80 0 0 -1 -1 0 0 0 1 0 64681.dat
1 1 -160 20 -70 0 -0.707107 -0.707107 0 0.707107 -0.707107 1 0 0 3749.dat
1 0 -160 20 -60 -0.707107 0 -0.707107 -0.707107 0 0.707107 0 1 0 60483.dat
1 0 -174.142 34.1421 -60 0 0 -1 0 1 0 1 0 0 32054.dat
1 1 -174.142 34.1421 -91 0 0 -1 0 1 0 1 0 0 3749.dat
1 4 80 20 -80 0 0 1 1 0 0 0 1 0 64393.dat
1 1 160 20 -70 0 0.707107 -0.707106 0 0.707106 0.707107 1 0 0 3749.dat
1 0 160 20 -60 -0.707106 0 0.707107 0.707107 0 0.707106 0 1 0 60483.dat
1 0 174.142 34.1421 -60 0 0 -1 0 1 0 1 0 0 32054.dat
1 1 174.142 34.1421 -91 0 0 -1 0 1 0 1 0 0 3749.dat
1 4 174.142 34.1422 -101 0 0.0349041 -1 0 1 0.0349041 1 0 0 32013.dat
1 4 540 20 40 -0.0436307 0.706865 0.706865 -0.999695 -0.0308506 -0.0308506 0 -0.707107 0.707107 32192.dat
1 1 540 20 70 0 0.0436293 0.999657 0 0.999657 -0.0436293 -1 0 0 3749.dat
1 4 229.142 32.2226 -101 0 -1 0.0349 0 0.0349 1 -1 0 0 9394 - LS40.dat
1 4 224.142 32.3969 -101 0.0271 3.1443 0.0352 -0.0009 -0.1107 1 -0.9996 0.0853 0 9394 - LS41.dat
1 4 226.065 32.3293 -100.948 0.0779 4.095 0.0357 -0.0028 -0.1463 1 -0.997 0.3203 0 9394 - LS41.dat
1 4 228.949 32.2262 -100.722 0.1281 5.7673 0.0363 -0.0046 -0.2092 1 -0.9918 0.7459 0 9394 - LS41.dat
1 4 233.582 32.0582 -100.123 0.1751 7.9858 0.0368 -0.0064 -0.2937 1 -0.9845 1.422 0 9394 - LS41.dat
1 4 240.73 31.7953 -98.8502 0.2097 7.5413 0.0371 -0.0077 -0.2802 1 -0.9777 1.6194 0 9394 - LS41.dat
1 4 247.724 31.5354 -97.3484 0.2322 7.2689 0.0374 -0.0087 -0.272 1 -0.9726 1.738 0 9394 - LS41.dat
1 4 254.594 31.2784 -95.7055 0.2486 7.0802 0.0376 -0.0094 -0.2662 1 -0.9686 1.8198 0 9394 - LS41.dat
1 4 261.365 31.0238 -93.9652 0.2613 6.9341 0.0378 -0.0099 -0.2617 1 -0.9652 1.8797 0 9394 - LS41.dat
1 4 268.048 30.7716 -92.1536 0.2715 6.7943 0.0379 -0.0104 -0.2572 1 -0.9624 1.9199 0 9394 - LS41.dat
1 4 274.631 30.5223 -90.2933 0.2802 6.7007 0.038 -0.0108 -0.2544 1 -0.9599 1.9586 0 9394 - LS41.dat
1 4 281.149 30.2749 -88.3881 0.2876 6.614 0.0381 -0.0111 -0.2516 1 -0.9577 1.9891 0 9394 - LS41.dat
1 4 287.603 30.0294 -86.4474 0.2941 6.5007 0.0382 -0.0115 -0.2478 1 -0.9557 2.0035 0 9394 - LS41.dat
1 4 293.959 29.7871 -84.4882 0.2999 6.4345 0.0383 -0.0118 -0.2457 1 -0.9539 2.0262 -0.0003 9394 - LS41.dat
1 4 300.262 29.5464 -82.5034 0.3052 6.3776 0.0384 -0.012 -0.2439 1 -0.9522 2.0474 -0.0003 9394 - LS41.dat
1 4 306.519 29.3071 -80.495 0.3101 6.3301 0.0384 -0.0123 -0.2424 1 -0.9506 2.0681 -0.0004 9394 - LS41.dat
1 4 312.735 29.069 -78.4639 0.3146 6.2594 0.0385 -0.0125 -0.2401 1 -0.9491 2.0781 -0.0004 9394 - LS41.dat
1 4 318.888 28.8331 -76.421 0.3189 6.2323 0.0386 -0.0128 -0.2393 1 -0.9477 2.1003 -0.0005 9394 - LS41.dat
1 4 325.019 28.5976 -74.3546 0.323 6.1828 0.0386 -0.013 -0.2377 1 -0.9463 2.1133 -0.0006 9394 - LS41.dat
1 4 331.105 28.3637 -72.2743 0.3269 6.144 0.0387 -0.0132 -0.2365 1 -0.945 2.1284 -0.0006 9394 - LS41.dat
1 4 337.155 28.1308 -70.1784 0.3306 6.1157 0.0388 -0.0134 -0.2356 1 -0.9437 2.146 -0.0007 9394 - LS41.dat
1 4 343.179 27.8987 -68.0646 0.3343 6.097 0.0388 -0.0137 -0.2352 1 -0.9424 2.1661 -0.0007 9394 - LS41.dat
1 4 349.186 27.667 -65.9304 0.3378 6.0888 0.0389 -0.0139 -0.2351 1 -0.9411 2.1891 -0.0008 9394 - LS41.dat
1 4 355.187 27.4353 -63.7729 0.3413 6.0594 0.0389 -0.0141 -0.2342 1 -0.9398 2.2043 -0.0008 9394 - LS41.dat
1 4 361.159 27.2045 -61.6002 0.3448 6.0411 0.039 -0.0143 -0.2337 1 -0.9386 2.2231 -0.0009 9394 - LS41.dat
1 4 367.111 26.9742 -59.4092 0.3483 6.032 0.0391 -0.0145 -0.2336 1 -0.9373 2.2454 -0.0009 9394 - LS41.dat
1 4 373.055 26.744 -57.1963 0.3519 6.0337 0.0391 -0.0147 -0.2339 1 -0.9359 2.2719 -0.001 9394 - LS41.dat
1 4 378.999 26.5136 -54.9578 0.3554 6.045 0.0392 -0.0149 -0.2346 1 -0.9346 2.3027 -0.001 9394 - LS41.dat
1 4 384.952 26.2826 -52.6896 0.3591 6.0349 0.0393 -0.0151 -0.2344 1 -0.9332 2.3259 -0.0011 9394 - LS41.dat
1 4 390.893 26.0518 -50.3993 0.3628 6.0343 0.0393 -0.0153 -0.2346 1 -0.9317 2.3534 -0.0011 9394 - LS41.dat
1 4 396.832 25.8209 -48.0827 0.3666 6.0439 0.0394 -0.0156 -0.2352 1 -0.9302 2.3861 -0.0012 9394 - LS41.dat
1 4 402.775 25.5896 -45.7356 0.3707 6.0632 0.0395 -0.0158 -0.2363 1 -0.9286 2.4241 -0.0012 9394 - LS41.dat
1 4 408.734 25.3574 -43.3528 0.3749 6.0922 0.0395 -0.016 -0.2377 1 -0.9269 2.4678 -0.0013 9394 - LS41.dat
1 4 414.715 25.1241 -40.9293 0.3793 6.1298 0.0396 -0.0163 -0.2394 1 -0.9251 2.5176 -0.0013 9394 - LS41.dat
1 4 420.726 24.8893 -38.4597 0.3841 6.1437 0.0397 -0.0165 -0.2403 1 -0.9232 2.5604 -0.0014 9394 - LS41.dat
1 4 426.743 24.654 -35.9513 0.3892 6.1662 0.0398 -0.0168 -0.2415 1 -0.921 2.61 -0.0014 9394 - LS41.dat
1 4 432.772 24.4179 -33.3987 0.3947 6.197 0.0398 -0.0171 -0.243 1 -0.9186 2.6674 -0.0015 9394 - LS41.dat
1 4 438.817 24.1807 -30.7956 0.4009 6.2696 0.0399 -0.0174 -0.2463 1 -0.916 2.7486 -0.0015 9394 - LS41.dat
1 4 444.918 23.9411 -28.1202 0.4077 6.3152 0.04 -0.0177 -0.2485 1 -0.9129 2.8252 -0.0015 9394 - LS41.dat
1 4 451.043 23.7 -25.3795 0.4155 6.3668 0.0402 -0.0181 -0.2511 1 -0.9094 2.9135 -0.0016 9394 - LS41.dat
1 4 457.191 23.4575 -22.5653 0.4244 6.4238 0.0403 -0.0186 -0.254 1 -0.9053 3.0164 -0.0016 9394 - LS41.dat
1 4 463.357 23.2137 -19.6692 0.4349 6.5222 0.0404 -0.019 -0.2586 1 -0.9003 3.1562 -0.0016 9394 - LS41.dat
1 4 469.567 22.9675 -16.6636 0.4477 6.6258 0.0406 -0.0196 -0.2636 1 -0.894 3.324 -0.0016 9394 - LS41.dat
1 4 475.799 22.7196 -13.5364 0.4638 6.775 0.0408 -0.0204 -0.2708 1 -0.8857 3.5543 -0.0016 9394 - LS41.dat
1 4 482.052 22.4696 -10.2553 0.4853 6.9882 0.0411 -0.0213 -0.281 1 -0.8741 3.8865 -0.0015 9394 - LS41.dat
1 4 488.291 22.2187 -6.7848 0.516 7.1596 0.0414 -0.0226 -0.2906 1 -0.8563 4.3219 -0.0014 9394 - LS41.dat
1 4 494.483 21.9674 -3.0456 0.5555 5.2373 0.0419 -0.0243 -0.2152 1 -0.8312 3.5067 -0.0012 9394 - LS41.dat
1 4 498.712 21.7936 -0.214 0.5967 3.6541 0.0424 -0.0261 -0.1523 1 -0.802 2.7234 -0.001 9394 - LS41.dat
1 4 501.383 21.6823 1.7774 0.6368 2.8441 0.0428 -0.0278 -0.1203 1 -0.7706 2.3546 -0.0006 9394 - LS41.dat
1 4 503.15 21.6075 3.2405 0.6805 2.4967 0.0433 -0.0297 -0.1076 1 -0.7322 2.3248 0 9394 - LS41.dat
1 4 501.121 21.6988 1.1094 0.7069 0.7069 0.0436 -0.0309 -0.0309 1 -0.7071 0.7071 0 9394 - LS40.dat
1 4 -174.142 34.1421 -101 0 -0.0349041 1 0 1 0.0349041 -1 0 0 32013.dat
1 1 -540 20 70 0 0.0436293 -0.999657 0 -0.999657 -0.0436293 -1 0 0 3749.dat
1 4 -540 20 40 -0.0436307 -0.706865 -0.706865 0.999695 -0.0308506 -0.0308506 0 -0.707107 0.707107 32192.dat
1 4 -229.142 32.2225 -101 0 1 -0.0349 0 0.0349 1 1 0 0 9394 - LS40.dat
1 4 -224.142 32.3969 -101 0.0271 -3.1443 -0.0352 0.0009 -0.1106 1 0.9996 0.0853 0 9394 - LS41.dat
1 4 -226.065 32.3293 -100.948 0.0779 -4.0998 -0.0357 0.0028 -0.1465 1 0.997 0.3207 0 9394 - LS41.dat
1 4 -228.949 32.2262 -100.722 0.1283 -5.8081 -0.0363 0.0046 -0.2106 1 0.9917 0.7523 0 9394 - LS41.dat
1 4 -233.622 32.0568 -100.117 0.1753 -7.9847 -0.0368 0.0064 -0.2937 1 0.9845 1.4239 0 9394 - LS41.dat
1 4 -240.771 31.7938 -98.8421 0.2098 -7.5414 -0.0371 0.0077 -0.2803 1 0.9777 1.6207 0 9394 - LS41.dat
1 4 -247.764 31.5339 -97.3391 0.2324 -7.3087 -0.0374 0.0087 -0.2735 1 0.9726 1.7489 0 9394 - LS41.dat
1 4 -254.675 31.2753 -95.6855 0.2488 -7.0779 -0.0376 0.0094 -0.2661 1 0.9685 1.8206 0 9394 - LS41.dat
1 4 -261.444 31.0208 -93.9443 0.2614 -6.9325 -0.0378 0.0099 -0.2617 1 0.9652 1.8803 0 9394 - LS41.dat
1 4 -268.125 30.7686 -92.1321 0.2717 -6.8305 -0.0379 0.0104 -0.2586 1 0.9623 1.9312 0 9394 - LS41.dat
1 4 -274.745 30.518 -90.2606 0.2803 -6.6973 -0.038 0.0108 -0.2542 1 0.9599 1.9586 0 9394 - LS41.dat
1 4 -281.26 30.2707 -88.3551 0.2877 -6.6117 -0.0381 0.0111 -0.2515 1 0.9577 1.9892 0 9394 - LS41.dat
1 4 -287.711 30.0252 -86.4142 0.2942 -6.5348 -0.0382 0.0115 -0.2491 1 0.9557 2.0149 0 9394 - LS41.dat
1 4 -294.101 29.7816 -84.4439 0.3001 -6.4667 -0.0383 0.0118 -0.2469 1 0.9538 2.0374 -0.0003 9394 - LS41.dat
1 4 -300.437 29.5397 -82.448 0.3054 -6.3739 -0.0384 0.012 -0.2438 1 0.9522 2.0473 -0.0003 9394 - LS41.dat
1 4 -306.69 29.3006 -80.4395 0.3102 -6.327 -0.0384 0.0123 -0.2423 1 0.9506 2.068 -0.0004 9394 - LS41.dat
1 4 -312.904 29.0625 -78.4084 0.3148 -6.2895 -0.0385 0.0126 -0.2412 1 0.9491 2.0892 -0.0005 9394 - LS41.dat
1 4 -319.087 28.8254 -76.3544 0.3191 -6.2296 -0.0386 0.0128 -0.2392 1 0.9476 2.1006 -0.0005 9394 - LS41.dat
1 4 -325.216 28.59 -74.2879 0.3231 -6.1804 -0.0386 0.013 -0.2376 1 0.9463 2.1137 -0.0006 9394 - LS41.dat
1 4 -331.299 28.3562 -72.2075 0.327 -6.1742 -0.0387 0.0132 -0.2377 1 0.9449 2.1401 -0.0006 9394 - LS41.dat
1 4 -337.379 28.1221 -70.1003 0.3308 -6.1451 -0.0388 0.0135 -0.2368 1 0.9436 2.1576 -0.0007 9394 - LS41.dat
1 4 -343.433 27.8889 -67.975 0.3344 -6.0951 -0.0388 0.0137 -0.2351 1 0.9423 2.1667 -0.0007 9394 - LS41.dat
1 4 -349.438 27.6572 -65.8403 0.338 -6.0872 -0.0389 0.0139 -0.2351 1 0.941 2.1901 -0.0008 9394 - LS41.dat
1 4 -355.437 27.4256 -63.6822 0.3416 -6.0582 -0.039 0.0141 -0.2342 1 0.9398 2.2055 -0.0008 9394 - LS41.dat
1 4 -361.408 27.1948 -61.5089 0.3451 -6.0395 -0.039 0.0143 -0.2337 1 0.9385 2.2245 -0.0009 9394 - LS41.dat
1 4 -367.36 26.9645 -59.317 0.3486 -6.0322 -0.0391 0.0145 -0.2336 1 0.9372 2.2476 -0.0009 9394 - LS41.dat
1 4 -373.304 26.7343 -57.1031 0.3522 -6.0341 -0.0391 0.0147 -0.2339 1 0.9358 2.2743 -0.001 9394 - LS41.dat
1 4 -379.248 26.5039 -54.8634 0.3557 -6.0456 -0.0392 0.0149 -0.2346 1 0.9345 2.3051 -0.001 9394 - LS41.dat
1 4 -385.202 26.2728 -52.5939 0.3594 -6.0363 -0.0393 0.0151 -0.2345 1 0.9331 2.3287 -0.0011 9394 - LS41.dat
1 4 -391.144 26.042 -50.302 0.3631 -6.068 -0.0393 0.0154 -0.236 1 0.9316 2.3692 -0.0011 9394 - LS41.dat
1 4 -397.115 25.8098 -47.9714 0.367 -6.0778 -0.0394 0.0156 -0.2366 1 0.9301 2.4024 -0.0012 9394 - LS41.dat
1 4 -403.093 25.5771 -45.6094 0.3711 -6.066 -0.0395 0.0158 -0.2364 1 0.9285 2.4284 -0.0013 9394 - LS41.dat
1 4 -409.054 25.3449 -43.224 0.3753 -6.0958 -0.0395 0.016 -0.2378 1 0.9268 2.4727 -0.0013 9394 - LS41.dat
1 4 -415.038 25.1114 -40.7974 0.3798 -6.1334 -0.0396 0.0163 -0.2396 1 0.9249 2.5228 -0.0013 9394 - LS41.dat
1 4 -421.053 24.8764 -38.3244 0.3846 -6.1477 -0.0397 0.0166 -0.2405 1 0.9229 2.5659 -0.0014 9394 - LS41.dat
1 4 -427.074 24.6409 -35.8123 0.3897 -6.1712 -0.0398 0.0168 -0.2417 1 0.9208 2.6161 -0.0014 9394 - LS41.dat
1 4 -433.107 24.4046 -33.2555 0.3953 -6.2367 -0.0399 0.0171 -0.2446 1 0.9184 2.6888 -0.0015 9394 - LS41.dat
1 4 -439.192 24.166 -30.633 0.4014 -6.2764 -0.04 0.0174 -0.2466 1 0.9157 2.7563 -0.0015 9394 - LS41.dat
1 4 -445.298 23.926 -27.9519 0.4083 -6.3224 -0.0401 0.0178 -0.2489 1 0.9127 2.8335 -0.0016 9394 - LS41.dat
1 4 -451.429 23.6847 -25.2048 0.4161 -6.3744 -0.0402 0.0182 -0.2515 1 0.9091 2.9228 -0.0016 9394 - LS41.dat
1 4 -457.583 23.442 -22.3837 0.4252 -6.4317 -0.0403 0.0186 -0.2543 1 0.9049 3.0269 -0.0016 9394 - LS41.dat
1 4 -463.754 23.1979 -19.4799 0.4358 -6.5305 -0.0404 0.0191 -0.259 1 0.8998 3.1683 -0.0016 9394 - LS41.dat
1 4 -469.969 22.9515 -16.4657 0.4488 -6.6346 -0.0406 0.0197 -0.2641 1 0.8934 3.3385 -0.0016 9394 - LS41.dat
1 4 -476.203 22.7033 -13.3289 0.4652 -6.7842 -0.0408 0.0204 -0.2713 1 0.885 3.5725 -0.0016 9394 - LS41.dat
1 4 -482.455 22.4534 -10.0373 0.4871 -6.9995 -0.0411 0.0214 -0.2816 1 0.8731 3.9115 -0.0016 9394 - LS41.dat
1 4 -488.687 22.2026 -6.5554 0.5185 -7.1571 -0.0415 0.0227 -0.2907 1 0.8547 4.3497 -0.0014 9394 - LS41.dat
1 4 -494.861 21.9519 -2.8042 0.5588 -5.1119 -0.0419 0.0245 -0.2103 1 0.829 3.4518 -0.0012 9394 - LS41.dat
1 4 -498.966 21.783 -0.0325 0.5999 -3.5314 -0.0424 0.0262 -0.1474 1 0.7997 2.6538 -0.0009 9394 - LS41.dat
1 4 -501.529 21.6761 1.8929 0.6394 -2.745 -0.0429 0.0279 -0.1163 1 0.7684 2.2883 -0.0006 9394 - LS41.dat
1 4 -503.229 21.604 3.3104 0.6818 -2.4469 -0.0434 0.0298 -0.1056 1 0.7309 2.2866 0 9394 - LS41.dat
1 4 -501.121 21.6988 1.1094 0.706 -0.7069 -0.0436 0.0308 -0.0309 1 0.708 0.7071 0 9394 - LS40.dat
0 STEP
1 0 -70 -20 580 0 1 0 0.998749 0 -0.0500069 -0.0500069 0 -0.998749 60483.dat
1 0 -60 -21 560.025 -1 0 0 0 0.998749 -0.0500069 0 -0.0500069 -0.998749 3673.dat
1 4 -50 -37.9747 620.95 0 0 -1 -0.998749 0.0500069 0 0.0500069 0.998749 0 64392.dat
1 0 70 -20 580 0 1 0 0.998749 0 -0.0500069 -0.0500069 0 -0.998749 60483.dat
1 0 60 -21 560.025 -1 0 0 0 0.998749 -0.0500069 0 -0.0500069 -0.998749 3673.dat
1 4 50 -37.9747 620.95 0 0 1 0.998749 0.0500069 0 -0.0500069 0.998749 0 64682.dat
0 STEP
1 71 -90 -20 580 0 0 1 -0.998749 -0.0500069 0 0.0500069 -0.998749 0 3713.dat
1 71 90 -20 580 0 0 1 -0.998749 -0.0500069 0 0.0500069 -0.998749 0 3713.dat
0 STEP
1 4 -20 40 520 -1 0 0 0 1 0 0 0 -1 32013.dat
1 4 -20 40 550 0 0 -1 0 1 0 1 0 0 32062.dat
1 4 -20 40 580 -1 0 0 0 -1 0 0 0 1 32192.dat
1 4 -20 61.2133 601.213 0 0 -1 0.707107 0.707107 0 0.707107 -0.707107 0 32062.dat
1 4 -20 82.4265 622.427 -1 0 0 0 -0.707106 0.707107 0 0.707107 0.707106 32013.dat
1 71 -10 82.4265 622.427 1 0 0 0 1 0 0 0 1 3673.dat
1 71 0 82.4265 622.427 0 0 -1 0 1 0 1 0 0 42610.dat
1 256 0 82.4265 622.427 0 0 -1 0 1 0 1 0 0 51011.dat
1 4 0 -88 576 1 0 0 0 0.599998 -0.800001 0 0.800001 0.599998 32062.dat
1 4 -15 -88 576 0 1 0 -0.599998 0 -0.800001 -0.800001 0 0.599998 41677.dat
1 4 15 -88 576 0 1 0 -0.599998 0 -0.800001 -0.800001 0 0.599998 41677.dat
1 4 0 -104 588 1 0 0 0 0.599998 -0.800001 0 0.800001 0.599998 32062.dat
1 4 0 -104 588 0 -1 0 0.599998 0 -0.800001 0.800001 0 0.599998 32271.dat
1 4 0 -200 700 1 0 0 0 1 0 0 0 1 32062.dat
0 STEP
1 4 0 -200 680 1 0 0 0 1 0 0 0 1 32062.dat
1 0 -20 -200 740 0 1 0 1 0 0 0 0 -1 2825.dat
1 0 20 -200 740 0 -1 0 -1 0 0 0 0 -1 2825.dat
0 STEP
1 4 -20 21.5385 647.692 0 -1 0 -0.384615 0 0.923077 -0.923077 0 -0.384615 32523.dat
1 0 -10 21.5385 647.692 1 0 0 0 0.384615 -0.923077 0 0.923077 0.384615 3673.dat
1 0 -10 40 640 1 0 0 0 1 0 0 0 1 3673.dat
1 0 -10 3.07693 655.385 1 0 0 0 0.384615 -0.923077 0 0.923077 0.384615 3673.dat
1 0 0 -89.2307 693.846 0 1 0 -0.384615 0 -0.923077 -0.923077 0 0.384615 41239.dat
1 71 0 -200 740 1 0 0 0 1 0 0 0 1 4519.dat
1 0 0 -40 -460 0 0 1 1 0 0 0 1 0 32278.dat

0 WORLD -18.50369 23.67722 192.0991 0.7192326 -0.1070041 0.6864825 0.3285047 0.9230171 -0.2003037 -0.6122025 0.3695768 0.6990145
