0 FILE 9394 - Main.ldr
0 Main
0 Name: 9394 - Main.ldr
0 Author: Oh-Seong KWON
0 !LDRAW_ORG Model
0 !LICENSE Redistributable under CCAL version 2.0 : see CAreadme.txt

0 !HISTORY 2019-03-10 [technicbasics] Build .mpd and OMRize file

0 ROTATION CENTER 0 0 0 1 "Custom"
0 ROTATION CONFIG 0 0
1 0 0 0 0 1 0 0 0 1 0 0 0 1 9394 - 9394-1.ldr




0 FILE 9394 - 9394-1.ldr
0 9394-1
0 Name: 9394 - 9394-1.ldr
0 Author: Oh-Seong KWON
0 !LDRAW_ORG Model
0 !LICENSE Redistributable under CCAL version 2.0 : see CAreadme.txt
0 ROTATION CENTER 0 0 0 1 "Custom"
0 ROTATION CONFIG 0 0
1 4 0 0 0 0 1 0 -1 0 0 0 0 1 32525.dat
1 0 -10 0 -100 1 0 0 0 1 0 0 0 1 3673.dat
1 0 -10 0 -60 1 0 0 0 1 0 0 0 1 3673.dat
1 0 -10 0 0 1 0 0 0 1 0 0 0 1 3673.dat
1 1 -20 0 80 -1 0 0 0 1 0 0 0 -1 32556.dat
0 STEP
1 71 20 0 60 1 0 0 0 0 -1 0 1 0 87082.dat
1 71 20 0 -80 1 0 0 0 0 -1 0 1 0 87082.dat
1 4 40 0 0 0 1 0 -1 0 0 0 0 1 32525.dat
0 STEP
1 1 60 0 80 1 0 0 0 1 0 0 0 1 32556.dat
1 0 50 0 0 1 0 0 0 1 0 0 0 1 3673.dat
1 0 50 0 -60 1 0 0 0 1 0 0 0 1 3673.dat
1 0 50 0 -100 1 0 0 0 1 0 0 0 1 3673.dat
0 STEP
1 4 -20 0 -200 0 1 0 -1 0 0 0 0 1 32278.dat
1 4 0 0 -300 0 -1 0 -1 0 0 0 0 -1 32348.dat
1 0 -10 0 -340 1 0 0 0 1 0 0 0 1 3673.dat
1 1 -10 0 -300 1 0 0 0 1 0 0 0 1 3749.dat
0 STEP
1 71 20 0 -120 0 0 -1 0 1 0 1 0 0 32034.dat
1 1 -10 0 -120 1 0 0 0 1 0 0 0 1 3749.dat
1 1 50 0 -120 -1 0 0 0 1 0 0 0 -1 3749.dat
0 STEP
1 71 -20 0 160 0 0 -1 0 1 0 1 0 0 32073.dat
1 4 -20 0 100 -1 0 0 0 1 0 0 0 -1 32013.dat
0 STEP
1 71 20 0 135 1 0 0 0 0 -1 0 1 0 2905.dat
1 4 -20 0 150 0 0 -1 0 1 0 1 0 0 6536.dat
0 STEP
1 71 40 20 150 1 0 0 0 1 0 0 0 1 44294.dat
1 71 80 20 150 0 0 -1 0 1 0 1 0 0 3713.dat
1 0 110 20 150 0 0 -1 0 1 0 1 0 0 59443.DAT
1 4 60 0 150 0 0 -1 0 1 0 1 0 0 6536.dat
1 71 45 20 150 0 0 -1 0 1 0 1 0 0 32123a.dat
1 71 20 20 150 0 0 -1 0 1 0 1 0 0 4716.dat
1 71 -5 20 150 0 0 -1 0 1 0 1 0 0 32123a.dat
1 71 60 0 160 0 0 -1 0 1 0 1 0 0 32073.dat
1 4 60 0 100 -1 0 0 0 1 0 0 0 -1 32013.dat
0 STEP
1 0 20 0 170 0 0 -1 0 1 0 1 0 0 3707.dat
1 71 20 0 120 1 0 0 0 1 0 0 0 1 3713.dat
1 71 20 0 90 -1 0 0 0 1 0 0 0 -1 59443.DAT
1 72 20 0 150 1 0 0 0 1 0 0 0 1 3647.dat
0 STEP
1 71 20 0 165 1 0 0 0 0 -1 0 1 0 2905.dat
1 0 -20 0 180 1 0 0 0 0 -1 0 1 0 60483.dat
1 0 60 0 180 1 0 0 0 0 -1 0 1 0 60483.dat
0 STEP
1 71 20 0 220 0 0 -1 0 1 0 1 0 0 32034.dat
1 71 -20 0 220 -1 0 0 0 1 0 0 0 -1 4519.dat
1 71 60 0 220 -1 0 0 0 1 0 0 0 -1 4519.dat
1 4 -20 0 200 -1 0 0 0 1 0 0 0 -1 32039.dat
1 4 60 0 200 -1 0 0 0 1 0 0 0 -1 32039.dat
0 STEP
1 0 20 0 240 -1 0 0 0 1 0 0 0 -1 32072.dat
1 0 20 0 -30 0 0 -1 0 1 0 1 0 0 3708.dat
0 STEP
1 1 -20 0 100 1 0 0 0 1 0 0 0 1 32556.dat
1 1 60 0 100 -1 0 0 0 1 0 0 0 -1 32556.dat
1 0 20 0 -140 -1 0 0 0 1 0 0 0 -1 32072.dat
0 STEP
1 0 0 0 -240 0 -1 0 1 0 0 0 0 1 32140.dat
1 0 10 20 -180 1 0 0 0 1 0 0 0 1 3673.dat
1 1 0 0 -180 1 0 0 0 1 0 0 0 1 32556.dat
1 1 -10 0 -240 1 0 0 0 1 0 0 0 1 3749.dat
1 4 20 20 -180 0 1 0 0 0 -1 -1 0 0 32526.dat
1 1 20 -60 -180 1 0 0 0 1 0 0 0 1 32556.dat
0 STEP
1 0 20 0 -200 0 -1 0 -1 0 0 0 0 -1 2825.dat
1 19 20 0 -260 -1 0 0 0 1 0 0 0 -1 3749.dat
1 71 30 0 -260 0 0 -1 0 1 0 1 0 0 42610.dat
1 256 30 0 -260 0 0 -1 0 1 0 1 0 0 51011.dat
1 71 20 0 -200 -1 0 0 0 1 0 0 0 -1 32073.dat
1 0 40 0 -200 0 0 -1 0 1 0 1 0 0 32072.dat
1 4 40 0 -300 0 -1 0 -1 0 0 0 0 -1 32348.dat
1 0 50 0 -340 1 0 0 0 1 0 0 0 1 3673.dat
1 1 50 0 -300 -1 0 0 0 1 0 0 0 -1 3749.dat
1 4 60 0 -200 0 1 0 -1 0 0 0 0 1 32278.dat
1 19 50 0 -160 -1 0 0 0 0.707107 0.707107 0 0.707107 -0.707107 3749.dat
1 0 40 0 -160 0 0 -1 -0.707107 0.707107 0 0.707107 0.707107 0 32072.dat
1 4 -20 -60 80 0 -1 0 0 0 1 -1 0 0 32524.dat
0 STEP
1 4 0 0 580 0 1 0 -1 0 0 0 0 1 32526.dat
1 71 20 -20 660 0 0 -1 0 1 0 1 0 0 48989.dat
0 STEP
1 0 -10 0 620 1 0 0 0 1 0 0 0 1 3673.dat
1 0 -10 0 580 1 0 0 0 1 0 0 0 1 3673.dat
1 4 -20 0 480 0 1 0 -1 0 0 0 0 1 32278.dat
0 STEP
1 0 -30 0 480 1 0 0 0 1 0 0 0 1 3673.dat
1 0 -30 0 360 1 0 0 0 1 0 0 0 1 3673.dat
1 0 -30 0 340 1 0 0 0 1 0 0 0 1 3673.dat
1 4 -40 0 220 0 1 0 -1 0 0 0 0 1 32278.dat
0 STEP
1 0 -30 0 320 1 0 0 0 1 0 0 0 1 3673.dat
1 72 20 -40 687 0 -0.499999 0.866026 0 -0.866026 -0.499999 1 0 0 32209.dat
1 72 20 -40 679 -0.866026 -0.499999 0 0.499999 -0.866026 0 0 0 1 3648b.dat
1 71 20 -40 694 -0.866026 -0.499999 0 0.499999 -0.866026 0 0 0 1 32123a.dat
0 STEP
1 0 20 0 469.998 0 0.924446 -0.382899 0 0.382899 0.924446 1 0 0 3707.dat
1 71 20 0 549.998 -0.382899 0.924446 0 0.924446 0.382899 0 0 0 -1 59443.DAT
1 0 10 -20 519.998 0 1 0 0 0 1 1 0 0 32068.dat
1 71 20 0 499.998 0 0 -1 0 1 0 1 0 0 32034.dat
0 STEP
1 71 20 0 469.998 0.382899 0.924446 0 -0.924446 0.382899 0 0 0 1 4716.dat
1 0 10 -20 439.998 0 1 0 0 0 1 1 0 0 32068.dat
1 71 20 0 419.998 0 0 -1 0 1 0 1 0 0 32034.dat
1 71 20 0 399.998 0.382899 0.924446 0 -0.924446 0.382899 0 0 0 1 3713.dat
0 STEP
1 1 -10 0 420 1 0 0 0 1 0 0 0 1 3749.dat
1 1 -10 0 500 1 0 0 0 1 0 0 0 1 3749.dat
1 1 50 0 499.998 -1 0 0 0 1 0 0 0 -1 3749.dat
1 1 50 0 419.998 -1 0 0 0 1 0 0 0 -1 3749.dat
0 STEP
1 71 20 0 620 0 0.924446 0.382899 0 0.382899 -0.924446 -1 0 0 44294.dat
1 72 20 0 680 -0.382899 0.924446 0 0.924446 0.382899 0 0 0 -1 3647.dat
0 STEP
1 71 20 -40 519.998 1 0 0 0 1 0 0 0 1 4519.dat
1 0 60 -40 519.998 1 0 0 0 1 0 0 0 1 32054.dat
1 0 -20 -40 519.998 -1 0 0 0 1 0 0 0 -1 32054.dat
0 STEP
1 0 60 -40 440 1 0 0 0 1 0 0 0 1 32054.dat
1 71 20 -40 439.998 1 0 0 0 1 0 0 0 1 4519.dat
1 0 -20 -40 439.998 -1 0 0 0 1 0 0 0 -1 32054.dat
0 STEP
1 4 40 0 580 0 1 0 -1 0 0 0 0 1 32526.dat
1 0 50 -20 660 1 0 0 0 1 0 0 0 1 3673.dat
1 0 50 0 620 1 0 0 0 1 0 0 0 1 3673.dat
1 0 50 0 580 1 0 0 0 1 0 0 0 1 3673.dat
1 4 60 0 479.998 0 1 0 -1 0 0 0 0 1 32278.dat
1 0 70 0 479.998 1 0 0 0 1 0 0 0 1 3673.dat
1 0 70 0 359.998 1 0 0 0 1 0 0 0 1 3673.dat
1 0 70 0 339.998 1 0 0 0 1 0 0 0 1 3673.dat
0 STEP
1 4 0 -100 80 0 1 0 0 0 -1 -1 0 0 32140.dat
1 0 -10 -120 80 1 0 0 0 1 0 0 0 1 3673.dat
1 1 20 -160 60 1 0 0 0 1 0 0 0 1 32556.dat
1 1 20 -160 80 1 0 0 0 1 0 0 0 1 32556.dat
1 71 20 -100 80 1 0 0 0 1 0 0 0 1 60485.dat
1 71 20 -100 80 0 0 -1 0 1 0 1 0 0 3713.dat
1 4 20 -160 80 0 -1 0 1 0 0 0 0 1 32316.dat
0 STEP
1 4 40 -100 80 0 1 0 0 0 -1 -1 0 0 32140.dat
1 0 50 -120 80 1 0 0 0 1 0 0 0 1 3673.dat
0 STEP
1 71 10 0 260 0 0 -1 0.707107 0.707107 0 0.707107 -0.707107 0 59443.DAT
1 0 -30 0 260 1 0 0 0 0.707107 0.707107 0 -0.707107 0.707107 3705.dat
1 71 60 0 260 1 0 0 0 0.707107 0.707107 0 -0.707107 0.707107 32073.dat
1 0 40 0 260 0 0 -1 0.707107 0.707107 0 0.707107 -0.707107 0 32072.dat
1 71 60 0 260 0 0 -1 0.707107 0.707107 0 0.707107 -0.707107 0 3713.dat
1 71 -20 0 260 0 0 -1 0.707107 0.707107 0 0.707107 -0.707107 0 3713.dat
1 71 -70 0 260 0 0 -1 0.707107 0.707107 0 0.707107 -0.707107 0 59443.DAT
1 4 60 -60 80 0 -1 0 0 0 1 -1 0 0 32524.dat
0 STEP
1 4 80 0 220 0 1 0 -1 0 0 0 0 1 32278.dat
1 0 70 0 320 1 0 0 0 1 0 0 0 1 3673.dat
1 71 110 0 260 0 0 -1 0.707107 0.707107 0 0.707107 -0.707107 0 59443.DAT
0 STEP
1 71 -20 -20 40 1 0 0 0 1 0 0 0 1 32184.dat
1 0 -20 -20 30 0 0 -1 0 1 0 1 0 0 3673.dat
1 1 -30 -40 40 1 0 0 0 1 0 0 0 1 3749.dat
1 1 -10 0 40 -1 0 0 0 1 0 0 0 -1 3749.dat
1 4 -40 -40 20 1 0 0 0 -1 0 0 0 -1 64393.dat
1 0 -20 -40 10 0 0 -1 0 1 0 1 0 0 3673.dat
1 0 20 -20 200 0 0 -1 -1 0 0 0 1 0 41239.dat
1 0 60 -20 190 0 0 -1 0 1 0 1 0 0 3673.dat
1 0 -20 -20 190 0 0 -1 0 1 0 1 0 0 3673.dat
1 1 -80 -20 210 0 0 -1 0 1 0 1 0 0 3749.dat
1 1 120 -20 210 0 0 -1 0 1 0 1 0 0 3749.dat
1 0 120 -20 220 0 0 1 1 0 0 0 1 0 32140.dat
1 0 -80 -20 220 0 0 -1 1 0 0 0 -1 0 32140.dat
0 STEP
1 71 -100 -20 255 0 0 -1 0 1 0 1 0 0 4519.dat
1 4 -100 -20 260 0 0 -1 0 1 0 1 0 0 6536.dat
1 0 -100 -20 300 0 0 -1 0 1 0 1 0 0 32054.dat
1 0 -100 -20 220 0 0 1 0 1 0 -1 0 0 32054.dat
1 0 140 -20 220 0 0 1 0 1 0 -1 0 0 32054.dat
1 71 140 -20 260 0 0 -1 0 1 0 1 0 0 4519.dat
1 4 140 -20 260 0 0 -1 0 1 0 1 0 0 6536.dat
1 0 140 -20 300 0 0 -1 0 1 0 1 0 0 32054.dat
0 STEP
1 0 20 -20 300 0 0 -1 -1 0 0 0 1 0 41239.dat
0 STEP
1 71 60 -20 300 0 0 -1 0 1 0 1 0 0 4519.dat
1 4 60 -20 320 0 0 -1 0 1 0 1 0 0 6536.dat
1 4 -20 -20 320 0 0 -1 0 1 0 1 0 0 6536.dat
1 71 -20 -20 300 0 0 -1 0 1 0 1 0 0 4519.dat
0 STEP
1 71 20 -19 543.139 1 0 0 0 1 0 0 0 1 32073.dat
1 71 -20 -19 543.139 0 0 1 0 1 0 -1 0 0 3713.dat
1 0 0 -19 443.139 0 0 1 0 1 0 -1 0 0 64781.dat
1 0 20 -19 543.139 0 -1 0 0 0 -1 1 0 0 60483.dat
0 STEP
1 0 20 -19 343.139 1 0 0 0 1 0 0 0 1 3737.dat
1 71 -40 -19 343.139 0 0 1 0 1 0 -1 0 0 3713.dat
1 71 -20 -19 343.139 0 0 1 0 1 0 -1 0 0 3713.dat
1 4 20 -19 343.139 1 0 0 0 -1 0 0 0 -1 6536.dat
1 71 20 -39 353.139 0 0 -1 0 1 0 1 0 0 4274.dat
0 STEP
1 0 40 -19 443.139 0 0 1 0 1 0 -1 0 0 64781.dat
0 STEP
1 71 60 -19 343.139 0 0 1 0 1 0 -1 0 0 3713.dat
1 71 80 -19 343.139 0 0 1 0 1 0 -1 0 0 3713.dat
1 71 60 -19 543.139 0 0 1 0 1 0 -1 0 0 3713.dat
0 STEP
1 0 0 -29 323.139 0 -1 0 1 0 0 0 0 1 3673.dat
1 0 40 -29 323.139 0 -1 0 1 0 0 0 0 1 3673.dat
1 4 20 -39 323.139 0 0 -1 0 1 0 1 0 0 32523.dat
0 STEP
1 4 -20 -40 580 0 -1 0 1 0 0 0 0 1 32526.dat
1 0 -10 -40 580 1 0 0 0 1 0 0 0 1 3673.dat
1 0 -10 -40 620 1 0 0 0 1 0 0 0 1 3673.dat
1 0 -10 -20 660 1 0 0 0 1 0 0 0 1 3673.dat
1 4 0 -40 540 0 1 0 -1 0 0 0 0 1 32526.dat
1 0 -10 -40 560 1 0 0 0 1 0 0 0 1 3673.dat
1 0 -10 -40 540 1 0 0 0 1 0 0 0 1 3673.dat
1 4 -20 -40 419.998 0 1 0 -1 0 0 0 0 1 32278.dat
1 0 -30 -40 279.998 1 0 0 0 1 0 0 0 1 3673.dat
1 0 -30 -40 319.998 1 0 0 0 1 0 0 0 1 3673.dat
1 0 -30 -40 419.998 1 0 0 0 1 0 0 0 1 3673.dat
0 STEP
1 1 -30 -40 60 1 0 0 0 1 0 0 0 1 3749.dat
1 71 -10 -40 60 0 0 -1 0 1 0 1 0 0 59443.DAT
1 71 40 -40 60 1 0 0 0 1 0 0 0 1 32073.dat
1 71 20 -40 60 0 0 1 0 1 0 -1 0 0 3713.dat
1 4 -40 -40 180 0 1 0 -1 0 0 0 0 1 32278.dat
1 1 -30 -40 140 1 0 0 0 1 0 0 0 1 3749.dat
1 71 -20 -40 160 1 0 0 0 0 1 0 -1 0 32184.dat
1 1 -30 -40 180 1 0 0 0 1 0 0 0 1 3749.dat
0 STEP
1 0 5 -20 -100 0 1 0 0 0 -1 -1 0 0 6632.dat
1 4 20 -60 -100 1 0 0 0 1 0 0 0 1 32062.dat
1 4 20 -20 -100 1 0 0 0 1 0 0 0 1 32062.dat
1 1 20 -40 -100 1 0 0 0 1 0 0 0 1 32556.dat
0 STEP
1 0 20 -60 -100 1 0 0 0 -1 0 0 0 -1 6553.dat
1 71 20 -40 -100 -1 0 0 0 1 0 0 0 -1 32034.dat
1 0 20 -20 -20 0 1 0 1 0 0 0 0 -1 40490.dat
1 0 35 -20 -100 0 1 0 0 0 -1 -1 0 0 6632.dat
0 STEP
1 71 30 -20 60 1 0 0 0 1 0 0 0 1 3673.dat
1 1 20 -40 -130 0 0 -1 0 1 0 1 0 0 3749.dat
1 71 20 -40 -140 -1 0 0 0 0 1 0 1 0 87082.dat
1 4 40 -40 60 0 -1 0 0 0 1 -1 0 0 32523.dat
1 71 30 -60 60 1 0 0 0 1 0 0 0 1 3673.dat
1 71 60 -40 60 0 0 1 0 1 0 -1 0 0 3713.dat
0 STEP
1 1 70 -40 40 -1 0 0 0 1 0 0 0 -1 3749.dat
1 71 60 -20 40 -1 0 0 0 1 0 0 0 -1 32184.dat
1 1 50 0 40 1 0 0 0 1 0 0 0 1 3749.dat
1 0 60 -20 30 0 0 1 0 1 0 -1 0 0 3673.dat
1 0 60 -40 10 0 0 -1 0 1 0 1 0 0 3673.dat
1 4 80 -40 20 1 0 0 0 -1 0 0 0 -1 64681.dat
0 STEP
1 72 20 -40 -33 0 0 -1 0 1 0 1 0 0 32209.dat
1 71 20 -40 -55 1 0 0 0 1 0 0 0 1 32123a.dat
1 4 20 -60 -40 0 0 1 0 -1 0 1 0 0 42003.dat
1 0 20 -40 -20 0 0 1 1 0 0 0 1 0 60483.dat
1 0 40 -40 -10 0 0 1 0 1 0 -1 0 0 3673.dat
1 1 20 -80 -40 1 0 0 0 1 0 0 0 1 32556.dat
1 1 20 -60 -40 1 0 0 0 1 0 0 0 1 32556.dat
1 4 20 -40 0 0 0 1 1 0 0 0 1 0 32316.dat
1 1 0 -120 -40 0 -1 0 0 0 1 -1 0 0 32140.dat
1 71 20 -120 -40 1 0 0 0 1 0 0 0 1 4519.dat
1 1 40 -120 -40 0 -1 0 0 0 1 -1 0 0 32140.dat
0 STEP
1 0 0 -60 -200 0 -1 0 1 0 0 0 0 1 32140.dat
1 71 20 -60 -200 1 0 0 0 1 0 0 0 1 4519.dat
1 71 10 -60 -160 1 0 0 0 1 0 0 0 1 4274.dat
0 STEP
1 0 10 -60 -140 1 0 0 0 1 0 0 0 1 3673.dat
1 0 20 -75.3209 -152.856 0 1 0 -0.642787 0 0.766044 0.766044 0 0.642787 32523.dat
0 STEP
1 0 40 -60 -200 0 -1 0 1 0 0 0 0 1 32140.dat
1 71 20 -48 -396 1 0 0 0 0.600001 0.799999 0 -0.799999 0.600001 4519.dat
1 4 20 -70.5418 -319.241 0 1 0 -0.959481 0 -0.281773 -0.281773 0 0.959481 40490.dat
0 STEP
1 1 20 -60 -220 1 0 0 0 1 0 0 0 1 32556.dat
1 4 0 -76.5417 -231.242 0 1 0 -0.562073 0 0.827087 0.827087 0 0.562073 32523.dat
1 1 20 -93.0836 -242.483 1 0 0 0 1 0 0 0 1 32556.dat
1 4 40 -76.5418 -231.242 0 1 0 -0.562073 0 0.827087 0.827087 0 0.562073 32523.dat
1 71 20 -40 640 0 0 -1 0 1 0 1 0 0 32034.dat
1 1 50 -40 640 -1 0 0 0 1 0 0 0 -1 3749.dat
0 STEP
1 4 -10 -40 640 -1 0 0 0 1 0 0 0 -1 32062.dat
0 STEP
1 1 20 -60 620 1 0 0 0 1 0 0 0 1 32556.dat
1 4 20 -100 700 0 1 0 1 0 0 0 0 -1 32526.dat
0 STEP
1 4 40 -40 540 0 1 0 -1 0 0 0 0 1 32526.dat
1 0 50 -40 620 1 0 0 0 1 0 0 0 1 3673.dat
1 0 50 -40 580 1 0 0 0 1 0 0 0 1 3673.dat
1 0 50 -40 560 1 0 0 0 1 0 0 0 1 3673.dat
1 0 50 -40 540 1 0 0 0 1 0 0 0 1 3673.dat
1 4 60 -40 580 0 -1 0 1 0 0 0 0 1 32526.dat
0 STEP
1 71 -20 -80 620 1 0 0 0 1 0 0 0 1 60485.dat
1 71 70 -80 620 0 0 -1 0 1 0 1 0 0 59443.DAT
1 0 110 -80 620 1 0 0 0 1 0 0 0 1 3705.dat
1 71 -20 -80 620 0 0 -1 0 1 0 1 0 0 3713.dat
1 71 -100 0 260 -1 0 0 0 0.707107 -0.707107 0 -0.707107 -0.707107 4519.dat
1 0 -120 0 260 0 0 -1 0.707107 0.707107 0 0.707107 -0.707107 0 32072.dat
1 71 140 0 260 1 0 0 0 0.707107 0.707107 0 -0.707107 0.707107 4519.dat
1 0 160 0 260 0 0 1 -0.707107 0.707107 0 -0.707107 -0.707107 0 32072.dat
1 71 -140 0 240 0 0 1 0 1 0 -1 0 0 4519.dat
1 0 -140 0 240 -1 0 0 0 1 0 0 0 -1 32072.dat
1 71 -140 0 270 -1 0 0 0 1 0 0 0 -1 59443.DAT
1 0 -140 0 310 0 0 -1 0 1 0 1 0 0 3705.dat
1 71 180 0 240 0 0 1 0 1 0 -1 0 0 4519.dat
1 0 180 0 240 -1 0 0 0 1 0 0 0 -1 32072.dat
1 71 180 0 270 -1 0 0 0 1 0 0 0 -1 59443.DAT
1 0 180 0 310 0 0 -1 0 1 0 1 0 0 3705.dat
0 STEP
1 71 -80 10 300 0 0 1 1 0 0 0 1 0 3673.dat
1 0 -80 0 300 0 0 1 1 0 0 0 1 0 32013.dat
1 0 -140 0 300 0 1 0 0 0 -1 -1 0 0 6553.dat
1 71 -80 20 300 1 0 0 0 0 -1 0 1 0 42610.dat
1 256 -80 20 300 1 0 0 0 0 -1 0 1 0 51011.dat
1 0 180 0 300 0 -1 0 0 0 -1 1 0 0 6553.dat
1 71 120 10 300 0 0 -1 1 0 0 0 -1 0 3673.dat
1 0 120 0 300 0 0 -1 1 0 0 0 -1 0 32013.dat
1 71 120 20 300 -1 0 0 0 0 -1 0 -1 0 42610.dat
1 256 120 20 300 -1 0 0 0 0 -1 0 -1 0 51011.dat
0 STEP
1 0 -80 -20 320 0 0 -1 1 0 0 0 -1 0 32140.dat
1 1 -80 -20 310 0 0 -1 0 1 0 1 0 0 3749.dat
1 0 -120 -20 330 0 0 1 0 1 0 -1 0 0 6628.dat
1 1 120 -20 310 0 0 1 0 -1 0 1 0 0 3749.dat
1 0 120 -20 320 0 0 1 1 0 0 0 1 0 32140.dat
1 0 160 -20 330 0 0 -1 0 -1 0 -1 0 0 6628.dat
0 STEP
1 4 -140 0 340 0 -1 0 0 0 -1 1 0 0 6536.dat
1 71 -160 -10 340 0 1 0 -1 0 0 0 0 1 4274.dat
1 4 180 0 340 0 1 0 0 0 -1 -1 0 0 6536.dat
1 71 200 -10 340 0 -1 0 -1 0 0 0 0 -1 4274.dat
1 71 20 -40 479.998 1 0 0 0 -0.946929 0.32144 0 -0.32144 -0.946929 44294.dat
1 72 20 -40 480 0 0 -1 0.32144 -0.946929 0 -0.946929 -0.32144 0 3648b.dat
1 0 40 -40 480 0 0 -1 0.32144 -0.946929 0 -0.946929 -0.32144 0 32270.dat
1 0 0 -40 480 0 0 -1 0.32144 -0.946929 0 -0.946929 -0.32144 0 32270.dat
0 STEP
1 0 20 -40 719 -0.866026 -0.499999 0 0.499999 -0.866026 0 0 0 1 56145.dat
0 STEP
1 4 60 -40 420 0 1 0 -1 0 0 0 0 1 32278.dat
1 0 70 -40 280 1 0 0 0 1 0 0 0 1 3673.dat
1 0 70 -40 320 1 0 0 0 1 0 0 0 1 3673.dat
1 0 70 -40 420 1 0 0 0 1 0 0 0 1 3673.dat
1 4 80 -40 180 0 1 0 -1 0 0 0 0 1 32278.dat
1 1 70 -40 140 -1 0 0 0 1 0 0 0 -1 3749.dat
1 71 60 -40 160 -1 0 0 0 0 1 0 1 0 32184.dat
1 1 70 -40 180 -1 0 0 0 1 0 0 0 -1 3749.dat
0 STEP
1 4 80 -20 479.998 0 1 0 0 0 1 1 0 0 32523.dat
1 4 -40 -20 480 0 1 0 0 0 1 1 0 0 32523.dat
0 STEP
1 1 80 -40 80 -1 0 0 0 1 0 0 0 -1 32556.dat
1 1 -40 -40 80 1 0 0 0 1 0 0 0 1 32556.dat
1 1 60 -60 160 0 1 0 -1 0 0 0 0 1 32556.dat
1 1 -20 -60 160 0 1 0 -1 0 0 0 0 1 32556.dat
0 STEP
1 4 100 -39 343.139 1 0 0 0 0 -1 0 1 0 32039.dat
1 1 100 -49 343.139 0 0 1 1 0 0 0 1 0 3749.dat
1 4 -60 -39 343.139 1 0 0 0 0 -1 0 1 0 32039.dat
1 1 -60 -49 343.139 0 0 1 1 0 0 0 1 0 3749.dat
0 STEP
1 71 -75 -19 343.139 0 0 -1 0 1 0 1 0 0 32123a.dat
1 71 115 -19 343.139 0 0 -1 0 1 0 1 0 0 32123a.dat
0 STEP
1 0 20 -60 200 0 1 0 -1 0 0 0 0 1 32278.dat
0 STEP
1 1 -4 -60 340 1 0 0 0 1 0 0 0 1 3749.dat
1 0 20 -60 340 1 0 0 0 1 0 0 0 1 32054.dat
1 0 -24 -60 480 0 1 0 -1 0 0 0 0 1 32278.dat
1 71 -34 -60 620 1 0 0 0 1 0 0 0 1 3673.dat
1 0 -40 -80 620 0 1 0 0 0 1 1 0 0 60483.dat
0 STEP
1 4 -40 -100 419.998 0 1 0 0 0 1 1 0 0 32140.dat
1 1 -60 -20 190 0 0 1 0 1 0 -1 0 0 3749.dat
1 4 -60 -20 160 0 -1 0 -1 0 0 0 0 -1 32013.dat
1 1 -60 -40 160 0 -1 0 -1 0 0 0 0 -1 32556.dat
1 4 -180 -40 159.753 -0.00205843 0 -1 0 1 0 1 0 -0.00205843 41239.dat
1 0 -300 -50 159.506 0 -0.00205843 -1 -1 0 0 0 1 -0.00205843 3673.dat
1 0 -240 -50 159.63 0 -0.00205843 -1 -1 0 0 0 1 -0.00205843 3673.dat
1 0 -120 -50 159.877 0 -0.00205843 -1 -1 0 0 0 1 -0.00205843 3673.dat
1 0 -140 -50 159.835 0 -0.00205843 -1 -1 0 0 0 1 -0.00205843 3673.dat
0 STEP
1 4 -40 -60 160 0 0 -1 0 1 0 1 0 0 32523.dat
1 0 -40 -70 160 0 0 -1 -1 0 0 0 1 0 3673.dat
0 STEP
1 1 100 -20 190 0 0 1 0 1 0 -1 0 0 3749.dat
1 4 100 -20 160 0 -1 0 -1 0 0 0 0 -1 32013.dat
1 1 100 -40 160 0 -1 0 -1 0 0 0 0 -1 32556.dat
1 4 220 -40 159.753 -0.00205783 0 1 0 1 0 -1 0 -0.00205783 41239.dat
1 0 340 -50 159.506 0 -0.00205783 1 -1 0 0 0 -1 -0.00205783 3673.dat
1 0 280 -50 159.63 0 -0.00205783 1 -1 0 0 0 -1 -0.00205783 3673.dat
1 0 180 -50 159.835 0 -0.00205783 1 -1 0 0 0 -1 -0.00205783 3673.dat
1 0 160 -50 159.876 0 -0.00205783 1 -1 0 0 0 -1 -0.00205783 3673.dat
0 STEP
1 4 80 -60 160 0 0 -1 0 1 0 1 0 0 32523.dat
1 0 80 -70 160 0 0 -1 -1 0 0 0 1 0 3673.dat
0 STEP
1 4 20 -100 160 0 0 -1 0 -1 0 -1 0 0 32316.dat
1 0 -20 -110 160 0 0 1 1 0 0 0 1 0 3673.dat
1 0 60 -110 160 0 0 1 1 0 0 0 1 0 3673.dat
1 0 40 -90 160 0 0 1 1 0 0 0 1 0 3673.dat
1 0 0 -90 160 0 0 1 1 0 0 0 1 0 3673.dat
1 0 20 -80 160 0 0 -1 0 -1 0 -1 0 0 32524.dat
1 71 20 -80 200 1 0 0 0 1 0 0 0 1 32073.dat
1 0 -20 -80 200 0 1 0 0 0 -1 -1 0 0 60483.dat
1 71 -5 -80 200 0 0 1 0 1 0 -1 0 0 32123a.dat
1 0 0 -80 260 0 1 0 1 0 0 0 0 -1 2825.dat
1 71 20 -80 260 1 0 0 0 1 0 0 0 1 32073.dat
1 0 -20 -80 260 0 1 0 0 0 -1 -1 0 0 60483.dat
0 STEP
1 4 20 -80 260 1 0 0 0 -1 0 0 0 -1 6536.dat
1 4 20 -80 200 1 0 0 0 -1 0 0 0 -1 6536.dat
0 STEP
1 0 20 -80 240 1 0 0 0 1 0 0 0 1 3705.dat
1 0 0 -140 240 0 -1 0 0 0 1 -1 0 0 2825.dat
1 72 20 -80 240 0 0 -1 0 1 0 1 0 0 3647.dat
1 0 40 -80 260 0 -1 0 -1 0 0 0 0 -1 2825.dat
1 71 20 -140 240 1 0 0 0 1 0 0 0 1 4519.dat
1 72 20 -100 270 0 0 1 0 1 0 -1 0 0 55013.dat
1 71 20 -100 230 1 0 0 0 1 0 0 0 1 4716.dat
0 STEP
1 71 20 -100 280 1 0 0 0 1 0 0 0 1 3713.dat
1 0 20 -100 300 1 0 0 0 1 0 0 0 1 32270.dat
1 71 45 -80 200 0 0 1 0 1 0 -1 0 0 32123a.dat
1 0 40 -140 240 0 1 0 0 0 1 1 0 0 2825.dat
1 0 60 -80 200 0 1 0 0 0 -1 -1 0 0 60483.dat
1 0 60 -80 260 0 1 0 0 0 -1 -1 0 0 60483.dat
1 0 70 -100 260 1 0 0 0 1 0 0 0 1 3673.dat
1 1 80 -100 200 1 0 0 0 1 0 0 0 1 32556.dat
0 STEP
1 1 -40 -100 200 -1 0 0 0 1 0 0 0 -1 32556.dat
1 4 -40 -100 220 0 1 0 1 0 0 0 0 -1 32278.dat
1 0 -30 -100 260 1 0 0 0 1 0 0 0 1 3673.dat
1 0 -30 -100 340 1 0 0 0 1 0 0 0 1 3673.dat
1 0 -30 -100 360 1 0 0 0 1 0 0 0 1 3673.dat
1 4 -20 -100 380 0 1 0 1 0 0 0 0 -1 32316.dat
0 STEP
1 71 20 -100 419.998 1 0 0 0 1 0 0 0 1 44294.dat
1 4 20 -100 420 0 1 0 -1 0 0 0 0 1 32271.dat
1 4 20 -132 564 1 0 0 0 0.6 -0.8 0 0.8 0.6 32062.dat
1 4 5 -132 564 0 1 0 -0.6 0 -0.8 -0.8 0 0.6 41677.dat
1 4 20 -148 576 1 0 0 0 0.6 -0.8 0 0.8 0.6 32062.dat
1 1 20 -100 520 -1 0 0 0 1 0 0 0 -1 32556.dat
1 1 20 -100 480 -1 0 0 0 1 0 0 0 -1 32556.dat
1 71 0 -100 420 0 0 1 0 1 0 -1 0 0 3713.dat
1 71 40 -100 420 0 0 -1 0 1 0 1 0 0 3713.dat
1 4 60 -100 380 0 1 0 1 0 0 0 0 -1 32316.dat
1 0 70 -100 360 1 0 0 0 1 0 0 0 1 3673.dat
1 0 70 -100 340 1 0 0 0 1 0 0 0 1 3673.dat
1 4 80 -100 220 0 1 0 1 0 0 0 0 -1 32278.dat
0 STEP
1 4 80 -100 420 0 1 0 0 0 1 1 0 0 32140.dat
0 STEP
1 0 20 -130.006 140.501 0 1 0 -0.994994 0 -0.0999372 -0.0999372 0 0.994994 32525.dat
0 STEP
1 4 140 -59 251.488 0.916515 0 -0.399999 0 1 0 0.399999 0 0.916515 32525.dat
1 4 -100 -59 251.487 0.916516 0 0.399999 0 1 0 -0.399999 0 0.916516 32525.dat
0 STEP
1 4 60 -120 100 1 0 0 0 1 0 0 0 1 64681.dat
1 4 -20 -120 100 1 0 0 0 1 0 0 0 1 64393.dat
0 STEP
1 0 20 -160 120 1 0 0 0 1 0 0 0 1 3705.dat
1 71 -15 -160 120 0 0 1 0 1 0 -1 0 0 32123a.dat
1 71 55 -160 120 0 0 1 0 1 0 -1 0 0 32123a.dat
0 STEP
1 1 20 -160 40 1 0 0 0 1 0 0 0 1 32556.dat
1 4 0 -100.019 41.5019 0 1 0 0.025031 0 -0.999687 -0.999687 0 -0.025031 32140.dat
1 0 -10 -159.5 20.0063 1 0 0 0 0.999687 -0.025031 0 0.025031 0.999687 3673.dat
1 71 20 -100.019 41.5019 1 0 0 0 0.999687 -0.025031 0 0.025031 0.999687 32073.dat
1 1 20 -120.012 41.0012 -1 0 0 0 1 0 0 0 -1 32556.dat
1 4 40 -100.019 41.5019 0 1 0 0.025031 0 -0.999687 -0.999687 0 -0.025031 32140.dat
1 0 50 -159.5 20.0063 1 0 0 0 0.999687 -0.025031 0 0.025031 0.999687 3673.dat
0 STEP
1 4 -20 -120.013 41.0012 1 0 0 0 -0.999686 0.025031 0 -0.025031 -0.999687 42003.dat
1 4 60 -120.013 41.0012 1 0 0 0 -0.999686 0.025031 0 -0.025031 -0.999687 42003.dat
1 0 -20 -119.763 31.0047 0 0 1 0.025031 0.999687 0 -0.999687 0.025031 0 3673.dat
1 0 -20 -139.756 30.5038 0 0 1 0.025031 0.999687 0 -0.999687 0.025031 0 3673.dat
1 0 60 -139.756 30.5038 0 0 1 0.025031 0.999687 0 -0.999687 0.025031 0 3673.dat
1 0 60 -119.763 31.0044 0 0 1 0.025031 0.999687 0 -0.999687 0.025031 0 3673.dat
1 4 -40 -99.5182 21.5085 -1 0 0 0 0.999687 0.0250309 0 0.0250309 -0.999686 64683.dat
1 4 80 -99.5182 21.5081 -1 0 0 0 0.999687 0.025031 0 0.025031 -0.999686 64391.dat
1 0 -40 -88.5201 -18.2288 0 1 0 0.999687 0 0.025023 0.025023 0 -0.999687 3673.dat
1 0 -40 -87.5188 -58.2162 0 1 0 0.999687 0 0.025023 0.025023 0 -0.999687 3673.dat
1 0 80 -87.5188 -58.2165 0 1 0 0.999687 0 0.025023 0.025023 0 -0.999687 3673.dat
1 0 80 -88.5201 -18.2291 0 1 0 0.999687 0 0.025023 0.025023 0 -0.999687 3673.dat
1 4 -40 -76.5207 -97.9535 -1 0 0 0 0.999687 0.0250309 0 0.0250309 -0.999686 32525.dat
1 4 80 -76.5207 -97.9539 -1 0 0 0 0.999687 0.0250309 0 0.0250309 -0.999686 32525.dat
0 STEP
1 1 80 -84.5151 -178.179 0 1 0 -0.999687 0 -0.0250229 -0.0250229 0 0.999686 3749.dat
1 1 -40 -84.5151 -178.179 0 1 0 -0.999687 0 -0.0250229 -0.0250229 0 0.999686 3749.dat
1 4 -40 -94.512 -178.429 0 0 1 -0.999687 0.0250229 0 -0.0250229 -0.999686 0 6536.dat
1 4 80 -94.512 -178.429 0 0 1 -0.999687 0.0250229 0 -0.0250229 -0.999686 0 6536.dat
1 71 20 -94.0115 -198.423 1 0 0 0 1 0 0 0 1 4519.dat
1 0 -20 -94.0115 -198.423 -1 0 0 0 1 0 0 0 -1 32054.dat
1 0 60 -94.0115 -198.423 1 0 0 0 1 0 0 0 1 32054.dat
1 4 -20 -104.012 -215.744 0 0 -1 -0.866025 0.5 0 0.5 0.866025 0 42003.dat
1 4 60 -104.012 -215.744 0 0 -1 -0.866025 0.5 0 0.5 0.866025 0 42003.dat
1 4 60 -159.5 20.0063 1 0 0 0 0.999686 -0.025031 0 0.025031 0.999687 32013.dat
1 4 -20 -159.5 20.0063 1 0 0 0 0.999686 -0.025031 0 0.025031 0.999687 32013.dat
1 0 -20 -159.274 11.0094 -1 0 0 0 0 1 0 -120 0 9394 - LS50.dat
1 0 -20 -159.274 -108.991 -1 0 0 0 0.4538 0.9987 0 -8.8656 0.0511 9394 - LS51.dat
1 0 -20 -158.851 -117.258 -1 0 0 0 1.1047 0.9949 0 -10.8856 0.101 9394 - LS51.dat
1 0 -20 -157.807 -127.547 -1 0 0 0 1.9112 0.9886 0 -12.5488 0.1506 9394 - LS51.dat
1 0 -20 -155.986 -139.501 -1 0 0 0 2.7259 0.9798 0 -13.3622 0.1999 9394 - LS51.dat
1 0 -20 -153.38 -152.275 -1 0 0 0 3.3517 0.9686 0 -13.0562 0.2486 9394 - LS51.dat
1 0 -20 -150.178 -164.751 -1 0 0 0 3.7463 0.955 0 -12.0584 0.2967 9394 - LS51.dat
1 0 -20 -146.609 -176.237 -1 0 0 0 3.9244 0.939 0 -10.7107 0.344 9394 - LS51.dat
1 0 -20 -142.892 -186.383 -1 0 0 0 3.9635 0.9205 0 -9.3383 0.3907 9394 - LS51.dat
1 0 -20 -139.164 -195.165 -1 0 0 0 3.8741 0.8997 0 -7.9846 0.4365 9394 - LS51.dat
1 0 -20 -135.554 -202.606 -1 0 0 0 3.7485 0.8766 0 -6.8275 0.4813 9394 - LS51.dat
1 0 -20 -132.098 -208.902 -1 0 0 0 3.6217 0.8511 0 -5.8712 0.525 9394 - LS51.dat
1 0 -20 -128.794 -214.257 -1 0 0 0 3.4215 0.8235 0 -4.9661 0.5673 9394 - LS51.dat
1 0 -20 -125.715 -218.726 -1 0 0 0 3.2876 0.7939 0 -4.2925 0.6081 9394 - LS51.dat
1 0 -20 -122.794 -222.54 -1 0 0 0 3.1264 0.7624 0 -3.6829 0.6472 9394 - LS51.dat
1 0 -20 -120.056 -225.765 -1 0 0 0 3.0106 0.729 0 -3.2065 0.6845 9394 - LS51.dat
1 0 -20 -117.457 -228.534 -1 0 0 0 2.9084 0.6938 0 -2.8023 0.7201 9394 - LS51.dat
1 0 -20 -114.983 -230.917 -1 0 0 0 2.8418 0.6567 0 -2.4748 0.7541 9394 - LS51.dat
1 0 -20 -112.599 -232.993 -1 0 0 0 2.7612 0.6177 0 -2.1691 0.7864 9394 - LS51.dat
1 0 -20 -110.313 -234.789 -1 0 0 0 2.7504 0.5773 0 -1.9447 0.8165 9394 - LS51.dat
1 0 -20 -105.293 -238.1 -1 0 0 0 -2.8391 0.5289 0 1.7693 0.8487 9394 - LS50.dat
1 0 60 -159.249 10.0094 -1 0 0 0 0 1 0 -120 0 9394 - LS50.dat
1 0 60 -159.249 -109.991 -1 0 0 0 0.4478 0.9987 0 -8.7791 0.0509 9394 - LS51.dat
1 0 60 -158.832 -118.171 -1 0 0 0 1.0966 0.9949 0 -10.8192 0.1008 9394 - LS51.dat
1 0 60 -157.796 -128.391 -1 0 0 0 1.8792 0.9886 0 -12.3346 0.1506 9394 - LS51.dat
1 0 60 -156.008 -140.129 -1 0 0 0 2.7 0.9798 0 -13.2168 0.2002 9394 - LS51.dat
1 0 60 -153.429 -152.755 -1 0 0 0 3.3012 0.9685 0 -12.8314 0.2492 9394 - LS51.dat
1 0 60 -150.277 -165.003 -1 0 0 0 3.7309 0.9547 0 -11.9756 0.2974 9394 - LS51.dat
1 0 60 -146.726 -176.401 -1 0 0 0 3.9078 0.9385 0 -10.6263 0.3451 9394 - LS51.dat
1 0 60 -143.026 -186.464 -1 0 0 0 3.8862 0.9201 0 -9.1296 0.3917 9394 - LS51.dat
1 0 60 -139.374 -195.042 -1 0 0 0 3.8556 0.8994 0 -7.9331 0.4371 9394 - LS51.dat
1 0 60 -135.783 -202.432 -1 0 0 0 3.7536 0.8762 0 -6.8257 0.4819 9394 - LS51.dat
1 0 60 -132.321 -208.729 -1 0 0 0 3.5817 0.8509 0 -5.8009 0.5254 9394 - LS51.dat
1 0 60 -129.056 -214.015 -1 0 0 0 3.4628 0.8233 0 -5.0235 0.5675 9394 - LS51.dat
1 0 60 -125.937 -218.54 -1 0 0 0 3.3006 0.7937 0 -4.3058 0.6084 9394 - LS51.dat
1 0 60 -123.002 -222.369 -1 0 0 0 3.1447 0.7622 0 -3.7025 0.6474 9394 - LS51.dat
1 0 60 -120.248 -225.612 -1 0 0 0 3.0724 0.7287 0 -3.2692 0.6848 9394 - LS51.dat
1 0 60 -117.592 -228.438 -1 0 0 0 2.9743 0.693 0 -2.8594 0.7209 9394 - LS51.dat
1 0 60 -115.056 -230.876 -1 0 0 0 2.8682 0.6556 0 -2.4904 0.7551 9394 - LS51.dat
1 0 60 -112.645 -232.97 -1 0 0 0 3.0727 0.6167 0 -2.4074 0.7872 9394 - LS51.dat
1 0 60 -104.835 -238.404 -1 0 0 0 -5.5083 0.5504 0 3.631 0.8349 9394 - LS50.dat
1 1 20 -76.1773 -300.051 1 0 0 0 1 0 0 0 1 32556.dat
1 1 20 -64.9063 -338.431 1 0 0 0 1 0 0 0 1 32556.dat
0 STEP
1 4 40 -87.4482 -261.673 0 -1 0 -0.959481 0 0.281773 -0.281773 0 -0.959481 64683.dat
1 4 0 -87.4482 -261.673 0 1 0 0.959481 0 0.281773 0.281773 0 -0.959481 64391.dat
0 STEP
1 4 100 -100 160 0 -1 0 1 0 0 0 0 1 64393.dat
1 0 100 -100 150 0 0 -1 0 1 0 1 0 0 3673.dat
1 0 140 -80 150 0 0 -1 0 1 0 1 0 0 3673.dat
1 4 100 -100 140 0 -1 0 -1 0 0 0 0 -1 87080.dat
1 0 140 -70 120 0 1 0 -1 0 0 0 0 1 3673.dat
1 4 100 -40 140 0 -1 0 -1 0 0 0 0 -1 87086.dat
0 STEP
1 4 -60 -100 160 0 1 0 -1 0 0 0 0 1 64681.dat
1 0 -60 -100 150 0 0 -1 0 1 0 1 0 0 3673.dat
1 0 -100 -80 150 0 0 -1 0 1 0 1 0 0 3673.dat
1 0 -100 -70 120 0 0 -1 -1 0 0 0 1 0 3673.dat
1 4 -60 -100 140 0 1 0 1 0 0 0 0 -1 87086.dat
1 4 -60 -40 140 0 1 0 1 0 0 0 0 -1 87080.dat
1 4 -180.206 -80 259.753 0 -0.00205851 -1 -1 0 0 0 1 -0.00205851 32316.dat
1 0 -220.185 -80 249.671 -0.00205851 0 -1 0 1 0 1 0 -0.00205851 3673.dat
1 0 -180.185 -80 249.753 -0.00205851 0 -1 0 1 0 1 0 -0.00205851 3673.dat
1 4 -260.164 -80 239.588 0 -0.00205851 1 1 0 0 0 1 0.00205851 64680.dat
1 0 -270.165 -80 239.567 1 0 -0.00205851 0 1 0 0.00205851 0 1 3673.dat
1 0 -270 -60 159.567 1 0 -0.00205851 0 1 0 0.00205851 0 1 3673.dat
1 4 -280.165 -80 239.547 0 -0.00205851 -1 -1 0 0 0 1 -0.00205851 64392.dat
1 0 -320.186 -80 249.465 -0.00205851 0 -1 0 1 0 1 0 -0.00205851 3673.dat
1 0 -360.186 -80 249.382 -0.00205851 0 -1 0 1 0 1 0 -0.00205851 3673.dat
1 4 -420.206 -80 259.259 0 -0.00205851 -1 -1 0 0 0 1 -0.00205851 32525.dat
0 STEP
1 4 219.794 -80 259.507 0 -0.00205851 -1 -1 0 0 0 1 -0.00205851 32316.dat
1 0 259.815 -80 249.589 -0.00205851 0 -1 0 1 0 1 0 -0.00205851 3673.dat
1 0 219.815 -80 249.507 -0.00205851 0 -1 0 1 0 1 0 -0.00205851 3673.dat
1 4 299.836 -80 239.671 0 -0.00205851 -1 -1 0 0 0 1 -0.00205851 64394.dat
1 0 310 -60 159.692 -1 0 0.00205851 0 1 0 -0.00205851 0 -1 3673.dat
1 0 309.835 -80 239.692 -1 0 0.00205851 0 1 0 -0.00205851 0 -1 3673.dat
1 4 319.835 -80 239.465 0 -0.00205851 1 1 0 0 0 1 0.00205851 64682.dat
1 0 359.814 -80 249.794 -0.00205851 0 -1 0 1 0 1 0 -0.00205851 3673.dat
1 0 399.814 -80 249.877 -0.00205851 0 -1 0 1 0 1 0 -0.00205851 3673.dat
1 4 459.794 -80 260 0 -0.00205851 -1 -1 0 0 0 1 -0.00205851 32525.dat
0 STEP
1 4 559.894 -80 220.206 0 0.708564 0.70565 -1 0 0 0 -0.70565 0.708564 32192.dat
1 1 559.815 -80 250.206 0.00206062 1 0 0 0 -1 -1 0.00206062 0 3749.dat
1 4 182.978 -60 104.444 0 0 -1 1 0 0 0 -1 0 32015.dat
1 4 171.498 -60 132.16 -0.38268 0 -0.923881 0 1 0 0.92388 0 -0.38268 32062.dat
1 4 160.001 -60 159.876 0 0.923881 -0.38268 -1 0 0 0 0.38268 0.92388 32013.dat
1 1 -520.185 -80 249.053 0.00206062 -1 0 0 0 1 -1 -0.00206062 0 3749.dat
1 4 -520.123 -80 219.053 0 -0.70565 -0.708564 1 0 0 0 -0.708564 0.70565 32192.dat
1 4 -142.749 -60 104.35 0 0.00412121 1 -1 0 0 0 -1 0.00412121 32015.dat
1 4 -131.383 -60 132.114 0.378869 0 0.92545 0 -1 0 0.925449 0 -0.37887 32062.dat
1 4 -120 -60 159.876 0 -0.92545 0.378869 1 0 0 0 0.37887 0.925449 32013.dat
1 4 521.085 -80 181.233 0 0.7056 -0.7086 -1 0 0 0 0.7086 0.7056 9394 - LS40.dat
1 4 521.789 -80 181.944 -0.003 -1.6698 -0.6897 -1 0.0098 0 -0.003 -1.5905 0.7241 9394 - LS41.dat
1 4 520.998 -79.9954 181.191 -0.009 -1.9115 -0.6527 -1 0.0309 -0.0003 -0.0082 -1.6468 0.7576 9394 - LS41.dat
1 4 520.005 -79.9793 180.335 -0.0153 -2.3211 -0.6141 -1 0.0593 -0.001 -0.0132 -1.8059 0.7892 9394 - LS41.dat
1 4 518.64 -79.9444 179.273 -0.0218 -2.8095 -0.574 -0.9996 0.0962 -0.002 -0.0177 -1.9691 0.8189 9394 - LS41.dat
1 4 516.823 -79.8822 178 -0.0285 -3.6471 -0.5324 -0.9994 0.1542 -0.0034 -0.0219 -2.2934 0.8465 9394 - LS41.dat
1 4 514.199 -79.7713 176.35 -0.0354 -4.8188 -0.4896 -0.999 0.2398 -0.005 -0.0256 -2.7045 0.8719 9394 - LS41.dat
1 4 510.435 -79.5839 174.237 -0.0424 -6.9848 -0.4456 -0.9987 0.3964 -0.0068 -0.0287 -3.4735 0.8952 9394 - LS41.dat
1 4 504.539 -79.2494 171.305 -0.0495 -10.7973 -0.4001 -0.9983 0.6831 -0.0088 -0.0312 -4.7076 0.9164 9394 - LS41.dat
1 4 494.847 -78.6362 167.08 -0.0566 -18.154 -0.354 -0.9979 1.2554 -0.0107 -0.0328 -6.8573 0.9352 9394 - LS41.dat
1 4 477.82 -77.4587 160.648 -0.0634 -34.698 -0.3068 -0.9974 2.5731 -0.012 -0.033 -11.1547 0.9517 9394 - LS41.dat
1 4 444.255 -74.9696 149.858 -0.0687 -67.6789 -0.2592 -0.9972 5.2185 -0.0116 -0.0305 -18.104 0.9657 9394 - LS41.dat
1 4 377.647 -69.8337 132.04 -0.0697 -85.1332 -0.2138 -0.9973 6.374 -0.0073 -0.0227 -18.5848 0.9769 9394 - LS41.dat
1 4 293.612 -63.5419 113.696 -0.0624 -42.0056 -0.1681 -0.998 2.7093 -0.0007 -0.0114 -7.1592 0.9858 9394 - LS41.dat
1 4 252.799 -60.9095 106.74 -0.0473 -16.1179 -0.1205 -0.9989 0.7717 0.0013 -0.0045 -1.957 0.9927 9394 - LS41.dat
1 4 238.297 -60.2151 104.979 -0.023 -10.7879 -0.0573 -1 0.249 0.0007 -0.0007 -0.6196 0.9984 9394 - LS41.dat
1 4 228.978 -60 104.444 0 -1 0 -1 0 0 0 0 1 9394 - LS40.dat
1 4 -481.168 -80 180.244 0 -0.7086 0.7056 1 0 0 0 0.7056 0.7086 9394 - LS40.dat
1 4 -481.878 -80 180.948 -0.003 1.6856 0.6868 1 0.0098 0 0.0029 -1.5926 0.7269 9394 - LS41.dat
1 4 -481.084 -79.9954 180.197 -0.0092 1.9519 0.6492 1 0.0317 -0.0003 0.0083 -1.6662 0.7606 9394 - LS41.dat
1 4 -480.059 -79.9787 179.322 -0.0155 2.3398 0.6103 1 0.0601 -0.001 0.0132 -1.8025 0.7922 9394 - LS41.dat
1 4 -478.687 -79.9435 178.265 -0.0221 2.8874 0.5697 0.9996 0.0994 -0.002 0.0178 -2.0013 0.8219 9394 - LS41.dat
1 4 -476.797 -79.8785 176.956 -0.0288 3.6677 0.5279 0.9993 0.1558 -0.0034 0.0219 -2.2793 0.8493 9394 - LS41.dat
1 4 -474.16 -79.7664 175.317 -0.0358 4.9859 0.4848 0.999 0.2492 -0.005 0.0255 -2.7625 0.8746 9394 - LS41.dat
1 4 -470.232 -79.5701 173.141 -0.0429 7.084 0.4406 0.9987 0.4036 -0.0068 0.0286 -3.4743 0.8977 9394 - LS41.dat
1 4 -464.236 -79.2285 170.2 -0.05 11.1402 0.3953 0.9983 0.707 -0.0088 0.0311 -4.787 0.9185 9394 - LS41.dat
1 4 -454.206 -78.5919 165.89 -0.0571 18.8943 0.3489 0.9978 1.3105 -0.0106 0.0325 -7.0201 0.9371 9394 - LS41.dat
1 4 -436.441 -77.3598 159.29 -0.0639 36.2437 0.3017 0.9974 2.6933 -0.0117 0.0325 -11.4352 0.9533 9394 - LS41.dat
1 4 -401.329 -74.7506 148.212 -0.0691 70.4041 0.254 0.9972 5.4263 -0.011 0.0295 -18.4306 0.9671 9394 - LS41.dat
1 4 -331.994 -69.4066 130.062 -0.0698 83.5388 0.2087 0.9973 6.2168 -0.0059 0.0209 -17.787 0.978 9394 - LS41.dat
1 4 -249.561 -63.272 112.511 -0.0619 39.9153 0.1627 0.998 2.5393 0.0008 0.0094 -6.5844 0.9867 9394 - LS41.dat
1 4 -211.463 -60.8483 106.227 -0.0372 24.4966 0.0906 0.9993 0.9149 0.0018 0.0016 -2.2291 0.9959 9394 - LS41.dat
1 4 -188.749 -60 104.16 0 1 -0.0041 1 0 0 0 0.0041 1 9394 - LS40.dat
1 4 -60 -100 660 0 0 -1 -1 0 0 0 1 0 64392.dat
1 0 -70 -80 600 1 0 0 0 1 0 0 0 1 3673.dat
1 0 -80 -80 620 0 1 0 1 0 0 0 0 -1 60483.dat
1 0 120 -80 620 0 1 0 1 0 0 0 0 -1 60483.dat
1 0 110 -80 600 1 0 0 0 1 0 0 0 1 3673.dat
1 4 100 -100 660 0 0 1 1 0 0 0 1 0 64682.dat
1 71 -95 -80 620 0 0 1 0 1 0 -1 0 0 32123a.dat
1 71 135 -80 620 0 0 1 0 1 0 -1 0 0 32123a.dat
1 4 40 -100 440 0 -1 0 1 0 0 0 0 1 64393.dat
1 4 0 -100 440 0 1 0 -1 0 0 0 0 1 64681.dat
0 STEP
1 4 5 -348.489 806.361 0 1 0 -0.99754 0 -0.0700987 -0.0700987 0 0.99754 41677.dat
1 4 20 -348.489 806.361 1 0 0 0 0.99754 -0.0700987 0 0.0700987 0.99754 32062.dat
1 4 20 -349.891 826.312 1 0 0 0 0.99754 -0.0700987 0 0.0700987 0.99754 32062.dat
1 4 20 -347.087 786.41 -1 0 0 0 0.99754 0.0700987 0 0.0700987 -0.99754 32039.dat
1 4 20 -346.386 776.434 0 0 -1 -0.0700987 0.99754 0 0.99754 0.0700987 0 32062.dat
1 4 20 -344.283 746.508 -1 0 0 0 -0.6558 -0.754934 0 -0.754934 0.6558 32192.dat
1 0 20 -246.142 661.254 0 0 1 -0.754934 -0.6558 0 0.6558 -0.754934 0 3708.dat
1 4 20 -148 576 1 0 0 0 -0.6558 0.754934 0 -0.754934 -0.6558 32013.dat
1 4 35 -132 564 0 1 0 -0.6 0 -0.8 -0.8 0 0.6 41677.dat
0 STEP
1 4 5 -117.849 709.022 0 1 0 0.451112 0 0.892467 0.892467 0 -0.451112 41677.dat
1 4 20 -117.849 709.022 1 0 0 0 -0.451112 0.892467 0 -0.892467 -0.451112 32062.dat
1 4 20 -100 700 1 0 0 0 -0.451112 0.892467 0 -0.892467 -0.451112 32062.dat
1 4 20 -135.699 718.044 -1 0 0 0 -0.451112 -0.892467 0 -0.892467 0.451112 32039.dat
1 0 20 -233.87 767.667 0 0 -1 0.892467 -0.451112 0 -0.451112 -0.892467 0 3708.dat
1 4 20 -349.891 826.311 -1 0 0 0 -0.451112 -0.892467 0 -0.892467 0.451112 32013.dat
1 4 35 -348.489 806.361 0 1 0 -0.99754 0 -0.0700987 -0.0700987 0 0.99754 41677.dat
1 4 35 -117.849 709.022 0 1 0 0.451112 0 0.892467 0.892467 0 -0.451112 41677.dat
0 STEP

0 WORLD 64.68636 42.09111 -106.6781 0.6024482 -0.004528186 0.7981452 0.4922697 0.7892504 -0.3670929 -0.6282726 0.6140567 0.4777106
0 CENTRE 0 0 0
0 LOOKAT 105 -31 0
0 ROTANGLE 0
0 ZOOM 64







0 FILE 9394 - LS50.dat
0 LS50
0 Name: 9394 - LS50.dat
0 Author: Kevin Clague [kclague]
0 !LDRAW_ORG Unofficial_Part
0 !LICENSE Redistributable under CCAL version 2.0 : see CAreadme.txt

0 BFC CERTIFY CCW

0 !KEYWORDS LSynth

0 !HISTORY 2006-11-25 [kclague] Place holder part, can be replaced as needed
0 !HISTORY 2007-04-03 [Holly-Wood] Fixed header, minor fixes
0 !HISTORY 2013-06-27 [MMR1988] Corrected BFC CERTIFY INVERTNEXT statement


1 16 0 0 0 4 0 0 0 1 0 0 0 4 4-4cyli.dat
0 BFC INVERTNEXT
1 16 0 0 0 2 0 0 0 1 0 0 0 2 4-4cyli.dat
1 16 0 0 0 4 0 0 0 1 0 0 0 4 4-4edge.dat
1 16 0 0 0 2 0 0 0 1 0 0 0 2 4-4edge.dat
1 16 0 0 0 2 0 0 0 1 0 0 0 2 4-4ring1.dat
1 16 0 1 0 2 0 0 0 -1 0 0 0 -2 4-4ring1.dat


0 FILE 9394 - LS51.dat
0 LS51
0 Name: 9394 - LS51.dat
0 Author: Kevin Clague [kclague]
0 !LDRAW_ORG Unofficial_Part
0 !LICENSE Redistributable under CCAL version 2.0 : see CAreadme.txt

0 BFC CERTIFY CCW

0 !KEYWORDS LSynth

0 !HISTORY 2006-11-25 [kclague] Place holder part, can be replaced as needed
0 !HISTORY 2004-11-21 [GuyVivan] Made BFC Compliant
0 !HISTORY 2007-04-03 [Holly-Wood] Fixed header, some minor fixes
0 !HISTORY 2013-06-27 [MMR1988] Corrected BFC CERTIFY INVERTNEXT statement

1 16 0 0 0 4 0 0 0 1 0 0 0 4 4-4cyli.dat
0 BFC INVERTNEXT
1 16 0 0 0 2 0 0 0 1 0 0 0 2 4-4cyli.dat
1 16 0 0 0 2 0 0 0 1 0 0 0 2 4-4ring1.dat
1 16 0 1 0 2 0 0 0 -1 0 0 0 2 4-4ring1.dat


0 FILE 9394 - LS40.dat
0 LS40
0 Name: 9394 - LS40.dat
0 Author: Willy Tschager [Holly-Wood]
0 !LDRAW_ORG Unofficial_Part
0 !LICENSE Redistributable under CCAL version 2.0 : see CAreadme.txt

0 BFC CERTIFY CW

0 !KEYWORDS LSynth

0 !HISTORY 2007-04-29 [Holly-Wood] Initial version

0 // Based on work of Steve Bliss and Chris Dee

0 Skinny tip
1 16 0 20 0 -1 0 0 0 -5 0 0 0 1 STUD3A.DAT

0 Mixed Cylinder & Cross-axle end section
1 16 0 16 0 0 1 0 1 0 0 0 0 -1 s\faxle1.dat
1 16 0 12 0 0 1 0 1 0 0 0 0 -1 s\faxle2.dat
1 16 0 8 0 0 1 0 1 0 0 0 0 -1 s\faxle3.dat
1 16 0 4 0 0 1 0 1 0 0 0 0 -1 s\faxle4.dat
1 16 0 0 0 0 1 0 1 0 0 0 0 -1 s\faxle5.dat


0 FILE 9394 - LS41.dat
0 ~LSynth Technic Flexible Axle - Cross Section
0 Name: 9394 - LS41.dat
0 Author: Kevin Clague [kclague]
0 !LDRAW_ORG Unofficial_Part
0 !LICENSE Redistributable under CCAL version 2.0 : see CAreadme.txt

0 BFC CERTIFY CCW

0 !KEYWORDS LSynth

0 !HISTORY 2006-11-25 [kclague] Place holder part, can be replaced as needed
0 !HISTORY 2007-04-03 [Holly-Wood] Fixed header, minor fixes
0 !HISTORY 2013-06-27 [MMR1988] Updated with primitives

1 16 0 1 0 1 0 0 0 -1 0 0 0 1 axleend.dat
1 16 0 0 0 1 0 0 0 1 0 0 0 1 axleend.dat
1 16 0 0 0 1 0 0 0 1 0 0 0 1 axlehol8.dat


