0 FILE 9395 - Main.ldr
0 Main
0 Name: 9395 - Main.ldr
0 Author: Oh-Seong KWON
0 !LDRAW_ORG Model
0 !LICENSE Redistributable under CCAL version 2.0 : see CAreadme.txt

0 !HISTORY 2019-03-10 [technicbasics] Build .mpd and OMRize file

0 ROTATION CENTER 0 0 0 1 "Custom"
0 ROTATION CONFIG 0 0
1 0 0 0 0 1 0 0 0 1 0 0 0 1 9395 - 9395-1.ldr




0 FILE 9395 - 9395-1.ldr
0 9395-1
0 Author: Oh-Seong KWON
0 !LDRAW_ORG Model
0 !LICENSE Redistributable under CCAL version 2.0 : see CAreadme.txt
0 ROTATION CENTER 0 0 0 1 "Custom"
0 ROTATION CONFIG 0 0
0 Name: 9395 - 9395-1.ldr
1 71 0 0 320 1 0 0 0 1 0 0 0 1 64179.dat
1 0 50 0 360 1 0 0 0 1 0 0 0 1 3673.dat
1 0 -50 0 360 1 0 0 0 1 0 0 0 1 3673.dat
1 1 60 0 280 1 0 0 0 1 0 0 0 1 32556.dat
1 1 -60 0 280 -1 0 0 0 1 0 0 0 -1 32556.dat
0 STEP
1 71 0 0 260 0 0 -1 0 1 0 1 0 0 4519.dat
1 4 0 0 230 -1 0 0 0 1 0 0 0 -1 59443.DAT
1 0 0 0 280 -1 0 0 0 1 0 0 0 -1 32269.dat
0 STEP
1 72 0 0 320 0 0 -1 1 0 0 0 -1 0 62821.dat
1 0 -52 0 320 1 0 0 0 1 0 0 0 1 3705.dat
1 19 -20 0 320 0 0 1 0 1 0 -1 0 0 6589.dat
1 0 53 0 320 -1 0 0 0 1 0 0 0 -1 3705.dat
1 19 20 0 320 0 0 -1 0 1 0 1 0 0 6589.dat
1 19 0 0 337 -1 0 0 0 1 0 0 0 -1 6589.dat
0 STEP
1 71 -60 0 320 0 1 0 -1 0 0 0 0 1 32278.dat
1 0 -80 0 420 1 0 0 0 0 1 0 -1 0 32184.dat
1 1 -70 0 440 -1 0 0 0 1 0 0 0 -1 3749.dat
1 1 -70 0 400 -1 0 0 0 1 0 0 0 -1 3749.dat
1 19 -60 0 460 -1 0 0 0 1 0 0 0 -1 32556.dat
1 0 -50 0 420 1 0 0 0 1 0 0 0 1 3673.dat
1 0 -70 0 340 1 0 0 0 1 0 0 0 1 3673.dat
1 0 -70 0 300 1 0 0 0 1 0 0 0 1 3673.dat
1 1 -60 0 180 1 0 0 0 1 0 0 0 1 32556.dat
1 71 60 0 320 0 -1 0 1 0 0 0 0 1 32278.dat
1 19 60 0 460 1 0 0 0 -1 0 0 0 -1 32556.dat
1 0 50 0 420 -1 0 0 0 -1 0 0 0 1 3673.dat
1 0 70 0 340 -1 0 0 0 -1 0 0 0 1 3673.dat
1 0 70 0 300 -1 0 0 0 -1 0 0 0 1 3673.dat
1 1 60 0 180 -1 0 0 0 -1 0 0 0 1 32556.dat
1 1 70 0 440 1 0 0 0 -1 0 0 0 -1 3749.dat
1 0 80 0 420 -1 0 0 0 0 -1 0 -1 0 32184.dat
1 1 70 0 400 1 0 0 0 -1 0 0 0 -1 3749.dat
1 71 0 -20 380 1 0 0 0 1 0 0 0 1 4519.dat
1 72 0 -20 380 1 0 0 0 -1 0 0 0 -1 6536.dat
1 0 -40 -20 380 0 0 -1 1 0 0 0 -1 0 32013.dat
1 0 40 -20 380 0 0 1 -1 0 0 0 -1 0 32013.dat
1 1 40 0 380 0 0 -1 1 0 0 0 -1 0 32556.dat
1 1 -40 0 380 0 0 -1 1 0 0 0 -1 0 32556.dat
0 STEP
1 4 90 0 320 0 0 -1 0 1 0 1 0 0 59443.DAT
1 71 140 0 320 -1 0 0 0 1 0 0 0 -1 32073.dat
1 4 -90 0 320 0 0 1 0 1 0 -1 0 0 59443.DAT
1 71 -140 0 320 1 0 0 0 1 0 0 0 1 32073.dat
0 STEP
1 0 90 0 340 -1 0 0 0 -1 0 0 0 1 62462.dat
1 0 90 0 300 -1 0 0 0 -1 0 0 0 1 62462.dat
1 0 -90 0 300 -1 0 0 0 -1 0 0 0 1 62462.dat
1 0 -90 0 340 -1 0 0 0 -1 0 0 0 1 62462.dat
0 STEP
1 71 120 0 320 0 0 -1 -1 0 0 0 1 0 48989.dat
1 71 -120 0 320 0 0 -1 -1 0 0 0 1 0 48989.dat
0 STEP
1 0 0 0 130 0 0 -1 0 1 0 1 0 0 3737.dat
0 STEP
1 0 -20 0 100 0 1 0 -1 0 0 0 0 1 32140.dat
1 1 0 -20 160 1 0 0 0 1 0 0 0 1 32556.dat
0 STEP
1 71 0 -20 160 0 0 -1 0 1 0 1 0 0 48989.dat
1 0 20 0 100 0 1 0 -1 0 0 0 0 1 32140.dat
0 STEP
1 1 40 0 140 1 0 0 0 1 0 0 0 1 32556.dat
1 72 0 -40 167 0 0 -1 0 1 0 1 0 0 32209.dat
1 14 0 -40 120 1 0 0 0 1 0 0 0 1 32072.dat
1 0 0 -20 140 1 0 0 0 0 -1 0 1 0 32523.dat
1 14 0 -40 175 1 0 0 0 1 0 0 0 1 32123a.dat
0 STEP
1 72 0 -40 190 1 0 0 0 1 0 0 0 1 6542b.dat
1 19 0 -40 220 1 0 0 0 1 0 0 0 1 6538b.dat
0 STEP
1 4 0 -40 215 1 0 0 0 1 0 0 0 1 6539.dat
1 71 0 -40 270 0 0 -1 0 1 0 1 0 0 32073.dat
0 STEP
1 72 0 -40 250 -1 0 0 0 1 0 0 0 -1 6542b.dat
1 14 0 -40 265 1 0 0 0 1 0 0 0 1 32123a.dat
1 4 0 -40 280 0 0 -1 0 1 0 1 0 0 32034.dat
1 14 0 -40 295 1 0 0 0 1 0 0 0 1 32123a.dat
1 4 0 -40 320 -1 0 0 0 1 0 0 0 -1 59443.DAT
0 STEP
1 72 0 -40 377 0 0 -1 0 1 0 1 0 0 32209.dat
1 71 0 -40 360 1 0 0 0 1 0 0 0 1 3713.dat
1 71 -60 0 60 0 1 0 -1 0 0 0 0 1 32525.dat
1 1 -60 0 160 -1 0 0 0 1 0 0 0 -1 32556.dat
0 STEP
1 4 -40 0 180 0 -1 0 -1 0 0 0 0 -1 32526.dat
1 1 -40 0 140 -1 0 0 0 1 0 0 0 -1 32556.dat
0 STEP
1 71 -40 -40 100 -1 0 0 0 0.707107 0.707106 0 0.707106 -0.707107 32073.dat
1 71 -60 -40 100 0 0 1 0.707106 0.707107 0 -0.707107 0.707106 0 3713.dat
1 4 -90 -40 100 0 0 -1 -0.707106 0.707107 0 0.707107 0.707106 0 59443.DAT
0 STEP
1 14 -20 -40 100 0 0 -1 -0.707106 0.707106 0 0.707106 0.707106 0 32072.dat
1 4 -60 0 -40 1 0 0 0 1 0 0 0 1 32054.dat
0 STEP
1 4 10 -40 100 0 0 -1 -0.707106 0.707107 0 0.707107 0.707106 0 59443.DAT
1 19 30 -40 100 -1 0 0 0 0.707106 0.707106 0 0.707106 -0.707107 3749.dat
0 STEP
1 4 40 0 180 0 -1 0 -1 0 0 0 0 -1 32526.dat
1 1 60 0 160 1 0 0 0 1 0 0 0 1 32556.dat
0 STEP
1 71 60 0 60 0 1 0 -1 0 0 0 0 1 32525.dat
1 4 60 0 -40 -1 0 0 0 1 0 0 0 -1 32054.dat
0 STEP
1 71 80 0 160 0 -1 0 -1 0 0 0 0 -1 32524.dat
1 0 70 0 220 1 0 0 0 1 0 0 0 1 3673.dat
1 0 -70 0 220 1 0 0 0 1 0 0 0 1 3673.dat
1 71 -80 0 160 0 -1 0 -1 0 0 0 0 -1 32524.dat
0 STEP
1 0 -70 0 100 -1 0 0 0 1 0 0 0 -1 3706.dat
1 71 -100 0 100 0 0 1 0 1 0 -1 0 0 3713.dat
1 72 -140 0 100 0 0 -1 1 0 0 0 -1 0 32014.dat
1 4 -140 0 130 0 0 1 0 1 0 -1 0 0 32062.dat
1 72 -140 0 160 0 1 0 -1 0 0 0 0 1 32192.dat
1 0 -140 -10 160 0 1 0 -1 0 0 0 0 1 3673.dat
1 1 -140 0 100 0 1 0 1 0 0 0 0 -1 32556.dat
1 0 -140 -20 220 1 0 0 0 -1 0 0 0 -1 32271.dat
1 0 70 0 100 1 0 0 0 -1 0 0 0 -1 3706.dat
1 71 100 0 100 0 0 -1 0 -1 0 -1 0 0 3713.dat
1 72 140 0 100 0 0 1 -1 0 0 0 -1 0 32014.dat
1 4 140 0 130 0 0 -1 0 -1 0 -1 0 0 32062.dat
1 72 140 0 160 0 -1 0 1 0 0 0 0 1 32192.dat
1 0 140 -10 160 0 -1 0 1 0 0 0 0 1 3673.dat
1 1 140 0 100 0 1 0 1 0 0 0 0 -1 32556.dat
1 0 140 -20 220 -1 0 0 0 1 0 0 0 -1 32271.dat
0 STEP
1 71 40 -20 240 1 0 0 0 1 0 0 0 1 32524.dat
1 0 40 -30 200 0 1 0 -1 0 0 0 0 1 3673.dat
1 0 40 -30 240 0 1 0 -1 0 0 0 0 1 3673.dat
1 0 40 -10 260 0 1 0 -1 0 0 0 0 1 3673.dat
1 0 40 -10 300 0 1 0 -1 0 0 0 0 1 3673.dat
0 STEP
1 0 40 -30 220 0 1 0 -1 0 0 0 0 1 3705.dat
1 71 40 0 220 0 1 0 0 0 -1 -1 0 0 3713.dat
1 4 60 -40 220 0 0 1 -1 0 0 0 -1 0 6641.dat
0 STEP
1 0 40 -60 220 0 0 1 0 1 0 -1 0 0 33299.dat
1 71 80 -40 200 1 0 0 0 0 -1 0 1 0 42003.dat
1 19 90 -40 180 -1 0 0 0 1 0 0 0 -1 3749.dat
0 STEP
1 4 30 -40 280 1 0 0 0 1 0 0 0 1 32062.dat
1 4 50 -40 280 0 0 -1 0 1 0 1 0 0 59443.DAT
1 71 80 -40 280 1 0 0 0 1 0 0 0 1 4519.dat
1 4 -30 -40 280 -1 0 0 0 1 0 0 0 -1 32062.dat
1 4 -50 -40 280 0 0 1 0 1 0 -1 0 0 59443.DAT
1 71 -80 -40 280 -1 0 0 0 1 0 0 0 -1 4519.dat
0 STEP
1 0 -120 10 340 0 -1 0 1 0 0 0 0 1 3673.dat
1 0 -40 10 340 0 -1 0 1 0 0 0 0 1 3673.dat
1 0 40 10 340 0 -1 0 1 0 0 0 0 1 3673.dat
1 0 120 10 340 0 -1 0 1 0 0 0 0 1 3673.dat
1 71 0 20 100 0 0 -1 0 1 0 1 0 0 32278.dat
0 STEP
1 4 120 20 340 0 0 -1 0 1 0 1 0 0 32526.dat
1 4 -120 20 340 0 0 1 0 -1 0 1 0 0 32526.dat
1 4 0 0 30 -1 0 0 0 1 0 0 0 -1 59443.DAT
1 0 0 0 -50 0 0 -1 0 1 0 1 0 0 3707.dat
1 4 0 0 0 0 0 1 0 1 0 -1 0 0 32034.dat
0 STEP
1 71 0 0 -280 1 0 0 0 1 0 0 0 1 44294.dat
1 0 -60 0 -260 1 0 0 0 0 1 0 -1 0 32184.dat
1 1 -50 0 -240 -1 0 0 0 1 0 0 0 -1 3749.dat
0 STEP
1 71 -40 0 -140 0 -1 0 -1 0 0 0 0 -1 32278.dat
1 0 -30 0 -220 1 0 0 0 1 0 0 0 1 3673.dat
1 71 -20 0 -280 0 -1 0 -1 0 0 0 0 -1 32524.dat
1 71 0 0 -300 1 0 0 0 1 0 0 0 1 32073.dat
1 4 -40 0 -300 0 -1 0 -1 0 0 0 0 -1 32140.dat
1 0 -30 0 -340 1 0 0 0 1 0 0 0 1 3673.dat
1 71 0 0 -300 0 0 -1 0 1 0 1 0 0 3713.dat
1 1 30 0 -200 -1 0 0 0 1 0 0 0 -1 3749.dat
1 4 0 0 -200 0 0 -1 0 1 0 1 0 0 32034.dat
1 1 -30 0 -200 1 0 0 0 1 0 0 0 1 3749.dat
1 4 -40 0 -140 1 0 0 0 1 0 0 0 1 32054.dat
1 4 -40 0 -120 1 0 0 0 1 0 0 0 1 32054.dat
1 71 0 -20 -280 -1 0 0 0 -1 0 0 0 1 42003.dat
1 71 20 0 -280 0 -1 0 -1 0 0 0 0 -1 32524.dat
1 0 30 0 -220 1 0 0 0 1 0 0 0 1 3673.dat
1 0 30 0 -340 1 0 0 0 1 0 0 0 1 3673.dat
0 STEP
1 71 40 0 -140 0 -1 0 -1 0 0 0 0 -1 32278.dat
1 4 40 0 -120 -1 0 0 0 1 0 0 0 -1 32054.dat
1 4 40 0 -140 -1 0 0 0 1 0 0 0 -1 32054.dat
1 0 60 0 -260 -1 0 0 0 0 -1 0 -1 0 32184.dat
1 1 50 0 -240 1 0 0 0 -1 0 0 0 -1 3749.dat
1 4 40 0 -300 0 -1 0 -1 0 0 0 0 -1 32140.dat
1 1 60 0 -260 0 -1 0 1 0 0 0 0 1 32556.dat
1 1 -60 0 -260 0 -1 0 1 0 0 0 0 1 32556.dat
0 STEP
1 0 0 -20 -200 1 0 0 0 1 0 0 0 1 87761.dat
1 4 -40 -20 -210 0 0 1 0 1 0 -1 0 0 32062.dat
1 4 40 -20 -210 0 0 1 0 1 0 -1 0 0 32062.dat
1 71 60 -20 -220 0 0 1 0 1 0 -1 0 0 32039.dat
1 71 -60 -20 -220 0 0 -1 0 1 0 1 0 0 32039.dat
1 4 -70 -20 -220 1 0 0 0 1 0 0 0 1 32062.dat
1 4 70 -20 -220 1 0 0 0 1 0 0 0 1 32062.dat
1 0 100 -20 -220 0 0 1 -1 0 0 0 -1 0 32013.dat
1 0 -100 -20 -220 0 0 -1 -1 0 0 0 1 0 32013.dat
0 STEP
1 71 100 0 -240 1 0 0 0 0 -1 0 1 0 48989.dat
1 72 130 0 -260 -1 0 0 0 1 0 0 0 -1 87083.dat
1 14 115 0 -260 0 0 1 0 1 0 -1 0 0 32123a.dat
1 14 125 0 -260 0 0 1 0 1 0 -1 0 0 32123a.dat
1 14 135 0 -260 0 0 1 0 1 0 -1 0 0 32123a.dat
1 71 -100 0 -240 -1 0 0 0 0 1 0 1 0 48989.dat
1 72 -130 0 -260 1 0 0 0 -1 0 0 0 -1 87083.dat
1 14 -115 0 -260 0 0 -1 0 -1 0 -1 0 0 32123a.dat
1 14 -125 0 -260 0 0 -1 0 -1 0 -1 0 0 32123a.dat
1 14 -135 0 -260 0 0 -1 0 -1 0 -1 0 0 32123a.dat
1 71 0 -20 -260 0 0 -1 0 1 0 1 0 0 32525.dat
0 STEP
1 71 0 20 -220 0 0 -1 0 1 0 1 0 0 32525.dat
1 0 80 20 -260 0 0 -1 0 1 0 1 0 0 32523.dat
1 0 -80 20 -260 0 0 -1 0 1 0 1 0 0 32523.dat
0 STEP
1 4 -20 -80 -160 0 1 0 0 0 1 1 0 0 32526.dat
1 0 0 -80 -160 1 0 0 0 0 -1 0 1 0 87082.dat
1 71 0 -20 -160 0 0 -1 0 1 0 1 0 0 48989.dat
1 4 20 -80 -160 0 1 0 0 0 1 1 0 0 32526.dat
1 0 0 0 -170 0 0 -1 0 1 0 1 0 0 3705.dat
1 4 0 0 -130 1 0 0 0 1 0 0 0 1 59443.DAT
1 71 0 0 -180 1 0 0 0 1 0 0 0 1 94925.dat
0 STEP
1 0 0 -40 -190 0 0.707107 -0.707107 0 0.707107 0.707107 1 0 0 3706.dat
1 4 0 -40 -250 0.707107 0.707107 0 -0.707107 0.707107 0 0 0 1 59443.DAT
1 71 0 -40 -220 0.707107 0.707107 0 -0.707107 0.707107 0 0 0 1 3713.dat
1 19 0 -40 -270 0 0.707107 -0.707107 0 0.707107 0.707107 1 0 0 3749.dat
1 0 0 -40 -200 0.707107 0.707107 0 -0.707107 0.707107 0 0 0 1 32270.dat
1 72 0 -40 -180 -0.707107 0.707107 0 0.707107 0.707107 0 0 0 -1 6542a.dat
1 4 0 -40 -130 0.707107 0.707107 0 -0.707107 0.707107 0 0 0 1 59443.DAT
0 STEP
1 71 80 0 -140 1 0 0 0 1 0 0 0 1 4519.dat
1 4 75 0 -140 0 1 0 0 0 -1 -1 0 0 41677.dat
1 4 85 0 -140 0 1 0 0 0 -1 -1 0 0 41677.dat
1 4 120 0 -140 1 0 0 0 1 0 0 0 1 32054.dat
1 4 90 -20 -140 1 0 0 0 1 0 0 0 1 32062.dat
1 4 110 -20 -140 0 0 1 0 1 0 -1 0 0 59443.DAT
1 4 130 -20 -140 1 0 0 0 1 0 0 0 1 32062.dat
1 71 -80 0 -140 -1 0 0 0 1 0 0 0 -1 4519.dat
1 4 -75 0 -140 0 -1 0 0 0 -1 1 0 0 41677.dat
1 4 -85 0 -140 0 -1 0 0 0 -1 1 0 0 41677.dat
1 4 -120 0 -140 -1 0 0 0 1 0 0 0 -1 32054.dat
1 4 -110 -20 -140 0 0 -1 0 1 0 1 0 0 59443.DAT
1 4 -90 -20 -140 -1 0 0 0 1 0 0 0 -1 32062.dat
1 4 -130 -20 -140 -1 0 0 0 1 0 0 0 -1 32062.dat
0 STEP
1 0 50 0 0 1 0 0 0 1 0 0 0 1 3705.dat
1 0 -50 0 0 1 0 0 0 1 0 0 0 1 3705.dat
1 4 100 0 0 1 0 0 0 1 0 0 0 1 32054.dat
1 4 -100 0 0 -1 0 0 0 1 0 0 0 -1 32054.dat
0 STEP
1 71 0 -40 0 0 -0.707106 0.707107 0 0.707107 0.707107 -1 0 0 4519.dat
1 14 0 -40 0 0.707107 -0.707106 0 0.707107 0.707107 0 0 0 1 32072.dat
1 4 0 -40 -30 0.707107 -0.707106 0 0.707107 0.707107 0 0 0 1 59443.DAT
1 71 0 -40 -80 0 -0.707106 -0.707107 0 0.707107 -0.707107 1 0 0 32073.dat
0 STEP
1 71 -60 -140 -160 1 0 0 0 1 0 0 0 1 32073.dat
1 0 -60 -120 -160 -1 0 0 0 1 0 0 0 -1 32184.dat
1 1 -50 -100 -160 -1 0 0 0 1 0 0 0 -1 3749.dat
1 71 -40 -80 -160 0 1 0 0 0 1 1 0 0 32524.dat
1 0 0 -140 -160 0 0 -1 0 1 0 1 0 0 32034.dat
1 0 -50 -80 -160 1 0 0 0 1 0 0 0 1 3673.dat
1 0 -30 -60 -160 1 0 0 0 1 0 0 0 1 3673.dat
1 0 -30 -20 -160 1 0 0 0 1 0 0 0 1 3673.dat
0 STEP
1 0 30 -60 -160 -1 0 0 0 1 0 0 0 -1 3673.dat
1 71 40 -80 -160 0 -1 0 0 0 1 -1 0 0 32524.dat
1 0 50 -80 -160 -1 0 0 0 1 0 0 0 -1 3673.dat
1 0 30 -20 -160 -1 0 0 0 1 0 0 0 -1 3673.dat
1 71 60 -140 -160 -1 0 0 0 1 0 0 0 -1 32073.dat
1 0 60 -120 -160 1 0 0 0 1 0 0 0 1 32184.dat
1 1 50 -100 -160 1 0 0 0 1 0 0 0 1 3749.dat
1 71 0 -120 -180 -1 0 0 0 1 0 0 0 -1 32073.dat
1 71 -20 -120 -180 0 0 -1 0 1 0 1 0 0 3713.dat
1 71 -40 -120 -180 0 0 1 0 1 0 -1 0 0 32039.dat
1 4 -5 -120 -180 0 -1 0 0 0 -1 1 0 0 41677.dat
1 4 5 -120 -180 0 -1 0 0 0 -1 1 0 0 41677.dat
1 71 20 -120 -180 0 0 -1 0 1 0 1 0 0 3713.dat
1 71 40 -120 -180 0 0 -1 0 1 0 1 0 0 32039.dat
1 71 0 -140 -180 1 0 0 0 1 0 0 0 1 4519.dat
1 0 60 -120 -170 0 0 -1 0 1 0 1 0 0 3705.dat
1 0 -60 -120 -170 0 0 -1 0 1 0 1 0 0 3705.dat
1 71 80 -120 -200 0 0 1 0 1 0 -1 0 0 32039.dat
1 71 -80 -120 -200 0 0 -1 0 1 0 1 0 0 32039.dat
0 STEP
1 71 -100 -120 -200 1 0 0 0 1 0 0 0 1 4519.dat
1 71 -100 -120 -200 0 0 -1 0 1 0 1 0 0 3713.dat
1 71 100 -120 -200 1 0 0 0 1 0 0 0 1 4519.dat
1 71 100 -120 -200 0 0 -1 0 1 0 1 0 0 3713.dat
1 0 120 -120 -200 0 -1 0 0 0 1 -1 0 0 60483.dat
1 0 -120 -120 -200 0 -1 0 0 0 1 -1 0 0 60483.dat
1 0 -130 -100 -200 1 0 0 0 1 0 0 0 1 3673.dat
1 0 130 -100 -200 1 0 0 0 1 0 0 0 1 3673.dat
0 STEP
1 0 -60 -120 -120 1 0 0 0 1 0 0 0 1 32013.dat
1 0 -50 -120 -120 1 0 0 0 1 0 0 0 1 3673.dat
1 0 -40 -120 -120 1 0 0 0 0.551937 0.833886 0 -0.833886 0.551937 32013.dat
1 1 -40 -145.017 -136.558 0 0 -1 0.833886 0.551937 0 0.551937 -0.833886 0 3749.dat
1 0 40 -120 -120 1 0 0 0 0.551937 0.833886 0 -0.833886 0.551937 32013.dat
1 0 50 -120 -120 1 0 0 0 1 0 0 0 1 3673.dat
1 71 60 -120 -120 1 0 0 0 1 0 0 0 1 32192.dat
1 4 60 -141.213 -98.7868 0 0 -1 -0.707107 0.707106 0 0.707106 0.707107 0 32062.dat
1 71 60 -158.184 -81.8162 -1 0 0 0 0.707106 -0.707107 0 -0.707106 -0.707107 2819.dat
1 1 40 -145.017 -136.558 0 0 -1 0.833886 0.551937 0 0.551937 -0.833886 0 3749.dat
0 STEP
1 0 0 -153.356 -142.077 0 0 -1 -0.551937 0.833886 0 0.833886 0.551937 0 32525.dat
0 STEP
1 4 120 -140 -160 1 0 0 0 1 0 0 0 1 32054.dat
1 72 120 -154.979 -146.748 0 0 -1 0.66262 0.748956 0 0.748955 -0.66262 0 6536.dat
1 72 140 -158.478 -167.654 0 0 -1 -0.382683 0.923879 0 0.923879 0.382683 0 6536.dat
1 1 120 -161.605 -154.238 0 0 -1 0.66262 0.748956 0 0.748955 -0.66262 0 3749.dat
1 4 140 -162.305 -158.415 0 0 -1 -0.382683 0.923879 0 0.923879 0.382683 0 32062.dat
1 0 140 -166.131 -149.176 0 0 -1 -0.923879 -0.382683 0 -0.382683 0.923879 0 41669.dat
1 4 -120 -140 -160 -1 0 0 0 1 0 0 0 -1 32054.dat
1 72 -140 -158.478 -167.654 0 0 -1 -0.382683 0.923879 0 0.923879 0.382683 0 6536.dat
1 4 -140 -162.305 -158.415 0 0 -1 -0.382683 0.923879 0 0.923879 0.382683 0 32062.dat
1 0 -140 -166.131 -149.176 0 0 1 0.923879 -0.382683 0 0.382683 0.923879 0 41669.dat
1 72 -120 -155.208 -147.011 0 0 -1 0.649448 0.760406 0 0.760406 -0.649448 0 6536.dat
1 1 -120 -161.702 -154.615 0 0 -1 0.649448 0.760406 0 0.760406 -0.649448 0 3749.dat
0 STEP
1 0 -20 -120 -250 0 0 -1 0 1 0 1 0 0 3673.dat
1 1 -20 -120 -300 0 0 1 0 1 0 -1 0 0 32556.dat
1 71 0 -130 -300 1 0 0 0 1 0 0 0 1 32333.dat
1 71 -52.8 -119.6 -230 0.6 0.799999 0 -0.799999 0.6 0 0 0 1 2850a.dat
1 0 -44 -88 -250 0 0 -1 0 1 0 1 0 0 3673.dat
1 71 -52.8 -119.6 -270 0.6 0.799999 0 -0.799999 0.6 0 0 0 1 2850a.dat
1 0 -44 -88 -290 0 0 1 0 1 0 -1 0 0 3673.dat
0 STEP
1 0 0 -80 -180 0 0 -1 0 1 0 1 0 0 3705.dat
1 71 0 -80 -230 1 0 0 0 -1 0 0 0 -1 2853.dat
1 71 -10 -80 -230.2 -0.707106 0.707106 0 0.707106 0.707106 0 0 0 -1 2852.dat
1 72 0 -80 -250.2 -1 0 0 0 -1 0 0 0 1 2854.dat
1 71 0 -80 -270.4 -1 0 0 0 -1 0 0 0 1 2853.dat
1 71 10 -80 -269.8 -0.469471 0.882947 0 0.882947 0.469471 0 0 0 -1 2852.dat
1 4 0 -80 -300 0 0 1 0 1 0 -1 0 0 32062.dat
1 71 52.8 -119.6 -230 -0.6 -0.799999 0 -0.799999 0.6 0 0 0 -1 2850a.dat
1 71 52.8 -119.6 -270 -0.6 -0.799999 0 -0.799999 0.6 0 0 0 -1 2850a.dat
1 71 -10 -80 -230.2 0.469471 -0.882947 0 0.882947 0.469471 0 0 0 1 2852.dat
1 71 10 -80 -269.8 0.707106 -0.707106 0 0.707106 0.707106 0 0 0 1 2852.dat
1 1 20 -120 -300 0 0 1 0 1 0 -1 0 0 32556.dat
1 0 44 -88 -290 0 0 1 0 1 0 -1 0 0 3673.dat
1 0 44 -88 -250 0 0 1 0 1 0 -1 0 0 3673.dat
1 0 20 -120 -250 0 0 1 0 1 0 -1 0 0 3673.dat
1 14 38.0784 -108.559 -270 -0.6 -0.799999 0 -0.799999 0.6 0 0 0 -1 2851.dat
1 14 -38.0783 -108.559 -230 0.6 0.799999 0 -0.799999 0.6 0 0 0 1 2851.dat
1 14 -25.2173 -98.913 -270 0.6 0.799999 0 -0.799999 0.6 0 0 0 1 2851.dat
1 14 25.2173 -98.9129 -230 -0.6 -0.799999 0 -0.799999 0.6 0 0 0 -1 2851.dat
0 STEP
1 0 44 -88 -210 0 0 1 0 1 0 -1 0 0 3673.dat
1 0 -44 -88 -210 0 0 1 0 1 0 -1 0 0 3673.dat
1 0 -20 -120 -210 0 0 1 0 1 0 -1 0 0 3673.dat
1 0 20 -120 -210 0 0 1 0 1 0 -1 0 0 3673.dat
1 71 0 -130 -200 1 0 0 0 1 0 0 0 1 32333.dat
1 71 0 -80 -180 1 0 0 0 1 0 0 0 1 94925.dat
0 STEP
1 71 0 -40 -320 -1 0 0 0 1 0 0 0 -1 4519.dat
1 4 25 -40 -320 0 -1 0 0 0 -1 1 0 0 41677.dat
1 71 0 -60 -320 -1 0 0 0 1 0 0 0 -1 4519.dat
1 4 15 -40 -320 0 -1 0 0 0 -1 1 0 0 41677.dat
1 0 0 -80 -320 -1 0 0 0 1 0 0 0 -1 32184.dat
1 0 0 -20 -320 -1 0 0 0 1 0 0 0 -1 32184.dat
1 4 -25 -40 -320 0 -1 0 0 0 -1 1 0 0 41677.dat
1 4 -15 -40 -320 0 -1 0 0 0 -1 1 0 0 41677.dat
1 0 0 -100 -320 -1 0 0 0 1 0 0 0 -1 3707.dat
1 72 -20 -100 -320 -1 0 0 0 -1 0 0 0 1 6536.dat
1 72 20 -100 -320 -1 0 0 0 -1 0 0 0 1 6536.dat
1 14 35 -100 -320 0 0 -1 0 1 0 1 0 0 32123a.dat
1 14 -35 -100 -320 0 0 -1 0 1 0 1 0 0 32123a.dat
1 72 -50 -100 -320 -1 0 0 0 1 0 0 0 -1 32291.dat
1 72 50 -100 -320 -1 0 0 0 1 0 0 0 -1 32291.dat
0 STEP
1 71 0 0 -320 1 0 0 0 1 0 0 0 1 32073.dat
0 STEP
1 0 0 -130 20 0 -1 0 1 0 0 0 0 1 3707.dat
1 14 0 -60 20 0 -1 0 0 0 -1 1 0 0 32072.dat
1 4 0 -80 20 0 0 1 -1 0 0 0 -1 0 32034.dat
1 0 -50 -80 20 1 0 0 0 1 0 0 0 1 3705.dat
1 0 50 -80 20 1 0 0 0 1 0 0 0 1 3705.dat
1 71 0 -100 20 0 -1 0 0 0 -1 1 0 0 3713.dat
1 0 0 -210 20 0 -1 0 0 0 -1 1 0 0 59443.DAT
1 71 -35 -80 60 0 -1 0 -1 0 0 0 0 -1 6632.dat
1 0 0 -80 60 1 0 0 0 1 0 0 0 1 3705.dat
1 71 -20 -80 60 0 0 1 0 1 0 -1 0 0 3713.dat
1 71 0 -80 60 0 0 1 0 1 0 -1 0 0 3713.dat
1 71 20 -80 60 0 0 1 0 1 0 -1 0 0 3713.dat
1 71 35 -80 60 0 -1 0 -1 0 0 0 0 -1 6632.dat
0 STEP
1 72 -45 -80 20 0 -1 0 0 0 1 -1 0 0 32056.dat
1 4 -30 -40 20 1 0 0 0 1 0 0 0 1 32062.dat
1 14 -35 -40 20 0 0 -1 0 1 0 1 0 0 32123a.dat
1 4 0 -40 20 0 0 -1 0 1 0 1 0 0 32034.dat
0 STEP
1 71 0 -80 -40 1 0 0 0 1 0 0 0 1 4519.dat
1 4 -25 -80 -40 0 1 0 -1 0 0 0 0 1 41677.dat
1 4 -15 -80 -40 0 1 0 0 0 -1 -1 0 0 41677.dat
1 71 0 -80 -40 0 0 -1 0 1 0 1 0 0 3713.dat
1 4 15 -80 -40 0 1 0 0 0 -1 -1 0 0 41677.dat
1 4 25 -80 -40 0 1 0 -1 0 0 0 0 1 41677.dat
1 71 0 -80 -20 1 0 0 0 1 0 0 0 1 60485.dat
1 14 -35 -80 -20 0 0 1 0 1 0 -1 0 0 32123a.dat
1 14 35 -80 -20 0 0 1 0 1 0 -1 0 0 32123a.dat
1 72 45 -80 20 0 -1 0 0 0 1 -1 0 0 32056.dat
1 4 30 -40 20 -1 0 0 0 1 0 0 0 -1 32062.dat
1 14 35 -40 20 0 0 1 0 1 0 -1 0 0 32123a.dat
0 STEP
1 71 60 -80 -80 0 1 0 -1 0 0 0 0 1 32525.dat
1 4 60 -80 -140 -1 0 0 0 1 0 0 0 -1 32054.dat
0 STEP
1 4 -30 -80 -60 0 0 -1 0 1 0 1 0 0 59443.DAT
1 19 -50 -80 -60 1 0 0 0 1 0 0 0 1 3749.dat
1 71 0 -80 -60 1 0 0 0 1 0 0 0 1 4519.dat
1 4 30 -80 -60 0 0 -1 0 1 0 1 0 0 59443.DAT
1 0 70 -80 -60 -1 0 0 0 1 0 0 0 -1 3705.dat
1 71 -60 -80 -80 0 1 0 -1 0 0 0 0 1 32525.dat
1 4 -60 -80 -140 1 0 0 0 1 0 0 0 1 32054.dat
1 1 -80 -80 0 -1 0 0 0 1 0 0 0 -1 32556.dat
0 STEP
1 4 -40 -80 420 0 1 0 0 0 1 1 0 0 32526.dat
1 4 40 -80 420 0 1 0 0 0 1 1 0 0 32526.dat
0 STEP
1 71 60 -40 20 0 1 0 -1 0 0 0 0 1 40490.dat
1 71 80 -40 80 0 0 1 -1 0 0 0 -1 0 48989.dat
1 0 80 -80 -60 0 -1 0 0 0 1 -1 0 0 33299.dat
1 71 100 -40 120 0 1 0 -1 0 0 0 0 1 32524.dat
0 STEP
1 71 0 -80 140 0 0 -1 0 1 0 1 0 0 44294.dat
1 71 0 -80 80 1 0 0 0 1 0 0 0 1 3713.dat
1 4 0 -80 100 0 0 -1 0 1 0 1 0 0 32034.dat
1 0 0 -80 130 0 0 -1 0 1 0 1 0 0 62462.dat
1 4 0 -80 160 0 0 -1 0 1 0 1 0 0 32034.dat
1 14 0 -80 175 -1 0 0 0 1 0 0 0 -1 32123a.dat
1 71 0 -80 190 -1 0 0 0 1 0 0 0 -1 94925.dat
1 14 0 -80 205 -1 0 0 0 1 0 0 0 -1 32123a.dat
0 STEP
1 71 -60 -80 160 -1 0 0 0 1 0 0 0 -1 32073.dat
1 71 -60 -80 100 -1 0 0 0 1 0 0 0 -1 32073.dat
1 71 -40 -80 100 0 0 1 0 1 0 -1 0 0 3713.dat
1 71 60 -80 100 -1 0 0 0 1 0 0 0 -1 32073.dat
1 71 40 -80 100 0 0 1 0 1 0 -1 0 0 3713.dat
1 71 60 -80 160 -1 0 0 0 1 0 0 0 -1 32073.dat
1 0 40 -80 160 0 -1 0 -1 0 0 0 0 -1 60483.dat
1 0 -40 -80 160 0 -1 0 -1 0 0 0 0 -1 60483.dat
1 1 -60 -80 140 -1 0 0 0 1 0 0 0 -1 32556.dat
1 1 60 -80 140 1 0 0 0 1 0 0 0 1 32556.dat
1 71 60 -80 160 0 0 1 0 1 0 -1 0 0 3713.dat
1 71 -60 -80 160 0 0 1 0 1 0 -1 0 0 3713.dat
1 4 -60 -160 140 0 -1 0 0 0 1 -1 0 0 32526.dat
0 STEP
1 4 -40 -160 220 0 1 0 1 0 0 0 0 -1 32526.dat
1 0 -50 -160 180 1 0 0 0 1 0 0 0 1 3673.dat
1 0 -50 -160 140 1 0 0 0 1 0 0 0 1 3673.dat
1 0 -50 -140 140 1 0 0 0 1 0 0 0 1 3673.dat
1 4 -40 -160 200 -1 0 0 0 1 0 0 0 -1 32054.dat
1 0 -60 -140 190 0 0 -1 0 -1 0 -1 0 0 32557.dat
1 71 0 -100 170 1 0 0 0 1 0 0 0 1 4519.dat
1 72 0 -100 170 1 0 0 0 -1 0 0 0 -1 6536.dat
1 71 20 -100 170 0 0 -1 0 1 0 1 0 0 32039.dat
1 71 -20 -100 170 0 0 1 0 1 0 -1 0 0 32039.dat
1 0 -40 -100 140 1 0 0 0 0 -1 0 1 0 6553.dat
1 0 40 -100 140 1 0 0 0 0 -1 0 1 0 6553.dat
1 1 -50 -100 140 1 0 0 0 1 0 0 0 1 3749.dat
1 4 50 -100 140 1 0 0 0 1 0 0 0 1 32062.dat
1 0 0 -120 190 0 0 -1 0 1 0 1 0 0 3705.dat
1 19 0 -120 157 -1 0 0 0 1 0 0 0 -1 6589.dat
1 71 0 -120 190 -1 0 0 0 1 0 0 0 -1 94925.dat
1 71 0 -160 200 -1 0 0 0 1 0 0 0 -1 4519.dat
1 4 40 -160 200 1 0 0 0 1 0 0 0 1 32054.dat
1 0 -30 -120 140 -1 0 0 0 1 0 0 0 -1 3705.dat
1 0 -20 -120 140 0 0 -1 0 1 0 1 0 0 32270.dat
1 4 10 -120 140 0 0 -1 0 1 0 1 0 0 59443.DAT
1 71 40 -120 140 -1 0 0 0 1 0 0 0 -1 4519.dat
0 STEP
1 71 0 -160 160 -1 0 0 0 1 0 0 0 -1 32073.dat
1 72 -20 -160 160 0 0 1 0 1 0 -1 0 0 3648b.dat
1 71 0 -160 160 1 0 0 0 1 0 0 0 1 61510.dat
1 71 20 -160 160 0 0 -1 0 1 0 1 0 0 3713.dat
1 4 40 -160 220 0 1 0 1 0 0 0 0 -1 32526.dat
1 0 50 -160 140 1 0 0 0 1 0 0 0 1 3673.dat
1 0 50 -160 180 1 0 0 0 1 0 0 0 1 3673.dat
1 0 50 -160 220 1 0 0 0 1 0 0 0 1 3673.dat
0 STEP
1 4 60 -160 140 0 -1 0 0 0 1 -1 0 0 32526.dat
1 0 60 -140 190 0 0 -1 0 -1 0 -1 0 0 32557.dat
1 71 0 -120 210 0 0 -1 1 0 0 0 -1 0 32524.dat
1 0 -60 -120 200 0 0 -1 0 1 0 1 0 0 3673.dat
1 0 -40 -120 200 0 0 -1 0 1 0 1 0 0 3673.dat
1 0 40 -120 200 0 0 -1 0 1 0 1 0 0 3673.dat
1 0 60 -120 200 0 0 -1 0 1 0 1 0 0 3673.dat
1 0 40 -100 190 0 0 -1 0 1 0 1 0 0 32557.dat
1 0 -40 -100 190 0 0 -1 0 1 0 1 0 0 32557.dat
1 71 -80 -80 100 0 -1 0 -1 0 0 0 0 -1 41239.dat
1 1 -60 -80 180 1 0 0 0 1 0 0 0 1 32556.dat
1 71 -60 -80 300 0 -1 0 -1 0 0 0 0 -1 41239.dat
1 0 -50 -80 200 -1 0 0 0 1 0 0 0 -1 3673.dat
1 0 -50 -80 420 -1 0 0 0 1 0 0 0 -1 3673.dat
1 0 -70 -80 340 -1 0 0 0 1 0 0 0 -1 3673.dat
0 STEP
1 4 0 -80 220 0 0 -1 0 1 0 1 0 0 32034.dat
1 72 0 -80 290 0 0 1 0 1 0 -1 0 0 55013.dat
1 14 0 -80 235 1 0 0 0 1 0 0 0 1 32123a.dat
1 71 0 -80 250 1 0 0 0 1 0 0 0 1 94925.dat
1 72 0 -100 270 1 0 0 0 1 0 0 0 1 6536.dat
1 14 0 -80 285 1 0 0 0 1 0 0 0 1 32123a.dat
1 71 0 -80 310 1 0 0 0 1 0 0 0 1 4716.dat
1 14 0 -80 335 1 0 0 0 1 0 0 0 1 32123a.dat
1 72 0 -100 350 1 0 0 0 1 0 0 0 1 6536.dat
1 71 0 -100 350 1 0 0 0 1 0 0 0 1 32073.dat
1 71 0 -100 270 1 0 0 0 1 0 0 0 1 32073.dat
1 72 -15 -100 310 0 -1 0 0 0 -1 1 0 0 2905.dat
0 STEP
1 0 0 -120 310 1 0 0 0 0 -1 0 1 0 3705.dat
1 14 -35 -120 310 0 0 1 1 0 0 0 1 0 32123a.dat
1 71 -25 -120 310 0 1 0 0 0 -1 -1 0 0 6632.dat
1 1 -30 -160 310 1 0 0 0 0 -1 0 1 0 3749.dat
1 72 0 -120 310 0 0 1 0 1 0 -1 0 0 3648b.dat
1 72 15 -100 310 0 -1 0 0 0 -1 1 0 0 2905.dat
1 71 25 -120 310 0 1 0 0 0 -1 -1 0 0 6632.dat
1 14 35 -120 310 0 0 1 1 0 0 0 1 0 32123a.dat
1 1 30 -160 310 -1 0 0 0 0 1 0 1 0 3749.dat
1 71 -25 -100 310 0 1 0 -1 0 0 0 0 1 32017.dat
1 0 -30 -100 330 1 0 0 0 1 0 0 0 1 3673.dat
1 0 -30 -100 290 1 0 0 0 1 0 0 0 1 3673.dat
1 0 30 -100 290 -1 0 0 0 1 0 0 0 -1 3673.dat
1 71 25 -100 310 0 -1 0 -1 0 0 0 0 -1 32017.dat
1 0 30 -100 330 -1 0 0 0 1 0 0 0 -1 3673.dat
0 STEP
1 71 40 -80 300 0 0 -1 0 1 0 1 0 0 44294.dat
1 71 40 -80 260 1 0 0 0 1 0 0 0 1 3713.dat
1 71 40 -80 240 1 0 0 0 1 0 0 0 1 32039.dat
1 72 40 -80 280 0 0 -1 0 -1 0 -1 0 0 32291.dat
1 0 40 -80 310 0 0 1 0 1 0 -1 0 0 62462.dat
1 72 40 -80 340 0 0 -1 0 -1 0 -1 0 0 32291.dat
1 71 40 -80 360 -1 0 0 0 1 0 0 0 -1 32039.dat
1 72 -40 -80 340 0 0 -1 0 -1 0 -1 0 0 32291.dat
1 71 -40 -80 300 0 0 -1 0 1 0 1 0 0 44294.dat
1 71 -40 -80 240 1 0 0 0 1 0 0 0 1 32039.dat
1 71 -40 -80 260 1 0 0 0 1 0 0 0 1 3713.dat
1 72 -40 -80 280 0 0 -1 0 -1 0 -1 0 0 32291.dat
1 71 -40 -80 360 -1 0 0 0 1 0 0 0 -1 32039.dat
1 0 -40 -80 310 0 0 1 0 1 0 -1 0 0 62462.dat
1 71 -60 -80 380 1 0 0 0 1 0 0 0 1 32073.dat
1 71 60 -80 380 1 0 0 0 1 0 0 0 1 32073.dat
1 4 0 -80 380 0 0 1 0 1 0 -1 0 0 32034.dat
1 0 70 -80 220 -1 0 0 0 1 0 0 0 -1 3706.dat
1 0 -70 -80 220 -1 0 0 0 1 0 0 0 -1 3706.dat
0 STEP
1 71 60 -80 300 0 -1 0 -1 0 0 0 0 -1 41239.dat
1 1 60 -80 180 1 0 0 0 1 0 0 0 1 32556.dat
1 0 50 -80 200 -1 0 0 0 1 0 0 0 -1 3673.dat
1 0 50 -80 420 -1 0 0 0 1 0 0 0 -1 3673.dat
1 0 70 -80 340 -1 0 0 0 1 0 0 0 -1 3673.dat
0 STEP
1 71 80 -80 100 0 -1 0 -1 0 0 0 0 -1 41239.dat
1 4 80 0 280 0 1 0 0 0 -1 -1 0 0 32526.dat
1 0 70 -80 280 -1 0 0 0 1 0 0 0 -1 3673.dat
1 1 80 -80 240 1 0 0 0 1 0 0 0 1 32556.dat
1 0 -70 -80 280 -1 0 0 0 1 0 0 0 -1 3673.dat
1 4 -80 0 280 0 1 0 0 0 -1 -1 0 0 32526.dat
1 1 -80 -80 240 -1 0 0 0 1 0 0 0 -1 32556.dat
1 72 -80 -80 380 1 0 0 0 0 -1 0 1 0 6536.dat
1 72 80 -80 380 1 0 0 0 0 -1 0 1 0 6536.dat
1 0 80 -90 400 0 1 0 1 0 0 0 0 -1 3673.dat
1 0 -80 -90 400 0 1 0 1 0 0 0 0 -1 3673.dat
1 4 -105 -80 380 0 1 0 0 0 -1 -1 0 0 41677.dat
1 4 -95 -80 380 0 1 0 0 0 -1 -1 0 0 41677.dat
1 4 105 -80 380 0 1 0 0 0 -1 -1 0 0 41677.dat
1 4 95 -80 380 0 1 0 0 0 -1 -1 0 0 41677.dat
0 STEP
1 0 100 -80 100 0 1 0 1 0 0 0 0 -1 60484.dat
1 71 110 -100 60 1 0 0 0 1 0 0 0 1 3673.dat
1 1 100 -80 60 1 0 0 0 1 0 0 0 1 32556.dat
1 1 -100 -80 60 -1 0 0 0 1 0 0 0 -1 32556.dat
1 0 -100 -80 100 0 1 0 1 0 0 0 0 -1 60484.dat
1 71 -110 -100 60 1 0 0 0 1 0 0 0 1 3673.dat
1 71 -100 -40 0 0 1 0 0 0 -1 -1 0 0 32316.dat
1 71 100 -40 0 0 1 0 0 0 -1 -1 0 0 32316.dat
1 1 80 -80 0 -1 0 0 0 1 0 0 0 -1 32556.dat
1 72 100 -80 160 -1 0 0 0 0 -1 0 -1 0 6536.dat
1 72 -100 -80 160 -1 0 0 0 0 -1 0 -1 0 6536.dat
1 4 -100 -80 140 0 0 -1 1 0 0 0 -1 0 32054.dat
1 4 100 -80 140 0 0 -1 1 0 0 0 -1 0 32054.dat
1 71 0 -60 140 0 0 -1 0 1 0 1 0 0 32525.dat
0 STEP
1 71 140 0 -60 0 1 0 -1 0 0 0 0 1 40490.dat
1 0 130 0 -120 1 0 0 0 1 0 0 0 1 3673.dat
1 0 130 0 -20 1 0 0 0 1 0 0 0 1 3673.dat
1 71 120 0 -120 0 0 1 -1 0 0 0 -1 0 42003.dat
1 71 120 0 0 0 0 1 -1 0 0 0 -1 0 42003.dat
1 1 120 -10 20 0 0 -1 1 0 0 0 -1 0 3749.dat
1 1 120 -10 -100 0 0 -1 1 0 0 0 -1 0 3749.dat
1 0 120 -20 -40 1 0 0 0 1 0 0 0 1 40490.dat
1 1 120 -30 40 0 0 1 -1 0 0 0 -1 0 3749.dat
0 STEP
1 71 -140 0 -60 0 -1 0 -1 0 0 0 0 -1 40490.dat
1 0 -130 0 -20 -1 0 0 0 1 0 0 0 -1 3673.dat
1 0 -130 0 -120 -1 0 0 0 1 0 0 0 -1 3673.dat
1 71 -120 0 -120 0 0 1 -1 0 0 0 -1 0 42003.dat
1 71 -120 0 0 0 0 1 -1 0 0 0 -1 0 42003.dat
1 1 -120 -10 20 0 0 1 1 0 0 0 1 0 3749.dat
1 1 -120 -10 -100 0 0 1 1 0 0 0 1 0 3749.dat
1 0 -120 -20 -40 -1 0 0 0 1 0 0 0 -1 40490.dat
1 1 -120 -30 40 0 0 -1 -1 0 0 0 1 0 3749.dat
0 STEP
1 0 -120 -80 120 0 0 -1 -1 0 0 0 1 0 32014.dat
1 1 -120 -80 90 0 0 -1 0 1 0 1 0 0 3749.dat
1 1 -90 -80 120 -1 0 0 0 1 0 0 0 -1 3749.dat
1 0 -120 -90 120 0 -1 0 -1 0 0 0 0 -1 3673.dat
1 0 -140 -80 80 -1 0 0 0 -1 0 0 0 1 64683.dat
1 0 -140 -90 120 0 -1 0 -1 0 0 0 0 -1 3673.dat
1 0 -140 -90 160 0 -1 0 -1 0 0 0 0 -1 3673.dat
0 STEP
1 0 -130 -40 100 -1 0 0 0 1 0 0 0 -1 3705.dat
1 71 -140 -40 100 0 0 1 0 1 0 -1 0 0 3713.dat
1 0 -160 -40 100 0 0 1 0 1 0 -1 0 0 32270.dat
0 STEP
1 0 120 -80 120 0 1 0 -1 0 0 0 0 1 32014.dat
1 1 90 -80 120 1 0 0 0 1 0 0 0 1 3749.dat
1 0 120 -90 120 0 0 -1 -1 0 0 0 1 0 3673.dat
1 1 120 -80 90 0 0 -1 0 1 0 1 0 0 3749.dat
1 0 140 -80 80 -1 0 0 0 -1 0 0 0 1 64391.dat
1 0 140 -90 120 0 0 -1 -1 0 0 0 1 0 3673.dat
1 0 140 -90 160 0 0 -1 -1 0 0 0 1 0 3673.dat
1 72 100 -100 230 0 -1 0 0 0 -1 1 0 0 41678.dat
1 4 100 -100 230 0 -1 0 0 0 -1 1 0 0 32062.dat
1 72 -100 -100 230 0 -1 0 0 0 -1 1 0 0 41678.dat
1 4 -100 -100 230 0 -1 0 0 0 -1 1 0 0 32062.dat
1 71 0 -100 400 0 0 -1 0 1 0 1 0 0 40490.dat
1 71 0 -100 230 0 0 -1 -1 0 0 0 1 0 32525.dat
0 STEP
1 72 120 -80 220 1 0 0 0 0 -1 0 1 0 6536.dat
1 72 -120 -80 220 1 0 0 0 0 -1 0 1 0 6536.dat
1 0 -120 -90 240 0 0 -1 -1 0 0 0 1 0 3673.dat
1 0 120 -90 240 0 0 -1 -1 0 0 0 1 0 3673.dat
0 STEP
1 4 140 -30 220 0 0 -1 1 0 0 0 -1 0 32062.dat
1 0 140 -60 220 -1 0 0 0 0 -1 0 -1 0 32034.dat
1 1 140 -90 220 0 0 -1 1 0 0 0 -1 0 3749.dat
1 4 -140 -30 220 0 0 -1 1 0 0 0 -1 0 32062.dat
1 0 -140 -60 220 -1 0 0 0 0 -1 0 -1 0 32034.dat
1 1 -140 -90 220 0 0 -1 1 0 0 0 -1 0 3749.dat
0 STEP
1 71 0 -190.769 293.846 1 0 0 0 1 0 0 0 1 32073.dat
1 71 -20 -190.769 293.846 0 0 1 0 1 0 -1 0 0 3713.dat
1 4 -60 -190.769 293.846 -1 0 0 0 1 0 0 0 -1 32054.dat
1 72 0 -190.769 293.846 -1 0 0 0 -1 0 0 0 1 6536.dat
1 71 20 -190.769 293.846 0 0 1 0 1 0 -1 0 0 3713.dat
1 4 60 -190.769 293.846 1 0 0 0 1 0 0 0 1 32054.dat
1 19 -40 -160 220 1 0 0 0 1 0 0 0 1 32556.dat
1 4 -60 -175.384 256.923 0 1 0 0.923077 0 0.384616 0.384616 0 -0.923077 32316.dat
1 4 -80 -135.384 316.923 0 1 0 -0.384615 0 0.923077 0.923077 0 0.384615 32524.dat
0 STEP
1 4 60 -175.384 256.923 0 1 0 0.923077 0 0.384616 0.384616 0 -0.923077 32316.dat
1 4 80 -135.384 316.923 0 1 0 -0.384615 0 0.923077 0.923077 0 0.384615 32524.dat
0 STEP
1 0 -20 -183.759 192.85 0 0 -1 -0.99205 0.130589 0 0.130589 0.99205 0 6553.dat
1 4 -20 -193.679 194.156 0 0 -1 -0.99205 0.130589 0 0.130589 0.99205 0 32062.dat
1 0 -20 -206.211 175.621 0 0 -1 -0.99205 0.130589 0 0.130589 0.99205 0 32184.dat
1 72 -20 -179.841 222.612 0 0 -1 0.130589 0.99205 0 0.99205 -0.130589 0 6536.dat
0 STEP
1 72 0 -191 541 0 0 1 0.998744 0.0610691 0 -0.0610691 0.998744 0 30395.dat
0 STEP
1 71 -50 -100 -40 1 0 0 0 1 0 0 0 1 32073.dat
1 1 -95 -100 -40 0 1 0 1 0 0 0 0 -1 6632.dat
1 0 -60 -100 -80 1 0 0 0 1 0 0 0 1 3705.dat
1 1 -85 -100 -40 0 1 0 1 0 0 0 0 -1 6632.dat
1 0 -70 -100 -40 0 1 0 -1 0 0 0 0 1 60483.dat
1 0 -50 -100 -40 0 1 0 -1 0 0 0 0 1 60483.dat
1 1 -35 -100 -40 0 1 0 1 0 0 0 0 -1 6632.dat
1 1 -25 -100 -40 0 1 0 1 0 0 0 0 -1 6632.dat
1 0 -40 -100 -20 1 0 0 0 1 0 0 0 1 3673.dat
1 0 -80 -100 -20 1 0 0 0 1 0 0 0 1 3673.dat
1 1 -90 -139.052 -11.3425 0 1 0 0.21644 0 0.976296 0.976296 0 -0.21644 32316.dat
1 1 -80 -178.104 -2.68491 1 0 0 0 1 0 0 0 1 3749.dat
1 72 -60 -178.104 -2.68491 1 0 0 0 0 1 0 -1 0 41678.dat
1 1 -40 -178.104 -2.68491 -1 0 0 0 1 0 0 0 -1 3749.dat
1 1 -30 -139.052 -11.3425 0 1 0 0.21644 0 0.976296 0.976296 0 -0.21644 32316.dat
1 71 50 -100 -40 1 0 0 0 1 0 0 0 1 32073.dat
1 0 60 -100 -80 1 0 0 0 1 0 0 0 1 3705.dat
1 1 25 -100 -40 0 1 0 1 0 0 0 0 -1 6632.dat
1 1 35 -100 -40 0 1 0 1 0 0 0 0 -1 6632.dat
1 0 50 -100 -40 0 1 0 -1 0 0 0 0 1 60483.dat
1 0 70 -100 -40 0 1 0 -1 0 0 0 0 1 60483.dat
1 1 85 -100 -40 0 1 0 1 0 0 0 0 -1 6632.dat
1 1 95 -100 -40 0 1 0 1 0 0 0 0 -1 6632.dat
1 0 80 -100 -20 1 0 0 0 1 0 0 0 1 3673.dat
1 0 40 -100 -20 1 0 0 0 1 0 0 0 1 3673.dat
1 1 90 -139.052 -11.3425 0 1 0 0.21644 0 0.976296 0.976296 0 -0.21644 32316.dat
1 1 30 -139.052 -11.3425 0 1 0 0.21644 0 0.976296 0.976296 0 -0.21644 32316.dat
1 1 40 -178.104 -2.68491 1 0 0 0 1 0 0 0 1 3749.dat
1 72 60 -178.104 -2.68491 1 0 0 0 0 1 0 -1 0 41678.dat
1 1 80 -178.104 -2.68491 -1 0 0 0 1 0 0 0 -1 3749.dat
1 4 100 -80 -60 0 1 0 0 0 -1 -1 0 0 2825.dat
0 STEP
1 0 120 -100 -220 0 1 0 1 0 0 0 0 -1 32271.dat
1 1 130 -100 -220 -1 0 0 0 1 0 0 0 -1 3749.dat
1 0 140 -100 -140 0 -1 0 1 0 0 0 0 1 32009.dat
1 0 110 -100 -300 1 0 0 0 1 0 0 0 1 3705.dat
1 4 130 -68 -364 1 0 0 0 0.599996 -0.800003 0 0.800003 0.599996 32062.dat
1 0 140 -68 -364 0 -1 0 0.599995 0 -0.800003 0.800003 0 0.599995 60483.dat
1 71 100 -100 -340 1 0 0 0 1 0 0 0 1 32073.dat
1 0 140 -100 -340 0 -1 0 1 0 0 0 0 1 60483.dat
1 71 105 -100 -340 0 0 -1 0 1 0 1 0 0 32123a.dat
0 STEP
1 72 100 -100 -300 -1 0 0 0 0 1 0 1 0 6536.dat
1 72 90 -100 -340 -1 0 0 0 0 1 0 1 0 6536.dat
1 71 85 -100 -300 0 0 -1 0 1 0 1 0 0 32123a.dat
1 71 75 -100 -300 0 1 0 1 0 0 0 0 -1 6632.dat
1 4 65 -100 -320 0 1 0 1 0 0 0 0 -1 41677.dat
1 71 90 -110 -320 0 1 0 1 0 0 0 0 -1 3673.dat
1 71 100 -110 -280 0 1 0 1 0 0 0 0 -1 3673.dat
1 0 100 -120 -280 -0.970296 0 0.241922 0 -1 0 0.241922 0 0.970296 32524.dat
1 57 150 -100 -280 0 1 0 -1 0 0 0 0 1 6141.dat
0 STEP
1 0 -140 -100 -140 0 -1 0 1 0 0 0 0 1 32009.dat
1 0 -110 -100 -300 1 0 0 0 1 0 0 0 1 3705.dat
1 72 -100 -100 -300 -1 0 0 0 0 1 0 1 0 6536.dat
1 71 -85 -100 -300 0 0 -1 0 1 0 1 0 0 32123a.dat
1 71 -100 -100 -340 1 0 0 0 1 0 0 0 1 32073.dat
1 0 -140 -100 -340 0 -1 0 1 0 0 0 0 1 60483.dat
1 71 -105 -100 -340 0 0 -1 0 1 0 1 0 0 32123a.dat
1 72 -90 -100 -340 -1 0 0 0 0 1 0 1 0 6536.dat
1 71 -75 -100 -300 0 1 0 1 0 0 0 0 -1 6632.dat
1 4 -65 -100 -320 0 1 0 1 0 0 0 0 -1 41677.dat
1 57 -150 -100 -280 0 -1 0 -1 0 0 0 0 -1 6141.dat
1 71 -100 -110 -280 0 1 0 1 0 0 0 0 -1 3673.dat
1 0 -120 -100 -220 0 1 0 1 0 0 0 0 -1 32271.dat
1 1 -130 -100 -220 1 0 0 0 1 0 0 0 1 3749.dat
1 4 -130 -68 -364 1 0 0 0 0.599995 -0.800003 0 0.800003 0.599995 32062.dat
1 0 -140 -68 -364 0 -1 0 0.599995 0 -0.800003 0.800003 0 0.599995 60483.dat
1 0 -100 -120 -280 -0.970295 0 -0.241922 0 -1 0 -0.241922 0 0.970295 32524.dat
1 71 -90.3232 -110 -318.812 0 1 0 1 0 0 0 0 -1 3673.dat
0 STEP
1 0 0 -60 -380 0 0 1 0 -1 0 1 0 0 32525.dat
1 1 100 -40 -380 0 0 -1 1 0 0 0 -1 0 32556.dat
1 1 60 -40 -380 0 0 -1 1 0 0 0 -1 0 32556.dat
1 1 -60 -40 -380 0 0 -1 1 0 0 0 -1 0 32556.dat
1 1 -100 -40 -380 0 0 -1 1 0 0 0 -1 0 32556.dat
1 0 40 -50 -380 0 0 -1 1 0 0 0 -1 0 3673.dat
1 0 -40 -50 -380 0 0 -1 1 0 0 0 -1 0 3673.dat
1 71 0 -40 -380 0 0 1 0 -1 0 1 0 0 32316.dat
1 0 -140 -40 -380 0 0 1 0 -1 0 1 0 0 32526.dat
1 0 140 -40 -380 0 0 -1 0 1 0 1 0 0 32526.dat
1 71 0 -60 -360 0 0 1 0 -1 0 1 0 0 32524.dat
1 0 60 -50 -360 0 0 -1 1 0 0 0 -1 0 3673.dat
1 0 -60 -50 -360 0 0 -1 1 0 0 0 -1 0 3673.dat
1 0 20 -70 -360 0 0 -1 1 0 0 0 -1 0 3673.dat
1 0 -20 -70 -360 0 0 -1 1 0 0 0 -1 0 3673.dat
1 71 0 -80 -340 -1 0 0 0 0 -1 0 -1 0 32073.dat
1 0 60 -80 -340 0 0 1 0 -1 0 1 0 0 32014.dat
1 0 -60 -80 -340 0 0 -1 0 -1 0 -1 0 0 32014.dat
1 1 60 -50 -340 0 0 1 -1 0 0 0 -1 0 3749.dat
1 1 -60 -50 -340 0 0 1 -1 0 0 0 -1 0 3749.dat
1 0 -60 -80 -330 0 0 1 0 1 0 -1 0 0 3673.dat
1 0 60 -80 -330 0 0 1 0 1 0 -1 0 0 3673.dat
1 0 0 -30 -380 0 0 -1 1 0 0 0 -1 0 3673.dat
1 71 0 -20 -380 -1 0 0 0 0 -1 0 -1 0 42003.dat
1 0 -20 -20 -380 0 0 -1 0 -1 0 -1 0 0 64683.dat
1 0 20 -20 -380 0 0 1 0 -1 0 1 0 0 64391.dat
1 57 140 -50 -380 -1 0 0 0 -1 0 0 0 1 6141.dat
1 71 0 -20 -360 1 0 0 0 1 0 0 0 1 32073.dat
0 STEP
1 0 0 -110 -378 1 0 0 0 0 -1 0 1 0 3032.dat
1 0 60 -110 -370 0 0 -1 -1 0 0 0 1 0 3020.dat
1 0 -60 -110 -370 0 0 -1 -1 0 0 0 1 0 3020.dat
1 0 0 -140 -370 -1 0 0 0 0 1 0 1 0 3710.dat
1 0 0 -140 -362 -1 0 0 0 0 1 0 1 0 3666.dat
1 0 20 -90 -370 0 0 1 1 0 0 0 1 0 2444.dat
1 0 -20 -90 -370 0 0 1 1 0 0 0 1 0 2444.dat
1 0 0 -100 -362 -1 0 0 0 0 1 0 1 0 3666.dat
1 0 80 -110 -362 0 0 -1 -1 0 0 0 1 0 3020.dat
1 0 -80 -110 -362 0 0 -1 -1 0 0 0 1 0 3020.dat
1 0 0 -140 -386 1 0 0 0 0 -1 0 1 0 6636.dat
1 0 70 -130 -370 0 0 -1 -1 0 0 0 1 0 85984.dat
1 0 70 -90 -370 0 0 -1 -1 0 0 0 1 0 85984.dat
1 0 -70 -130 -370 0 0 1 1 0 0 0 1 0 85984.dat
1 0 -70 -90 -370 0 0 1 1 0 0 0 1 0 85984.dat
1 0 -90 -140 -362 0 0 1 1 0 0 0 1 0 50746.dat
1 0 90 -140 -362 0 0 -1 -1 0 0 0 1 0 50746.dat
1 47 90 -120 -362 0 0 -1 -1 0 0 0 1 0 50746.dat
1 47 -90 -120 -362 0 0 1 1 0 0 0 1 0 50746.dat
1 47 90 -100 -362 0 0 -1 -1 0 0 0 1 0 50746.dat
1 47 -90 -100 -362 0 0 1 1 0 0 0 1 0 50746.dat
1 47 90 -80 -362 0 0 -1 -1 0 0 0 1 0 50746.dat
1 47 -90 -80 -362 0 0 1 1 0 0 0 1 0 50746.dat
1 71 -40 -120 -386 1 0 0 0 0 -1 0 1 0 2412b.dat
1 71 0 -120 -386 1 0 0 0 0 -1 0 1 0 2412b.dat
1 71 40 -120 -386 1 0 0 0 0 -1 0 1 0 2412b.dat
1 71 40 -100 -386 1 0 0 0 0 -1 0 1 0 2412b.dat
1 71 0 -100 -386 1 0 0 0 0 -1 0 1 0 2412b.dat
1 71 -40 -100 -386 1 0 0 0 0 -1 0 1 0 2412b.dat
1 71 40 -80 -386 1 0 0 0 0 -1 0 1 0 2412b.dat
1 71 0 -80 -386 1 0 0 0 0 -1 0 1 0 2412b.dat
1 71 -40 -80 -386 1 0 0 0 0 -1 0 1 0 2412b.dat
0 STEP
1 0 0 -154.42 -259.805 0 1 0 0.997564 0 0.0697565 0.0697565 0 -0.997564 40490.dat
1 1 0 -160 -180 -1 0 0 0 0.997564 0.0697565 0 0.0697565 -0.997564 32556.dat
1 1 0 -155.815 -239.854 -1 0 0 0 0.997564 0.0697565 0 0.0697565 -0.997564 32556.dat
1 1 0 -151.63 -299.708 -1 0 0 0 0.997564 0.0697565 0 0.0697565 -0.997564 32556.dat
1 0 -20 -140 -180 0 1 0 0 0 -1 -1 0 0 60483.dat
1 0 -20 -154.42 -259.805 0 1 0 0.997564 0 0.0697565 0.0697565 0 -0.997564 32316.dat
1 0 -30 -157.21 -219.902 1 0 0 0 0.997564 -0.0697565 0 0.0697565 0.997564 3673.dat
1 0 -30 -154.42 -259.805 1 0 0 0 0.997564 -0.0697565 0 0.0697565 0.997564 3673.dat
1 0 -40 -160 -180 0 1 0 0.997564 0 0.0697565 0.0697565 0 -0.997564 64682.dat
1 0 20 -140 -180 0 1 0 0 0 -1 -1 0 0 60483.dat
0 STEP
1 0 20 -154.42 -259.805 0 1 0 0.997564 0 0.0697565 0.0697565 0 -0.997564 32316.dat
1 0 30 -157.21 -219.902 1 0 0 0 0.997564 -0.0697565 0 0.0697565 0.997564 3673.dat
1 0 30 -154.42 -259.805 1 0 0 0 0.997564 -0.0697565 0 0.0697565 0.997564 3673.dat
1 0 40 -160 -180 0 -1 0 -0.997564 0 0.0697565 -0.0697565 0 -0.997564 64392.dat
0 STEP
1 0 0 -240 -60 0 1 0 -1 0 0 0 0 1 32316.dat
1 1 0 -240 -20 1 0 0 0 1 0 0 0 1 32556.dat
1 0 30 -240 -20 1 0 0 0 -1 0 0 0 -1 62462.dat
1 0 -30 -240 -20 1 0 0 0 -1 0 0 0 -1 62462.dat
1 71 0 -240 -100 1 0 0 0 0.75471 0.656059 0 -0.656059 0.75471 4519.dat
1 0 -30 -240 -100 0 0 1 -0.656059 0.75471 0 -0.75471 -0.656059 0 59443.DAT
1 0 30 -240 -100 0 0 1 -0.656059 0.75471 0 -0.75471 -0.656059 0 59443.DAT
1 71 -60 -240 -100 1 0 0 0 0.75471 0.656059 0 -0.656059 0.75471 4519.dat
1 71 60 -240 -100 1 0 0 0 0.75471 0.656059 0 -0.656059 0.75471 4519.dat
1 0 50 -240 -20 1 0 0 0 1 0 0 0 1 3673.dat
1 0 -50 -240 -20 1 0 0 0 1 0 0 0 1 3673.dat
0 STEP
1 0 -100 -240 0 0 -1 0 1 0 0 0 0 1 32140.dat
1 0 -110 -240 60 1 0 0 0 1 0 0 0 1 3673.dat
1 0 -110 -220 60 1 0 0 0 1 0 0 0 1 3673.dat
1 1 -90 -240 0 -1 0 0 0 1 0 0 0 -1 3749.dat
1 0 -90 -240 40 1 0 0 0 1 0 0 0 1 3673.dat
1 0 -80 -240 -20 0 -1 0 1 0 0 0 0 1 32524.dat
1 0 -90 -240 -20 1 0 0 0 1 0 0 0 1 3673.dat
1 1 -80 -240 -60 -1 0 0 0 1 0 0 0 -1 32556.dat
1 0 -100 -240 -40 0 1 0 1 0 0 0 0 -1 32523.dat
1 15 -60 -240 -40 0 -1 0 1 0 0 0 0 1 32524.dat
1 1 -50 -240 -80 1 0 0 0 1 0 0 0 1 3749.dat
1 72 -40 -240 -80 1 0 0 0 -1 0 0 0 -1 32291.dat
1 57 -50 -260 -90 0 0 1 -1 0 0 0 -1 0 6141.dat
1 57 -30 -260 -90 0 0 1 -1 0 0 0 -1 0 6141.dat
0 STEP
1 0 0 -240 20 1 0 0 0 1 0 0 0 1 87082.dat
1 0 -30 -240 20 1 0 0 0 -1 0 0 0 -1 62462.dat
1 0 30 -240 20 1 0 0 0 -1 0 0 0 -1 62462.dat
1 1 -60 -240 20 -1 0 0 0 1 0 0 0 -1 32556.dat
1 1 60 -240 20 1 0 0 0 1 0 0 0 1 32556.dat
1 0 100 -240 0 0 -1 0 1 0 0 0 0 1 32140.dat
1 0 110 -220 60 1 0 0 0 1 0 0 0 1 3673.dat
1 0 110 -240 60 1 0 0 0 1 0 0 0 1 3673.dat
1 0 90 -240 40 1 0 0 0 1 0 0 0 1 3673.dat
1 1 90 -240 0 1 0 0 0 1 0 0 0 1 3749.dat
1 0 80 -240 -20 0 -1 0 1 0 0 0 0 1 32524.dat
1 0 90 -240 -20 1 0 0 0 1 0 0 0 1 3673.dat
1 1 80 -240 -60 1 0 0 0 1 0 0 0 1 32556.dat
0 STEP
1 15 60 -240 -40 0 -1 0 1 0 0 0 0 1 32524.dat
1 0 100 -240 -40 0 1 0 1 0 0 0 0 -1 32523.dat
1 1 50 -240 -80 -1 0 0 0 1 0 0 0 -1 3749.dat
1 72 40 -240 -80 -1 0 0 0 -1 0 0 0 1 32291.dat
1 57 50 -260 -90 0 0 1 -1 0 0 0 -1 0 6141.dat
1 57 30 -260 -90 0 0 1 -1 0 0 0 -1 0 6141.dat
1 71 100 -233.439 -92.4529 0 0 -1 0.656059 0.75471 0 0.75471 -0.656059 0 4274.dat
1 0 80 -240 -100 0 0 -1 -0.656059 -0.75471 0 -0.75471 0.656059 0 32126.dat
1 0 104.329 -225.263 -112.81 0 0.976296 0.21644 0.656059 -0.163349 0.73682 0.75471 0.141997 -0.640508 32126.dat
1 0 -104.329 -225.264 -112.81 0 -0.976296 -0.21644 -0.656059 -0.163349 0.73682 -0.75471 0.141997 -0.640508 32126.dat
1 71 -100 -233.44 -92.4529 0 0 -1 0.656059 0.75471 0 0.75471 -0.656059 0 4274.dat
1 0 -80 -240 -100 0 0 1 0.656059 -0.75471 0 0.75471 0.656059 0 32126.dat
0 STEP
1 0 -110.822 -203.159 -132.025 0.21644 0.976296 0 -0.73682 0.163349 0.656059 0.640508 -0.141997 0.75471 3705.dat
