0 FILE 9396 - Main.ldr
0 Main
0 Name: 9396 - Main.ldr
0 Author: Oh-Seong KWON
0 !LDRAW_ORG Model
0 !LICENSE Redistributable under CCAL version 2.0 : see CAreadme.txt

0 !HISTORY 2019-03-10 [technicbasics] Import unofficial file, build .mpd, OMRize file

0 ROTATION CENTER 0 0 0 1 "Custom"
0 ROTATION CONFIG 0 0
1 0 0 0 0 1 0 0 0 1 0 0 0 1 9396 - 9396-1.ldr




0 FILE 9396 - 9396-1.ldr
0 9396-1
0 Author: Oh-Seong KWON
0 !LDRAW_ORG Model
0 !LICENSE Redistributable under CCAL version 2.0 : see CAreadme.txt
0 ROTATION CENTER 0 0 0 1 "Custom"
0 ROTATION CONFIG 0 0
0 Name: 9396 - 9396-1.ldr
1 72 60 19.9646 -181.189 0 1 0 1 0 0 0 0 -1 32140.dat
1 0 50 19.9646 -241.189 -1 0 0 0 1 0 0 0 -1 3673.dat
1 0 50 19.9646 -221.189 -1 0 0 0 1 0 0 0 -1 3673.dat
1 1 50 19.9646 -181.189 1 0 0 0 1 0 0 0 1 3749.dat
1 14 45 -0.0353832 -241.189 0 1 0 1 0 0 0 0 -1 32250.dat
1 14 35 -0.0353832 -241.189 0 1 0 1 0 0 0 0 -1 32250.dat
1 28 40 39.9646 -241.189 1 0 0 0 1 0 0 0 1 6587.dat
1 71 0 -0.0353832 -321.189 1 0 0 0 1 0 0 0 1 32073.dat
1 71 0 39.9646 -241.189 0 0 1 0 1 0 -1 0 0 32034.dat
1 72 60 19.9646 18.8109 0 1 0 1 0 0 0 0 -1 32140.dat
1 1 70 19.9646 18.8109 -1 0 0 0 1 0 0 0 -1 3749.dat
1 0 70 39.9646 -41.1891 -1 0 0 0 1 0 0 0 -1 3673.dat
1 0 50 19.9646 -41.1891 -1 0 0 0 1 0 0 0 -1 3673.dat
1 1 60 19.9646 -21.1891 1 0 0 0 1 0 0 0 1 32556.dat
1 0 40 19.9646 -101.189 0 1 0 -1 0 0 0 0 1 41239.dat
1 0 50 19.9646 -161.189 -1 0 0 0 1 0 0 0 -1 3673.dat
1 0 50 19.9646 -121.189 -1 0 0 0 1 0 0 0 -1 3673.dat
1 71 0 -20.0354 -241.189 1 0 0 0 1 0 0 0 1 32073.dat
1 71 0 -20.0354 -241.189 0 1 0 0 0 1 1 0 0 60483.dat
1 71 -15 -40.0354 -241.189 0 1 0 0 0 1 1 0 0 32056.dat
1 71 15 -40.0354 -241.189 0 1 0 0 0 1 1 0 0 32056.dat
1 71 0 -0.0353832 -241.189 1 0 0 0 1 0 0 0 1 32073.dat
1 71 25 -40.0354 -241.189 0 1 0 0 0 1 1 0 0 32056.dat
1 71 -25 -40.0354 -241.189 0 1 0 0 0 1 1 0 0 32056.dat
1 14 0 -19.3247 -315.905 0 1 0 0.264213 0 0.964464 0.964464 0 -0.264213 32523.dat
1 1 0 -38.614 -310.621 1 0 0 0 0.99903 0.0440441 0 -0.0440441 0.99903 32556.dat
1 1 0 -19.3247 -315.905 1 0 0 0 0.964464 0.264213 0 -0.264213 0.964464 32556.dat
1 14 20 -9.68004 -318.547 0 -1 0 0.264213 0 -0.964464 0.964464 0 0.264213 43857.dat
1 14 -20 -9.68004 -318.547 0 -1 0 0.264213 0 -0.964464 0.964464 0 0.264213 43857.dat
1 14 -35 -0.0353832 -241.189 0 1 0 1 0 0 0 0 -1 32250.dat
1 14 -45 -0.0353832 -241.189 0 1 0 1 0 0 0 0 -1 32250.dat
1 71 -20 19.9646 -201.189 1 0 0 0 0.923879 0.382683 0 -0.382683 0.923879 32073.dat
1 71 40 19.9646 -201.189 1 0 0 0 0.923879 0.382683 0 -0.382683 0.923879 32054.dat
1 71 0 35.2719 -164.234 0 -1 0 -0.923879 0 -0.382683 0.382683 0 -0.923879 32316.dat
1 19 0 50.5793 -127.279 1 0 0 0 0.923879 0.382683 0 -0.382683 0.923879 32556.dat
1 71 -20 19.9646 -201.189 0 0 -1 0.382683 0.923879 0 0.923879 -0.382683 0 3713.dat
1 71 -20 50.5793 -127.279 0 0 -1 0.382683 0.923879 0 0.923879 -0.382683 0 42610.dat
1 71 20 50.5793 -127.279 0 0 -1 0.382683 0.923879 0 0.923879 -0.382683 0 42610.dat
1 256 20 50.5793 -127.279 0 0 -1 0.382683 0.923879 0 0.923879 -0.382683 0 51011.dat
1 256 -20 50.5793 -127.279 0 0 -1 0.382683 0.923879 0 0.923879 -0.382683 0 51011.dat
1 72 30 19.9646 -1.18913 1 0 0 0 0.0594569 -0.998231 0 0.998231 0.0594569 87083.dat
1 14 -15 5.76448 -158.82 0 1 0 0.18046 0 0.983582 0.983582 0 -0.18046 32449.dat
1 19 -10 -23.743 -153.406 -1 0 0 0 -0.18046 -0.983582 0 -0.983582 0.18046 3749.dat
1 19 -10 35.2719 -164.234 -1 0 0 0 -0.18046 -0.983582 0 -0.983582 0.18046 3749.dat
1 72 80 19.9646 78.8109 0 1 0 1 0 0 0 0 -1 32525.dat
1 0 70 19.9646 118.811 -1 0 0 0 1 0 0 0 -1 3673.dat
1 72 20 19.9646 -1.18913 0 -1 0 0.0594569 0 -0.998231 0.998231 0 0.0594569 32140.dat
1 71 -10 19.9646 -1.18913 0 0 -1 -0.998231 0.0594569 0 0.0594569 0.998231 0 59443.DAT
1 0 -50 19.9646 -241.189 -1 0 0 0 1 0 0 0 -1 3673.dat
1 71 -40 19.9646 -1.18913 -1 0 0 0 0.0594569 0.998231 0 0.998231 -0.0594569 4519.dat
1 0 -40 19.9646 -101.189 0 1 0 -1 0 0 0 0 1 41239.dat
1 1 -60 19.9646 -21.1891 -1 0 0 0 1 0 0 0 -1 32556.dat
1 0 -50 19.9646 -41.1891 -1 0 0 0 1 0 0 0 -1 3673.dat
1 72 -60 19.9646 18.8109 0 1 0 1 0 0 0 0 -1 32140.dat
1 0 -70 39.9646 -41.1891 -1 0 0 0 1 0 0 0 -1 3673.dat
1 1 -70 19.9646 18.8109 1 0 0 0 1 0 0 0 1 3749.dat
1 0 -50 19.9646 -221.189 -1 0 0 0 1 0 0 0 -1 3673.dat
1 0 -50 19.9646 -161.189 -1 0 0 0 1 0 0 0 -1 3673.dat
1 0 -50 19.9646 -121.189 -1 0 0 0 1 0 0 0 -1 3673.dat
1 1 -50 19.9646 -181.189 -1 0 0 0 1 0 0 0 -1 3749.dat
1 72 -60 19.9646 -181.189 0 1 0 1 0 0 0 0 -1 32140.dat
1 28 -40 39.9646 -241.189 -1 0 0 0 1 0 0 0 -1 6587.dat
1 71 -20 -0.0353832 -121.189 1 0 0 0 0.59269 -0.805431 0 0.805431 0.59269 32073.dat
1 71 30 -0.0353832 -121.189 0 0 -1 -0.805431 0.59269 0 0.59269 0.805431 0 59443.DAT
1 19 50 -0.0353832 -121.189 -1 0 0 0 0.59269 0.805431 0 0.805431 -0.59269 3749.dat
1 72 0 -0.0353832 -121.189 0 -1 0 -0.805431 0 -0.59269 0.59269 0 -0.805431 32140.dat
1 71 -20 -0.0353832 -121.189 0 1 0 -0.59269 0 -0.805431 -0.805431 0 0.59269 33299.dat
1 71 -40 -0.0353832 -121.189 0 0 1 0.805431 0.59269 0 -0.59269 0.805431 0 3713.dat
1 72 0 -35.4964 -37.5692 0 1 0 -0.998537 0 -0.0540624 -0.0540624 0 0.998537 32524.dat
1 1 -10 -51.7054 -157.661 -1 0 0 0 0.59269 0.805431 0 0.805431 -0.59269 3749.dat
1 14 60 29.9646 118.811 0 -1 0 0 0 -1 1 0 0 43857.dat
1 0 70 39.9646 118.811 -1 0 0 0 1 0 0 0 -1 3673.dat
1 1 -40 -120.035 -121.189 0 -1 0 0 0 1 -1 0 0 32526.dat
1 0 -50 -40.0354 -141.189 -1 0 0 0 1 0 0 0 -1 3673.dat
1 0 -50 -80.0354 -121.189 -1 0 0 0 1 0 0 0 -1 3673.dat
1 1 -60 -40.0354 -121.189 -1 0 0 0 1 0 0 0 -1 32556.dat
1 1 -60 -60.0354 -121.189 -1 0 0 0 1 0 0 0 -1 32556.dat
1 1 -60 -120.035 -121.189 -1 0 0 0 1 0 0 0 -1 32556.dat
1 71 -60 -40.0354 -161.189 0 1 0 -1 0 0 0 0 1 60483.dat
1 71 -60 -100.035 -121.189 0 1 0 0 0 1 1 0 0 32523.dat
1 72 -60 -60.0354 -121.189 0 -1 0 0 0 1 -1 0 0 32526.dat
1 71 -60 -40.0354 -161.189 1 0 0 0 1 0 0 0 1 4519.dat
1 1 -80 -120.035 -121.189 0 -1 0 0 0 1 -1 0 0 32526.dat
1 72 60 -60.0354 -121.189 0 -1 0 0 0 1 -1 0 0 32526.dat
1 1 60 -60.0354 -121.189 -1 0 0 0 1 0 0 0 -1 32556.dat
1 1 60 -40.0354 -121.189 -1 0 0 0 1 0 0 0 -1 32556.dat
1 0 70 -80.0354 -121.189 -1 0 0 0 1 0 0 0 -1 3673.dat
1 0 70 -40.0354 -141.189 -1 0 0 0 1 0 0 0 -1 3673.dat
1 1 80 -120.035 -121.189 0 -1 0 0 0 1 -1 0 0 32526.dat
1 1 40 -120.035 -121.189 0 -1 0 0 0 1 -1 0 0 32526.dat
1 71 60 -100.035 -121.189 0 1 0 0 0 1 1 0 0 32523.dat
1 71 60 -40.0354 -161.189 0 1 0 -1 0 0 0 0 1 60483.dat
1 71 60 -40.0354 -161.189 1 0 0 0 1 0 0 0 1 4519.dat
1 1 60 -120.035 -121.189 -1 0 0 0 1 0 0 0 -1 32556.dat
1 71 20 -40.0354 118.811 0 1 0 0 0 1 1 0 0 32523.dat
1 1 0 -40.0354 118.811 -1 0 0 0 1 0 0 0 -1 32556.dat
1 14 0 -30.0354 118.811 0 -1 0 0 0 -1 1 0 0 43857.dat
1 71 0 -60.0354 118.811 -1 0 0 0 1 0 0 0 -1 87082.dat
1 72 0 -90.0354 118.811 0 1 0 1 0 0 0 0 -1 87083.dat
1 71 -20 -40.0354 118.811 0 1 0 0 0 1 1 0 0 32523.dat
1 71 0 -20.0354 118.811 -1 0 0 0 1 0 0 0 -1 32073.dat
1 71 45 -20.0354 158.811 0 -1 0 0 0 1 -1 0 0 32056.dat
1 71 35 -20.0354 158.811 0 -1 0 0 0 1 -1 0 0 32056.dat
1 71 -35 -20.0354 158.811 0 -1 0 0 0 1 -1 0 0 32056.dat
1 71 -45 -20.0354 158.811 0 -1 0 0 0 1 -1 0 0 32056.dat
1 1 -50 19.9646 158.811 1 0 0 0 1 0 0 0 1 3749.dat
1 1 50 19.9646 158.811 -1 0 0 0 1 0 0 0 -1 3749.dat
1 0 60 19.9646 278.811 0 -1 0 -1 0 0 0 0 -1 32278.dat
1 71 60 19.9646 138.811 1 0 0 0 1 0 0 0 1 32054.dat
1 71 60 19.9646 418.811 1 0 0 0 1 0 0 0 1 32054.dat
1 0 70 19.9646 178.811 -1 0 0 0 1 0 0 0 -1 3673.dat
1 0 70 19.9646 198.811 -1 0 0 0 1 0 0 0 -1 3673.dat
1 0 70 19.9646 218.811 -1 0 0 0 1 0 0 0 -1 3673.dat
1 71 0 19.9646 138.811 -1 0 0 0 1 0 0 0 -1 32073.dat
1 71 0 19.9646 418.811 -1 0 0 0 1 0 0 0 -1 32073.dat
1 71 -60 19.9646 418.811 -1 0 0 0 1 0 0 0 -1 32054.dat
1 71 -60 19.9646 138.811 -1 0 0 0 1 0 0 0 -1 32054.dat
1 0 -60 19.9646 278.811 0 -1 0 -1 0 0 0 0 -1 32278.dat
1 0 -70 19.9646 178.811 -1 0 0 0 1 0 0 0 -1 3673.dat
1 0 -70 19.9646 198.811 -1 0 0 0 1 0 0 0 -1 3673.dat
1 0 -70 19.9646 218.811 -1 0 0 0 1 0 0 0 -1 3673.dat
1 72 -80 19.9646 78.8109 0 1 0 1 0 0 0 0 -1 32525.dat
1 0 -70 19.9646 118.811 1 0 0 0 1 0 0 0 1 3673.dat
1 0 -70 39.9646 118.811 1 0 0 0 1 0 0 0 1 3673.dat
1 14 -60 29.9646 118.811 0 1 0 0 0 -1 -1 0 0 43857.dat
1 0 -40 -60.0354 -101.189 -1 0 0 0 0 1 0 1 0 6536.dat
1 1 -40 -50.0354 -81.1891 0 0 1 1 0 0 0 1 0 3749.dat
1 71 -40 -60.0354 -101.189 -1 0 0 0 0 1 0 1 0 4519.dat
1 71 -10 -60.0354 -101.189 0 0 1 1 0 0 0 1 0 59443.DAT
1 71 -70 -60.0354 -101.189 0 0 1 1 0 0 0 1 0 59443.DAT
1 0 30 -60.0354 -101.189 -1 0 0 0 1 0 0 0 -1 3705.dat
1 71 70 -60.0354 -101.189 0 0 1 1 0 0 0 1 0 59443.DAT
1 14 -40 -20.0354 -81.1891 1 0 0 0 0 1 0 -1 0 32013.dat
1 71 -50 -20.0354 -81.1891 1 0 0 0 1 0 0 0 1 3673.dat
1 0 -60 -20.0354 38.8109 0 1 0 -1 0 0 0 0 1 41239.dat
1 28 -40 -20.0354 158.811 -1 0 0 0 1 0 0 0 -1 6587.dat
1 72 -80 -40.0354 218.811 0 -1 0 0 0 1 -1 0 0 32140.dat
1 72 30 -38.7401 22.3429 -1 0 0 0 0.998215 0.0597297 0 0.0597297 -0.998215 87083.dat
1 71 40 -38.7401 22.3429 0 1 0 -0.998215 0 -0.0597297 -0.0597297 0 0.998215 33299.dat
1 1 50 -39.9347 42.3072 -1 0 0 0 0.998215 0.0597297 0 0.0597297 -0.998215 3749.dat
1 0 60 -48.2968 182.057 0 -1 0 -0.998215 0 0.0597297 -0.0597297 0 -0.998215 32278.dat
1 19 80 -56.659 321.807 1 0 0 0 0.998215 -0.0597297 0 0.0597297 0.998215 32556.dat
1 71 80 -43.4277 359.556 0 -1 0 -0.943707 0 -0.330784 0.330784 0 -0.943707 32316.dat
1 0 70 -30.1963 397.304 -1 0 0 0 0.943707 -0.330784 0 -0.330784 -0.943707 3673.dat
1 0 70 -43.4277 359.556 -1 0 0 0 0.943707 -0.330784 0 -0.330784 -0.943707 3673.dat
1 71 60 -30.1963 397.304 0 -1 0 -0.943707 0 -0.330784 0.330784 0 -0.943707 32316.dat
1 72 -90 19.9646 298.811 1 0 0 0 0.961045 -0.276391 0 0.276391 0.961045 87083.dat
1 72 -80 36.5481 241.148 0 1 0 -0.961045 0 -0.276391 -0.276391 0 0.961045 32140.dat
1 0 -90 0.743697 293.283 -1 0 0 0 0.961045 0.276391 0 0.276391 -0.961045 3673.dat
1 19 -90 36.5481 241.148 1 0 0 0 0.961045 -0.276391 0 0.276391 0.961045 3749.dat
1 72 -100 19.9646 298.811 0 -1 0 -0.276391 0 -0.961045 0.961045 0 -0.276391 32140.dat
1 71 -90 -43.2259 301.449 -1 0 0 0 0.961045 0.276391 0 0.276391 -0.961045 3673.dat
1 72 80 -40.0354 218.811 0 -1 0 0 0 1 -1 0 0 32140.dat
1 72 90 19.9646 298.811 -1 0 0 0 1 0 0 0 -1 87083.dat
1 72 81 2.71725 241.343 0 1 0 -0.957794 0 0.287456 0.287456 0 0.957794 32140.dat
1 0 91 0.80874 304.56 -1 0 0 0 0.957794 -0.287456 0 -0.287456 -0.957794 3673.dat
1 19 91 2.71725 241.343 -1 0 0 0 0.957794 -0.287456 0 -0.287456 -0.957794 3749.dat
1 71 101 -18.3471 310.309 0 -1 0 -0.287456 0 0.957794 -0.957794 0 -0.287456 32316.dat
1 71 -140 19.9646 318.811 1 0 0 0 1 0 0 0 1 32073.dat
1 0 140 19.9646 318.811 -1 0 0 0 0 -1 0 -1 0 6536.dat
1 4 125 19.9646 318.811 0 1 0 1 0 0 0 0 -1 41677.dat
1 4 115 19.9646 318.811 0 1 0 1 0 0 0 0 -1 41677.dat
1 71 -80 19.9646 318.811 1 0 0 0 1 0 0 0 1 32054.dat
1 0 80 19.9646 398.811 0 -1 0 -1 0 0 0 0 -1 40490.dat
1 0 90 19.9646 338.811 -1 0 0 0 1 0 0 0 -1 3673.dat
1 14 -120 19.9646 308.811 0 -1 0 1 0 0 0 0 1 43857.dat
1 0 -140 19.9646 318.811 1 0 0 0 0 1 0 -1 0 6536.dat
1 0 -80 19.9646 398.811 0 -1 0 -1 0 0 0 0 -1 40490.dat
1 0 -90 19.9646 338.811 -1 0 0 0 1 0 0 0 -1 3673.dat
1 0 -80 -28.9712 380.18 0 -1 0 -0.984151 0 -0.178185 0.178185 0 -0.984151 40490.dat
1 71 -70 -14.7211 458.889 -1 0 0 0 0.980754 -0.195247 0 -0.195247 -0.980754 3673.dat
1 71 80 19.9646 318.811 -1 0 0 0 1 0 0 0 -1 32054.dat
1 71 140 19.9646 318.811 -1 0 0 0 1 0 0 0 -1 32073.dat
1 14 100 -0.0353851 38.8109 1 0 0 0 -1 0 0 0 -1 62531.dat
1 0 80 39.9646 148.811 0 0 1 0 1 0 -1 0 0 3673.dat
1 1 100 -0.0353851 158.811 0 0 -1 0 1 0 1 0 0 32556.dat
1 1 100 -0.0353851 -81.1891 0 0 1 0 1 0 -1 0 0 32556.dat
1 14 100 -100.035 158.811 1 0 0 0 0 -1 0 1 0 32525.dat
1 14 -100 -0.0354004 38.8109 -1 0 0 0 -1 0 0 0 1 62531.dat
1 1 -100 -0.0354004 -81.1891 0 0 1 0 1 0 -1 0 0 32556.dat
1 1 -100 -0.0354004 158.811 0 0 -1 0 1 0 1 0 0 32556.dat
1 0 -80 39.9646 148.811 0 0 1 0 1 0 -1 0 0 3673.dat
1 14 -100 -100.035 158.811 1 0 0 0 0 -1 0 1 0 32525.dat
1 4 0 39.9646 158.811 0 0 -1 -1 0 0 0 1 0 32525.dat
1 0 -60 39.9646 168.811 0 0 1 0 1 0 -1 0 0 3673.dat
1 0 60 39.9646 168.811 0 0 1 0 1 0 -1 0 0 3673.dat
1 71 -20 39.9646 158.811 0 0 -1 0 1 0 1 0 0 32054.dat
1 71 20 39.9646 158.811 0 0 -1 0 1 0 1 0 0 32054.dat
1 4 100 -40.0354 178.811 -1 0 0 0 0 1 0 1 0 32526.dat
1 71 90 39.9646 198.811 0 1 0 0 0 1 1 0 0 32138.dat
1 4 100 39.9646 218.811 0 -1 0 -1 0 0 0 0 -1 42003.dat
1 4 -100 -40.0354 178.811 1 0 0 0 0 1 0 -1 0 32526.dat
1 71 -90 39.9646 198.811 0 1 0 0 0 1 1 0 0 32138.dat
1 4 -100 39.9646 218.811 0 1 0 1 0 0 0 0 -1 42003.dat
1 14 -60 19.9646 -101.189 1 0 0 0 1 0 0 0 1 6536.dat
1 1 -50 19.9646 -101.189 -1 0 0 0 1 0 0 0 -1 3749.dat
1 71 -60 39.9646 -101.189 0 0 -1 0 1 0 1 0 0 32054.dat
1 1 50 19.9646 -101.189 1 0 0 0 1 0 0 0 1 3749.dat
1 14 60 19.9646 -101.189 1 0 0 0 1 0 0 0 1 6536.dat
1 71 60 39.9646 -101.189 0 0 -1 0 1 0 1 0 0 32054.dat
1 14 0 39.9646 -81.1891 0 0 -1 -1 0 0 0 1 0 40490.dat
1 1 -80 39.9646 -81.1891 0 0 -1 0 1 0 1 0 0 32556.dat
1 1 80 39.9646 -81.1891 0 0 -1 0 1 0 1 0 0 32556.dat
1 1 90 -0.0353813 218.811 1 0 0 0 1 0 0 0 1 3749.dat
1 4 120 -0.0353813 218.811 0 0 1 -1 0 0 0 -1 0 32013.dat
1 1 -90 -0.0353813 218.811 -1 0 0 0 1 0 0 0 -1 3749.dat
1 4 -120 -0.0353813 218.811 0 0 -1 -1 0 0 0 1 0 32013.dat
1 4 100 -20.0354 218.811 1 0 0 0 1 0 0 0 1 32013.dat
1 0 90 -20.0354 218.811 -1 0 0 0 1 0 0 0 -1 3673.dat
1 0 -90 -20.0354 218.811 1 0 0 0 -1 0 0 0 -1 3673.dat
1 4 -100 -20.0354 218.811 -1 0 0 0 -1 0 0 0 1 32013.dat
1 0 0 -210.035 118.811 0 0 -1 -1 0 0 0 1 0 3707.dat
1 71 0 -130.035 118.811 1 0 0 0 0 -1 0 1 0 59443.DAT
1 71 100 -20.0354 168.811 0 0 -1 0 1 0 1 0 0 3705.dat
1 14 100 -20.0354 128.811 1 0 0 0 1 0 0 0 1 59443.DAT
1 14 -100 -20.0354 128.811 1 0 0 0 1 0 0 0 1 59443.DAT
1 71 -100 -20.0354 168.811 0 0 -1 0 1 0 1 0 0 3705.dat
1 14 -100 -100.035 118.811 1 0 0 0 0 -1 0 1 0 32524.dat
1 71 -100 -40.0354 158.811 0 0 -1 0 1 0 1 0 0 32054.dat
1 1 -100 -40.0354 128.811 0 0 -1 0 1 0 1 0 0 3749.dat
1 71 -100 -140.035 138.811 0 0 -1 0 1 0 1 0 0 87082.dat
1 71 100 -40.0354 158.811 0 0 -1 0 1 0 1 0 0 32054.dat
1 1 100 -40.0354 128.811 0 0 -1 0 1 0 1 0 0 3749.dat
1 14 100 -100.035 118.811 1 0 0 0 0 -1 0 1 0 32524.dat
1 71 100 -140.035 138.811 0 0 -1 0 1 0 1 0 0 87082.dat
1 14 -120 -140.035 18.8109 -1 0 0 0 -1 0 0 0 1 40490.dat
1 0 -120 -130.035 98.8109 0 1 0 1 0 0 0 0 -1 3673.dat
1 0 -120 -130.035 18.8109 0 1 0 1 0 0 0 0 -1 3673.dat
1 0 -120 -130.035 -61.1891 0 1 0 1 0 0 0 0 -1 3673.dat
1 14 -120 -110.035 98.8109 0 1 0 1 0 0 0 0 -1 62462.dat
1 14 -120 -110.035 18.8109 0 1 0 1 0 0 0 0 -1 62462.dat
1 14 -120 -110.035 -61.1891 0 1 0 1 0 0 0 0 -1 62462.dat
1 1 -120 -80.0354 98.8109 0 1 0 1 0 0 0 0 -1 32556.dat
1 1 -120 -80.0354 18.8109 0 1 0 1 0 0 0 0 -1 32556.dat
1 1 -120 -80.0354 -61.1891 0 1 0 1 0 0 0 0 -1 32556.dat
1 14 -120 -80.0354 38.8109 -1 0 0 0 -1 0 0 0 1 32524.dat
1 14 -100 -80.0354 -51.1891 0 0 1 0 -1 0 1 0 0 41678.dat
1 0 -120 -70.0354 -41.1891 0 1 0 1 0 0 0 0 -1 3673.dat
1 14 -120 -60.0354 18.8109 -1 0 0 0 -1 0 0 0 1 40490.dat
1 1 -120 -40.0354 58.8109 0 1 0 1 0 0 0 0 -1 32556.dat
1 1 -120 -40.0354 -21.1891 0 1 0 1 0 0 0 0 -1 32556.dat
1 14 -120 -40.0354 18.8109 -1 0 0 0 -1 0 0 0 1 40490.dat
1 14 -120 -20.0354 38.8109 -1 0 0 0 -1 0 0 0 1 32524.dat
1 1 -120 -30.0354 -41.1891 0 1 0 1 0 0 0 0 -1 3749.dat
1 14 -120 -20.0354 -41.1891 0 1 0 1 0 0 0 0 -1 6536.dat
1 1 -120 -30.0354 -61.1891 0 1 0 1 0 0 0 0 -1 3749.dat
1 14 -120 -20.0354 -61.1891 0 1 0 1 0 0 0 0 -1 6536.dat
1 0 -100 -80.0354 28.8109 0 0 -1 0 1 0 1 0 0 3708.dat
1 14 -100 -80.0354 -81.1891 -1 0 0 0 0 -1 0 -1 0 40490.dat
1 0 -100 -20.0354 8.81087 0 0 -1 0 1 0 1 0 0 3708.dat
1 14 -100 -40.0354 -101.189 0 0 1 0 -1 0 1 0 0 42003.dat
1 71 -110 -40.0354 -101.189 -1 0 0 0 1 0 0 0 -1 4274.dat
1 71 -100 -60.0354 -101.189 1 0 0 0 1 0 0 0 1 4519.dat
1 0 -120 -60.0354 -101.189 1 0 0 0 0 1 0 -1 0 6553.dat
1 14 -100 -20.0354 -181.189 1 0 0 0 1 0 0 0 1 32140.dat
1 0 -100 -10.0354 -141.189 0 -1 0 -1 0 0 0 0 -1 3673.dat
1 1 -100 -10.0354 -181.189 0 -1 0 -1 0 0 0 0 -1 3749.dat
1 14 -100 -0.0353775 -101.189 1 0 0 0 -1 0 0 0 -1 64391.dat
1 14 -60 4.96462 -241.189 0 0 -1 0 1 0 1 0 0 6632.dat
1 4 -60 -10.0354 -241.189 0 0 -1 -1 0 0 0 1 0 32062.dat
1 14 -60 -5.03538 -241.189 -1 0 0 0 1 0 0 0 -1 32250.dat
1 71 -40 -20.0354 -241.189 0 0 1 1 0 0 0 1 0 32039.dat
1 14 120 -140.035 18.8108 -1 0 0 0 -1 0 0 0 1 40490.dat
1 0 120 -130.035 98.8109 0 1 0 -1 0 0 0 0 1 3673.dat
1 0 120 -130.035 18.8108 0 1 0 -1 0 0 0 0 1 3673.dat
1 0 120 -130.035 -61.1891 0 1 0 -1 0 0 0 0 1 3673.dat
1 14 120 -110.035 98.8109 0 1 0 -1 0 0 0 0 1 62462.dat
1 14 120 -110.035 18.8108 0 1 0 -1 0 0 0 0 1 62462.dat
1 14 120 -110.035 -61.1891 0 1 0 -1 0 0 0 0 1 62462.dat
1 1 120 -80.0354 98.8109 0 1 0 1 0 0 0 0 -1 32556.dat
1 1 120 -80.0354 18.8108 0 1 0 1 0 0 0 0 -1 32556.dat
1 1 120 -80.0354 -61.1891 0 1 0 1 0 0 0 0 -1 32556.dat
1 14 120 -80.0354 38.8109 -1 0 0 0 -1 0 0 0 1 32524.dat
1 14 100 -80.0354 -51.1891 0 0 -1 0 1 0 1 0 0 41678.dat
1 0 120 -70.0354 -41.1891 0 1 0 1 0 0 0 0 -1 3673.dat
1 14 120 -60.0354 18.8108 -1 0 0 0 -1 0 0 0 1 40490.dat
1 1 120 -40.0354 58.8109 0 1 0 1 0 0 0 0 -1 32556.dat
1 1 120 -40.0354 -21.1892 0 1 0 1 0 0 0 0 -1 32556.dat
1 14 120 -40.0354 18.8108 -1 0 0 0 -1 0 0 0 1 40490.dat
1 14 120 -20.0354 -41.1891 0 -1 0 1 0 0 0 0 1 6536.dat
1 1 120 -30.0354 -41.1891 0 -1 0 1 0 0 0 0 1 3749.dat
1 1 120 -30.0354 -61.1891 0 -1 0 1 0 0 0 0 1 3749.dat
1 14 120 -20.0354 -61.1891 0 -1 0 1 0 0 0 0 1 6536.dat
1 14 120 -20.0354 38.8109 -1 0 0 0 -1 0 0 0 1 32524.dat
1 0 100 -80.0354 28.8108 0 0 -1 0 1 0 1 0 0 3708.dat
1 14 100 -80.0354 -81.1891 -1 0 0 0 0 -1 0 -1 0 40490.dat
1 0 100 -20.0354 8.81085 0 0 -1 0 1 0 1 0 0 3708.dat
1 14 100 -40.0354 -101.189 0 0 1 0 -1 0 1 0 0 42003.dat
1 71 110 -40.0354 -101.189 1 0 0 0 1 0 0 0 1 4274.dat
1 14 100 -20.0354 -181.189 -1 0 0 0 -1 0 0 0 1 32140.dat
1 1 100 -10.0354 -181.189 0 -1 0 -1 0 0 0 0 -1 3749.dat
1 0 100 -10.0354 -141.189 0 -1 0 -1 0 0 0 0 -1 3673.dat
1 14 100 -0.0353775 -101.189 1 0 0 0 -1 0 0 0 -1 64683.dat
1 14 60 4.96462 -241.189 0 0 1 0 1 0 -1 0 0 6632.dat
1 4 60 -10.0354 -241.189 0 0 -1 -1 0 0 0 1 0 32062.dat
1 14 60 -5.03538 -241.189 1 0 0 0 -1 0 0 0 -1 32250.dat
1 71 40 -20.0354 -241.189 0 0 -1 1 0 0 0 -1 0 32039.dat
1 71 100 -60.0354 -101.189 -1 0 0 0 -1 0 0 0 1 4519.dat
1 0 120 -60.0354 -101.189 -1 0 0 0 0 -1 0 -1 0 6553.dat
1 0 -40 -38.614 -310.621 0 -1 0 0.887207 0 -0.461371 0.461371 0 0.887207 32526.dat
1 1 -80 -26.5591 -206.411 1 0 0 0 0.738903 0.673812 0 -0.673812 0.738903 32556.dat
1 1 -40 -57.0688 -275.133 -1 0 0 0 0.887207 0.461371 0 0.461371 -0.887207 32556.dat
1 0 -20 -57.0688 -275.133 0 -1 0 -0.887207 0 0.461371 -0.461371 0 -0.887207 32316.dat
1 1 0 -66.2962 -257.389 1 0 0 0 0.887207 -0.461371 0 0.461371 0.887207 32556.dat
1 0 0 -66.2963 -257.388 -1 0 0 0 0.559545 0.8288 0 0.8288 -0.559545 32013.dat
1 72 0 -121.826 -219.899 0 0 -1 -0.8288 0.559545 0 0.559545 0.8288 0 32209.dat
1 0 20 -57.0688 -275.133 0 -1 0 -0.887207 0 0.461371 -0.461371 0 -0.887207 32316.dat
1 1 40 -57.0688 -275.133 1 0 0 0 0.887207 -0.461371 0 0.461371 0.887207 32556.dat
1 1 40 -47.8414 -292.877 1 0 0 0 0.887207 -0.461371 0 0.461371 0.887207 32556.dat
1 0 40 -38.614 -310.621 0 -1 0 0.887207 0 -0.461371 0.461371 0 0.887207 32526.dat
1 71 -40 -40.0354 -221.19 1 0 0 0 0.673812 -0.738903 0 0.738903 0.673812 32054.dat
1 4 -70 -40.0354 -221.19 1 0 0 0 0.673812 -0.738903 0 0.738903 0.673812 32062.dat
1 71 -80 -40.0353 -221.189 0 -1 0 0.738903 0 0.673812 -0.673812 0 0.738903 60483.dat
1 0 -60 -18.9054 -187.933 0 0 -1 0.923879 -0.382683 0 -0.382683 -0.923879 0 6536.dat
1 0 -60 -46.6218 -176.452 0 0 -1 0.923879 -0.382683 0 -0.382683 -0.923879 0 3705.dat
1 71 40 -40.0354 -221.19 -1 0 0 0 0.673812 0.738903 0 0.738903 -0.673812 32054.dat
1 4 70 -40.0354 -221.19 -1 0 0 0 0.673812 0.738903 0 0.738903 -0.673812 32062.dat
1 71 80 -40.0354 -221.19 0 -1 0 0.738903 0 0.673812 -0.673812 0 0.738903 60483.dat
1 1 80 -26.5591 -206.411 1 0 0 0 0.738903 0.673812 0 -0.673812 0.738903 32556.dat
1 0 60 -18.9055 -187.933 0 0 -1 0.923879 -0.382683 0 -0.382683 -0.923879 0 6536.dat
1 0 60 -46.6219 -176.453 0 0 -1 0.923879 -0.382683 0 -0.382683 -0.923879 0 3705.dat
1 0 60 -75.5237 -239.644 0 -1 0 -0.887207 0 0.461371 -0.461371 0 -0.887207 87080.dat
1 1 -40 -47.8414 -292.877 -1 0 0 0 0.887207 0.461371 0 0.461371 -0.887207 32556.dat
1 0 -60 -75.5237 -239.644 0 1 0 0.887207 0 0.461371 0.461371 0 -0.887207 87086.dat
1 0 -60 -62.3932 -221.545 0 0 1 0.461371 0.887207 0 -0.887207 0.461371 0 3673.dat
1 0 60 -62.3933 -221.545 0 0 1 0.461371 0.887207 0 -0.887207 0.461371 0 3673.dat
1 71 0 -75.879 -217.287 1 0 0 0 0.887207 -0.461371 0 0.461371 0.887207 3702.dat
1 0 -60 -82.9767 -220.978 -1 0 0 0 0.887207 0.461371 0 0.461371 -0.887207 44728.dat
1 0 -20 -82.9767 -220.978 -1 0 0 0 0.887207 0.461371 0 0.461371 -0.887207 44728.dat
1 0 20 -82.9767 -220.978 -1 0 0 0 0.887207 0.461371 0 0.461371 -0.887207 44728.dat
1 0 60 -82.9767 -220.978 -1 0 0 0 0.887207 0.461371 0 0.461371 -0.887207 44728.dat
1 0 40 -75.3827 -192.232 -1 0 0 0 0.461371 -0.887207 0 -0.887207 -0.461371 87079.dat
1 0 -40 -75.3827 -192.232 -1 0 0 0 0.461371 -0.887207 0 -0.887207 -0.461371 87079.dat
1 0 -40 -94.6881 -215.796 -1 0 0 0 0.887207 0.461371 0 0.461371 -0.887207 87079.dat
1 0 40 -94.6881 -215.796 -1 0 0 0 0.887207 0.461371 0 0.461371 -0.887207 87079.dat
1 71 -30 -180.035 138.811 0 0 1 0 -1 0 1 0 0 59443.DAT
1 71 40 -180.035 138.811 -1 0 0 0 -1 0 0 0 1 44294.dat
1 0 -70 -180.035 138.811 -1 0 0 0 -1 0 0 0 1 3705.dat
1 71 20 -180.035 138.811 0 0 1 0 -1 0 1 0 0 3713.dat
1 71 40 -180.035 138.811 1 0 0 0 1 0 0 0 1 63869.dat
1 0 0 -180.035 138.811 1 0 0 0 0 1 0 -1 0 6536.dat
1 14 -55 -180.035 138.811 0 -1 0 1 0 0 0 0 1 6632.dat
1 14 -65 -180.035 138.811 0 -1 0 1 0 0 0 0 1 6632.dat
1 71 60 -180.035 198.811 0 -1 0 -1 0 0 0 0 -1 2825.dat
1 14 65 -180.035 138.811 0 -1 0 1 0 0 0 0 1 6632.dat
1 0 -70 -180.035 158.811 -1 0 0 0 -1 0 0 0 1 3673.dat
1 0 70 -180.035 158.811 -1 0 0 0 -1 0 0 0 1 3673.dat
1 1 70 -180.035 198.811 -1 0 0 0 -1 0 0 0 1 3749.dat
1 14 80 -180.035 38.8109 0 -1 0 1 0 0 0 0 1 32278.dat
1 0 90 -180.035 78.8109 -1 0 0 0 -1 0 0 0 1 3673.dat
1 0 90 -180.035 38.8109 -1 0 0 0 -1 0 0 0 1 3673.dat
1 0 70 -180.035 -1.1891 -1 0 0 0 -1 0 0 0 1 3673.dat
1 1 80 -180.035 -41.1891 1 0 0 0 -1 0 0 0 -1 32556.dat
1 0 40 -160.035 128.811 0 0 -1 -1 0 0 0 1 0 87408.dat
1 1 60 -160.035 128.811 0 0 -1 0 -1 0 -1 0 0 3749.dat
1 1 20 -160.035 128.811 0 0 -1 0 -1 0 -1 0 0 3749.dat
1 0 40 -160.035 128.811 0 0 -1 0 -1 0 -1 0 0 3705.dat
1 71 40 -160.035 168.811 -1 0 0 0 -1 0 0 0 1 59443.DAT
1 19 40 -160.035 208.811 0 0 1 0 -1 0 1 0 0 99008.dat
1 19 40 -160.035 105.811 1 0 0 0 -1 0 0 0 -1 6589.dat
1 72 90 -160.035 78.8109 -1 0 0 0 -1 0 0 0 1 55013.dat
1 19 23 -160.035 78.8109 0 0 -1 0 -1 0 -1 0 0 32198.dat
1 14 75 -160.035 78.8109 0 0 -1 0 -1 0 -1 0 0 32123b.dat
1 14 85 -160.035 78.8109 0 0 -1 0 -1 0 -1 0 0 32123b.dat
1 14 100 -180.035 138.811 0 1 0 1 0 0 0 0 -1 32140.dat
1 71 120 -160.035 78.8109 0 0 -1 0 -1 0 -1 0 0 3713.dat
1 14 135 -160.035 78.8109 0 0 -1 0 -1 0 -1 0 0 32123b.dat
1 0 150 -160.035 78.8109 0 0 -1 0 -1 0 -1 0 0 32269.dat
1 14 165 -160.035 78.8109 0 0 -1 0 -1 0 -1 0 0 32123b.dat
1 14 100 -180.035 -41.1891 0 1 0 -1 0 0 0 0 1 32526.dat
1 71 5 -180.035 -101.189 -1 0 0 0 -1 0 0 0 1 44294.dat
1 71 80 -180.035 -101.189 1 0 0 0 -1 0 0 0 -1 32054.dat
1 71 -79 -180.035 -101.189 -1 0 0 0 -1 0 0 0 1 32054.dat
1 71 60 -200.035 -21.1891 0 0 -1 0 1 0 1 0 0 63869.dat
1 1 60 -200.035 -31.1891 0 0 1 0 -1 0 1 0 0 3749.dat
1 14 -80 -180.035 38.8109 0 -1 0 1 0 0 0 0 1 32278.dat
1 0 -90 -180.035 38.8109 -1 0 0 0 -1 0 0 0 1 3673.dat
1 0 -90 -180.035 58.8109 -1 0 0 0 -1 0 0 0 1 3673.dat
1 14 -100 -180.035 -41.1891 0 1 0 -1 0 0 0 0 1 32526.dat
1 0 -110 -180.035 -1.1891 -1 0 0 0 -1 0 0 0 1 3673.dat
1 71 -120 -200.035 -21.1891 0 0 -1 0 1 0 1 0 0 63869.dat
1 1 -120 -200.035 -31.1891 0 0 1 0 -1 0 1 0 0 3749.dat
1 14 -100 -180.035 98.8109 0 1 0 -1 0 0 0 0 1 32316.dat
1 71 -80 -180.035 178.811 -1 0 0 0 -1 0 0 0 1 4519.dat
1 14 -100 -180.035 178.811 1 0 0 0 1 0 0 0 1 6536.dat
1 71 80 -180.035 178.811 1 0 0 0 -1 0 0 0 -1 4519.dat
1 14 100 -180.035 178.811 -1 0 0 0 1 0 0 0 -1 6536.dat
1 1 90 -180.035 -61.1891 1 0 0 0 -1 0 0 0 -1 3749.dat
1 14 100 -160.035 -61.1891 1 0 0 0 1 0 0 0 1 42003.dat
1 1 -90 -180.035 -61.1891 -1 0 0 0 -1 0 0 0 1 3749.dat
1 14 -100 -160.035 -61.1891 -1 0 0 0 1 0 0 0 -1 42003.dat
1 1 -100 -160.035 178.811 0 0 1 0 1 0 -1 0 0 32556.dat
1 1 100 -160.035 178.811 0 0 1 0 1 0 -1 0 0 32556.dat
1 1 100 -160.035 -81.1891 0 0 -1 0 1 0 1 0 0 32556.dat
1 1 100 -140.035 -81.1891 0 0 -1 0 1 0 1 0 0 32556.dat
1 1 -100 -140.035 -81.1891 0 0 -1 0 1 0 1 0 0 32556.dat
1 1 -100 -160.035 -81.1891 0 0 -1 0 1 0 1 0 0 32556.dat
1 0 0 -160.035 -121.189 0 0 -1 -1 0 0 0 1 0 40490.dat
1 0 -80 -160.035 -111.189 0 0 -1 0 1 0 1 0 0 3673.dat
1 0 -60 -160.035 -111.189 0 0 -1 0 1 0 1 0 0 3673.dat
1 0 60 -160.035 -111.189 0 0 -1 0 1 0 1 0 0 3673.dat
1 0 80 -160.035 -111.189 0 0 -1 0 1 0 1 0 0 3673.dat
1 14 100 -80.0353 -101.189 -1 0 0 0 0 -1 0 -1 0 32526.dat
1 14 -100 -80.0353 -101.189 1 0 0 0 0 -1 0 1 0 32526.dat
1 1 -90 -180.035 -121.189 1 0 0 0 1 0 0 0 1 3749.dat
1 14 -85 -180.035 -151.189 0 -1 0 1 0 0 0 0 1 32449.dat
1 14 -75 -180.035 -151.189 0 -1 0 1 0 0 0 0 1 32449.dat
1 0 -90 -180.035 -141.189 1 0 0 0 1 0 0 0 1 3673.dat
1 0 -90 -180.035 -161.189 1 0 0 0 1 0 0 0 1 3673.dat
1 71 0 -180.035 -181.189 1 0 0 0 1 0 0 0 1 60485.dat
1 14 -50 -180.035 -181.189 1 0 0 0 -1 0 0 0 -1 62462.dat
1 14 -25 -180.035 -181.189 0 -1 0 1 0 0 0 0 1 6632.dat
1 14 -15 -180.035 -181.189 0 -1 0 1 0 0 0 0 1 6632.dat
1 1 0 -180.035 -161.189 -1 0 0 0 1 0 0 0 -1 32556.dat
1 14 0 -189.925 -162.667 0 -1 0 0.147807 0 0.989016 -0.989016 0 0.147807 43857.dat
1 1 0 -199.815 -164.145 -1 0 0 0 0.989016 0.147807 0 0.147807 -0.989016 32556.dat
1 14 0 -179.963 -180.912 1 0 0 0 0.552291 -0.833651 0 0.833651 0.552291 32013.dat
1 14 15 -180.035 -181.189 0 -1 0 1 0 0 0 0 1 6632.dat
1 14 25 -180.035 -181.189 0 -1 0 1 0 0 0 0 1 6632.dat
1 14 50 -180.035 -181.189 1 0 0 0 -1 0 0 0 -1 62462.dat
1 14 75 -180.035 -151.189 0 1 0 -1 0 0 0 0 1 32449.dat
1 14 85 -180.035 -151.189 0 1 0 -1 0 0 0 0 1 32449.dat
1 0 90 -180.035 -161.189 -1 0 0 0 -1 0 0 0 1 3673.dat
1 0 90 -180.035 -141.189 -1 0 0 0 -1 0 0 0 1 3673.dat
1 1 90 -180.035 -121.189 -1 0 0 0 -1 0 0 0 1 3749.dat
1 14 -100 -180.035 -121.189 0 1 0 -1 0 0 0 0 1 32523.dat
1 14 100 -180.035 -121.189 0 1 0 -1 0 0 0 0 1 32523.dat
1 71 100 -103.297 -183.8 0 0 -1 -0.959227 0.282638 0 0.282638 0.959227 0 44294.dat
1 14 100 -180.035 -161.189 1 0 0 0 0.282638 -0.959227 0 0.959227 0.282638 32013.dat
1 0 100 -26.5591 -206.411 -1 0 0 0 0.282638 0.959227 0 0.959227 -0.282638 32013.dat
1 14 -100 -180.035 -161.189 1 0 0 0 0.282638 -0.959227 0 0.959227 0.282638 32013.dat
1 71 -100 -103.297 -183.8 0 0 -1 -0.959227 0.282638 0 0.282638 0.959227 0 44294.dat
1 0 -100 -26.5591 -206.411 -1 0 0 0 0.282638 0.959227 0 0.959227 -0.282638 32013.dat
1 0 -80 -160.035 248.811 0 0 1 0 1 0 -1 0 0 3707.dat
1 71 -80 -160.035 178.811 1 0 0 0 1 0 0 0 1 3713.dat
1 72 0 -160.035 198.811 0 0 -1 -1 0 0 0 1 0 32525.dat
0 Assembly 1
1 71 -80 -160.035 238.811 0 1 0 0 0 1 1 0 0 92693c01.dat
0 Assembly 1
1 25 -80 -130.035 238.811 0 1 0 0 0 1 1 0 0 92695.dat
0 Assembly 1
1 72 -80 -3.37734 238.706 -1 0 0 0 0 1 0 1 0 92696.dat
1 0 -80 -140.035 238.811 0 1 0 0 0 -1 -1 0 0 32270.dat
1 19 -80 -160.035 256.811 -1 0 0 0 1 0 0 0 -1 6589.dat
1 71 -80 -160.035 278.811 -1 0 0 0 1 0 0 0 -1 94925.dat
1 71 -80 -160.035 298.811 1 0 0 0 1 0 0 0 1 3713.dat
1 0 80 -160.035 248.811 0 0 1 0 1 0 -1 0 0 3707.dat
1 71 80 -160.035 178.811 1 0 0 0 1 0 0 0 1 3713.dat
1 19 80 -160.035 256.811 -1 0 0 0 1 0 0 0 -1 6589.dat
1 71 80 -160.035 278.811 -1 0 0 0 1 0 0 0 -1 94925.dat
1 71 80 -160.035 298.811 1 0 0 0 1 0 0 0 1 3713.dat
1 71 80 -160.035 238.811 0 1 0 0 0 1 1 0 0 92693c01.dat
1 25 80 -130.035 238.811 0 1 0 0 0 1 1 0 0 92695.dat
1 0 80 -140.035 238.811 0 1 0 0 0 -1 -1 0 0 32270.dat
1 72 80 -37.1853 238.811 -1 0 0 0 0 1 0 1 0 92696.dat
1 71 90 -37.1853 238.811 1 0 0 0 1 0 0 0 1 3673.dat
1 71 -90 -3.37734 238.706 1 0 0 0 1 0 0 0 1 3673.dat
1 71 -100 16.5853 239.927 0 1 0 -0.0610485 0 0.998135 0.998135 0 0.0610485 32523.dat
1 71 101 -17.234 239.948 0 1 0 -0.0697565 0 0.997564 0.997564 0 0.0697565 32523.dat
1 1 -100 -180.035 -41.1891 -1 0 0 0 -1 0 0 0 1 32556.dat
1 72 40 -160.035 218.811 1 0 0 0 1 0 0 0 1 6542b.dat
1 71 40 -160.035 248.811 1 0 0 0 1 0 0 0 1 59443.DAT
1 0 40 -160.035 288.811 0 0 -1 0 1 0 1 0 0 3705.dat
1 71 0 -220.035 118.811 -1 0 0 0 1 0 0 0 -1 99009.dat
1 0 0 -220.035 118.811 0 0 1 0 1 0 -1 0 0 99010.dat
1 1 -20 -200.035 118.811 0 0 -1 0 -1 0 -1 0 0 32556.dat
1 1 20 -200.035 118.811 0 0 -1 0 -1 0 -1 0 0 32556.dat
1 72 0 -200.035 138.811 0 0 -1 -1 0 0 0 1 0 32525.dat
1 1 80 -200.035 118.811 0 0 -1 0 -1 0 -1 0 0 32556.dat
1 1 -80 -200.035 118.811 0 0 -1 0 -1 0 -1 0 0 32556.dat
1 71 -100 -200.035 118.811 0 -1 0 0 0 1 -1 0 0 98989.dat
1 71 100 -200.035 118.811 0 1 0 0 0 1 1 0 0 98989.dat
1 71 60 -200.035 118.811 0 0 1 0 -1 0 1 0 0 4519.dat
1 71 -60 -200.035 118.811 0 0 1 0 -1 0 1 0 0 4519.dat
1 72 0 -200.035 98.8109 0 0 -1 -1 0 0 0 1 0 32525.dat
1 1 0 -240.035 98.8109 -1 0 0 0 -1 0 0 0 1 32556.dat
1 1 0 -240.035 138.811 -1 0 0 0 -1 0 0 0 1 32556.dat
1 71 40 -320.035 118.811 0 -1 0 1 0 0 0 0 1 32316.dat
1 0 30 -320.035 98.8109 1 0 0 0 -1 0 0 0 -1 3673.dat
1 0 30 -320.035 118.811 1 0 0 0 -1 0 0 0 -1 3673.dat
1 0 30 -320.035 138.811 1 0 0 0 -1 0 0 0 -1 3673.dat
1 71 20 -240.035 98.8109 0 1 0 0 0 -1 -1 0 0 32526.dat
1 71 20 -240.035 138.811 0 -1 0 0 0 -1 1 0 0 32526.dat
1 71 0 -300.035 118.811 1 0 0 0 0 1 0 -1 0 32034.dat
1 1 0 -300.035 118.811 -1 0 0 0 1 0 0 0 -1 32556.dat
1 71 20 -280.035 118.811 0 -1 0 0 0 -1 1 0 0 32523.dat
1 71 -20 -280.035 118.811 0 -1 0 0 0 -1 1 0 0 32523.dat
1 0 30 -280.035 118.811 1 0 0 0 1 0 0 0 1 3673.dat
1 0 30 -260.035 118.811 1 0 0 0 1 0 0 0 1 3673.dat
1 0 -30 -260.035 118.811 1 0 0 0 1 0 0 0 1 3673.dat
1 0 -30 -280.035 118.811 1 0 0 0 1 0 0 0 1 3673.dat
1 72 0 -350.035 118.811 0 1 0 -1 0 0 0 0 1 87083.dat
1 71 0 -340.035 118.811 -1 0 0 0 -1 0 0 0 1 87082.dat
1 0 -20 -320.035 118.811 0 1 0 0 0 -1 -1 0 0 60484.dat
1 71 0 -360.035 138.811 1 0 0 0 0 1 0 -1 0 87082.dat
1 71 0 -360.035 98.8109 1 0 0 0 0 1 0 -1 0 87082.dat
1 19 0 -360.035 158.811 0 0 -1 0 1 0 1 0 0 32556.dat
1 19 0 -360.035 78.8109 0 0 1 0 1 0 -1 0 0 32556.dat
1 0 20 -320.035 118.811 0 1 0 0 0 -1 -1 0 0 60484.dat
1 71 0 -320.035 158.811 1 0 0 0 1 0 0 0 1 32073.dat
1 71 0 -320.035 158.811 1 0 0 0 -1 0 0 0 -1 63869.dat
1 0 20 -340.035 148.811 0 0 1 0 1 0 -1 0 0 3673.dat
1 0 -20 -340.035 148.811 0 0 1 0 1 0 -1 0 0 3673.dat
1 0 0 -340.035 168.811 0 0 1 0 1 0 -1 0 0 3673.dat
1 72 0 -340.035 138.811 0 0 -1 1 0 0 0 -1 0 32524.dat
1 71 0 -320.035 78.8109 -1 0 0 0 1 0 0 0 -1 32073.dat
1 71 0 -320.035 78.8109 -1 0 0 0 -1 0 0 0 1 63869.dat
1 0 -20 -340.035 88.8109 0 0 -1 0 1 0 1 0 0 3673.dat
1 0 20 -340.035 88.8109 0 0 -1 0 1 0 1 0 0 3673.dat
1 0 0 -340.035 68.8109 0 0 -1 0 1 0 1 0 0 3673.dat
1 72 0 -340.035 98.8109 0 0 1 1 0 0 0 1 0 32524.dat
1 71 -40 -320.035 118.811 0 1 0 1 0 0 0 0 -1 32316.dat
1 0 -30 -320.035 98.8109 -1 0 0 0 -1 0 0 0 1 3673.dat
1 0 -30 -320.035 118.811 -1 0 0 0 -1 0 0 0 1 3673.dat
1 0 -30 -320.035 138.811 -1 0 0 0 -1 0 0 0 1 3673.dat
1 71 -20 -240.035 138.811 0 -1 0 0 0 -1 1 0 0 32526.dat
1 71 -20 -240.035 98.8109 0 1 0 0 0 -1 -1 0 0 32526.dat
1 19 -40 -360.035 118.811 -1 0 0 0 1 0 0 0 -1 32556.dat
1 19 40 -360.035 118.811 1 0 0 0 1 0 0 0 1 32556.dat
1 71 -40 -380.035 68.8109 0 0 -1 0 1 0 1 0 0 2736.dat
1 0 -40 -380.035 78.8109 0 1 0 0 0 1 1 0 0 6553.dat
1 0 0 -360.035 78.8109 -1 0 0 0 -1 0 0 0 1 92907.dat
1 4 0 -380.035 58.8109 1 0 0 0 1 0 0 0 1 32062.dat
1 0 0 -380.035 38.8109 1 0 0 0 0 1 0 -1 0 42003.dat
1 0 -40 -360.035 118.811 0 0 1 0 -1 0 1 0 0 92907.dat
1 71 -50 -380.035 158.811 1 0 0 0 1 0 0 0 1 2736.dat
1 0 -40 -380.035 158.811 1 0 0 0 0 1 0 -1 0 6553.dat
1 4 -60 -380.035 118.811 0 0 1 0 1 0 -1 0 0 32062.dat
1 0 -80 -380.035 118.811 0 -1 0 0 0 1 -1 0 0 42003.dat
1 0 0 -360.035 158.811 1 0 0 0 -1 0 0 0 -1 92907.dat
1 71 40 -380.035 168.811 0 0 1 0 1 0 -1 0 0 2736.dat
1 0 40 -380.035 158.811 0 -1 0 0 0 1 -1 0 0 6553.dat
1 4 0 -380.035 178.811 -1 0 0 0 1 0 0 0 -1 32062.dat
1 0 0 -380.035 198.811 -1 0 0 0 0 1 0 1 0 42003.dat
1 0 40 -360.035 118.811 0 0 -1 0 -1 0 -1 0 0 92907.dat
1 71 50 -380.035 78.8109 -1 0 0 0 1 0 0 0 -1 2736.dat
1 0 40 -380.035 78.8109 -1 0 0 0 0 1 0 1 0 6553.dat
1 4 60 -380.035 118.811 0 0 -1 0 1 0 1 0 0 32062.dat
1 0 80 -380.035 118.811 0 1 0 0 0 1 1 0 0 42003.dat
1 0 60 -340.035 118.811 0 0 -1 0 -1 0 -1 0 0 6536.dat
1 0 -60 -340.035 118.811 0 0 -1 0 -1 0 -1 0 0 6536.dat
1 0 0 -340.035 178.811 -1 0 0 0 -1 0 0 0 1 42003.dat
1 0 0 -340.035 58.8109 -1 0 0 0 -1 0 0 0 1 42003.dat
1 71 0 -320.035 58.8109 -1 0 0 0 1 0 0 0 -1 4519.dat
1 71 0 -320.035 178.811 -1 0 0 0 1 0 0 0 -1 4519.dat
1 71 60 -340.035 118.811 0 0 1 0 1 0 -1 0 0 4519.dat
1 71 -60 -340.035 118.811 0 0 1 0 1 0 -1 0 0 4519.dat
1 71 40 -300.035 118.811 0 0 1 0 1 0 -1 0 0 32073.dat
1 0 40 -280.035 118.811 0 0 1 0 1 0 -1 0 0 42003.dat
1 71 40 -300.035 98.8109 1 0 0 0 1 0 0 0 1 3713.dat
1 71 40 -300.035 138.811 1 0 0 0 1 0 0 0 1 3713.dat
1 0 40 -300.035 78.8109 0 0 1 0 1 0 -1 0 0 6536.dat
1 71 40 -300.035 158.811 1 0 0 0 0 1 0 -1 0 60483.dat
1 0 40 -280.035 168.811 0 0 1 0 1 0 -1 0 0 6628.dat
1 0 50 -280.035 78.8109 -1 0 0 0 1 0 0 0 -1 6628.dat
1 0 -40 -280.035 118.811 0 0 -1 0 1 0 1 0 0 42003.dat
1 71 -40 -300.035 118.811 0 0 -1 0 1 0 1 0 0 32073.dat
1 71 -40 -300.035 138.811 -1 0 0 0 1 0 0 0 -1 3713.dat
1 71 -40 -300.035 98.8109 -1 0 0 0 1 0 0 0 -1 3713.dat
1 0 -40 -300.035 158.811 0 0 -1 0 1 0 1 0 0 6536.dat
1 71 -40 -300.035 78.8109 -1 0 0 0 0 1 0 1 0 60483.dat
1 0 -50 -280.035 158.811 1 0 0 0 1 0 0 0 1 6628.dat
1 0 -40 -280.035 68.8109 0 0 -1 0 1 0 1 0 0 6628.dat
1 0 40 -280.035 180.811 -1 0 0 0 0 -1 0 -1 0 2739a.dat
1 0 -40 -280.035 56.8109 -1 0 0 0 0 -1 0 -1 0 2739a.dat
1 0 -62 -280.035 158.811 0 -1 0 0 0 -1 1 0 0 2739a.dat
1 0 62 -280.035 78.8109 0 -1 0 0 0 -1 1 0 0 2739a.dat
1 1 100 -200.035 158.811 0 0 1 0 1 0 -1 0 0 32556.dat
1 1 -100 -200.035 158.811 0 0 1 0 1 0 -1 0 0 32556.dat
1 0 -60 -200.035 -41.1891 0 0 1 1 0 0 0 1 0 41239.dat
1 71 -180 -200.035 -21.1891 0 0 1 -1 0 0 0 -1 0 33299.dat
1 28 -180 -200.035 -21.1891 0 0 1 0 1 0 -1 0 0 6587.dat
1 0 -180 -200.035 -1.1891 0 -1 0 0 0 1 -1 0 0 6536.dat
1 71 -40 -200.035 13.8109 0 0 -1 0 1 0 1 0 0 32073.dat
1 71 -40 -200.035 -41.1891 0 0 1 0 1 0 -1 0 0 32054.dat
1 72 -40 -200.035 8.8109 0 0 1 0 1 0 -1 0 0 32012.dat
1 71 -40 -200.035 38.8109 -1 0 0 0 1 0 0 0 -1 3713.dat
1 71 -40 -200.035 68.8109 -1 0 0 0 1 0 0 0 -1 59443.DAT
1 72 -196 -98 -1 0 0 -1 0 1 0 1 0 0 30395.dat
1 0 -37.0013 -189.106 15.8109 0.0355 0 0.9994 0.9994 0 -0.0355 0 -1 0 9396 - LS60.dat
1 0 -35.5143 -189.332 15.8109 0.1216 0 0.9926 0.9926 0 -0.1216 0 -1 0 9396 - LS60.dat
1 0 -34.0651 -189.743 15.8109 0.2361 0 0.9717 0.9717 0 -0.2361 0 -1 0 9396 - LS60.dat
1 0 -32.7041 -190.394 15.8109 0.3845 0 0.9231 0.9231 0 -0.3845 0 -1 0 9396 - LS60.dat
1 0 -31.5072 -191.323 15.8109 0.5601 0 0.8285 0.8285 0 -0.5601 0 -1 0 9396 - LS60.dat
1 0 -30.558 -192.506 15.8109 0.7317 0 0.6817 0.6817 0 -0.7317 0 -1 0 9396 - LS60.dat
1 0 -29.8808 -193.863 15.8109 0.8609 0 0.5088 0.5088 0 -0.8609 0 -1 0 9396 - LS60.dat
1 0 -29.4368 -195.307 15.8109 0.9371 0 0.349 0.349 0 -0.9371 0 -1 0 9396 - LS60.dat
1 0 -29.1677 -196.791 15.8109 0.9752 0 0.2214 0.2214 0 -0.9752 0 -1 0 9396 - LS60.dat
1 0 -29.0275 -198.287 15.8109 0.9921 0 0.1255 0.1255 0 -0.9921 0 -1 0 9396 - LS60.dat
1 0 -28.982 -199.79 15.8109 0.9985 0 0.054 0.054 0 -0.9985 0 -1 0 9396 - LS60.dat
1 0 -29.0512 -201.292 15.8109 1 0 -0.0211 -0.0211 0 -1 0 -1 0 9396 - LS60.dat
1 0 -29.1855 -202.788 15.8109 0.9974 0 -0.0724 -0.0724 0 -0.9974 0 -1 0 9396 - LS60.dat
1 0 -29.4317 -204.27 15.8109 0.99 0 -0.1412 -0.1412 0 -0.99 0 -1 0 9396 - LS60.dat
1 0 -29.8289 -205.721 15.8109 0.9723 0 -0.2338 -0.2338 0 -0.9723 0 -1 0 9396 - LS60.dat
1 0 -30.4264 -207.104 15.8109 0.9341 0 -0.3571 -0.3571 0 -0.9341 0 -1 0 9396 - LS60.dat
1 0 -31.2719 -208.355 15.8109 0.859 0 -0.512 -0.512 0 -0.859 0 -1 0 9396 - LS60.dat
1 0 -32.3789 -209.392 15.8109 0.7323 0 -0.681 -0.681 0 -0.7323 0 -1 0 9396 - LS60.dat
1 0 -33.6918 -210.152 15.8109 0.5628 0 -0.8266 -0.8266 0 -0.5628 0 -1 0 9396 - LS60.dat
1 0 -35.1238 -210.645 15.8109 0.3871 0 -0.9221 -0.9221 0 -0.3871 0 -1 0 9396 - LS60.dat
1 0 -36.6078 -210.926 15.8109 0.2367 0 -0.9716 -0.9716 0 -0.2367 0 -1 0 9396 - LS60.dat
1 0 -38.1082 -211.047 15.8109 0.1198 0 -0.9928 -0.9928 0 -0.1198 0 -1 0 9396 - LS60.dat
1 0 -39.6133 -210.954 15.8109 -0.0169 0 -1 -1 0 0.0169 0 -1 0 9396 - LS60.dat
1 0 -41.1119 -210.848 15.8109 -0.0572 0 -0.9984 -0.9984 0 0.0572 0 -1 0 9396 - LS60.dat
1 0 -42.6009 -210.657 15.8109 -0.1099 0 -0.9939 -0.9939 0 0.1099 0 -1 0 9396 - LS60.dat
1 0 -44.0738 -210.353 15.8109 -0.1793 0 -0.9838 -0.9838 0 0.1793 0 -1 0 9396 - LS60.dat
1 0 -45.5076 -209.901 15.8109 -0.2706 0 -0.9627 -0.9627 0 0.2706 0 -1 0 9396 - LS60.dat
1 0 -46.8694 -209.26 15.8109 -0.3883 0 -0.9215 -0.9215 0 0.3883 0 -1 0 9396 - LS60.dat
1 0 -48.1045 -208.391 15.8109 -0.5314 0 -0.8471 -0.8471 0 0.5314 0 -1 0 9396 - LS60.dat
1 0 -49.1404 -207.287 15.8109 -0.6841 0 -0.7294 -0.7294 0 0.6841 0 -1 0 9396 - LS60.dat
1 0 -49.9273 -205.994 15.8109 -0.8177 0 -0.5757 -0.5757 0 0.8177 0 -1 0 9396 - LS60.dat
1 0 -50.468 -204.58 15.8109 -0.9104 0 -0.4137 -0.4137 0 0.9104 0 -1 0 9396 - LS60.dat
1 0 -50.8018 -203.108 15.8109 -0.9629 0 -0.2699 -0.2699 0 0.9629 0 -1 0 9396 - LS60.dat
1 0 -50.9745 -201.613 15.8109 -0.9881 0 -0.1538 -0.1538 0 0.9881 0 -1 0 9396 - LS60.dat
1 0 -51.0244 -200.111 15.8109 -0.998 0 -0.0634 -0.0634 0 0.998 0 -1 0 9396 - LS60.dat
1 0 -50.9372 -198.609 15.7815 -0.9996 0 0.0278 0.0278 -0.0147 0.9995 -0.0004 -1 -0.0147 9396 - LS60.dat
1 0 -50.7635 -197.118 15.6965 -0.9956 0 0.0938 0.0937 -0.0463 0.9945 -0.0043 -0.9989 -0.0461 9396 - LS60.dat
1 0 -50.453 -195.653 15.5589 -0.9839 -0.0073 0.1787 0.1787 -0.0803 0.9806 -0.0072 -0.9967 -0.0803 9396 - LS60.dat
1 0 -49.9675 -194.241 15.3669 -0.9576 -0.0229 0.2873 0.288 -0.1143 0.9508 -0.0111 -0.9932 -0.116 9396 - LS60.dat
1 0 -49.2682 -192.926 15.1255 -0.9057 -0.0476 0.4212 0.4235 -0.1429 0.8945 -0.0176 -0.9886 -0.1496 9396 - LS60.dat
1 0 -48.3337 -191.769 14.8514 -0.8163 -0.0789 0.5722 0.577 -0.1578 0.8014 -0.0271 -0.9843 -0.1744 9396 - LS60.dat
1 0 -47.1819 -190.828 14.5733 -0.6867 -0.1082 0.7189 0.7261 -0.1515 0.6707 -0.0363 -0.9825 -0.1826 9396 - LS60.dat
1 0 -45.867 -190.121 14.3214 -0.5337 -0.1244 0.8365 0.8447 -0.1244 0.5205 -0.0393 -0.9844 -0.1714 9396 - LS60.dat
1 0 -44.4545 -189.627 14.1155 -0.385 -0.1217 0.9149 0.9223 -0.0869 0.3766 -0.0337 -0.9888 -0.1457 9396 - LS60.dat
1 0 -42.99 -189.306 13.9625 -0.2588 -0.1031 0.9604 0.9657 -0.0515 0.2547 -0.0232 -0.9933 -0.1129 9396 - LS60.dat
1 0 -41.5005 -189.117 13.8618 -0.1593 -0.0755 0.9843 0.9872 -0.0252 0.1578 -0.0129 -0.9968 -0.0785 9396 - LS60.dat
1 0 -40 -189.03 13.8101 -0.0829 -0.0448 0.9955 0.9965 -0.009 0.0826 -0.0052 -0.999 -0.0454 9396 - LS60.dat
1 0 -38.4967 -189.124 13.8324 0.0261 0 1 1 0 -0.0261 0 -1 0 9396 - LS60.dat
1 0 -37.0034 -189.288 13.8313 0.0884 -0.0006 0.9961 0.9961 0 -0.0884 0 -1 -0.0006 9396 - LS60.dat
