0 FILE 9397 - Main.ldr
0 Main
0 Name: 9397 - Main.ldr
0 Author: Oh-Seong KWON
0 !LDRAW_ORG Model
0 !LICENSE Redistributable under CCAL version 2.0 : see CAreadme.txt
0 ROTATION CENTER 0 0 0 1 "Custom" 
0 ROTATION CONFIG 0 0
1 0 0 0 0 1 0 0 0 1 0 0 0 1 9397 - 9397B.ldr
0 

0

0 FILE 9397 - 9397B.ldr
0 9397B
0 Name: 9397 - 9397B.ldr
0 Author: Oh-Seong KWON
0 !LDRAW_ORG Model
0 !LICENSE Redistributable under CCAL version 2.0 : see CAreadme.txt
0 ROTATION CENTER 0 0 0 1 "Custom" 
0 ROTATION CONFIG 0 0
1 71 0 0 250 -1 0 0 0 1 0 0 0 -1 64179.dat
1 0 -50 0 290 -1 0 0 0 1 0 0 0 -1 3673.dat
1 0 50 0 290 -1 0 0 0 1 0 0 0 -1 3673.dat
1 0 50 0 210 -1 0 0 0 1 0 0 0 -1 3673.dat
1 0 -50 0 210 -1 0 0 0 1 0 0 0 -1 3673.dat
0 STEP
1 71 60 20 250 0 -1 0 0 0 1 -1 0 0 63869.dat
1 71 60 20 250 0 -1 0 0 0 1 -1 0 0 4519.dat
1 4 100 20 265 0 0 -1 1 0 0 0 -1 0 6632.dat
1 4 100 20 235 0 0 -1 1 0 0 0 -1 0 6632.dat
1 1 40 0 270 0 0 1 -1 0 0 0 -1 0 32556.dat
1 1 40 0 230 0 0 1 -1 0 0 0 -1 0 32556.dat
1 1 -40 0 230 0 0 -1 -1 0 0 0 1 0 32556.dat
1 71 -60 20 250 0 1 0 0 0 1 1 0 0 63869.dat
1 71 -60 20 250 0 1 0 0 0 1 1 0 0 4519.dat
1 4 -100 20 235 0 0 1 1 0 0 0 1 0 6632.dat
1 4 -100 20 265 0 0 1 1 0 0 0 1 0 6632.dat
1 1 -40 0 270 0 0 -1 -1 0 0 0 1 0 32556.dat
0 STEP
1 4 0 0 140 0 0 -1 0 1 0 1 0 0 32062.dat
1 71 0 0 190 0 0 -1 0 1 0 1 0 0 4519.dat
1 71 0 0 120 -1 0 0 0 1 0 0 0 -1 59443.dat
1 71 0 0 160 -1 0 0 0 1 0 0 0 -1 59443.dat
1 0 0 0 210 1 0 0 0 1 0 0 0 1 32269.dat
0 STEP
1 72 0 0 250 0 0 -1 1 0 0 0 -1 0 62821.dat
1 19 0 0 267 -1 0 0 0 1 0 0 0 -1 6589.dat
1 71 -82 0 250 -1 0 0 0 1 0 0 0 -1 44294.dat
1 19 -18 0 250 0 0 1 0 1 0 -1 0 0 6589.dat
1 71 82 0 250 1 0 0 0 1 0 0 0 1 44294.dat
1 19 18 0 250 0 0 -1 0 1 0 1 0 0 6589.dat
0 STEP
1 71 0 0 430 -1 0 0 0 1 0 0 0 -1 64178.dat
1 0 50 0 330 -1 0 0 0 1 0 0 0 -1 3673.dat
1 0 -50 0 330 -1 0 0 0 1 0 0 0 -1 3673.dat
1 0 50 0 390 -1 0 0 0 1 0 0 0 -1 3673.dat
1 0 -50 0 390 -1 0 0 0 1 0 0 0 -1 3673.dat
0 STEP
1 0 -30 0 430 -1 0 0 0 1 0 0 0 -1 3673.dat
1 0 30 0 430 -1 0 0 0 1 0 0 0 -1 3673.dat
1 71 20 -20 430 0 1 0 0 0 1 1 0 0 60483.dat
1 71 -20 -20 430 0 1 0 0 0 1 1 0 0 60483.dat
1 1 60 0 530 1 0 0 0 1 0 0 0 1 32556.dat
1 1 60 0 350 1 0 0 0 1 0 0 0 1 32556.dat
1 1 -60 0 350 -1 0 0 0 1 0 0 0 -1 32556.dat
1 1 -60 0 530 -1 0 0 0 1 0 0 0 -1 32556.dat
0 STEP
1 4 -60 0 210 0 1 0 1 0 0 0 0 -1 32278.dat
1 71 0 0 350 0 1 0 1 0 0 0 0 -1 48989.dat
0 STEP
1 1 -80 0 70 -1 0 0 0 1 0 0 0 -1 32556.dat
1 0 -70 0 110 -1 0 0 0 1 0 0 0 -1 3673.dat
1 4 -60 0 130 1 0 0 0 1 0 0 0 1 32054.dat
0 STEP
1 71 0 0 90 0 0 -1 0 1 0 1 0 0 32034.dat
1 4 -30 0 90 -1 0 0 0 1 0 0 0 -1 32062.dat
1 4 30 0 90 -1 0 0 0 1 0 0 0 -1 32062.dat
1 4 60 0 90 1 0 0 0 1 0 0 0 1 32054.dat
1 4 -60 0 90 -1 0 0 0 1 0 0 0 -1 32054.dat
1 4 60 0 210 0 1 0 1 0 0 0 0 -1 32278.dat
0 STEP
1 1 80 0 70 1 0 0 0 1 0 0 0 1 32556.dat
1 0 70 0 110 -1 0 0 0 1 0 0 0 -1 3673.dat
1 4 60 0 130 -1 0 0 0 1 0 0 0 -1 32054.dat
1 14 75 0 250 0 0 1 0 1 0 -1 0 0 32123b.dat
1 14 85 0 250 0 0 1 0 1 0 -1 0 0 32123b.dat
1 14 -75 0 250 0 0 1 0 1 0 -1 0 0 32123b.dat
1 14 -85 0 250 0 0 1 0 1 0 -1 0 0 32123b.dat
0 STEP
1 71 60 -20 250 0 -1 0 0 0 1 -1 0 0 63869.dat
1 71 60 -20 250 0 -1 0 0 0 1 -1 0 0 4519.dat
1 4 100 -20 235 0 0 -1 1 0 0 0 -1 0 6632.dat
1 4 100 -20 265 0 0 -1 1 0 0 0 -1 0 6632.dat
1 71 -60 -20 250 0 1 0 0 0 -1 -1 0 0 63869.dat
1 71 -60 -20 250 0 1 0 0 0 -1 -1 0 0 4519.dat
1 4 -100 -20 235 0 0 1 -1 0 0 0 -1 0 6632.dat
1 4 -100 -20 265 0 0 1 -1 0 0 0 -1 0 6632.dat
0 STEP
1 0 100 0 250 0 0 -1 0 1 0 1 0 0 32184.dat
1 0 -100 0 250 0 0 -1 0 1 0 1 0 0 32184.dat
1 14 115 0 250 0 0 1 0 1 0 -1 0 0 32123b.dat
1 14 -115 0 250 0 0 1 0 1 0 -1 0 0 32123b.dat
1 71 100 -20 250 0 0 -1 0 1 0 1 0 0 4519.dat
1 71 100 20 250 0 0 -1 0 1 0 1 0 0 4519.dat
1 71 -100 -20 245 0 0 -1 0 1 0 1 0 0 4519.dat
1 71 -100 20 245 0 0 -1 0 1 0 1 0 0 4519.dat
0 STEP
1 71 0 0 470 -1 0 0 0 0.923879 0.382683 0 0.382683 -0.923879 60485.dat
1 0 -80 7.65367 451.522 -1 0 0 0 0.382683 -0.923879 0 -0.923879 -0.382683 32184.dat
1 19 -90 15.3073 433.045 1 0 0 0 0.923879 -0.382683 0 0.382683 0.923879 3749.dat
1 71 -60 0 470 0 0 1 0 1 0 -1 0 0 3713.dat
1 71 60 0 470 0 0 1 0 1 0 -1 0 0 3713.dat
1 0 80 7.65367 451.522 -1 0 0 0 0.382683 -0.923879 0 -0.923879 -0.382683 32184.dat
1 19 90 15.3073 433.045 -1 0 0 0 0.923879 0.382683 0 0.382683 -0.923879 3749.dat
0 STEP
1 4 -80 0 -30 0 1 0 1 0 0 0 0 -1 32278.dat
1 1 -60 0 -170 1 0 0 0 1 0 0 0 1 32556.dat
1 1 -60 0 -130 1 0 0 0 1 0 0 0 1 32556.dat
1 0 -100 0 50 1 0 0 0 0 -1 0 1 0 87082.dat
0 STEP
1 4 -60 -80 -170 0 1 0 0 0 1 1 0 0 32526.dat
1 1 -70 -40 -170 -1 0 0 0 1 0 0 0 -1 3749.dat
1 0 -100 -40 -170 0 0 -1 0 1 0 1 0 0 32013.dat
1 1 -60 -80 -170 1 0 0 0 1 0 0 0 1 32556.dat
1 4 -40 0 -270 0 1 0 1 0 0 0 0 -1 32278.dat
1 1 -40 0 -190 1 0 0 0 1 0 0 0 1 32556.dat
0 STEP
1 71 -5 0 -410 1 0 0 0 1 0 0 0 1 4519.dat
1 4 -40 0 -410 -1 0 0 0 1 0 0 0 -1 32054.dat
1 4 40 0 -410 1 0 0 0 1 0 0 0 1 32054.dat
0 STEP
1 0 0 0 0 0 0 -1 0 1 0 1 0 0 3708.dat
1 71 0 0 -120 1 0 0 0 1 0 0 0 1 59443.dat
0 STEP
1 71 0 0 -150 0 0 -1 0 1 0 1 0 0 32034.dat
1 1 30 0 -150 -1 0 0 0 1 0 0 0 -1 3749.dat
1 1 -30 0 -150 1 0 0 0 1 0 0 0 1 3749.dat
0 STEP
1 28 0 0 -152 0 0 1 0 1 0 -1 0 0 6587.dat
1 71 0 0 -170 1 0 0 0 1 0 0 0 1 94925.dat
0 STEP
1 4 40 0 -270 0 1 0 1 0 0 0 0 -1 32278.dat
1 1 60 0 -130 1 0 0 0 1 0 0 0 1 32556.dat
1 1 60 0 -170 1 0 0 0 1 0 0 0 1 32556.dat
0 STEP
1 4 60 -80 -170 0 1 0 0 0 1 1 0 0 32526.dat
1 1 40 0 -190 -1 0 0 0 1 0 0 0 -1 32556.dat
1 1 70 -40 -170 1 0 0 0 1 0 0 0 1 3749.dat
1 0 100 -40 -170 0 0 1 0 1 0 -1 0 0 32013.dat
0 STEP
1 4 80 0 -30 0 1 0 1 0 0 0 0 -1 32278.dat
1 0 100 0 50 1 0 0 0 0 -1 0 1 0 87082.dat
0 STEP
1 1 50 0 -270 1 0 0 0 1 0 0 0 1 3749.dat
1 0 60 0 -290 1 0 0 0 0 1 0 -1 0 32184.dat
1 1 50 0 -310 1 0 0 0 1 0 0 0 1 3749.dat
1 1 -50 0 -270 -1 0 0 0 1 0 0 0 -1 3749.dat
1 1 -50 0 -310 -1 0 0 0 1 0 0 0 -1 3749.dat
1 0 -60 0 -290 -1 0 0 0 0 1 0 1 0 32184.dat
0 STEP
1 0 0 20 -290 0 0 -1 0 1 0 1 0 0 32525.dat
1 1 60 0 -290 0 -1 0 -1 0 0 0 0 -1 32556.dat
1 1 -60 0 -290 0 -1 0 -1 0 0 0 0 -1 32556.dat
0 STEP
1 71 100 0 -270 -1 0 0 0 0 1 0 1 0 48989.dat
1 72 130 0 -290 -1 0 0 0 1 0 0 0 -1 87083.dat
1 14 115 0 -290 0 0 1 0 1 0 -1 0 0 32123b.dat
1 14 125 0 -290 0 0 1 0 1 0 -1 0 0 32123b.dat
1 71 -100 0 -270 1 0 0 0 0 -1 0 1 0 48989.dat
1 72 -130 0 -290 1 0 0 0 -1 0 0 0 -1 87083.dat
1 14 -115 0 -290 0 0 -1 0 -1 0 -1 0 0 32123b.dat
1 14 -125 0 -290 0 0 -1 0 -1 0 -1 0 0 32123b.dat
0 STEP
1 0 0 -20 -290 0 0 -1 0 1 0 1 0 0 32525.dat
1 0 0 -20 -250 0 0 -1 0 1 0 1 0 0 32525.dat
0 STEP
1 1 20 -30 -290 0 0 -1 -1 0 0 0 1 0 3749.dat
1 0 0 -40 -290 0 1 0 -1 0 0 0 0 1 32184.dat
1 1 -20 -30 -290 0 0 -1 -1 0 0 0 1 0 3749.dat
0 STEP
1 4 0 -40 -240 0 0.981627 -0.19081 0 0.19081 0.981627 1 0 0 32062.dat
1 0 0 -40 -300 0 0.981627 0.19081 0 0.19081 -0.981627 -1 0 0 3705.dat
1 14 0 -40 -260 -0.19081 0.981627 0 0.981627 0.19081 0 0 0 -1 59443.dat
1 14 0 -40 -220 -0.19081 0.981627 0 0.981627 0.19081 0 0 0 -1 59443.dat
0 STEP
1 71 0 -60 -190 0 0 -1 0 1 0 1 0 0 48989.dat
1 71 -20 -60 -190 0 -1 0 0 0 -1 1 0 0 32524.dat
1 71 20 -60 -190 0 -1 0 0 0 -1 1 0 0 32524.dat
0 STEP
1 0 60 -40 -250 0 0 -1 -1 0 0 0 1 0 87082.dat
1 0 -60 -40 -250 0 0 -1 -1 0 0 0 1 0 87082.dat
1 0 0 -60 -250 1 0 0 0 1 0 0 0 1 87761.dat
0 STEP
1 71 -100 -40 -130 0 -1 0 0 0 -1 1 0 0 98989.dat
1 72 -80 -40 -100 0 0 1 0 1 0 -1 0 0 87083.dat
1 1 -60 -40 -140 0 0 -1 0 1 0 1 0 0 3749.dat
1 71 0 -40 -150 0 0 -1 -1 0 0 0 1 0 32525.dat
1 1 -100 -40 -150 0 0 -1 0 1 0 1 0 0 32556.dat
1 1 100 -40 -150 0 0 -1 0 1 0 1 0 0 32556.dat
1 1 60 -40 -140 0 0 1 0 -1 0 1 0 0 3749.dat
1 71 100 -40 -130 0 1 0 0 0 1 1 0 0 98989.dat
0 STEP
1 1 120 -40 -140 0 0 1 1 0 0 0 1 0 32556.dat
1 1 120 -40 -120 0 0 1 1 0 0 0 1 0 32556.dat
1 1 -120 -40 -120 0 0 1 1 0 0 0 1 0 32556.dat
1 1 -120 -40 -140 0 0 1 1 0 0 0 1 0 32556.dat
1 72 80 -40 -120 0 0 1 0 1 0 -1 0 0 87083.dat
1 72 80 -40 -110 0.965925 0.258811 0 -0.258811 0.965925 0 0 0 1 6542b.dat
1 19 80 -40 -80 1 0 0 0 1 0 0 0 1 6538a.dat
1 14 -80 -30 -110 1 0 0 0 0 1 0 -1 0 43857.dat
1 72 -80 -40 -90 0.19081 0.981627 0 -0.981627 0.19081 0 0 0 1 6542b.dat
1 19 -80 -40 -60 1 0 0 0 1 0 0 0 1 6538a.dat
0 STEP
1 71 -80 -40 10 0 0 -1 0 1 0 1 0 0 44294.dat
1 4 -80 -40 -60 1 0 0 0 1 0 0 0 1 6539.dat
1 19 -40 -40 -140 0 0 -1 0 1 0 1 0 0 3749.dat
1 14 -40 -40 -120 1 0 0 0 1 0 0 0 1 59443.dat
1 71 -40 -40 -90 0 0 -1 0 1 0 1 0 0 4519.dat
1 72 -40 -40 -90 0.19081 -0.981627 0 0.981627 0.19081 0 0 0 1 6542b.dat
1 14 -40 -40 -60 1 0 0 0 1 0 0 0 1 59443.dat
1 71 -40 -40 30 0 0 -1 0 1 0 1 0 0 60485.dat
1 71 -40 -40 -30 -1 0 0 0 1 0 0 0 -1 94925.dat
0 STEP
1 0 80 -40 20 0 0 -1 0 1 0 1 0 0 3737.dat
1 4 80 -40 -80 1 0 0 0 1 0 0 0 1 6539.dat
1 71 40 -40 -130 0 -0.258811 -0.965925 0 0.965925 -0.258811 1 0 0 32073.dat
1 71 40 -40 -170 0.965925 -0.258811 0 0.258811 0.965925 0 0 0 1 3713.dat
1 71 40 -40 -130 0.965925 -0.258811 0 0.258811 0.965925 0 0 0 1 3713.dat
1 71 40 -40 -110 -0.965925 -0.258811 0 -0.258811 0.965925 0 0 0 -1 94925.dat
1 14 40 -40 -80.0004 0.965925 -0.258811 0 0.258811 0.965925 0 0 0 1 59443.dat
1 71 40 -40 10 0 -0.258811 -0.965925 0 0.965925 -0.258811 1 0 0 60485.dat
1 71 0 -40 -170 0 0.981627 -0.19081 0 0.19081 0.981627 1 0 0 32073.dat
1 14 0 -40 -120 0.19081 0.981627 0 -0.981627 0.19081 0 0 0 1 59443.dat
1 0 0 -40 -60 0 0.981627 -0.19081 0 0.19081 0.981627 1 0 0 3706.dat
1 71 0 -40 -70 0.19081 0.981627 0 -0.981627 0.19081 0 0 0 1 3713.dat
1 71 0 -40 -90 -0.19081 0.981627 0 0.981627 0.19081 0 0 0 -1 94925.dat
1 72 -80 -40 -30 -1 0 0 0 1 0 0 0 -1 6542b.dat
1 72 40 -40 -50 -1 0 0 0 1 0 0 0 -1 6542b.dat
1 72 80 -40 -50 -1 0 0 0 1 0 0 0 -1 6542b.dat
1 72 0 -40 -50 1 0 0 0 1 0 0 0 1 6542b.dat
1 0 80 -40 -30 0 0 -1 -1 0 0 0 1 0 32526.dat
0 STEP
1 0 0 -80 10 -1 0 0 0 0 1 0 1 0 60484.dat
1 1 -20 -40 10 0 1 0 0 0 -1 -1 0 0 32556.dat
1 1 20 -40 10 0 1 0 0 0 -1 -1 0 0 32556.dat
1 4 20 -40 30 0 0 1 1 0 0 0 1 0 32526.dat
1 4 -20 -40 30 0 0 -1 1 0 0 0 -1 0 32526.dat
1 71 -100 -40 10 0 -1 0 0 0 -1 1 0 0 98989.dat
1 1 -120 -40 20 0 0 -1 -1 0 0 0 1 0 32556.dat
1 1 -120 -40 0 0 0 -1 -1 0 0 0 1 0 32556.dat
1 71 -60 -40 10 0 -1 0 0 0 -1 1 0 0 4519.dat
1 1 -100 -40 10 0 1 0 0 0 -1 -1 0 0 32556.dat
1 1 100 -40 10 0 1 0 0 0 -1 -1 0 0 32556.dat
1 71 60 -40 10 0 1 0 0 0 -1 -1 0 0 4519.dat
1 71 100 -40 10 0 1 0 0 0 -1 -1 0 0 98989.dat
1 1 120 -40 0 0 0 1 -1 0 0 0 -1 0 32556.dat
1 1 120 -40 20 0 0 1 -1 0 0 0 -1 0 32556.dat
1 71 0 -40 -10 0 0 1 1 0 0 0 1 0 32525.dat
1 4 -100 0 30 0 0 1 0 -1 0 1 0 0 32054.dat
1 4 100 0 30 0 0 1 0 -1 0 1 0 0 32054.dat
0 STEP
1 71 120 -20 -60 1 0 0 0 1 0 0 0 1 40490.dat
1 71 -120 -20 -60 1 0 0 0 1 0 0 0 1 40490.dat
1 1 -120 -40 -80 0 0 -1 -1 0 0 0 1 0 32556.dat
1 1 -120 -40 -40 0 0 -1 -1 0 0 0 1 0 32556.dat
1 1 120 -40 -100 0 0 -1 -1 0 0 0 1 0 32556.dat
1 1 120 -40 -60 0 0 -1 -1 0 0 0 1 0 32556.dat
1 71 120 -60 -60 1 0 0 0 1 0 0 0 1 40490.dat
1 71 -120 -60 -60 1 0 0 0 1 0 0 0 1 40490.dat
1 72 120 -30 -80 0 0 1 -1 0 0 0 -1 0 87083.dat
1 71 120 0 -80 -1 0 0 0 0 -1 0 -1 0 3713.dat
1 4 140 -40 -80 0 0 1 -1 0 0 0 -1 0 6641.dat
1 1 146 -40 -80 -1 0 0 0 1 0 0 0 -1 3749.dat
1 72 -120 -30 -60 0 0 -1 -1 0 0 0 1 0 87083.dat
1 71 -120 0 -60 1 0 0 0 0 -1 0 1 0 3713.dat
1 4 -140 -40 -60 0 0 -1 -1 0 0 0 1 0 6641.dat
1 1 -146 -40 -60 1 0 0 0 1 0 0 0 1 3749.dat
1 71 80 -40 50 -1 0 0 0 1 0 0 0 -1 94925.dat
1 71 80 -40 70 1 0 0 0 1 0 0 0 1 3713.dat
1 71 -80 -40 50 -1 0 0 0 1 0 0 0 -1 94925.dat
1 72 40 -40 50 -1 0 0 0 1 0 0 0 -1 6542b.dat
1 0 40 -40 70 -0.965925 -0.258811 0 -0.258811 0.965925 0 0 0 -1 32270.dat
1 0 0 -40 59.9996 0 0.987686 0.156435 0 0.156435 -0.987686 -1 0 0 3706.dat
1 71 0 -40 30 0.156435 0.987686 0 -0.987686 0.156435 0 0 0 1 3713.dat
1 72 0 -40 50 -1 0 0 0 1 0 0 0 -1 6542b.dat
1 0 0 -40 70 -0.156435 0.987686 0 0.987686 0.156435 0 0 0 -1 32269.dat
1 72 -40 -40 50 -1 0 0 0 1 0 0 0 -1 6542b.dat
0 STEP
1 71 -100 -20 70 0 0 -1 0 1 0 1 0 0 42003.dat
1 1 -100 -40 80 0 1 0 0 0 -1 -1 0 0 3749.dat
1 71 0 -40 90 0 0 1 1 0 0 0 1 0 32525.dat
1 0 100 -40 100 0 0 1 0 1 0 -1 0 0 3673.dat
1 0 60 -40 100 0 0 1 0 1 0 -1 0 0 3673.dat
1 0 -60 -40 80 0 0 1 0 1 0 -1 0 0 3673.dat
1 15 -60 -40 70 0 0 1 1 0 0 0 1 0 32523.dat
1 0 -40 -40 110 -1 0 0 0 1 0 0 0 -1 32270.dat
1 71 80 -40 100 1 0 0 0 1 0 0 0 1 58120.dat
1 0 0 0 0 1 0 0 0 1 0 0 0 1 9397 - PFCable.ldr
1 71 0 -80 -70 0 0 1 0 1 0 -1 0 0 32034.dat
1 1 30 -80 -70 -1 0 0 0 1 0 0 0 -1 3749.dat
1 1 -30 -80 -70 1 0 0 0 1 0 0 0 1 3749.dat
1 72 0 -80 0 0 0 1 0 1 0 -1 0 0 55013.dat
1 71 0 -80 -50 1 0 0 0 1 0 0 0 1 94925.dat
1 71 0 -80 -10 1 0 0 0 1 0 0 0 1 3713.dat
1 72 0 -40 -170 1 0 0 0 1 0 0 0 1 6542b.dat
0 STEP
1 72 -40 -40 -490 0 -1 0 -1 0 0 0 0 -1 32009.dat
1 0 -30 -40 -350 1 0 0 0 0.923879 0.382683 0 -0.382683 0.923879 3673.dat
1 0 -50 -40 -370 1 0 0 0 1 0 0 0 1 3673.dat
1 0 -50 -40 -410 1 0 0 0 1 0 0 0 1 3673.dat
1 0 -50 -40 -430 1 0 0 0 1 0 0 0 1 3673.dat
1 71 -60 -40 -450 0 0 -1 -1 0 0 0 1 0 6536.dat
1 71 -5 -80 -490 1 0 0 0 1 0 0 0 1 4519.dat
1 0 -40 -80 -490 -1 0 0 0 1 0 0 0 -1 32054.dat
1 0 0 -120 -490 1 0 0 0 1 0 0 0 1 3706.dat
1 14 -55 -120 -490 0 0 1 0 1 0 -1 0 0 32123b.dat
0 Assembly 3
1 71 0 -40 -350 -1 0 0 0 0.963479 0.267902 0 0.267902 -0.963479 92693c01.dat
0 Assembly 3
1 25 0 -31.9629 -378.904 -0.190809 0.981627 0 0.945779 0.18384 0.267902 0.26298 0.0511182 -0.96348 92695.dat
0 Assembly 3
1 72 0 -0.134663 -493.371 -1 0 0 0 0.963479 0.267902 0 0.267902 -0.963479 92696.dat
0 Assembly 5
1 71 0 -40 -350 -0.190809 0.981627 0 0.945779 0.18384 0.267902 0.26298 0.0511182 -0.96348 62520.dat
0 Assembly 5
1 71 0 -40 -350 -0.981627 0.19081 0 -0.19081 -0.981627 0 0 0 1 62520.dat
0 Assembly 5
1 71 0 -40 -350 -0.19081 0.981627 0 0.981627 0.19081 0 0 0 -1 62519.dat
1 0 30 -40 -350 1 0 0 0 0.9208 0.390118 0 -0.390118 0.9208 3673.dat
1 19 0 -0.134663 -493.371 -1 0 0 0 0.968349 -0.24973 0 -0.24973 -0.968349 32556.dat
1 0 -60 -60 -410 0 -1 0 0 0 -1 1 0 0 32524.dat
1 4 -40 -80 -270 0 1 0 1 0 0 0 0 -1 32278.dat
1 0 -50 -80 -390 1 0 0 0 1 0 0 0 1 3673.dat
1 0 -30 -80 -370 1 0 0 0 1 0 0 0 1 3673.dat
1 0 -50 -80 -350 1 0 0 0 1 0 0 0 1 3673.dat
1 0 -50 -80 -310 1 0 0 0 1 0 0 0 1 3673.dat
1 0 -50 -80 -290 1 0 0 0 1 0 0 0 1 3673.dat
1 0 -50 -80 -210 1 0 0 0 1 0 0 0 1 3673.dat
1 0 -50 -80 -190 1 0 0 0 1 0 0 0 1 3673.dat
1 71 -20 -100 -370 0 -1 0 0 0 1 -1 0 0 60483.dat
1 4 -40 -80 -410 -1 0 0 0 1 0 0 0 -1 32054.dat
1 71 -5 -80 -410 1 0 0 0 1 0 0 0 1 4519.dat
1 4 40 -80 -410 1 0 0 0 1 0 0 0 1 32054.dat
0 STEP
1 0 -60 -40 -370 0 -1 0 0 0 -1 1 0 0 60484.dat
1 0 -60 -40 -290 0 -1 0 0 0 -1 1 0 0 60484.dat
1 14 -20 -46.7021 -569.752 0 -1 0 0.99665 0 0.0837687 -0.0837687 0 0.99665 32526.dat
1 19 0 -40.0007 -490.02 1 0 0 0 0.997839 0.0657068 0 -0.0657068 0.997839 32556.dat
1 71 -20 -46.7021 -569.752 -1 0 0 0 0.99665 -0.0837687 0 -0.0837687 -0.99665 32054.dat
1 71 0 -83.3579 -529.921 0 -1 0 -0.00154135 0 1 -1 0 -0.00154135 32316.dat
1 1 0 -43.3579 -529.982 -1 0 0 0 0.497122 0.867869 0 0.867869 -0.497122 32556.dat
1 14 -20 -123.358 -529.859 0 -1 0 0.99647 0 0.0839449 -0.0839449 0 0.99647 32316.dat
1 1 0 -123.358 -529.859 -1 0 0 0 0.934919 0.354862 0 0.354862 -0.934919 32556.dat
1 71 0 -100 -490 0 1 0 0 0 1 1 0 0 32524.dat
1 0 40 -80 -490 1 0 0 0 1 0 0 0 1 32054.dat
1 14 20 -123.358 -529.859 0 -1 0 0.99647 0 0.0839449 -0.0839449 0 0.99647 32316.dat
1 14 20 -46.7021 -569.752 0 -1 0 0.99665 0 0.0837687 -0.0837687 0 0.99665 32526.dat
1 72 40 -40 -490 0 -1 0 -1 0 0 0 0 -1 32009.dat
1 14 55 -120 -490 0 0 1 0 1 0 -1 0 0 32123b.dat
1 0 50 -40 -430 1 0 0 0 1 0 0 0 1 3673.dat
1 0 50 -40 -410 1 0 0 0 1 0 0 0 1 3673.dat
1 0 50 -40 -370 1 0 0 0 1 0 0 0 1 3673.dat
1 71 60 -40 -450 0 0 -1 -1 0 0 0 1 0 6536.dat
0 STEP
1 71 0 -80 -270 0 0 -1 0 1 0 1 0 0 32034.dat
1 28 0 -80 -250 0 0 1 0 1 0 -1 0 0 6587.dat
1 0 0 -80 -250 -1 0 0 0 1 0 0 0 -1 32270.dat
1 71 0 -80 -220 -1 0 0 0 1 0 0 0 -1 59443.dat
1 0 0 -80 -180 0 0 1 0 1 0 -1 0 0 3705.dat
1 71 -40 -80 -270 1 0 0 0 1 0 0 0 1 4519.dat
0 STEP
1 72 0 -80 -170 1 0 0 0 1 0 0 0 1 6542b.dat
1 0 0 -80 -150 1 0 0 0 1 0 0 0 1 32072.dat
0 STEP
1 71 0 -80 -130 0 0 -1 1 0 0 0 -1 0 32034.dat
1 0 -50 -80 -130 1 0 0 0 1 0 0 0 1 3705.dat
1 4 40 -80 -270 0 1 0 1 0 0 0 0 -1 32278.dat
1 0 50 -80 -390 1 0 0 0 1 0 0 0 1 3673.dat
1 0 30 -80 -370 1 0 0 0 1 0 0 0 1 3673.dat
1 0 50 -80 -350 1 0 0 0 1 0 0 0 1 3673.dat
1 0 50 -80 -310 1 0 0 0 1 0 0 0 1 3673.dat
1 0 50 -80 -290 1 0 0 0 1 0 0 0 1 3673.dat
1 0 50 -80 -210 1 0 0 0 1 0 0 0 1 3673.dat
1 0 50 -80 -190 1 0 0 0 1 0 0 0 1 3673.dat
1 71 20 -100 -370 0 -1 0 0 0 1 -1 0 0 60483.dat
1 1 60 -80 -170 -1 0 0 0 1 0 0 0 -1 32556.dat
1 71 40 -80 -270 1 0 0 0 1 0 0 0 1 4519.dat
1 0 50 -80 -130 1 0 0 0 1 0 0 0 1 3705.dat
1 0 60 -60 -410 0 -1 0 0 0 -1 1 0 0 32524.dat
1 0 60 -40 -370 0 -1 0 0 0 -1 1 0 0 60484.dat
1 0 60 -40 -290 0 -1 0 0 0 -1 1 0 0 60484.dat
1 71 -40 -140 -70 0 1 0 0 0 1 1 0 0 32140.dat
1 0 -30 -120 -70 1 0 0 0 1 0 0 0 1 3673.dat
1 71 -20 -140 10 0 1 0 1 0 0 0 0 -1 32526.dat
1 72 0 -120 0 0 0 1 0 1 0 -1 0 0 55013.dat
1 0 0 -120 -70 1 0 0 0 1 0 0 0 1 32184.dat
1 14 0 -120 -55 1 0 0 0 1 0 0 0 1 32123b.dat
1 71 0 -120 -30 1 0 0 0 1 0 0 0 1 4716.dat
1 14 0 -120 -5 1 0 0 0 1 0 0 0 1 32123b.dat
1 0 0 -100 -70 1 0 0 0 1 0 0 0 1 3706.dat
1 0 0 -140 -70 1 0 0 0 1 0 0 0 1 3737.dat
1 71 0 -140 -30 1 0 0 0 0.370476 0.928842 0 -0.928842 0.370476 32073.dat
1 72 0 -140 -30 0 0 -1 0.928842 0.370476 0 0.370476 -0.928842 0 3647.dat
1 71 20 -140 10 0 1 0 1 0 0 0 0 -1 32526.dat
1 0 30 -120 -70 1 0 0 0 1 0 0 0 1 3673.dat
1 71 40 -140 -70 0 1 0 0 0 1 1 0 0 32140.dat
0 STEP
1 0 0 -120 10 1 0 0 0 1 0 0 0 1 32184.dat
1 71 0 -100 10 1 0 0 0 1 0 0 0 1 4519.dat
1 71 20 -100 10 0 -1 0 0 0 1 -1 0 0 60483.dat
1 71 -20 -100 10 0 -1 0 0 0 1 -1 0 0 60483.dat
1 0 10 -140 10 1 0 0 0 1 0 0 0 1 3708.dat
1 71 40 -140 10 0 -1 0 0 0 1 -1 0 0 60483.dat
1 71 -40 -140 10 0 -1 0 0 0 1 -1 0 0 60483.dat
1 72 0 -80 30 -1 0 0 0 1 0 0 0 -1 3647.dat
0 Assembly 7
1 15 0 -120 30 -1 0 0 0 1 0 0 0 -1 32052.dat
0 Assembly 7
1 72 0 -120 30 -1 0 0 0 1 0 0 0 -1 32053.dat
0 Assembly 7
1 15 0 -120 30 -1 0 0 0 1 0 0 0 -1 32051.dat
1 1 -50 -80 30 -1 0 0 0 1 0 0 0 -1 3749.dat
1 72 -55 -80 30 0 1 0 -1 0 0 0 0 1 41677.dat
1 72 -65 -80 30 0 1 0 -1 0 0 0 0 1 41677.dat
1 71 -40 -80 -30 0 1 0 -1 0 0 0 0 1 32526.dat
1 0 0 -80 50 0 0 -1 0 1 0 1 0 0 32034.dat
1 0 -50 -80 50 1 0 0 0 1 0 0 0 1 3705.dat
1 0 50 -80 50 1 0 0 0 1 0 0 0 1 3705.dat
1 0 0 -120 50 0 0 -1 0 1 0 1 0 0 32034.dat
1 1 30 -120 50 -1 0 0 0 1 0 0 0 -1 3749.dat
1 1 -30 -120 50 1 0 0 0 1 0 0 0 1 3749.dat
1 71 40 -80 -30 0 1 0 -1 0 0 0 0 1 32526.dat
1 1 50 -80 30 1 0 0 0 -1 0 0 0 -1 3749.dat
1 72 55 -80 30 0 -1 0 1 0 0 0 0 1 41677.dat
1 72 65 -80 30 0 -1 0 1 0 0 0 0 1 41677.dat
1 1 -40 -80 10 1 0 0 0 1 0 0 0 1 32556.dat
1 1 40 -80 10 -1 0 0 0 1 0 0 0 -1 32556.dat
1 0 50 -80 -30 1 0 0 0 1 0 0 0 1 3673.dat
1 0 -50 -80 -30 1 0 0 0 1 0 0 0 1 3673.dat
1 71 60 -80 -70 0 1 0 1 0 0 0 0 -1 40490.dat
1 1 80 -80 -110 1 0 0 0 1 0 0 0 1 32556.dat
1 71 -60 -80 -70 0 -1 0 -1 0 0 0 0 -1 40490.dat
1 1 -80 -80 -110 -1 0 0 0 -1 0 0 0 1 32556.dat
1 1 60 -80 -50 -1 0 0 0 1 0 0 0 -1 32556.dat
1 1 -60 -80 -50 1 0 0 0 1 0 0 0 1 32556.dat
1 19 60 -80 -150 -1 0 0 0 1 0 0 0 -1 32556.dat
1 19 -60 -80 -150 1 0 0 0 1 0 0 0 1 32556.dat
1 1 -40 -120 -190 -1 0 0 0 1 0 0 0 -1 32556.dat
1 1 40 -120 -190 1 0 0 0 1 0 0 0 1 32556.dat
1 1 -20 -40 340 0 1 0 0 0 1 1 0 0 3749.dat
1 71 -20 -20 350 0 1 0 0 0 1 1 0 0 32039.dat
1 1 -20 -10 350 0 0 1 -1 0 0 0 -1 0 3749.dat
1 1 20 -40 340 0 1 0 0 0 1 1 0 0 3749.dat
1 71 20 -20 350 0 1 0 0 0 1 1 0 0 32039.dat
1 1 20 -10 350 0 0 1 -1 0 0 0 -1 0 3749.dat
1 0 0 -40 330 0 0 -1 1 0 0 0 -1 0 32525.dat
1 0 -40 -40 250 0 0 -1 1 0 0 0 -1 0 87082.dat
1 0 -40 -40 260 0 0 1 0 1 0 -1 0 0 3673.dat
1 0 -40 -40 280 0 0 1 0 1 0 -1 0 0 62462.dat
1 28 -40 -40 310 0 0 -1 0 1 0 1 0 0 6587.dat
1 71 -40 -40 310 -1 0 0 0 1 0 0 0 -1 94925.dat
1 0 -80 -40 220 0 0 1 0 1 0 -1 0 0 3706.dat
1 71 -80 -40 150 1 0 0 0 1 0 0 0 1 32034.dat
1 71 -80 -40 280 -1 0 0 0 1 0 0 0 -1 59443.dat
1 71 -80 -40 110 0 0 1 0 1 0 -1 0 0 4519.dat
1 0 -80 -40 110 1 0 0 0 1 0 0 0 1 32269.dat
0 STEP
1 71 -80 -40 310 0 0 1 0 1 0 -1 0 0 4519.dat
1 71 -80 -40 310 1 0 0 0 1 0 0 0 1 94925.dat
1 71 0 -20 510 -1 0 0 0 -1 0 0 0 1 4519.dat
1 71 20 -20 510 -1 0 0 0 1 0 0 0 -1 6536.dat
1 0 0 -40 510 -1 0 0 0 -1 0 0 0 1 32184.dat
1 71 -20 -20 510 -1 0 0 0 1 0 0 0 -1 6536.dat
1 72 0 -40 440 0 1 0 0 0 1 1 0 0 55013.dat
1 14 0 -40 495 0 1 0 1 0 0 0 0 -1 32123b.dat
1 71 0 -40 470 0 1 0 1 0 0 0 0 -1 4716.dat
1 14 0 -40 445 0 1 0 1 0 0 0 0 -1 32123b.dat
1 0 20 0 500 0 1 0 0 0 -1 -1 0 0 3673.dat
1 0 -20 0 500 0 1 0 0 0 -1 -1 0 0 3673.dat
1 71 0 -60 510 -1 0 0 0 -1 0 0 0 1 4519.dat
1 0 25 -60 470 0 1 0 0 0 -1 -1 0 0 99773.dat
1 0 15 -60 470 0 1 0 0 0 -1 -1 0 0 99773.dat
1 0 0 -40 430 -1 0 0 0 -1 0 0 0 1 32184.dat
1 71 0 -60 430 -1 0 0 0 -1 0 0 0 1 4519.dat
1 0 -25 -60 470 0 1 0 0 0 -1 -1 0 0 99773.dat
1 0 -15 -60 470 0 1 0 0 0 -1 -1 0 0 99773.dat
1 71 0 -40 360 0 1 0 -1 0 0 0 0 1 59443.dat
1 71 0 -20 430 -1 0 0 0 1 0 0 0 -1 4519.dat
1 28 0 -40 328 0 0 1 0 1 0 -1 0 0 6587.dat
1 71 0 -40 310 1 0 0 0 1 0 0 0 1 94925.dat
0 Assembly 10
1 25 0 -63.4939 174.136 -0.987688 0.156435 0 -0.13809 -0.871863 -0.469877 -0.0735055 -0.464093 0.882729 47157.dat
0 Assembly 10
1 71 0 -63.4939 174.137 1 0 0 0 0.882731 -0.469878 0 0.469878 0.882731 62271c01.dat
0 Assembly 10
1 72 0 -149.351 335.432 1 0 0 0 0.882731 -0.469878 0 0.469878 0.882731 62274c01.dat
1 72 0 -63.4939 174.137 1 0 0 0 0.882731 -0.469878 0 0.469878 0.882731 61904.dat
1 71 0 -41.1405 174.707 -1 0 0 0 -0.882731 -0.469878 0 -0.469878 0.882731 4519.dat
1 71 0 -50.5381 192.361 -1 0 0 0 -0.882731 -0.469878 0 -0.469878 0.882731 4519.dat
1 72 25 -41.1405 174.707 0 -1 0 0.882731 0 -0.469878 0.469878 0 0.882731 41677.dat
1 72 -25 -41.1405 174.707 0 -1 0 0.882731 0 -0.469878 0.469878 0 0.882731 41677.dat
1 71 0 -58.7951 165.309 0 -0.987688 0.156435 -0.469877 -0.13809 -0.871863 0.882729 -0.0735055 -0.464093 4519.dat
0 Assembly 12
1 71 0 -40 130 0.156435 -0.987686 0 -0.987686 -0.156435 0 0 0 -1 62520.dat
0 Assembly 12
1 71 0 -40 130 0.987688 -0.156435 0 0.13809 0.871863 -0.469877 0.0735055 0.464093 0.882729 62520.dat
0 Assembly 12
1 71 0 -40 130 0.156435 -0.987688 0 -0.871863 -0.13809 0.469877 -0.464093 -0.0735055 -0.882729 62519.dat
1 0 -30 -40 130 1 0 0 0 -0.995352 0.0963042 0 -0.0963042 -0.995352 3673.dat
1 0 30 -40 130 1 0 0 0 -0.995352 0.0963042 0 -0.0963042 -0.995352 3673.dat
1 4 -40 0 130 0 -1 0 0 0 -1 1 0 0 32526.dat
1 0 -50 -80 170 1 0 0 0 -1 0 0 0 -1 3673.dat
1 4 -40 -80 130 -1 0 0 0 -1 0 0 0 1 32054.dat
1 71 0 -80 130 -1 0 0 0 -1 0 0 0 1 4519.dat
1 4 40 -80 130 1 0 0 0 -1 0 0 0 -1 32054.dat
1 71 0 -20 130 -1 0 0 0 -1 0 0 0 1 32073.dat
1 14 -25 -20 130 0 0 1 0 -1 0 1 0 0 32123b.dat
1 71 0 -20 130 1 0 0 0 1 0 0 0 1 62462.dat
1 14 25 -20 130 0 0 1 0 -1 0 1 0 0 32123b.dat
1 4 40 0 130 0 -1 0 0 0 -1 1 0 0 32526.dat
1 0 50 -80 170 1 0 0 0 -1 0 0 0 -1 3673.dat
1 71 0 -158.749 353.086 1 0 0 0 0.104772 -0.994496 0 0.994496 0.104772 4519.dat
1 71 -20 -158.749 353.086 1 0 0 0 0.994496 0.104772 0 -0.104772 0.994496 6536.dat
1 71 20 -158.749 353.086 1 0 0 0 0.994496 0.104772 0 -0.104772 0.994496 6536.dat
1 4 -60 -80 210 0 1 0 1 0 0 0 0 -1 32278.dat
1 0 -70 -80 70 1 0 0 0 1 0 0 0 1 3673.dat
1 0 -70 -80 110 1 0 0 0 1 0 0 0 1 3673.dat
1 1 -60 -80 350 1 0 0 0 1 0 0 0 1 32556.dat
1 4 -40 -80 430 0 1 0 1 0 0 0 0 -1 32525.dat
1 4 -40 -80 330 -1 0 0 0 1 0 0 0 -1 32054.dat
1 71 0 -80 330 -1 0 0 0 1 0 0 0 -1 4519.dat
1 4 40 -80 330 1 0 0 0 1 0 0 0 1 32054.dat
1 4 -80 -40 350 0 1 0 0 0 -1 -1 0 0 32316.dat
1 4 60 -80 210 0 1 0 1 0 0 0 0 -1 32278.dat
1 0 70 -80 70 1 0 0 0 1 0 0 0 1 3673.dat
1 0 70 -80 110 1 0 0 0 1 0 0 0 1 3673.dat
1 1 60 -80 350 -1 0 0 0 1 0 0 0 -1 32556.dat
1 4 40 -80 430 0 1 0 1 0 0 0 0 -1 32525.dat
1 0 50 -80 390 1 0 0 0 1 0 0 0 1 3673.dat
1 1 60 -80 530 1 0 0 0 1 0 0 0 1 32556.dat
1 0 -50 -80 390 1 0 0 0 1 0 0 0 1 3673.dat
1 4 80 -40 350 0 1 0 0 0 -1 -1 0 0 32316.dat
1 71 60 -40 430 1 0 0 0 0 -1 0 1 0 32316.dat
1 1 60 -80 420 0 0 1 0 1 0 -1 0 0 3749.dat
1 0 60 -80 390 -1 0 0 0 1 0 0 0 -1 32013.dat
1 1 60 0 420 0 0 1 0 1 0 -1 0 0 3749.dat
1 0 60 0 390 -1 0 0 0 1 0 0 0 -1 32014.dat
1 0 -60 -80 390 -1 0 0 0 1 0 0 0 -1 32013.dat
1 1 -60 -80 420 0 0 1 0 1 0 -1 0 0 3749.dat
1 71 -60 -40 430 1 0 0 0 0 -1 0 1 0 32316.dat
1 1 -60 0 420 0 0 1 0 1 0 -1 0 0 3749.dat
1 0 -60 0 390 -1 0 0 0 1 0 0 0 -1 32014.dat
0 STEP
1 19 -90 -64.6927 433.045 1 0 0 0 0.923879 -0.382683 0 0.382683 0.923879 3749.dat
1 71 -85 -64.6927 433.045 0 1 0 -0.923879 0 -0.382683 -0.382683 0 0.923879 6632.dat
1 71 -75 -64.6927 433.045 0 1 0 -0.923879 0 -0.382683 -0.382683 0 0.923879 6632.dat
1 71 0 -80 470 1 0 0 0 0.923879 -0.382683 0 0.382683 0.923879 60485.dat
1 71 -60 -80 470 0 0 1 0.382683 0.923879 0 -0.923879 0.382683 0 3713.dat
1 15 0 -80 470 0 0 1 0.382683 0.923879 0 -0.923879 0.382683 0 32052.dat
1 15 -2 -80 470 0 0 1 0.382683 0.923879 0 -0.923879 0.382683 0 32051.dat
1 72 0 -80 470 0 0 1 0.382683 0.923879 0 -0.923879 0.382683 0 32053.dat
1 71 60 -80 470 0 0 -1 0.382683 -0.923879 0 -0.923879 -0.382683 0 3713.dat
1 71 75 -64.6927 433.045 0 -1 0 0.923879 0 -0.382683 0.382683 0 0.923879 6632.dat
1 71 85 -64.6927 433.045 0 -1 0 0.923879 0 -0.382683 0.382683 0 0.923879 6632.dat
1 19 90 -64.6927 433.045 -1 0 0 0 -0.923879 -0.382683 0 -0.382683 0.923879 3749.dat
0 STEP
1 0 100 -24.6927 433.045 0 1 0 0 0 -1 -1 0 0 32316.dat
1 0 90 -24.6927 433.045 -1 0 0 0 0 -1 0 -1 0 3673.dat
1 0 90 -44.6927 433.045 -1 0 0 0 0 -1 0 -1 0 3673.dat
1 0 80 -24.6927 433.045 0 1 0 0 0 -1 -1 0 0 32523.dat
1 72 110 -4.69266 433.045 -1 0 0 0 0 -1 0 -1 0 87083.dat
1 14 115 -4.69266 433.045 0 0 -1 1 0 0 0 -1 0 32123b.dat
1 0 -100 -24.6927 433.045 0 -1 0 0 0 -1 1 0 0 32316.dat
1 0 -90 -44.6927 433.045 1 0 0 0 0 -1 0 1 0 3673.dat
1 0 -90 -24.6927 433.045 1 0 0 0 0 -1 0 1 0 3673.dat
1 0 -80 -24.6927 433.045 0 -1 0 0 0 -1 1 0 0 32523.dat
1 72 -110 -4.69266 433.045 1 0 0 0 0 -1 0 1 0 87083.dat
1 14 -115 -4.69266 433.045 0 0 1 1 0 0 0 1 0 32123b.dat
1 71 100 -40 350 1 0 0 0 1 0 0 0 1 42003.dat
1 1 90 -60 350 1 0 0 0 1 0 0 0 1 3749.dat
1 4 100 -40 350 0 0 1 0 1 0 -1 0 0 32054.dat
1 1 -90 -60 350 -1 0 0 0 1 0 0 0 -1 3749.dat
1 71 -100 -40 350 -1 0 0 0 1 0 0 0 -1 42003.dat
1 4 -100 -40 350 0 0 1 0 1 0 -1 0 0 32054.dat
1 4 -80 -80 -30 0 1 0 1 0 0 0 0 -1 32278.dat
1 71 -90 -80 30 1 0 0 0 1 0 0 0 1 3673.dat
1 0 -90 -80 10 1 0 0 0 1 0 0 0 1 3673.dat
1 0 -90 -80 -30 1 0 0 0 1 0 0 0 1 3673.dat
1 4 80 -80 -30 0 -1 0 -1 0 0 0 0 -1 32278.dat
1 71 90 -80 30 -1 0 0 0 -1 0 0 0 1 3673.dat
1 0 90 -80 10 -1 0 0 0 -1 0 0 0 1 3673.dat
1 0 90 -80 -30 -1 0 0 0 -1 0 0 0 1 3673.dat
1 71 -20 -126.716 -569.717 -1 0 0 0 0.99665 -0.0837687 0 -0.0837687 -0.99665 32054.dat
1 1 50 -100 -410 -1 0 0 0 1 0 0 0 -1 3749.dat
1 0 50 -100 -430 0 -1 0 -1 0 0 0 0 -1 32068.dat
1 1 -50 -100 -410 1 0 0 0 1 0 0 0 1 3749.dat
1 0 -50 -100 -430 0 1 0 1 0 0 0 0 -1 32068.dat
0 STEP
1 0 0 -80 -450 0 0 1 0 1 0 -1 0 0 41239.dat
1 1 120 -60 -450 0 0 1 1 0 0 0 1 0 32556.dat
1 1 -120 -60 -450 0 0 1 1 0 0 0 1 0 32556.dat
1 0 -40 -90 -450 0 0 1 1 0 0 0 1 0 3673.dat
1 0 40 -90 -450 0 0 1 1 0 0 0 1 0 3673.dat
1 0 60 -60 -450 0 0 1 0 -1 0 1 0 0 32348.dat
1 0 -60 -60 -450 0 0 -1 0 1 0 1 0 0 32348.dat
1 71 -60 -60 -450 0 0 1 1 0 0 0 1 0 4519.dat
1 71 60 -60 -450 0 0 1 1 0 0 0 1 0 4519.dat
1 0 144 -70 -418 0 0 1 1 0 0 0 1 0 3673.dat
1 0 -144 -70 -418 0 0 1 1 0 0 0 1 0 3673.dat
1 1 132 -70 -434 0 0.8 0.599999 -1 0 0 0 -0.599999 0.8 3749.dat
1 1 156 -50 -402 0 0.8 0.599999 -1 0 0 0 -0.599999 0.8 3749.dat
1 1 -132 -70 -434 0 -0.799998 0.600001 -1 0 0 0 -0.600001 -0.799998 3749.dat
1 1 -156 -50 -402 0 -0.600001 -0.799998 -1 0 0 0 0.799998 -0.600001 3749.dat
1 0 144 -80 -418 0.8 0 0.599998 0 1 0 -0.599999 0 0.8 32523.dat
1 0 -144 -80 -418 0.799998 0 0.600001 0 -1 0 0.600001 0 -0.799998 32523.dat
1 0 -120 -30 -450 0 0 -1 1 0 0 0 -1 0 62462.dat
1 0 120 -30 -450 0 0 -1 1 0 0 0 -1 0 62462.dat
1 0 156 -30 -402 0 0 -1 1 0 0 0 -1 0 62462.dat
1 0 -156 -30 -402 0 0 -1 1 0 0 0 -1 0 62462.dat
1 0 -120 -10 -450 0 0 1 1 0 0 0 1 0 3673.dat
1 0 120 -10 -450 0 0 1 1 0 0 0 1 0 3673.dat
1 0 100 -50 -450 0 0 1 1 0 0 0 1 0 3673.dat
1 71 80 -40 -450 0 0 1 0 -1 0 1 0 0 60483.dat
1 0 -100 -50 -450 0 0 -1 1 0 0 0 -1 0 3673.dat
1 71 -80 -40 -450 0 0 -1 0 -1 0 -1 0 0 60483.dat
1 0 -60 0 -450 0 0 -1 0 1 0 1 0 0 32348.dat
1 1 -156 -10 -402 0 0.799998 0.600001 1 0 0 0 0.600001 -0.799998 3749.dat
1 0 60 0 -450 0 0 1 0 -1 0 1 0 0 32348.dat
1 1 156 -10 -402 0 0.8 -0.599999 1 0 0 0 -0.599999 -0.800001 3749.dat
0 STEP
1 0 80 -70 -450 0 0 1 1 0 0 0 1 0 3705.dat
1 71 100 -100 -450 0 1 0 1 0 0 0 0 -1 42003.dat
1 0 -80 -70 -450 0 0 -1 1 0 0 0 -1 0 3705.dat
1 71 -100 -100 -450 0 -1 0 1 0 0 0 0 1 42003.dat
1 1 120 -100 -460 0 0 1 0 1 0 -1 0 0 4274.dat
1 47 120 -100 -468 0 0 1 1 0 0 0 1 0 6141.dat
1 1 100 -100 -460 0 0 1 0 1 0 -1 0 0 4274.dat
1 47 100 -100 -468 0 0 1 1 0 0 0 1 0 6141.dat
1 1 -100 -100 -460 0 0 1 0 1 0 -1 0 0 4274.dat
1 47 -100 -100 -468 0 0 1 1 0 0 0 1 0 6141.dat
1 1 -120 -100 -460 0 0 1 0 1 0 -1 0 0 4274.dat
1 47 -120 -100 -468 0 0 1 1 0 0 0 1 0 6141.dat
0 STEP
1 71 0 -186 -340 1 0 0 0 1 0 0 0 1 2850a.dat
1 0 -20 -160 -360 0 0 -1 0 1 0 1 0 0 3673.dat
1 0 20 -160 -360 0 0 -1 0 1 0 1 0 0 3673.dat
1 0 -20 -160 -320 0 0 -1 0 1 0 1 0 0 3673.dat
1 0 20 -160 -320 0 0 -1 0 1 0 1 0 0 3673.dat
1 71 0 -186 -300 1 0 0 0 1 0 0 0 1 2850a.dat
1 0 -20 -160 -280 0 0 -1 0 1 0 1 0 0 3673.dat
1 0 20 -160 -280 0 0 -1 0 1 0 1 0 0 3673.dat
1 71 0 -186 -260 1 0 0 0 1 0 0 0 1 2850a.dat
1 0 -20 -160 -240 0 0 -1 0 1 0 1 0 0 3673.dat
1 0 20 -160 -240 0 0 -1 0 1 0 1 0 0 3673.dat
1 71 0 -186 -220 1 0 0 0 1 0 0 0 1 2850a.dat
1 0 20 -160 -200 0 0 -1 0 1 0 1 0 0 3673.dat
1 0 -20 -160 -200 0 0 -1 0 1 0 1 0 0 3673.dat
1 14 0 -120 -340 0 1 0 -1 0 0 0 0 1 2853.dat
1 71 0 -110 -340 -1 0 0 0 1 0 0 0 -1 2852.dat
1 72 0 -120 -320 0 1 0 1 0 0 0 0 -1 2854.dat
1 4 0 -120 -370 0 0 1 0 -1 0 1 0 0 32062.dat
1 4 0 -130 -300 0 0 1 0 -1 0 1 0 0 32062.dat
1 71 0 -130 -300 -1 0 0 0 1 0 0 0 -1 2852.dat
1 72 0 -120 -280 0 -1 0 1 0 0 0 0 1 2854.dat
1 4 0 -110 -260 0 0 1 0 -1 0 1 0 0 32062.dat
1 71 0 -110 -260 1 0 0 0 1 0 0 0 1 2852.dat
1 72 0 -120 -240 0 1 0 -1 0 0 0 0 1 2854.dat
1 14 0 -120 -220 0 1 0 1 0 0 0 0 -1 2853.dat
1 71 0 -130 -220 -1 0 0 0 1 0 0 0 -1 2852.dat
1 14 0 -170 -220 -1 0 0 0 1 0 0 0 -1 2851.dat
1 14 0 -170 -300 -1 0 0 0 1 0 0 0 -1 2851.dat
1 14 0 -150 -260 -1 0 0 0 1 0 0 0 -1 2851.dat
1 14 0 -150 -340 -1 0 0 0 1 0 0 0 -1 2851.dat
1 71 0 -120 -180 0 0 1 0 -1 0 1 0 0 4519.dat
1 71 0 -140 -370 1 0 0 0 -1 0 0 0 -1 4519.dat
1 0 0 -120 -370 -1 0 0 0 -1 0 0 0 1 32184.dat
1 71 20 -140 -370 -1 0 0 0 -1 0 0 0 1 6536.dat
1 71 -20 -140 -370 -1 0 0 0 -1 0 0 0 1 6536.dat
1 71 20 -140 -190 -1 0 0 0 -1 0 0 0 1 6536.dat
1 0 0 -120 -190 -1 0 0 0 -1 0 0 0 1 32184.dat
1 71 -20 -140 -190 -1 0 0 0 -1 0 0 0 1 6536.dat
1 71 0 -140 -190 1 0 0 0 -1 0 0 0 -1 44294.dat
1 71 0 -120 -170 1 0 0 0 1 0 0 0 1 94925.dat
1 71 0 -100 -370 1 0 0 0 1 0 0 0 1 4519.dat
1 0 0 -100 -190 1 0 0 0 1 0 0 0 1 3706.dat
0 STEP
1 0 0 -140 -150 1 0 0 0 1 0 0 0 1 3737.dat
1 0 0 -140 -150 1 0 0 0 0 -1 0 1 0 6536.dat
1 71 -20 -140 -150 0 0 1 0 1 0 -1 0 0 3713.dat
1 71 20 -140 -150 0 0 1 0 1 0 -1 0 0 3713.dat
1 71 0 -120 -130 0 -0.707107 -0.707107 1 0 0 0 -0.707107 0.707107 32073.dat
1 71 0 -170 -130 0.707107 -0.707107 0 0 0 1 -0.707107 -0.707107 0 59443.dat
1 71 0 -120 -130 -0.707106 -0.707106 0 0 0 -1 0.707107 -0.707106 0 3713.dat
1 0 0 -100 -130 -0.707106 -0.707106 0 0 0 -1 0.707107 -0.707106 0 32072.dat
1 71 35 -140 -190 0 -1 0 1 0 0 0 0 1 32056.dat
1 71 45 -140 -190 0 -1 0 1 0 0 0 0 1 32056.dat
1 71 -35 -140 -190 0 -1 0 1 0 0 0 0 1 32056.dat
1 71 -45 -140 -190 0 -1 0 1 0 0 0 0 1 32056.dat
0 STEP
1 1 60 -140 -170 1 0 0 0 1 0 0 0 1 32556.dat
1 1 -60 -140 -170 -1 0 0 0 1 0 0 0 -1 32556.dat
1 0 0 -154.819 7.1537 1 0 0 0 0.370476 0.928842 0 -0.928842 0.370476 3706.dat
1 71 0 -154.819 7.1537 0 0 -1 0.928842 0.370476 0 0.370476 -0.928842 0 3713.dat
1 71 20 -154.819 7.1537 0 0 -1 0.928842 0.370476 0 0.370476 -0.928842 0 3713.dat
1 71 -20 -162.349 -52.372 0 -1 0 -0.992093 0 -0.125503 0.125503 0 -0.992093 32524.dat
1 4 -35 -154.819 7.1537 0 -1 0 -0.928842 0 0.370476 -0.370476 0 -0.928842 6632.dat
1 0 -30 -169.879 -111.898 1 0 0 0 0.992093 0.125503 0 -0.125503 0.992093 3673.dat
1 0 -30 -164.859 -72.2138 1 0 0 0 0.992093 0.125503 0 -0.125503 0.992093 3673.dat
1 4 35 -154.819 7.1537 0 -1 0 -0.928842 0 0.370476 -0.370476 0 -0.928842 6632.dat
1 71 -60 -140 -70 0 1 0 -1 0 0 0 0 1 32525.dat
1 0 -70 -140 -130 1 0 0 0 1 0 0 0 1 3673.dat
1 0 -70 -140 -90 1 0 0 0 1 0 0 0 1 3673.dat
1 71 60 -140 -70 0 -1 0 1 0 0 0 0 1 32525.dat
1 0 70 -140 -130 -1 0 0 0 -1 0 0 0 1 3673.dat
1 0 70 -140 -90 -1 0 0 0 -1 0 0 0 1 3673.dat
1 71 60 -140 -190 0 -1 0 0 0 1 -1 0 0 32140.dat
1 71 -60 -140 -190 0 -1 0 0 0 1 -1 0 0 32140.dat
0 STEP
1 71 80 -120 -70 1 0 0 0 1 0 0 0 1 42003.dat
1 4 80 -120 -70 0 0 1 0 1 0 -1 0 0 32054.dat
1 71 -80 -120 -70 1 0 0 0 1 0 0 0 1 42003.dat
1 4 -80 -120 -70 0 0 1 0 1 0 -1 0 0 32054.dat
1 0 0 -120 -90 0 0 -1 1 0 0 0 -1 0 41239.dat
1 0 80 -180 -110 0 -1 0 0 0 1 -1 0 0 60484.dat
1 0 -80 -180 -110 0 -1 0 0 0 1 -1 0 0 60484.dat
1 0 -90 -180 -110 1 0 0 0 1 0 0 0 1 3673.dat
1 0 90 -180 -110 1 0 0 0 1 0 0 0 1 3673.dat
1 4 80 -140 30 0 1 0 1 0 0 0 0 -1 32140.dat
1 1 70 -140 30 1 0 0 0 1 0 0 0 1 3749.dat
1 0 90 -120 -30 1 0 0 0 1 0 0 0 1 3673.dat
1 1 -70 -140 30 -1 0 0 0 1 0 0 0 -1 3749.dat
1 4 -80 -140 30 0 1 0 1 0 0 0 0 -1 32140.dat
1 0 -90 -120 -30 1 0 0 0 1 0 0 0 1 3673.dat
1 4 100 -140 10 0 1 0 0 0 1 1 0 0 32140.dat
1 4 -100 -140 10 0 1 0 0 0 1 1 0 0 32140.dat
1 14 125 -140 10 0 0 -1 0 1 0 1 0 0 32123b.dat
1 14 115 -140 10 0 0 -1 0 1 0 1 0 0 32123b.dat
1 1 80 -140 -110 -1 0 0 0 1 0 0 0 -1 32556.dat
1 1 80 -140 -30 -1 0 0 0 1 0 0 0 -1 32556.dat
1 1 -80 -140 -30 1 0 0 0 1 0 0 0 1 32556.dat
1 1 -80 -140 -110 1 0 0 0 1 0 0 0 1 32556.dat
1 71 80 -140 -170 0 0 -1 -1 0 0 0 1 0 42003.dat
1 4 80 -150 -190 0 0 -1 -1 0 0 0 1 0 32062.dat
1 71 80 -160 -190 -1 0 0 0 1 0 0 0 -1 60483.dat
1 71 -80 -140 -170 0 0 -1 -1 0 0 0 1 0 42003.dat
1 4 -80 -150 -190 0 0 -1 -1 0 0 0 1 0 32062.dat
1 71 -80 -160 -190 -1 0 0 0 1 0 0 0 -1 60483.dat
1 71 0 -120 -410 1 0 0 0 1 0 0 0 1 4519.dat
1 71 -60 -120 -410 1 0 0 0 1 0 0 0 1 4519.dat
1 71 60 -120 -410 1 0 0 0 1 0 0 0 1 4519.dat
1 71 -30 -120 -410 0 0 1 0 1 0 -1 0 0 59443.dat
1 71 30 -120 -410 0 0 1 0 1 0 -1 0 0 59443.dat
1 0 100 -120 -410 1 0 0 0 1 0 0 0 1 32054.dat
1 0 -100 -120 -410 -1 0 0 0 1 0 0 0 -1 32054.dat
0 STEP
1 1 -60 -80 530 -1 0 0 0 1 0 0 0 -1 32556.dat
1 71 -60 -60 530 0 -1 0 0 0 -1 1 0 0 32524.dat
1 71 60 -60 530 0 -1 0 0 0 -1 1 0 0 32524.dat
1 19 60 -120 530 -1 0 0 0 1 0 0 0 -1 32556.dat
1 19 -60 -120 530 1 0 0 0 1 0 0 0 1 32556.dat
1 0 90 -80 530 1 0 0 0 -1 0 0 0 -1 62462.dat
1 0 120 -80 530 1 0 0 0 0 1 0 -1 0 87082.dat
1 0 90 0 530 1 0 0 0 -1 0 0 0 -1 62462.dat
1 0 120 0 530 1 0 0 0 0 1 0 -1 0 87082.dat
1 0 -90 0 530 -1 0 0 0 -1 0 0 0 1 62462.dat
1 0 -120 0 530 -1 0 0 0 0 1 0 1 0 87082.dat
1 0 -90 -80 530 -1 0 0 0 -1 0 0 0 1 62462.dat
1 0 -120 -80 530 -1 0 0 0 0 1 0 1 0 87082.dat
1 0 -140 20 530 0 1 0 0 0 -1 -1 0 0 6629.dat
1 0 140 20 530 0 1 0 0 0 -1 -1 0 0 6629.dat
0 STEP
1 4 0 -80 550 0 0 -1 -1 0 0 0 1 0 32278.dat
1 0 120 -80 540 0 0 1 0 1 0 -1 0 0 3673.dat
1 0 -120 -80 540 0 0 1 0 1 0 -1 0 0 3673.dat
1 36 140 -80 560 0 0 1 1 0 0 0 1 0 6141.dat
1 36 100 -80 560 0 0 1 1 0 0 0 1 0 6141.dat
1 36 -100 -80 560 0 0 1 1 0 0 0 1 0 6141.dat
1 36 -140 -80 560 0 0 1 1 0 0 0 1 0 6141.dat
0 STEP
1 71 0 -128.382 450.44 1 0 0 0 0.994496 0.104772 0 -0.104772 0.994496 64178.dat
1 0 -40 -136.231 471.378 0 -1 0 0.994496 0 0.104772 -0.104772 0 0.994496 3673.dat
1 0 40 -136.231 471.378 0 -1 0 0.994496 0 0.104772 -0.104772 0 0.994496 3673.dat
1 71 0 -136.763 370.881 0 -1 0 0.994496 0 0.104772 -0.104772 0 0.994496 48989.dat
1 71 -60 -134.668 390.771 0 0 1 0.994496 0.104772 0 -0.104772 0.994496 0 48989.dat
1 71 60 -134.668 390.771 0 0 1 0.994496 0.104772 0 -0.104772 0.994496 0 48989.dat
1 72 -80 -145.145 291.321 0 -1 0 0.994496 0 0.104772 -0.104772 0 0.994496 41239.dat
1 0 -70 -157.718 171.981 1 0 0 0 0.994496 0.104772 0 -0.104772 0.994496 3673.dat
1 0 -70 -153.527 211.761 1 0 0 0 0.994496 0.104772 0 -0.104772 0.994496 3673.dat
1 71 -60 -159.813 152.092 0 -1 0 0.994496 0 0.104772 -0.104772 0 0.994496 32524.dat
1 71 -5 -166.1 92.4217 1 0 0 0 0.994496 0.104772 0 -0.104772 0.994496 32073.dat
1 0 -60 -166.1 92.4217 -1 0 0 0 0.994496 -0.104772 0 -0.104772 -0.994496 32054.dat
1 0 60 -166.1 92.4217 1 0 0 0 0.994496 0.104772 0 -0.104772 0.994496 32054.dat
1 71 60 -159.813 152.092 0 -1 0 0.994496 0 0.104772 -0.104772 0 0.994496 32524.dat
1 0 70 -157.718 171.981 1 0 0 0 0.994496 0.104772 0 -0.104772 0.994496 3673.dat
1 0 70 -153.527 211.761 1 0 0 0 0.994496 0.104772 0 -0.104772 0.994496 3673.dat
1 72 80 -145.145 291.321 0 -1 0 0.994496 0 0.104772 -0.104772 0 0.994496 41239.dat
1 0 -80 -185.99 94.5171 0 0 -1 0.104772 0.994496 0 0.994496 -0.104772 0 6536.dat
1 1 -80 -187.037 84.5722 0 0 -1 0.104772 0.994496 0 0.994496 -0.104772 0 3749.dat
1 0 80 -185.99 94.5171 0 0 -1 0.104772 0.994496 0 0.994496 -0.104772 0 6536.dat
1 1 80 -187.037 84.5722 0 0 -1 0.104772 0.994496 0 0.994496 -0.104772 0 3749.dat
0 STEP
1 0 0 -188.085 74.6272 0 0 -1 -0.994496 0.104772 0 0.104772 0.994496 0 32525.dat
1 0 -100 -189.133 64.6823 0 0 -1 0.104772 0.994496 0 0.994496 -0.104772 0 3673.dat
1 0 -60 -189.133 64.6823 0 0 -1 0.104772 0.994496 0 0.994496 -0.104772 0 3673.dat
1 0 60 -189.133 64.6823 0 0 -1 0.104772 0.994496 0 0.994496 -0.104772 0 3673.dat
1 0 100 -189.133 64.6823 0 0 -1 0.104772 0.994496 0 0.994496 -0.104772 0 3673.dat
1 4 -60 -190.18 54.7373 0 0 -1 -0.994496 0.104772 0 0.104772 0.994496 0 32526.dat
1 4 60 -190.18 54.7373 0 0 1 -0.994496 -0.104772 0 0.104772 -0.994496 0 32526.dat
1 0 -120 -189.133 64.6823 0 0 -1 0.104772 0.994496 0 0.994496 -0.104772 0 3673.dat
1 0 120 -189.133 64.6823 0 0 -1 0.104772 0.994496 0 0.994496 -0.104772 0 3673.dat
1 0 140 -228.913 68.8731 0 0 -1 0.104772 0.994496 0 0.994496 -0.104772 0 3673.dat
1 0 -140 -228.913 68.8731 0 0 -1 0.104772 0.994496 0 0.994496 -0.104772 0 3673.dat
1 71 0 -249.85 61.0236 0 0 -1 -0.104772 -0.994496 0 -0.994496 0.104772 0 32278.dat
1 0 80 -239.905 59.9759 0 0 -1 0.994496 -0.104772 0 -0.104772 -0.994496 0 3673.dat
1 0 -80 -239.905 59.9759 0 0 -1 0.994496 -0.104772 0 -0.104772 -0.994496 0 3673.dat
1 71 0 -229.96 58.9282 0 0 -1 -0.104772 -0.994496 0 -0.994496 0.104772 0 40490.dat
1 1 -40 -189.133 64.6823 0 1 0 -0.104772 0 -0.994496 -0.994496 0 0.104772 3749.dat
1 71 -40 -210.07 56.8328 0 1 0 -0.104772 0 -0.994496 -0.994496 0 0.104772 32039.dat
1 1 -40 -220.015 57.8805 0 0 1 0.994496 0.104772 0 -0.104772 0.994496 0 3749.dat
1 1 40 -189.133 64.6823 0 1 0 -0.104772 0 -0.994496 -0.994496 0 0.104772 3749.dat
1 71 40 -210.07 56.8328 0 1 0 -0.104772 0 -0.994496 -0.994496 0 0.104772 32039.dat
1 1 40 -220.015 57.8805 0 0 1 0.994496 0.104772 0 -0.104772 0.994496 0 3749.dat
1 71 -140 -217.388 178.268 -1 0 0 0 -0.994496 0.104772 0 0.104772 0.994496 62531.dat
1 71 140 -217.388 178.268 1 0 0 0 -0.994496 -0.104772 0 0.104772 -0.994496 62531.dat
1 1 120 -165.035 293.416 0 0 -1 0.104772 0.994496 0 0.994496 -0.104772 0 32556.dat
1 1 -120 -165.035 293.416 0 0 -1 0.104772 0.994496 0 0.994496 -0.104772 0 32556.dat
