0 FILE 9470 - Shelob Attacks.ldr
0 Shelob Attacks
0 Name: 9470 - Shelob Attacks.ldr
0 Author: Christian Neumann [Wesley]
0 !LDRAW_ORG Model
0 !LICENSE Redistributable under CCAL version 2.0 : see CAreadme.txt

0 !THEME The Hobbit and the Lord of the Rings / The Lord of the Rings

0 !HISTORY [legolijntje] Updated ~moved files and swapped inlined parts for official ones

1 72 -400 -8 -200 0 0 -1 0 1 0 1 0 0 9470 - lair.ldr
1 19 -430 0 -270 0 0 -1 0 1 0 1 0 0 9470 - Gollum.ldr
1 179 -260 -8 -250 0 0 -1 -1 0 0 0 1 0 64648.dat
1 16 0 -24 0 1 0 0 0 1 0 0 0 1 9470 - Shelob.ldr
1 16 40 16 -380 -1 0 0 0 1 0 0 0 -1 9470 - Frodo.ldr
1 16 -150 16 -300 -0.70711 0 -0.70711 0 1 0 0.70711 0 -0.70711 9470 - Sam.ldr


0 FILE 9470 - lair.ldr
0 lair
0 Name: 9470 - lair.ldr
0 Author: Christian Neumann [Wesley]
0 !LDRAW_ORG Model
0 !LICENSE Redistributable under CCAL version 2.0 : see CAreadme.txt
0 !THEME The Hobbit and the Lord of the Rings / The Lord of the Rings
1  71 -37 0 -13 1 0 0 0 1 0 0 0 1 3832.dat
1  72 -107 -72 -3 0 0 1 0 1 0 -1 0 0 4460A.dat
1  72 -127 -24 -23 0 0 -1 0 1 0 1 0 0 3040B.dat
1  72 -27 -24 -23 0 0 1 0 1 0 -1 0 0 3040B.dat
1  72 -77 -8 -23 1 0 0 0 1 0 0 0 1 3069B.dat
1  71 -27 -24 -3 0 0 -1 0 1 0 1 0 0 6541.dat
1  71 -17 -14 -3 -1 0 0 0 1 0 0 0 -1 3673.dat
1  72 -107 -96 -3 0 0 -1 0 1 0 1 0 0 3665.dat
1  72 -27 -96 -3 1 0 0 0 1 0 0 0 1 4460A.dat
1  71 -127 -32 -23 1 0 0 0 1 0 0 0 1 4085C.dat
1  71 3 -32 -3 0 0 -1 0 1 0 1 0 0 3020.dat
1  72 3 -40 7 1 0 0 0 1 0 0 0 1 3069B.dat
1  72 3 -56 27 1 0 0 0 1 0 0 0 1 4865B.dat
1  72 3 -24 27 -1 0 0 0 1 0 0 0 -1 2540.dat
1  72 3 -24 -33 1 0 0 0 1 0 0 0 1 2540.dat
1  0 3 -24 -3 1 0 0 0 1 0 0 0 1 2817.dat
1  72 53 -72 -3 0 0 1 0 1 0 -1 0 0 4460A.dat
1  72 33 -24 -23 0 0 -1 0 1 0 1 0 0 3040B.dat
1  72 33 -24 -23 1 0 0 0 1 0 0 0 1 54200.dat
1  72 53 -72 -3 0 0 1 0 1 0 -1 0 0 54200.dat
1  71 -57 -104 -3 1 0 0 0 1 0 0 0 1 3710.dat
1  72 -57 -112 -3 1 0 0 0 1 0 0 0 1 3069B.dat
1  71 -27 -112 -3 1 0 0 0 1 0 0 0 1 4085C.dat
1  72 -87 -104 -3 -1 0 0 0 1 0 0 0 -1 54200.dat
1  72 -27 -112 -3 0 0 -1 0 1 0 1 0 0 54200.dat
1  72 -107 -96 -3 0 0 1 0 1 0 -1 0 0 54200.dat
1  72 -127 -32 -23 1 0 0 0 1 0 0 0 1 54200.dat
1  288 -127 -32 -43 1 0 0 0 -1 0 0 0 -1 55236.dat
1  288 -27 -112 -23 -1 0 0 0 -1 0 0 0 1 55236.dat


0 FILE 9470 - Shelob.ldr
0 Shelob
0 Name: 9470 - Shelob.ldr
0 Author: Christian Neumann [Wesley]
0 !LDRAW_ORG Model
0 !LICENSE Redistributable under CCAL version 2.0 : see CAreadme.txt
0 !THEME The Hobbit and the Lord of the Rings / The Lord of the Rings
1 70 0 -16 0 0 0 -1 0 1 0 1 0 0 3795.dat
1 28 0 -24 50 -1 0 0 0 1 0 0 0 -1 3023.dat
1 0 -40 -24 40 -1 0 0 0 1 0 0 0 -1 2429.dat
1 0 -40 -24 40 -0.9816272 0 -0.190809 0 1 0 0.190809 0 -0.9816272 2430.dat
1 0 -40 -24 0 0.9396926 0 -0.3420201 0 1 0 0.3420201 0 0.9396926 2429.dat
1 0 -40 -24 0 1 0 0 0 1 0 0 0 1 2430.dat
1 0 40 -24 0 1 0 0 0 1 0 0 0 1 2429.dat
1 0 40 -24 0 0.9612617 0 0.2756373 0 1 0 -0.2756373 0 0.9612617 2430.dat
1 0 40 -24 40 -0.9902681 0 0.1391731 0 1 0 -0.1391731 0 -0.9902681 2429.dat
1 0 40 -24 40 -1 0 0 0 1 0 0 0 -1 2430.dat
1 4 10 -24 -40 0 0 -1 0 1 0 1 0 0 88072.dat
1 4 -10 -24 -40 0 0 1 0 1 0 -1 0 0 88072.dat
1 28 0 -24 -10 -1 0 0 0 1 0 0 0 -1 3023.dat
1 0 -40 -32 60 -1 0 0 0 1 0 0 0 -1 2429.dat
1 0 -40 -32 60 -0.6819984 0 -0.7313536 0 1 0 0.7313536 0 -0.6819984 2430.dat
1 0 40 -32 60 -0.6156615 0 0.7880107 0 1 0 -0.7880107 0 -0.6156615 2429.dat
1 0 40 -32 60 -1 0 0 0 1 0 0 0 -1 2430.dat
1 19 0 -32 20 1 0 0 0 1 0 0 0 1 3020.dat
1 0 -40 -32 -20 1 0 0 0 1 0 0 0 1 2430.dat
1 0 -40 -32 -20 0.7071068 0 -0.7071068 0 1 0 0.7071068 0 0.7071068 2429.dat
1 0 40 -32 -20 0.7431449 0 0.6691306 0 1 0 -0.6691306 0 0.7431449 2430.dat
1 0 40 -32 -20 1 0 0 0 1 0 0 0 1 2429.dat
1 4 0 -32 -30 -1 0 0 0 1 0 0 0 -1 3023.dat
1 4 -10 -24 -50 1 0 0 0 1 0 0 0 1 54200.dat
1 4 10 -24 -50 1 0 0 0 1 0 0 0 1 54200.dat
1 70 0 -40 20 1 0 0 0 1 0 0 0 1 3031.dat
1 4 0 -48 20 1 0 0 0 1 0 0 0 1 3022.dat
1 0 -30 -64 50 1 0 0 0 1 0 0 0 1 3005.dat
1 0 30 -64 50 1 0 0 0 1 0 0 0 1 3005.dat
1 72 30 -64 20 0 0 -1 0 1 0 1 0 0 3937.dat
1 72 -30 -64 20 0 0 1 0 1 0 -1 0 0 3937.dat
1 4 -10 -64 -10 1 0 0 0 1 0 0 0 1 60476.dat
1 4 10 -64 -10 1 0 0 0 1 0 0 0 1 60476.dat
1 72 0 -72 20 0 0 -1 0 1 0 1 0 0 48171.dat
1 0 0 -62 60 0 -1 0 -0.4848096 0 -0.8746197 0.8746197 0 -0.4848096 47455.dat
1 0 10 -96 50 0 0 -1 0 1 0 1 0 0 6091.dat
1 0 -10 -96 50 0 0 1 0 1 0 -1 0 0 6091.dat
1 28 0 -80 30 1 0 0 0 1 0 0 0 1 3023.dat
1 0 -10 -72 -10 1 0 0 0 1 0 0 0 1 49668.dat
1 0 10 -72 -10 1 0 0 0 1 0 0 0 1 49668.dat
1 0 -10 -96 20 1 0 0 0 1 0 0 0 1 61678.dat
1 0 10 -96 20 1 0 0 0 1 0 0 0 1 61678.dat
1 70 60.19334 -40 69.6036 0.6156615 0 -0.7880107 0 1 0 0.7880107 0 0.6156615 44302.dat
1 70 66.34995 -40 77.48371 -0.7880107 0 -0.6156615 0 1 0 0.6156615 0 -0.7880107 54200.dat
1 70 108.2874 -52.85555 131.1612 0.5624348 0.2504121 -0.7880107 -0.4067366 0.9135455 0 0.7198836 0.3205128 0.6156616 3710.dat
1 0 117.5328 -68.29865 142.9948 0.5624348 0.2504121 -0.7880107 -0.4067366 0.9135455 0 0.7198836 0.3205128 0.6156616 44301.dat
1 0 95.0354 -52.02919 114.1994 -0.5624348 0.2504121 0.7880107 0.4067366 0.9135455 0 -0.7198836 0.3205128 -0.6156616 44301.dat
1 70 104.2808 -67.47229 126.033 -0.5624348 0.2504121 0.7880107 0.4067366 0.9135455 0 -0.7198836 0.3205128 -0.6156616 3069B.dat
1 70 142.9673 -51.6073 175.5493 -0.2306308 -0.5708315 0.7880107 -0.9271837 0.3746067 0 -0.2951941 -0.7306308 -0.6156616 44302.dat
1 70 147.5339 -54.60416 181.3944 0.2306308 -0.5708315 -0.7880107 0.9271837 0.3746067 0 0.2951941 -0.7306308 0.6156616 44302.dat
1 0 158.8447 -21.65576 195.8716 0.788011 -0.269888 0.553353 0 0.898794 0.438371 -0.615662 -0.345441 0.708259 30552.dat
1 0 170.4651 -12.44998 210.745 0.7880107 -0.5533528 -0.2698883 0 -0.4383711 0.8987941 -0.6156616 -0.7082593 -0.3454411 87747.dat
1 70 61.19709 -32 32.88078 0.9902681 0 -0.1391731 0 1 0 0.1391731 0 0.9902681 44302.dat
1 70 71.09977 -32 34.27251 -0.1391731 0 -0.9902681 0 1 0 0.9902681 0 -0.1391731 54200.dat
1 70 134.024 -55.29895 43.11593 0.7908633 0.5959581 -0.1391731 -0.6018149 0.7986355 0 0.1111486 0.08375646 0.9902681 3710.dat
1 0 145.0737 -73.72433 44.66886 0.7908633 0.5959581 -0.1391731 -0.6018149 0.7986355 0 0.1111486 0.08375646 0.9902681 44301.dat
1 0 113.4391 -49.65174 40.22291 -0.7908633 0.5959581 0.1391731 0.6018149 0.7986355 0 -0.1111486 0.08375646 -0.9902681 44301.dat
1 70 124.4887 -68.07712 41.77583 -0.7908633 0.5959581 0.1391731 0.6018149 0.7986355 0 -0.1111486 0.08375646 -0.9902681 3069B.dat
1 70 186.9899 -65.49646 50.5598 -0.5100256 -0.8488255 0.1391731 -0.8571674 0.5150379 0 -0.07167941 -0.1192946 -0.9902681 44302.dat
1 70 193.7805 -69.61677 51.51415 0.5100256 -0.8488255 -0.1391731 0.8571674 0.5150379 0 0.07167941 -0.1192946 0.9902681 44302.dat
1 0 213.8803 -35.32462 54.33901 0.139173 -0.747365 0.649674 0 0.656059 0.75471 -0.990268 -0.105035 0.091306 30552.dat
1 0 227.5235 -19.4757 56.25643 0.1391731 -0.6496741 -0.7473649 0 -0.7547097 0.6560589 -0.9902681 -0.09130573 -0.1050353 87747.dat
1 70 61.98161 -32 4.09987 0.9612617 0 0.2756373 0 1 0 -0.2756373 0 0.9612617 44302.dat
1 70 71.59422 -32 1.343497 0.2756373 0 -0.9612617 0 1 0 0.9612617 0 0.2756373 54200.dat
1 70 135.6526 -48.99276 -17.02493 0.8407384 0.4660289 0.2756373 -0.4848096 0.8746197 0 -0.2410778 -0.1336316 0.9612617 3710.dat
1 0 148.7391 -65.68591 -20.77744 0.8407384 0.4660289 0.2756373 -0.4848096 0.8746197 0 -0.2410778 -0.1336316 0.9612617 44301.dat
1 0 115.1096 -46.29353 -11.13432 -0.8407384 0.4660289 -0.2756373 0.4848096 0.8746197 0 0.2410778 -0.1336316 -0.9612617 44301.dat
1 70 128.1961 -62.98668 -14.88683 -0.8407384 0.4660289 -0.2756373 0.4848096 0.8746197 0 0.2410778 -0.1336316 -0.9612617 3069B.dat
1 70 193.7838 -55.72547 -33.69378 -0.5785018 -0.7676977 -0.2756373 -0.7986355 0.601815 0 0.1658827 0.2201337 -0.9612617 44302.dat
1 70 199.9253 -60.53999 -35.45485 0.5785018 -0.7676977 0.2756373 0.7986355 0.601815 0 -0.1658827 0.2201337 0.9612617 44302.dat
1 0 223.6192 -29.64154 -42.24895 -0.275637 -0.551357 0.78742 0 0.819152 0.573576 -0.961262 0.158099 -0.225789 30552.dat
1 0 240.155 -17.59645 -46.99052 -0.2756373 -0.7874195 -0.551357 0 -0.5735764 0.8191521 -0.9612617 0.2257889 0.158099 87747.dat
1 70 61.5542 -40 -25.95116 0.7431449 0 0.6691306 0 1 0 -0.6691306 0 0.7431449 44302.dat
1 70 68.98566 -40 -32.64247 0.6691306 0 -0.7431449 0 1 0 0.7431449 0 0.6691306 54200.dat
1 70 116.8435 -61.76392 -75.73383 0.6087486 0.4262504 0.6691306 -0.5735765 0.8191521 0 -0.5481197 -0.3837975 0.7431449 3710.dat
1 0 125.6085 -79.78865 -83.62587 0.6087486 0.4262504 0.6691306 -0.5735765 0.8191521 0 -0.5481197 -0.3837975 0.7431449 44301.dat
1 0 101.2585 -56.8456 -61.70107 -0.6087486 0.4262504 -0.6691306 0.5735765 0.8191521 0 0.5481197 -0.3837975 -0.7431449 44301.dat
1 70 110.0235 -74.87035 -69.59308 -0.6087486 0.4262504 -0.6691306 0.5735765 0.8191521 0 0.5481197 -0.3837975 -0.7431449 3069B.dat
1 70 152.663 -67.25318 -107.9859 -0.2172746 -0.7106729 -0.6691307 -0.9563048 0.2923718 0 0.1956349 0.6398928 -0.7431449 44302.dat
1 70 158.3484 -69.59212 -113.105 0.2172746 -0.7106729 0.6691307 0.9563048 0.2923718 0 -0.1956349 0.6398928 0.7431449 44302.dat
1 0 169.3014 -34.16171 -122.9671 -0.669131 -0.457526 0.585606 0 0.788011 0.615661 -0.743145 0.411958 -0.527282 30552.dat
1 0 181.5991 -21.23282 -134.04 -0.6691307 -0.5856062 -0.4575258 0 -0.6156614 0.7880108 -0.7431449 0.527282 0.4119578 87747.dat
1 70 -60.9535 -40 67.80708 -0.6819984 0 -0.7313536 0 1 0 0.7313536 0 -0.6819984 44302.dat
1 70 -67.77349 -40 75.12062 -0.7313536 0 0.6819984 0 1 0 -0.6819984 0 -0.7313536 54200.dat
1 70 -113.443 -56.17588 124.0951 -0.6021689 -0.3201788 -0.7313536 -0.4694714 0.8829477 0 0.6457469 0.3433497 -0.6819984 3710.dat
1 0 -122.9249 -72.62888 134.2633 -0.6021689 -0.3201788 -0.7313536 -0.4694714 0.8829477 0 0.6457469 0.3433497 -0.6819984 44301.dat
1 0 -98.83815 -53.85002 108.4334 0.6021689 -0.3201788 0.7313536 0.4694714 0.8829477 0 -0.6457469 0.3433497 0.6819984 44301.dat
1 70 -108.3201 -70.30304 118.6015 0.6021689 -0.3201788 0.7313536 0.4694714 0.8829477 0 -0.6457469 0.3433497 0.6819984 3069B.dat
1 70 -149.9098 -57.44041 163.201 0.2332572 0.6408687 0.7313535 -0.9396924 0.3420203 0 -0.2501377 -0.6872473 0.6819984 44302.dat
1 70 -155.0367 -60.17659 168.699 -0.2332572 0.6408687 -0.7313535 0.9396924 0.3420203 0 0.2501377 -0.6872473 -0.6819984 44302.dat
1 0 -166.4067 -25.70984 180.8918 0.731354 0.381368 -0.565402 0 0.829037 0.559193 0.681998 -0.408967 0.60632 30552.dat
1 0 -178.2801 -13.96679 193.6245 0.7313535 0.5654023 0.3813684 0 -0.5591926 0.8290374 0.6819984 -0.6063196 -0.4089674 87747.dat
1 70 -61.54063 -32 34 -0.9816272 0 -0.190809 0 1 0 0.190809 0 -0.9816272 44302.dat
1 70 -71.35691 -32 35.908 -0.190809 0 0.9816272 0 1 0 -0.9816272 0 -0.190809 54200.dat
1 70 -134.5728 -53.7639 48.19592 -0.8041019 -0.5630382 -0.190809 -0.5735763 0.8191521 0 0.1563016 0.1094435 -0.9816272 3710.dat
1 0 -146.1505 -71.78864 50.4464 -0.8041019 -0.5630382 -0.190809 -0.5735763 0.8191521 0 0.1563016 0.1094435 -0.9816272 44301.dat
1 0 -113.9864 -48.8456 44.19434 0.8041019 -0.5630382 0.190809 0.5735763 0.8191521 0 -0.1563016 0.1094435 0.9816272 44301.dat
1 70 -125.5642 -66.87033 46.44482 0.8041019 -0.5630382 0.190809 0.5735763 0.8191521 0 -0.1563016 0.1094435 0.9816272 3069B.dat
1 70 -190.2975 -64.26265 59.02771 0.576986 0.794153 0.190809 -0.8090169 0.5877852 0 -0.1121547 -0.1543677 0.9816272 44302.dat
1 70 -196.6507 -68.96492 60.26265 -0.576986 0.794153 -0.190809 0.8090169 0.5877852 0 0.1121547 -0.1543677 -0.9816272 44302.dat
1 0 -219.5512 -36.69887 64.71406 0.190809 0.669468 -0.717917 0 0.731354 0.681998 0.981627 -0.130131 0.139549 30552.dat
1 0 -234.6274 -22.37689 67.64457 0.190809 0.7179166 0.669468 0 -0.6819983 0.7313536 0.9816271 -0.1395488 -0.1301314 87747.dat
1 70 -62.21405 -32 2.556523 -0.9396926 0 0.3420201 0 1 0 -0.3420201 0 -0.9396926 44302.dat
1 70 -71.61098 -32 -0.863677 0.3420201 0 0.9396926 0 1 0 -0.9396926 0 0.3420201 54200.dat
1 70 -133.9138 -49.80384 -23.54005 -0.8137978 -0.4698463 0.3420201 -0.5 0.8660254 0 -0.2961981 -0.17101 -0.9396926 3710.dat
1 0 -146.431 -66.73204 -28.09592 -0.8137978 -0.4698463 0.3420201 -0.5 0.8660254 0 -0.2961981 -0.17101 -0.9396926 44301.dat
1 0 -113.8791 -46.73205 -16.248 0.8137978 -0.4698463 -0.3420201 0.5 0.8660254 0 0.2961981 -0.17101 0.9396926 44301.dat
1 70 -126.3962 -63.66023 -20.80388 0.8137978 -0.4698463 -0.3420201 0.5 0.8660254 0 0.2961981 -0.17101 0.9396926 3069B.dat
1 70 -187.0955 -54.73099 -42.8966 0.455572 0.8218736 -0.3420201 -0.8746196 0.4848096 0 0.1658146 0.2991375 0.9396927 44302.dat
1 70 -193.6705 -58.60946 -45.2897 -0.455572 0.8218736 0.3420201 0.8746196 0.4848096 0 -0.1658146 0.2991375 -0.9396927 44302.dat
1 0 -213.4843 -25.80934 -52.50134 -0.34202 0.52547 -0.779041 0 0.829037 0.559193 0.939693 0.191255 -0.283548 30552.dat
1 0 -229.8441 -14.06631 -58.45584 -0.3420201 0.7790405 0.5254695 0 -0.559193 0.8290374 0.9396927 0.2835475 0.1912552 87747.dat
1 70 -61.2132 -40 -27.07107 -0.7071068 0 0.7071068 0 1 0 -0.7071068 0 -0.7071068 44302.dat
1 70 -68.28427 -40 -34.14214 0.7071068 0 0.7071068 0 1 0 -0.7071068 0 0.7071068 54200.dat
1 70 -107.0921 -74.32088 -72.94997 -0.4255475 -0.5647206 0.7071068 -0.7986355 0.601815 0 -0.4255475 -0.5647205 -0.7071068 3710.dat
1 0 -111.0853 -95.10812 -76.94315 -0.4255475 -0.5647206 0.7071068 -0.7986355 0.601815 0 -0.4255475 -0.5647205 -0.7071068 44301.dat
1 0 -94.0634 -63.1627 -59.92126 0.4255475 -0.5647206 -0.7071068 0.7986355 0.601815 0 0.4255475 -0.5647205 0.7071068 44301.dat
1 70 -98.05658 -83.94993 -63.91444 0.4255475 -0.5647206 -0.7071068 0.7986355 0.601815 0 0.4255475 -0.5647205 0.7071068 3069B.dat
1 70 -146.2369 -117.2412 -112.0948 0.704416 0.06162831 -0.7071068 -0.08715563 0.9961947 0 0.7044159 0.06162837 0.7071068 44302.dat
1 70 -146.73 -125.2108 -112.5878 -0.704416 0.06162831 0.7071068 0.08715563 0.9961947 0 -0.7044159 0.06162837 -0.7071068 44302.dat
1 0 -174.1478 -116.3775 -140.0056 -0.707107 0.298836 -0.640856 0 0.906308 0.422618 0.707107 0.298836 -0.640856 30552.dat
1 0 -187.6058 -107.5026 -153.4635 -0.7071068 0.6408564 0.2988361 0 -0.422618 0.9063079 0.7071068 0.6408563 0.2988362 87747.dat
1 0 30 -34 -40 -0.09584564 0.9953962 0 0 0 -1 -0.9953962 -0.09584564 0 53989.dat
1 0 -30 -34 -40 0.09584567 -0.9953962 0 0 0 1 -0.9953962 -0.09584564 0 53989.dat
1 15 44.275 -34 -79.55028 0 0.9953962 -0.09584564 1 0 0 0 -0.09584564 -0.9953962 53451.dat
1 15 -44.275 -34 -79.55027 0 -0.9953962 0.09584567 -1 0 0 0 -0.09584564 -0.9953962 53451.dat
1 19 0 -45.41358 -48.17342 -1 0 0 0 0.8571673 0.515038 0 0.515038 -0.8571673 48336.dat
1 0 0 -65.9856 -60.53433 1 0 0 0 0.8571672 -0.515038 0 0.5150379 0.8571673 47759pm0.dat
1 71 38.43391 -59.373 20 0 -0.8433914 -0.5372995 0 0.5372995 -0.8433914 1 0 0 6134.dat
1 0 34.43505 -80.53922 10 0.5372995 -0.8433914 0 0.8433914 0.5372995 0 0 0 1 49668.dat
1 28 39.80805 -72.10531 30 0.5372995 -0.8433914 0 0.8433914 0.5372995 0 0 0 1 3023.dat
1 0 51.92818 -67.96979 0 0.5372995 -0.8433914 0 0.8433914 0.5372995 0 0 0 1 61678.dat
1 71 -38.43391 -59.373 20 0 0.8433915 0.5372995 0 0.5372995 -0.8433915 -1 0 0 6134.dat
1 28 -39.80805 -72.10531 30 0.5372995 0.8433915 0 -0.8433915 0.5372995 0 0 0 1 3023.dat
1 0 -34.43506 -80.53922 10 0.5372995 0.8433915 0 -0.8433915 0.5372995 0 0 0 1 49668.dat
1 0 -51.92818 -67.9698 0 0.5372995 0.8433915 0 -0.8433915 0.5372995 0 0 0 1 61678.dat
1 71 0 -8 40 1 0 0 0 1 0 0 0 1 4600.dat
1 71 32 -3 40 0 0 -1 0 1 0 1 0 0 4624.dat
1 71 -32 -3 40 0 0 1 0 1 0 -1 0 0 4624.dat
1 70 0 -170.1286 228.5059 -1 0 0 0 0.8660254 0.5 0 0.5 -0.8660254 42021.dat
1 4 0 -87.41578 149.2431 -1 0 0 0 0.8660254 0.5 0 0.5 -0.8660254 3023.dat
1 4 0 -94.34398 145.2431 -1 0 0 0 0.8660254 0.5 0 0.5 -0.8660254 3023.dat
1 70 30 -105.1286 115.9226 1 0 0 0 0.8660254 -0.5 0 0.5 0.8660254 3665.dat
1 70 -30 -105.1286 115.9226 1 0 0 0 0.8660254 -0.5 0 0.5 0.8660254 3665.dat
1 72 0 -100.1286 107.2623 0 0 1 0.5 0.8660254 0 -0.8660254 0.5 0 48169.dat
1 0 -60 -130.1286 159.2238 -1 0 0 0 0.8660254 0.5 0 0.5 -0.8660254 41765.dat
1 0 60 -130.1286 159.2238 -1 0 0 0 0.8660254 0.5 0 0.5 -0.8660254 41764.dat
1 28 0 -117.0568 120.5828 -1 0 0 0 0.8660254 0.5 0 0.5 -0.8660254 3034.dat
1 70 -30 -115.9132 86.60207 0 0 -1 -0.5 0.8660254 0 0.8660254 0.5 0 3665.dat
1 70 30 -115.9132 86.60207 0 0 1 0.5 0.8660254 0 -0.8660254 0.5 0 3665.dat
1 71 50 -137.0568 155.2238 0 0 1 0.5 0.8660254 0 -0.8660254 0.5 0 99781.dat
1 4 28 -128.3965 160.2238 0 1 0 -0.5 0 0.8660254 0.8660254 0 0.5 3023.dat
1 2 20 -128.3965 160.2238 0 1 0 -0.5 0 0.8660254 0.8660254 0 0.5 3069B.dat
1 71 -50 -137.0568 155.2238 0 0 -1 -0.5 0.8660254 0 0.8660254 0.5 0 99781.dat
1 4 -28 -128.3965 160.2238 0 -1 0 0.5 0 0.8660254 -0.8660254 0 0.5 3023.dat
1 2 -20 -128.3965 160.2238 0 -1 0 0.5 0 0.8660254 -0.8660254 0 0.5 3069B.dat
1 28 -30 -177.0568 224.5059 0 0 1 0.5 0.8660254 0 -0.8660254 0.5 0 43722.dat
1 28 30 -177.0568 224.5059 0 0 -1 -0.5 0.8660254 0 0.8660254 0.5 0 43723.dat
1 0 -50 -162.0568 198.5251 0 0 1 0.5 0.8660254 0 -0.8660254 0.5 0 49668.dat
1 0 50 -162.0568 198.5251 0 0 -1 -0.5 0.8660254 0 0.8660254 0.5 0 49668.dat
1 70 0 -122.8414 82.60207 -1 0 0 0 0.8660254 0.5 0 0.5 -0.8660254 3710.dat
1 4 -10 -178.985 211.8456 -1 0 0 0 0.866025 0.5 0 0.5 -0.866025 6141.dat
1 4 10 -178.985 211.8456 -1 0 0 0 0.866025 0.5 0 0.5 -0.866025 6141.dat
1 72 0 -109.344 171.2238 0 0 1 -0.8660254 0.5 0 -0.5 -0.8660254 0 87083.dat
1 19 0 -136.1908 155.7238 -1 0 0 0 0.5 -0.8660254 0 -0.8660254 -0.5 6589.dat
1 71 0 -124.9324 162.2238 0 0 1 -0.8660254 0.5 0 -0.5 -0.8660254 0 61510.dat
1 71 0 -107.6119 172.2238 0 0 1 -0.8660254 0.5 0 -0.5 -0.8660254 0 61510.dat
1 28 0 -152.0568 181.2046 -1 0 0 0 0.8660254 0.5 0 0.5 -0.8660254 6636.dat
1 71 0 -81.63116 187.2238 0 -1 0 -0.5 0 -0.8660254 0.8660254 0 -0.5 3650B.dat
1 0 50 -153.985 168.5444 -1 0 0 0 0.8660254 0.5 0 0.5 -0.8660254 54383.dat
1 0 -50 -153.985 168.5444 -1 0 0 0 0.8660254 0.5 0 0.5 -0.8660254 54384.dat
1 70 40 -118.985 107.9226 -1 0 0 0 0.8660254 0.5 0 0.5 -0.8660254 3710.dat
1 70 -40 -118.985 107.9226 -1 0 0 0 0.8660254 0.5 0 0.5 -0.8660254 3710.dat
1 4 0 -142.8414 117.2431 -1 0 0 0 0.8660254 0.5 0 0.5 -0.8660254 3700.dat
1 1 0 -139.1812 130.9034 0 0 -1 -0.5 0.8660254 0 0.8660254 0.5 0 43093.dat
1 19 0 -140.6812 133.5014 0 -1 0 0.8660254 0 -0.5 0.5 0 0.8660254 6589.dat
1 4 30 -135.9132 121.2431 -1 0 0 0 0.866025 0.5 0 0.5 -0.866025 6141.dat
1 4 -30 -135.9132 121.2431 -1 0 0 0 0.866025 0.5 0 0.5 -0.866025 6141.dat
1 0 -30 -122.8414 82.60207 0 0 1 0.5 0.8660254 0 -0.8660254 0.5 0 54200.dat
1 0 -10 -122.8414 82.60207 1 0 0 0 0.8660254 -0.5 0 0.5 0.8660254 54200.dat
1 0 10 -122.8414 82.60207 1 0 0 0 0.8660254 -0.5 0 0.5 0.8660254 54200.dat
1 0 30 -122.8414 82.60207 0 0 -1 -0.5 0.8660254 0 0.8660254 0.5 0 54200.dat
1 71 0 -135.9132 121.2431 0 0 -1 -0.5 0.8660254 0 0.8660254 0.5 0 93273.dat
1 0 50 -144.7696 104.5828 -1 0 0 0 0.8660254 0.5 0 0.5 -0.8660254 41747.dat
1 0 -50 -144.7696 104.5828 -1 0 0 0 0.8660254 0.5 0 0.5 -0.8660254 41748.dat
1 0 0 -165.5542 92.58284 -1 0 0 0 0.8660254 0.5 0 0.5 -0.8660254 41751.dat
1 320 1 -192.1549 244.6565 0 0 1 0.8660251 -0.4999998 0 0.4999999 0.8660249 0 30395.dat

0 FILE 9470 - Gollum.ldr
0 Gollum
0 Name: 9470 - Gollum.ldr
0 Author: Christian Neumann [Wesley]
0 !LDRAW_ORG Model
0 !LICENSE Redistributable under CCAL version 2.0 : see CAreadme.txt
0 !THEME The Hobbit and the Lord of the Rings / The Lord of the Rings
1 16 0 0 0 1 0 0 0 1 0 0 0 1 10057pm0.dat
1 16 14 -38.5 -6.75 1 0 0 0 1 0 0 0 1 10058.dat
1 16 -14 -38.5 -6.75 1 0 0 0 1 0 0 0 1 10058.dat

0 FILE 9470 - Frodo.ldr
0 Frodo
0 Name: 9470 - Frodo.ldr
0 Author: Christian Neumann [Wesley]
0 !LDRAW_ORG Model
0 !LICENSE Redistributable under CCAL version 2.0 : see CAreadme.txt
0 !THEME The Hobbit and the Lord of the Rings / The Lord of the Rings
1 308 0 -96 0 1 0 0 0 1 0 0 0 1 10048.dat
1 78 0 -96 0 1 0 0 0 1 0 0 0 -1 3626cpm3.dat
1 308 0 -72 0 1 0 0 0 1 0 0 0 1 973pm3.dat
1 308 -15.60041 -63.0359 0 0.98547 -0.16987 0 0.16987 0.98547 0 0 0 1 3818.dat
1 78 -23.7382 -45.2599 -9.89949 0.99276 -0.00044 0.12011 0.08462 0.71223 -0.69683 -0.08524 0.70195 0.70711 3820.dat
1 308 15.55203 -63 0 0.98547 0.16922 -0.0148 -0.16987 0.98172 -0.08589 0 0.08716 0.99619 3819.dat
1 78 23.82416 -44.44463 -8.21458 0.99148 -0.00519 -0.13013 -0.09568 0.64881 -0.75491 0.08834 0.76093 0.64279 3820.dat
1 28 0 -40 0 1 0 0 0 1 0 0 0 1 41879a.dat
1 179 -25.15 -39.75 -19.2 -0.99276 0.02965 -0.1164 -0.08462 0.51506 0.85296 0.08524 0.85664 -0.50882 10053.dat
1 334 21.51604 -34.33705 -18.77924 -0.03760732 -0.9974783 -0.06018779 0.4391254 0.03760731 -0.8976381 0.897638 -0.06018772 0.4366038 11010.dat
1 72 0 -73.27 0 1 0 0 0 1 0 0 0 1 99464c01.dat


0 FILE 9470 - Sam.ldr
0 Sam
0 Name: 9470 - Sam.ldr
0 Author: Christian Neumann [Wesley]
0 !LDRAW_ORG Model
0 !LICENSE Redistributable under CCAL version 2.0 : see CAreadme.txt
0 !THEME The Hobbit and the Lord of the Rings / The Lord of the Rings
1 84 0 -95.5 0 1 0 0 0 1 0 0 0 1 10048.dat
1 78 0 -95.5 0 -1 0 0 0 1 0 0 0 -1 3626CPM4.dat
1 28 0 -71.5 0 1 0 0 0 1 0 0 0 1 973PM4.dat
1 28 -15.60041 -62.53592 0 0.98481 -0.17365 0 0.17365 0.98481 0 0 0 1 3818.dat
1 78 -23.80647 -44.79132 -9.8995 0.98481 -0.12279 0.12279 0.17365 0.69636 -0.69636 0 0.70711 0.70711 3820.dat
1 28 15.60041 -62.53593 0.0029 0.98481 0.00303 0.17363 -0.17365 0.01719 0.98466 0 -1 0.01745 3819.dat
1 78 18.86292 -72.82693 -19.0699 0.98481 0.12491 0.12063 -0.17365 0.70841 0.6841 0 -0.69466 0.71934 3820.dat
1 308 0 -39.5 0 1 0 0 0 1 0 0 0 1 41879a.dat
1 47 18.5038 -74.8636 -28.6558 -0.16434 -0.15114 -0.97476 -0.46942 -0.85714 0.21204 -0.86755 0.49242 0.06991 30153.dat
1 179 -25.15 -39.75 -19.2 -0.99276 0.02965 -0.1164 -0.08462 0.51506 0.85296 0.08524 0.85664 -0.50882 10053.dat
1 72 0 -73.27 0 1 0 0 0 1 0 0 0 1 99464c01.dat