0 FILE 952 - main
0 main
0 Name: 952 - main
0 Author: Nathan Perry
0 !LDRAW_ORG Model
0 !LICENSE Redistributable under CCAL version 2.0 : see CAreadme.txt

0 !LICENSE Redistributable under CCAL version 2.0 : see CAreadme.txt

0 CustomBrick
1 4 0 -88 0 0 0 1 0 1 0 -1 0 0 3035.dat
1 4 0 -88 90 1 0 0 0 1 0 0 0 1 3710.dat
1 4 0 -96 -80 1 0 0 0 1 0 0 0 1 3020.dat
1 4 0 -96 60 0 0 1 0 1 0 -1 0 0 3020.dat
1 4 0 -104 60 0 0 1 0 1 0 -1 0 0 3020.dat
1 4 0 -110 10 -1 0 0 0 1 0 0 0 -1 3149e.dat
1 4 0 -110 10 -1 0 0 0 0.599 0.801 0 0.801 -0.599 3148.dat
1 4 0 -110 10 1 0 0 0 1 0 0 0 1 313.dat
1 4 0 -135.2198 26.3694 1 0 0 0 0.599032 -0.800723 0 0.800723 0.599032 3022.dat
0 STEP
1 4 -30 -112 -20 0 0 1 0 1 0 -1 0 0 3010.dat
1 4 30 -112 -20 0 0 1 0 1 0 -1 0 0 3010.dat
1 4 -30 -112 100 0 0 1 0 1 0 -1 0 0 3702.dat
1 0 -80 -101.9802 160 1 0 0 0 1 0 0 0 1 3707.dat
1 7 -12 -101.9802 160 0 0 1 0 1 0 -1 0 0 3650a.dat
0 STEP
1 4 30 -112 100 0 0 1 0 1 0 -1 0 0 3702.dat
1 0 80 -102 160 1 0 0 0 1 0 0 0 1 3707.dat
1 7 10 -102 160 0 0 1 -1 0 0 0 -1 0 3713.dat
0 STEP
1 4 -30 -120 20 0 0 1 0 1 0 -1 0 0 3460.dat
1 4 30 -120 20 0 0 1 0 1 0 -1 0 0 3460.dat
1 4 -30 -120 160 0 0 1 0 1 0 -1 0 0 3666.dat
1 4 30 -120 160 0 0 1 0 1 0 -1 0 0 3666.dat
0 STEP
1 4 -30 -112 190 1 0 0 0 1 0 0 0 1 3005.dat
1 4 30 -112 190 1 0 0 0 1 0 0 0 1 3005.dat
1 4 0 -112 210 1 0 0 0 1 0 0 0 1 3701.dat
1 4 0 -112 230 1 0 0 0 1 0 0 0 1 3700.dat
1 0 0 -102 220 0 0.38268 -0.923881 0 0.923881 0.38268 1 0 0 3705.dat
1 7 0 -102 190 0.923881 0.38268 0 -0.38268 0.923881 0 0 0 1 3647.dat
1 7 0 -102.0001 248 0.38268 -0.923881 0 0.923881 0.38268 0 0 0 1 3650a.dat
0 STEP
1 4 0 -120 -90 1 0 0 0 1 0 0 0 1 3701.dat
1 4 0 -120 -70 1 0 0 0 1 0 0 0 1 3701.dat
1 4 -30 -88 160 0 0 1 0 1 0 -1 0 0 3666.dat
1 4 30 -88 160 0 0 1 0 1 0 -1 0 0 3666.dat
1 4 0 -88 220 1 0 0 0 1 0 0 0 1 3022.dat
0 STEP
1 7 40 -102 60 1 0 0 0 1 0 0 0 1 3673.dat
1 7 40 -102 100 1 0 0 0 1 0 0 0 1 3673.dat
1 4 50 -112 80 0 0 1 0 1 0 -1 0 0 3701.dat
1 4 0 -120 220 1 0 0 0 1 0 0 0 1 3022.dat
0 STEP
1 4 -50 -141.6351 206.1418 0 0 1 0.518026 0.855362 0 -0.855362 0.518025 0 3702.dat
1 4 -50 -79.6644 150.145 0 0 -1 -0.518026 0.855362 0 0.855362 0.518025 0 3710.dat
1 4 -50 -72.8215 154.2891 0 0 -1 -0.518026 0.855362 0 0.855362 0.518025 0 3710.dat
1 4 -50 -65.9785 158.4335 0 0 1 0.518026 0.855362 0 -0.855362 0.518025 0 3701.dat
1 4 50 -141.6349 206.1416 0 0 1 0.518025 0.855362 0 -0.855362 0.518026 0 3702.dat
1 4 50 -100.3853 184.3595 0 0 -1 -0.518026 0.855362 0 0.855362 0.518025 0 3710.dat
1 4 50 -93.54251 188.5037 0 0 -1 -0.518026 0.855362 0 0.855362 0.518025 0 3710.dat
1 4 50 -76.3392 175.5407 0 0 1 0.518026 0.855362 0 -0.855362 0.518025 0 3700.dat
0 STEP
1 7 -60 -67.7854 180.721 1 0 0 0 0.855362 -0.518026 0 0.518025 0.855362 3673.dat
1 7 60 -67.7854 180.721 1 0 0 0 0.855362 -0.518026 0 0.518025 0.855362 3673.dat
1 4 -70 -79.71239 161.8068 0 0 1 0.855362 -0.518026 0 0.518025 0.855362 0 3701.dat
1 4 70 -79.71239 161.8068 0 0 1 0.855362 -0.518026 0 0.518025 0.855362 0 3701.dat
1 7 -90 -101.9802 160 0 0 1 -1 0 0 0 -1 0 3713.dat
1 7 90 -102 160 0 0 -1 -1 0 0 0 1 0 3713.dat
0 STEP
1 4 -30 -128 160 0 0 1 0 1 0 -1 0 0 3710.dat
1 4 -30.0001 -136 160.0005 0 0 1.000004 0 1 0 -1.000004 0 0 3710.dat
1 4 30 -128 160 0 0 1 0 1 0 -1 0 0 3710.dat
1 4 30 -136 160.0006 0 0 1.000003 0 1 0 -1.000003 0 0 3710.dat
0 STEP
1 4 0 -120 90 1 0 0 0 1 0 0 0 1 3023.dat
1 4 0 -144.0001 210 1 0 0 0 1 0 0 0 1 3010.dat
0 STEP
1 4 0 -144 110 1 0 0 0 1 0 0 0 1 3037.dat
1 4 0 -162.3958 6.7365 -1 0 0 0 0.599024 0.800731 0 0.800731 -0.599024 3700.dat
1 4 0 -178.4102 18.7171 -1 0 0 0 0.599024 0.800731 0 0.800731 -0.599024 3700.dat
1 4 0 -194.4247 30.6977 -1 0 0 0 0.599024 0.800731 0 0.800731 -0.599024 3700.dat
1 0 0 -110 -100 0 0 -1 0 1 0 1 0 0 3706.dat
1 7 0 -110 -130 1 0 0 0 1 0 0 0 1 3647.dat
1 7 0 -110 -110 1 0 0 0 1 0 0 0 1 3647.dat
1 7 0 -110 -50 0 1 0 1 0 0 0 0 -1 3712.dat
1 7 0 -110 -20 1 0 0 0 1 0 0 0 1 3326b.dat
1 7 0 -134.0219 -2.0293 1 0 0 0 0.599024 -0.800732 0 0.800732 0.599024 3712.dat
1 0 0 -174.0585 27.9219 0 0 -1 -0.800732 0.599024 0 0.599024 0.800732 0 3706.dat
1 7 0 -214.0951 57.8731 0 -1 0 0.599024 0 -0.800732 0.800732 0 0.599024 3648a.dat
0 STEP
1 7 -30 -128 -100 0 0 1 0 1 0 -1 0 0 3460.dat
1 7 30 -128 -100 0 0 1 0 1 0 -1 0 0 3460.dat
1 7 -30 -128 0 0 0 1 0 1 0 -1 0 0 3023.dat
1 7 30 -128 0 0 0 1 0 1 0 -1 0 0 3023.dat
1 4 -30 -128 40 0 0 1 0 1 0 -1 0 0 3023.dat
1 4 30 -128 40 0 0 1 0 1 0 -1 0 0 3023.dat
1 4 -30 -136 30 1 0 0 0 1 0 0 0 1 3024.dat
1 4 30 -136 30 1 0 0 0 1 0 0 0 1 3024.dat
0 STEP
1 4 -30 -120 -120 0 0 1 0 1 0 -1 0 0 3023.dat
1 4 -30 -112 -120 0 0 1 0 1 0 -1 0 0 3023.dat
1 4 30 -120 -120 0 0 1 0 1 0 -1 0 0 3023.dat
1 4 30 -112 -120 0 0 1 0 1 0 -1 0 0 3023.dat
1 4 0 -152 110 -1 0 0 0 1 0 0 0 -1 3023.dat
1 4 0 -136 50 1 0 0 0 1 0 0 0 1 3710.dat
0 STEP
1 4 0 -128 -80 1 0 0 0 1 0 0 0 1 3022.dat
1 4 -30 -160 40 0 0 1 0 1 0 -1 0 0 3004.dat
1 4 30 -160 40 0 0 1 0 1 0 -1 0 0 3004.dat
1 4 -30.0001 -144 130.0004 1 0 0 0 1 0 0 0 1 3024.dat
1 4 30 -144 130.0005 1 0 0 0 1 0 0 0 1 3024.dat
1 4 0 -144 160.0006 1 0 0 0 1 0 0 0 1 3034.dat
1 4 -70 -136 160.0006 0 0 1 0 1 0 -1 0 0 3710.dat
1 4 70 -136 160.0006 0 0 1 0 1 0 -1 0 0 3710.dat
0 STEP
1 4 -30 -152 140 0 0 1 0 1 0 -1 0 0 3710.dat
1 4 30 -152 140.0006 0 0 1 0 1 0 -1 0 0 3710.dat
0 STEP
1 7 -30 -136 0 0 0 1 0 1 0 -1 0 0 3023.dat
1 4 0 -160 120.0006 1 0 0 0 1 0 0 0 1 3020.dat
1 4 -30 -160 160 0 0 1 0 1 0 -1 0 0 3023.dat
1 4 30 -160 160.0006 0 0 1 0 1 0 -1 0 0 3023.dat
0 STEP
1 0 0 -168 100.0006 1 0 0 0 1 0 0 0 1 3022.dat
1 0 0 -176 100.0006 1 0 0 0 1 0 0 0 1 3022.dat
1 4 -30 -184 140.0006 0 0 1 0 1 0 -1 0 0 3701.dat
1 4 30 -184 140.0006 0 0 1 0 1 0 -1 0 0 3701.dat
1 0 0 -174 160.0006 1 0 0 0 1 0 0 0 1 3706.dat
1 4 0 -223.374 195.5286 0 0 1 0.704633 0.70957 0 -0.70957 0.704633 0 3702.dat
0 STEP
1 0 -30 -208 130.0006 1 0 0 0 1 0 0 0 1 3040a.dat
1 0 30 -208 130.0006 1 0 0 0 1 0 0 0 1 3040a.dat
1 0 0 -216 130.0006 1 0 0 0 1 0 0 0 1 3710.dat
1 0 0 -208 130.0006 1 0 0 0 1 0 0 0 1 3004.dat
0 STEP
1 4 -70 -152 160.0006 0 0 1 0 1 0 -1 0 0 3023.dat
1 4 -70 -160 160.0006 0 0 1 0 1 0 -1 0 0 3023.dat
1 4 -70 -160 130.001 1 0 0 0 1 0 0 0 1 3665a.dat
1 4 -70 -160 190 -1 0 0 0 1 0 0 0 -1 3665a.dat
1 4 -70 -184 110.001 1 0 0 0 1 0 0 0 1 3665a.dat
1 4 -70 -184 210 -1 0 0 0 1 0 0 0 -1 3665a.dat
1 4 -70 -184 160.0006 0 0 1 0 1 0 -1 0 0 3010.dat
1 4 -70 -192 160.0006 0 0 1 0 1 0 -1 0 0 3460.dat
1 4 -70 -216 110.0006 1 0 0 0 1 0 0 0 1 3040a.dat
1 4 -70 -216 210.0006 -1 0 0 0 1 0 0 0 -1 3040a.dat
1 4 -70 -216 160.0006 0 0 1 0 1 0 -1 0 0 3010.dat
1 4 70 -152 160.0004 0 0 1 0 1 0 -1 0 0 3023.dat
1 4 70 -160 160.0006 0 0 1.000002 0 1 0 -1.000002 0 0 3023.dat
1 4 70 -160 130 1 0 0 0 1 0 0 0 1 3665a.dat
1 4 70 -160 190.001 -1 0 0 0 1 0 0 0 -1 3665a.dat
1 4 70 -184 110 1 0 0 0 1 0 0 0 1 3665a.dat
1 4 70 -184 210.001 -1 0 0 0 1 0 0 0 -1 3665a.dat
1 4 70 -184 160.0005 0 0 1.000002 0 1 0 -1.000002 0 0 3010.dat
1 4 70 -192 160.0006 0 0 1.000002 0 1 0 -1.000002 0 0 3460.dat
1 4 70 -216 110.0005 1 0 0 0 1 0 0 0 1 3040a.dat
1 4 70 -216 210.0007 -1 0 0 0 1 0 0 0 -1 3040a.dat
1 4 70 -216 160.0006 0 0 1.000002 0 1 0 -1.000002 0 0 3010.dat
0 STEP
1 4 -90 -224 120.0006 1 0 0 0 1 0 0 0 1 3021.dat
1 4 -90 -224 160.0006 1 0 0 0 1 0 0 0 1 3021.dat
1 4 -90 -224 200.0006 1 0 0 0 1 0 0 0 1 3021.dat
1 4 90 -224 120.0005 1 0 0 0 1 0 0 0 1 3021.dat
1 4 90 -224 160.0006 1 0 0 0 1 0 0 0 1 3021.dat
1 4 90 -224 200.0006 1 0 0 0 1 0 0 0 1 3021.dat
1 4 -70 -232 160.0006 0 0 1 0 1 0 -1 0 0 3710.dat
1 4 70 -232 160.0006 0 0 1 0 1 0 -1 0 0 3710.dat
0 STEP
1 16 0 -24 -160 1 0 0 0 1 0 0 0 1 952 - Steering assy
0 STEP
1 47 -30 -120 -210 1 0 0 0 1 0 0 0 1 3024.dat
1 47 -30 -136 -210 1 0 0 0 1 0 0 0 1 3024.dat
1 47 30 -120 -210 1 0 0 0 1 0 0 0 1 3024.dat
1 47 30 -136 -210 1 0 0 0 1 0 0 0 1 3024.dat
1 7 0 -136 -190 1 0 0 0 1 0 0 0 1 3710.dat
1 7 0 -136 -100 0 0 1 0 1 0 -1 0 0 3034.dat
1 7 0 -144 -60 0 0 1 0 1 0 -1 0 0 3020.dat
1 7 20 -144 -110 1 0 0 0 1 0 0 0 1 3023.dat
0 STEP
1 7 -30 -136 -160 0 0 1 0 1 0 -1 0 0 3023.dat
1 7 30 -136 -160 0 0 1 0 1 0 -1 0 0 3023.dat
1 7 30 -152 -100 0 0 1 0 1 0 -1 0 0 3023.dat
1 0 0 -144 -190 1 0 0 0 1 0 0 0 1 3710.dat
1 7 0 -144 -160 1 0 0 0 1 0 0 0 1 3020.dat
0 STEP
1 7 -30 -152 -180 0 0 1 0 1 0 -1 0 0 3023.dat
1 7 0 -152 -190 -1 0 0 0 1 0 0 0 -1 3023.dat
1 7 30 -152 -180 0 0 -1 0 1 0 1 0 0 3023.dat
1 7 -30 -152 -150 1 0 0 0 1 0 0 0 1 3024.dat
1 7 30 -152 -150 1 0 0 0 1 0 0 0 1 3024.dat
1 7 0 -152 -100 0 0 1 0 1 0 -1 0 0 3034.dat
0 STEP
1 4 0 -160 -120 0 0 1 0 1 0 -1 0 0 3030.dat
1 4 -30 -168 -160 0 0 1 0 1 0 -1 0 0 3666.dat
1 4 30 -168 -160.0001 0 0 1 0 1 0 -1 0 0 3666.dat
1 4 -30 -168 -20.0001 0 0 1 0 1 0 -1 0 0 3460.dat
1 4 30 -168 -20 0 0 1 0 1 0 -1 0 0 3460.dat
1 0 0 -168 -190 1 0 0 0 1 0 0 0 1 3023.dat
1 7 30 -152 -60 0 0 1 0 1 0 -1 0 0 3023.dat
1 4 -30 -160 -0.0001 0 0 1 0 1 0 -1 0 0 3023.dat
1 4 30 -160 0 0 0 1 0 1 0 -1 0 0 3023.dat
1 4 -30 -192 29.9999 -1 0 0 0 1 0 0 0 -1 3040a.dat
1 4 30 -192 30 -1 0 0 0 1 0 0 0 -1 3040a.dat
0 STEP
1 7 0 -176 -200.0001 1 0 0 0 1 0 0 0 1 3020.dat
1 7 -30 -176 -100.0001 0 0 1 0 1 0 -1 0 0 3460.dat
1 7 30 -176 -100.0001 0 0 1 0 1 0 -1 0 0 3460.dat
1 7 -30 -176 -0.0001 0 0 1 0 1 0 -1 0 0 3023.dat
1 7 30 -176 0 0 0 1 0 1 0 -1 0 0 3023.dat
1 4 -30 -184 -180.0001 0 0 1 0 1 0 -1 0 0 3710.dat
1 4 30 -184 -180.0001 0 0 1 0 1 0 -1 0 0 3710.dat
1 0 0 -184 -190.0001 1 0 0 0 1 0 0 0 1 3023.dat
1 4 -30 -184 -60.0001 0 0 1 0 1 0 -1 0 0 3460.dat
1 4 30 -184 -60.0001 0 0 1 0 1 0 -1 0 0 3460.dat
0 STEP
1 4 0 -192 -100.0001 0 0 1 0 1 0 -1 0 0 3029.dat
1 4 0 -200 -180.0001 0 0 1 0 1 0 -1 0 0 3020.dat
1 4 0 -200 -100.0001 0 0 1 0 1 0 -1 0 0 3020.dat
1 4 0 -200 -20.0001 0 0 1 0 1 0 -1 0 0 3020.dat
0 STEP
1 4 30 -55.8103 187.9732 1 0 0 0 0.855362 -0.518026 0 0.518025 0.855362 3021.dat
1 4 -30 -55.8103 187.9732 1 0 0 0 0.855362 -0.518026 0 0.518025 0.855362 3021.dat
1 4 0 -62.6533 183.8289 1 0 0 0 0.855362 -0.518026 0 0.518025 0.855362 3020.dat
0 STEP
1 7 -40 -102 120 1 0 0 0 1 0 0 0 1 3673.dat
1 7 -60 -47.0644 146.5064 1 0 0 0 0.855362 -0.518026 0 0.518025 0.855362 3673.dat
1 7 -40 -102 60 1 0 0 0 1 0 0 0 1 3673.dat
1 4 -50 -83.6152 98.1837 0 0 -1 -0.707107 -0.707105 0 -0.707106 0.707107 0 3700.dat
1 4 -50 -109.0711 38.7868 0 0 -1 -0.707107 -0.707106 0 -0.707106 0.707107 0 3702.dat
1 4 -50 -168.468 13.331 0 0 -1 -0.707107 -0.707105 0 -0.707106 0.707107 0 3460.dat
1 7 -60 -90.68629 105.2548 1 0 0 0 -0.707106 -0.707107 0 0.707107 -0.707106 3673.dat
0 STEP
1 7 -70 -76.1548 118.9966 1 0 0 0 0.687088 0.726575 0 -0.726575 0.687087 3651.dat
1 0 -70 -68.889 125.8675 0 0 1 -0.726575 0.687088 0 -0.687087 -0.726575 0 3704.dat
1 7 -70.0001 -61.6229 132.7388 -1 0 0 0 0.68709 -0.726576 0 -0.726572 -0.687088 3651.dat
0 STEP
1 7 30 -216 -110.0001 1 0 0 0 1 0 0 0 1 3062b.dat
1 7 30 -240 -110.0001 1 0 0 0 1 0 0 0 1 3062b.dat
1 7 30 -264 -110.0001 1 0 0 0 1 0 0 0 1 3062b.dat
1 4 -30 -216 -10.0001 1 0 0 0 1 0 0 0 1 3062b.dat
1 4 -100 -244 204 0 0 -1 1 0 0 0 -1 0 3023.dat
1 47 -100 -254 212 0 0 -1 1 0 0 0 -1 0 3024.dat
1 7 -110 -54 -160 0 0 1 -1 0 0 0 -1 0 3482.dat
1 7 110 -54 -160 0 0 1 -1 0 0 0 -1 0 3482.dat
1 256 -110 -54 -159.5 0 0 1 1 0 0 0 1 0 3634.dat
1 256 110 -54 -160.5 -0.000001 0 -1 1 0 -0.000001 0 -1 0 3634.dat
1 7 -120 -101.98 160 0 0 1 -1 0 0 0 -1 0 952 - 3739c01.dat
1 7 120 -102 160 0 0 -1 -1 0 0 0 1 0 952 - 3739c01.dat
1 7 -150 -101.9802 160 0 0 1 1 0 0 0 1 0 3713.dat
1 7 150 -102 160 0 0 -1 -1 0 0 0 1 0 3713.dat
0 STEP
1 16 0 -90.537 337.31 -1 0 0 0 0.983 0.182 0 0.182 -0.983 952 - Thresher Attachment
1 0 0 -164.1627 262.6432 1 0 0 0 0.855362 -0.518026 0 0.518026 0.855362 3707.dat
1 7 70 -164.1627 262.6431 0 0 -1 0.855361 0.518026 0 0.518026 -0.855362 0 3713.dat
1 0 0 -258.5552 245.1488 1 0 0 0 0.983255 -0.182235 0 0.182235 0.983255 3706.dat
1 7 -50 -258.5552 245.1488 0 0 1 -0.983255 0.182235 0 -0.182235 -0.983255 0 3713.dat
0 STEP


0 FILE 952 - Steering assy
0 Steering assy
0 Name: 952 - Steering assy
0 Author: Nathan Perry
0 !LDRAW_ORG Model
0 !LICENSE Redistributable under CCAL version 2.0 : see CAreadme.txt

0 CustomBrick
0 NumOfBricks: 47
1 4 0 -8 10 1 0 0 0 1 0 0 0 1 3460.dat
1 4 -60 -16 0 1 0 0 0 1 0 0 0 1 3680.dat
1 4 60 -16 0 1 0 0 0 1 0 0 0 1 3680.dat
1 7 -60 -16 0 1 0 0 0 1 0 0 0 1 3679.dat
1 7 60 -16 0 1 0 0 0 1 0 0 0 1 3679.dat
0 STEP
1 4 -70 -40 0 0 0 1 0 1 0 -1 0 0 3700.dat
1 4 -50 -40 0 0 0 1 0 1 0 -1 0 0 3700.dat
1 4 50 -40 0 0 0 1 0 1 0 -1 0 0 3700.dat
1 4 70 -40 0 0 0 1 0 1 0 -1 0 0 3700.dat
1 0 -60 -30 0 1 0 0 0 1 0 0 0 1 3706.dat
1 7 -90 -30 0 0 0 -1 1 0 0 0 -1 0 3713.dat
1 7 -30 -30 0 0 0 1 0 1 0 -1 0 0 3713.dat
1 0 60 -30 0 -1 0 0 0 1 0 0 0 -1 3706.dat
1 7 30 -30 0 0 0 -1 0 1 0 1 0 0 3713.dat
1 7 90 -30 0 0 0 1 1 0 0 0 1 0 3713.dat
0 STEP
1 4 -60 -48 20 0 0 1 0 1 0 -1 0 0 3020.dat
1 4 60 -48 20 0 0 1 0 1 0 -1 0 0 3020.dat
1 4 -60 -56 60 1 0 0 0 1 0 0 0 1 3680.dat
1 4 60 -56 60 1 0 0 0 1 0 0 0 1 3680.dat
1 7 -60 -56 60 1 0 0 0 1 0 0 0 1 3679.dat
1 7 60 -56 60 1 0 0 0 1 0 0 0 1 3679.dat
0 STEP
1 4 -60 -56 0 1 0 0 0 1 0 0 0 1 3680.dat
1 4 60 -56 0 1 0 0 0 1 0 0 0 1 3680.dat
1 7 -60 -56 0 1 0 0 0 1 0 0 0 1 3679.dat
1 7 60 -56 0 1 0 0 0 1 0 0 0 1 3679.dat
1 7 0 -64 50 1 0 0 0 1 0 0 0 1 3460.dat
1 7 -40 -72 50 1 0 0 0 1 0 0 0 1 3743.dat
1 7 40 -72 50 1 0 0 0 1 0 0 0 1 3743.dat
0 STEP
1 4 0 -64 0 1 0 0 0 1 0 0 0 1 3034.dat
1 7 0 -56 -10 0 0 1 0 1 0 -1 0 0 3021.dat
1 7 0 -64 -30 1 0 0 0 1 0 0 0 1 3710.dat
0 STEP
1 7 0 -72 -30 1 0 0 0 1 0 0 0 1 3710.dat
1 4 -30 -72 0 1 0 0 0 1 0 0 0 1 3021.dat
1 4 30 -72 0 1 0 0 0 1 0 0 0 1 3021.dat
0 STEP
1 7 0 -80 -20 1 0 0 0 1 0 0 0 1 3020.dat
1 7 -30 -80 10 1 0 0 0 1 0 0 0 1 3024.dat
1 7 30 -80 10 1 0 0 0 1 0 0 0 1 3024.dat
1 4 0 -96 10 1 0 0 0 1 0 0 0 1 3700.dat
0 STEP
1 0 0 -88 -30 1 0 0 0 1 0 0 0 1 3710.dat
1 7 -30 -88 0 0 0 1 0 1 0 -1 0 0 3023.dat
1 7 30 -88 0 0 0 1 0 1 0 -1 0 0 3023.dat
1 7 0 -96 -20 1 0 0 0 1 0 0 0 1 3020.dat
0 STEP
1 7 -30 -96 10 1 0 0 0 1 0 0 0 1 3024.dat
1 7 30 -96 10 1 0 0 0 1 0 0 0 1 3024.dat
1 0 -30 -104 -40 0 0 1 0 1 0 -1 0 0 3023.dat
1 0 30 -104 -40 0 0 1 0 1 0 -1 0 0 3023.dat
1 0 0 -104 -10 0 0 1 0 1 0 -1 0 0 3021.dat
0 STEP
0 STEP



0 FILE 952 - Thresher Attachment
0 Thresher Attachment
0 Name: 952 - Thresher Attachment
0 Author: Nathan Perry
0 !LDRAW_ORG Model
0 !LICENSE Redistributable under CCAL version 2.0 : see CAreadme.txt

0 CustomBrick
0 NumOfBricks: 60
1 4 0 -72 40 -1 0 0 0 1 0 0 0 -1 3709b.dat
1 4 0 -72 -20 -1 0 0 0 1 0 0 0 -1 3709b.dat
1 4 -30 -96 0 0 0 1 0 1 0 -1 0 0 3702.dat
1 4 30 -96 0 0 0 1 0 1 0 -1 0 0 3702.dat
1 7 -40 -86 -20 -1 0 0 0 1 0 0 0 -1 3673.dat
1 7 40 -86 -20 -1 0 0 0 1 0 0 0 -1 3673.dat
0 STEP
1 4 -50 -96 -20 0 0 1 0 1 0 -1 0 0 3700.dat
1 4 50 -96 -20 0 0 1 0 1 0 -1 0 0 3700.dat
1 4 -120 -72 -20 1 0 0 0 1 0 0 0 1 3738.dat
1 4 120 -72 -20 1 0 0 0 1 0 0 0 1 3738.dat
1 4 -170 -96 -20 0 0 1 0 1 0 -1 0 0 3004.dat
1 4 170 -96 -20 0 0 1 0 1 0 -1 0 0 3004.dat
0 STEP
1 4 -30 -104 40 0 0 1 0 1 0 -1 0 0 3710.dat
1 4 30 -104 40 0 0 1 0 1 0 -1 0 0 3710.dat
1 4 -100 -104 -20 1 0 0 0 1 0 0 0 1 3738.dat
1 4 100 -104 -20 1 0 0 0 1 0 0 0 1 3738.dat
0 STEP
1 4 0 -112 -20 1 0 0 0 1 0 0 0 1 3709b.dat
1 0 0 -79 -20 0 -0.92388 0.382684 1 0 0 0 0.382684 0.92388 3706.dat
1 7 0 -129 -20 0.92388 0.382684 0 0 0 -1 -0.382684 0.92388 0 3647.dat
1 7 0 -86 -20 0.92388 0.382684 0 0 0 -1 -0.382684 0.92388 0 3713.dat
1 0 -100 -68 -20 0 -0.80902 -0.587782 1 0 0 0 -0.587782 0.80902 3706.dat
1 7 -100 -118 -20 0.587782 0.809019 0 0 0 -1 -0.809019 0.587782 0 3713.dat
1 0 100 -68 -20 0 -0.951059 -0.309011 1 0 0 0 -0.309011 0.951059 3706.dat
1 7 100 -118 -20 0.309011 0.951059 0 0 0 -1 -0.951059 0.309011 0 3713.dat
0 STEP
1 4 0 -112 40 1 0 0 0 1 0 0 0 1 3738.dat
1 4 -70 -136 40 0 0 1 0 1 0 -1 0 0 3004.dat
1 4 70 -136 40 0 0 1 0 1 0 -1 0 0 3004.dat
1 4 -40 -120 30 1 0 0 0 1 0 0 0 1 3069b.dat
1 4 40 -120 30 1 0 0 0 1 0 0 0 1 3069b.dat
1 0 0 -99 40 0 -1 0 1 0 0 0 0 1 3705.dat
1 7 0 -86 40 0 -1 0 0 0 -1 1 0 0 3713.dat
1 7 0 -129 40 1 0 0 0 0 -1 0 1 0 3649.dat
0 STEP
1 4 -60 -144 50 0 0 1 0 1 0 -1 0 0 3021.dat
1 4 60 -144 50 0 0 1 0 1 0 -1 0 0 3021.dat
1 4 0 -152 30 1 0 0 0 1 0 0 0 1 3460.dat
1 4 -30 -168 60 0 0 1 0 1 0 -1 0 0 3298.dat
1 4 30 -168 60 0 0 -1 0 1 0 1 0 0 3298.dat
1 4 -30 -192 60 0 0 1 0 1 0 -1 0 0 3700.dat
1 4 30 -192 60 0 0 1 0 1 0 -1 0 0 3700.dat
0 STEP
1 4 -180 -64 -20 1 0 0 0 1 0 0 0 1 3003.dat
1 4 180 -64 -20 1 0 0 0 1 0 0 0 1 3003.dat
1 4 -180 -40 -20 1 0 0 0 1 0 0 0 1 8.dat
1 4 180 -40 -20 1 0 0 0 1 0 0 0 1 8.dat
1 4 -180 -18 -20 0 0 1 0 1 0 -1 0 0 3464c01.dat
1 4 180 -18 -20 0 0 1 0 1 0 -1 0 0 3464c01.dat
1 7 -100 -50 -20 -0.587782 -0.80902 0 0 0 -1 0.809019 -0.587782 0 3649.dat
1 14 -82.3666 -42 -44.2706 0.80902 0 -0.587782 0 1 0 0.587782 0 0.809019 3004.dat
1 14 -117.6334 -42 4.2705 0.80902 0 -0.587782 0 1 0 0.587782 0 0.809019 3004.dat
1 14 -76.4887 -18 -52.3608 0.80902 0 -0.587782 0 1 0 0.587782 0 0.809019 3022.dat
1 14 -123.5113 -18 12.3607 0.80902 0 -0.587782 0 1 0 0.587782 0 0.809019 3022.dat
1 7 0 -50 -20 0.92388 0.382684 0 0 0 -1 -0.382684 0.92388 0 3649.dat
1 14 -27.7164 -42 -8.5195 -0.382684 0 0.92388 0 1 0 -0.92388 0 -0.382684 3004.dat
1 14 27.7164 -42 -31.4805 -0.382684 0 0.92388 0 1 0 -0.92388 0 -0.382684 3004.dat
1 14 -36.9552 -18 -4.6927 -0.382684 0 0.92388 0 1 0 -0.92388 0 -0.382684 3022.dat
1 14 36.9552 -18 -35.3074 -0.382684 0 0.92388 0 1 0 -0.92388 0 -0.382684 3022.dat
1 7 100 -50 -20 -0.309011 -0.951059 0 0 0 -1 0.951059 -0.309011 0 3649.dat
1 14 109.2703 -42 -48.5318 0.951059 0 -0.309011 0 1 0 0.309011 0 0.951059 3004.dat
1 14 90.7297 -42 8.531799 0.951059 0 -0.309011 0 1 0 0.309011 0 0.951059 3004.dat
1 14 112.3604 -18 -58.0424 0.951059 0 -0.309011 0 1 0 0.309011 0 0.951059 3022.dat
1 14 87.6396 -18 18.0424 0.951059 0 -0.309011 0 1 0 0.309011 0 0.951059 3022.dat
0 STEP



0 FILE 952 - 3739c01.dat
0 3739c01
0 Name: 952 - 3739c01.dat
0 Author: Steffen [Steffen]
0 !LDRAW_ORG Unofficial_Shortcut
0 !LICENSE Redistributable under CCAL version 2.0 : see CAreadme.txt

0 BFC CERTIFY CCW

1 16 0 0 -30 0 0 1 0 1 0 -1 0 0 3739.dat
1 256 0 0 0 1 0 0 0 1 0 0 0 1 3740.dat



